ano,sigla_uf,id_regiao_saude,nome_regiao_saude,cob_ab,cob_acs,cob_esf,cob_vac_bcg,cob_vac_rota,cob_vac_menin,cob_vac_pneumo,cob_vac_polio,cob_vac_tvd1,cob_vac_penta,cob_vac_hepb,cob_vac_hepa,pct_prenatal_adeq,pct_prenatal_zero,pct_prenatal_1a6,pct_prenatal_7m,tx_mort_inf_ibge,n_obitos,n_obitos_csap,n_obitos_evit,n_obitos_maldef,tx_mort,tx_mort_csap,tx_mort_evit,pct_mort_maldef,tx_mort_aj_oms,tx_mort_csap_aj_oms,tx_mort_evit_aj_oms,tx_mort_aj_cens,tx_mort_csap_aj_cens,tx_mort_evit_aj_cens,n_hosp,n_hosp_csap,tx_hosp,tx_hosp_csap,n_leitouti_sus,n_leito_sus,tx_leito_sus,tx_leitouti_sus,n_enf,n_med,n_enf_ch,n_med_ch,tx_med,tx_enf,tx_med_ch,tx_enf_ch,n_leito_nsus,n_leitouti_nsus,tx_leito_nsus,tx_leitouti_nsus,cob_priv,pct_desp_recp_saude_mun,desp_tot_saude_pc_mun,desp_recp_saude_pc_mun,pct_desp_recp_saude_uf,desp_tot_saude_pc_uf,desp_recp_saude_pc_uf,desp_tot_saude_pc_mun_def,desp_recp_saude_pc_mun_def,desp_tot_saude_pc_uf_def,desp_recp_saude_pc_uf_def,num_familias_bf,gasto_pbf_pc_def
2010,AC,12002,Baixo Acre e Purus,66.7785789854038,83.9655020083051,50.4946569796813,100,71.8058094657729,0.794815358278308,6.00243753808653,99.6953077391834,93.1241113142393,,,,,4.1473708152771,56.0666885375977,39.4257469177246,,,,,,418.769409179688,108.876014709473,78.4310531616211,9.48483371734619,396.966369628906,96.4369125366211,82.1627807617188,440.354248046875,109.354637145996,87.9607696533203,30648,5406,6179.31884765625,1089.96984863281,34,913,184.081115722656,6.85515642166138,440,572,,,1.15327930450439,0.887137889862061,1.32062578201294,0.938450753688812,128,12,25.8076477050781,2.41946697235107,9.10647106170654,15.6860315819938,202.336201466977,126.080399001477,,,,387.474136996083,241.444157995584,,,35650,173.094425151218
2010,AC,12001,Alto Acre,96.8679238447186,100,91.4334365885912,92.6223520818115,73.6303871439007,0,6.35500365230095,100,100,,,,,11.1111106872559,62.7543029785156,24.2566509246826,,,,,,398.679779052734,106.205680847168,65.3573379516602,22.5409832000732,371.814392089844,91.2858428955078,59.1716423034668,413.274383544922,102.434463500977,63.9677581787109,4119,936,6730.17236328125,1529.36181640625,0,81,132.348617553711,0,57,44,,,0.718930780887604,0.931342124938965,0.894578635692596,0.886408925056458,0,0,0,0,0.823502480983734,15.9631410533573,229.175911305955,114.282062643793,,,,438.872222616368,218.850325725142,,,5167,210.211767056595
2010,AC,12003,Juruá e Tarauacá/Envira,89.4345850127499,92.8739615036604,87.0933412848565,100,56.2566465792272,0.134048257372654,2.51683800070897,100,100,,,,,17.6909084320068,59.5454559326172,15.0181818008423,,,,,,329.095916748047,75.4278259277344,61.0148658752441,22.7737216949463,340.897613525391,77.0938415527344,66.5515365600586,378.916229248047,85.6740341186523,72.4183197021484,14371,4097,6904.28857421875,1968.32995605469,0,399,191.692367553711,0,122,111,,,0.533279538154602,0.586127042770386,0.782023191452026,0.733980000019073,16,0,7.68691205978394,0,0.697106838226318,17.1240174488723,203.220211859179,87.0946703098974,,,,389.167018256729,166.786427592363,,,18962,241.026348146398
2010,AL,27010,10ª Região de Saúde,80.7270211225647,100,80.7270211225647,95.5839057899902,70.4612365063788,2.12084833933573,8.8976120379457,100,96.5652600588813,,,,,2.62980437278748,60.3506393432617,36.142951965332,,,,,,467.199768066406,139.903228759766,96.2636871337891,14.1483516693115,347.881774902344,92.7282562255859,83.8953857421875,388.285827636719,104.31005859375,90.4274444580078,9894,3414,6349.552734375,2190.96142578125,0,163,104.606536865234,0,64,76,,,0.487736016511917,0.410725057125092,0.593305170536041,0.426769018173218,0,0,0,0,1.99137473106384,16.107574665727,261.6651365238,140.176254468576,,,,501.089138875967,268.437742894068,,,23218,361.474157538938
2010,AL,27005,5ª Região de Saúde,88.8747421645401,98.9170910683971,83.6979537447748,99.7359387377872,70.5571692632691,3.74966992342223,10.1399524689728,94.9300237655136,98.045946659625,,,,,2.73426365852356,58.7012252807617,37.6246070861816,,,,,,516.842712402344,171.101898193359,101.688468933105,3.42172789573669,459.146850585938,142.112655639648,100.855087280273,511.182250976562,159.781158447266,108.867469787598,13178,3471,5826.30712890625,1534.61169433594,7,264,116.720680236816,3.09486651420593,98,106,,,0.468651205301285,0.433281302452087,0.750284075737,0.434386610984802,20,7,8.84247589111328,3.09486651420593,2.32159209251404,19.6966834338741,294.205408123685,126.254658638203,,,,563.403809035678,241.777865467921,,,27817,269.718519081082
2010,AL,27007,7ª Região de Saúde,97.7618605063735,100,91.4115277690979,94.8446794448116,75.9638686935448,2.1347896239295,4.8689138576779,94.7565543071161,95.8471028860983,,,,,1.65451812744141,55.0503311157227,41.0621299743652,,,,,,533.852416992188,150.837005615234,83.7105941772461,17.3446750640869,415.844604492188,101.726989746094,77.5533065795898,461.811950683594,115.129554748535,82.4116897583008,33581,7772,6629.91845703125,1534.43090820312,59,831,164.064865112305,11.6484079360962,275,449,,,0.886463582515717,0.542934238910675,1.22318148612976,0.557149231433868,120,12,23.6916770935059,2.36916756629944,3.26806926727295,20.9800382978413,362.895836599173,113.735039048955,,,,694.946085209991,217.802774699723,,,72660,326.502709184865
2010,AL,27004,4ª Região de Saúde,92.7380262395279,98.4041572264081,92.7380262395279,100,93.2481022772673,1.74863387978142,4.23491809828206,100,100,,,,,2.93398523330688,55.1752243041992,40.6682968139648,,,,,,538.34765625,172.466766357422,117.305328369141,6.0959792137146,453.825256347656,128.386184692383,118.836891174316,502.200988769531,146.214172363281,127.727249145508,8451,1961,5900.876953125,1369.26037597656,0,244,170.372024536133,0,67,91,,,0.635403871536255,0.467824816703796,0.861461043357849,0.462587982416153,0,0,0,0,1.9655624628067,15.515527278262,294.511684045503,98.35264641368,,,,563.990327897003,188.345469145526,,,23536,377.59967057577
2010,AL,27001,1ª Região de Saúde,51.033143654338,38.7061123935454,40.6981255803998,100,69.5616841891411,5.07877051889391,6.303011834019,100,100,,,,,2.66978931427002,47.2963829040527,49.1751251220703,,,,,,610.412780761719,167.600326538086,117.219970703125,3.16178488731384,500.613891601562,128.380142211914,115.221824645996,558.390502929688,145.317276000977,124.184043884277,64060,8570,5352.18212890625,716.019348144531,113,2107,176.038833618164,9.44109535217285,619,2039,,,1.70357465744019,0.517171502113342,2.08265972137451,0.536722123622894,683,130,57.0643196105957,10.8614368438721,20.7809371948242,16.9975450138646,338.428456569677,134.894300591964,,,,648.091014823434,258.322793096875,,,115900,201.393524422537
2010,AL,27008,8ª Região de Saúde,100,99.5568278609259,100,92.015065913371,86.1770244821092,3.04480208786429,4.7834274952919,98.0037664783428,97.7024482109228,,,,,1.89520621299744,54.4407272338867,42.1776275634766,,,,,,600.058654785156,169.623382568359,94.3769226074219,21.3602542877197,405.081451416016,90.2938613891602,83.8703308105469,449.140869140625,101.581314086914,89.8069152832031,9280,1744,5917.68798828125,1112.1171875,16,149,95.0146026611328,10.2029104232788,70,80,,,0.510145545005798,0.446377336978912,1.09505927562714,0.474435329437256,33,2,21.0435028076172,1.27536380290985,17.5317878723145,21.2967803856251,363.371631632209,121.699906681526,,,,695.857233430013,233.055508465816,,,26337,376.679195469567
2010,AL,27003,3ª Região de Saúde,95.2576594033343,100,91.8301221117286,100,68.5543964232489,2.49816311535636,5.04222553402881,98.7332339791356,89.1952309985097,,,,,14.3258428573608,34.2952003479004,50.9703788757324,,,,,,589.618347167969,176.107879638672,109.324111938477,14.7401084899902,513.501647949219,141.304885864258,111.214836120605,570.542236328125,157.495040893555,119.615882873535,13666,2836,6251.1435546875,1297.25183105469,0,273,124.876495361328,0,100,105,,,0.480294227600098,0.457423061132431,0.787453830242157,0.477778375148773,16,0,7.3187689781189,0,1.65449917316437,18.1509598615964,303.632059328928,108.727720164158,,,,581.455860591616,208.213751334234,,,33861,355.125172886606
2010,AL,27009,9ª Região de Saúde,94.2237035481839,100,91.6850374413885,96.4003715745471,77.6590803529958,2.32954545454545,9.10357640501626,100,100,,,,,1.55580604076385,65.1409225463867,31.4543399810791,,,,,,472.13623046875,162.968688964844,108.789131164551,9.8360652923584,353.688262939453,107.610534667969,95.0572509765625,394.315277099609,120.888191223145,102.409286499023,11228,1808,4828.00146484375,777.433776855469,0,353,151.788787841797,0,104,78,,,0.335397303104401,0.447196424007416,0.671224653720856,0.4332215487957,15,8,6.44994831085205,3.43997240066528,1.45811831951141,19.9520103229848,294.362548405579,122.438387821957,,,,563.704732917182,234.469700985502,,,38088,394.083074320505
2010,AL,27006,6ª Região de Saúde,99.1825007700348,100,99.1825007700348,95.8739255014327,86.189111747851,2.30512587200485,8.56733524355301,97.5071633237822,99.2263610315186,,,,,1.90476191043854,60.4166679382324,34.4047622680664,,,,,,518.453979492188,177.326278686523,95.1751251220703,10.0483093261719,427.735534667969,127.034675598145,93.6137237548828,472.488189697266,142.289001464844,100.192932128906,11744,3121,5882.82421875,1563.37658691406,12,434,217.400009155273,6.01106023788452,96,126,,,0.631161332130432,0.480884820222855,0.87047666311264,0.52170991897583,36,0,18.0331802368164,0,2.25615119934082,18.5990923965478,372.283481664024,123.043426115763,,,,712.923439947089,235.62835024867,,,28735,327.207987900301
2010,AL,27002,2ª Região de Saúde,100,100,100,100,81.1760612386917,1.86023127199598,7.79401530967293,100,98.9561586638831,,,,,2.18634366989136,59.233097076416,37.1342086791992,,,,,,433.463653564453,166.379989624023,94.4487915039062,4.32900428771973,408.639221191406,156.312438964844,99.1394653320312,452.787017822266,176.500671386719,107.538719177246,9140,1838,5716.96630859375,1149.64819335938,0,124,77.5605926513672,0,70,76,,,0.475371390581131,0.437842071056366,0.722752153873444,0.459108680486679,0,0,0,0,1.12650513648987,18.1587687754654,291.107978493427,124.853183227099,,,,557.472226529983,239.094037900229,,,23960,333.713360520435
2010,AM,13008,Triângulo,71.584175743585,100,66.5838840599035,100,44.6718419195483,0.0657894736842105,2.43472124206069,96.6125617501764,100,,,,,6.11473703384399,68.9797286987305,22.8787364959717,,,,,,245.357727050781,44.6104965209961,58.1529655456543,16.2337665557861,271.523101806641,54.811408996582,63.5996627807617,298.1259765625,61.7248878479004,67.6557083129883,5651,1321,4501.6767578125,1052.32971191406,0,184,146.577346801758,0,69,49,,,0.390341818332672,0.549665033817291,0.531741142272949,0.571571946144104,13,1,10.3560075759888,0.796615958213806,1.558180809021,17.2486721495141,261.598220205505,127.397155845563,,,,500.960994023516,243.965749377139,,,12938,278.944074945839
2010,AM,13009,Alto Solimões,58.0457464788732,100,58.0457464788732,100,41.5605095541401,0,0.0353857041755131,87.1903750884643,100,,,,,5.3465723991394,71.3958358764648,21.9400424957275,,,,,,273.471527099609,58.1947364807129,65.6331634521484,25.4400005340576,254.919723510742,52.6330223083496,62.5712814331055,278.304870605469,56.1233291625977,67.0324172973633,8589,1893,3758.15502929688,828.29052734375,0,290,126.890785217285,0,83,76,,,0.332541346549988,0.363170176744461,0.411191761493683,0.374765366315842,0,0,0,0,0.448930829763412,16.9336032657574,251.25777769765,111.131560380224,,,,481.159030717694,212.817109045033,,,23425,272.880542398158
2010,AM,13002,Rio Negro e Solimões,84.5047998126902,99.0996360230732,77.0668993848577,100,49.273607748184,0.0485201358563804,2.26565202352127,87.9453476305777,100,,,,,7.00092840194702,66.1467056274414,25.7381610870361,,,,,,295.685333251953,68.8635559082031,68.0854339599609,14.3421049118042,286.158935546875,60.9267883300781,75.2150802612305,317.797302246094,68.7577590942383,81.3957748413086,11519,2354,4481.578125,915.846374511719,0,339,131.891220092773,0,123,100,,,0.389059633016586,0.478543370962143,0.477181643247604,0.497023701667786,0,0,0,0,2.50165343284607,16.1399348285818,329.784024545466,145.832368556602,,,,631.5369142022,279.269210071567,,,23767,245.752058706644
2010,AM,13003,Rio Madeira,73.1791841475567,100,73.1791841475567,100,45.2823920265781,0.427350427350427,1.16279069767442,83.3554817275748,93.156146179402,,,,,8.44787120819092,57.5259819030762,33.020450592041,,,,,,247.40901184082,49.7185592651367,40.2483558654785,21.5311012268066,233.300933837891,46.1122436523438,40.3537368774414,258.680603027344,51.7479553222656,42.4894981384277,6755,1920,3998.20068359375,1136.42419433594,0,255,150.931335449219,0,63,48,,,0.28410604596138,0.372889190912247,0.348917722702026,0.420240193605423,0,0,0,0,0.684222042560577,24.060346424726,277.562796021732,154.784133070146,,,,531.533181264615,296.411852882541,,,15938,248.614342731397
2010,AM,13001,Manaus,60.4164646692513,49.0751644766493,37.3875412379246,100,65.1960241737321,2.34310872322961,11.8876319925619,93.8923693356651,99.0790959201293,,,,,5.62188959121704,58.3346366882324,34.606201171875,,,,,,431.070983886719,79.0998382568359,90.2015686035156,12.0184564590454,419.521636962891,74.4056777954102,100.154335021973,466.608367919922,84.1734848022461,107.496948242188,105733,17559,4890.9140625,812.230407714844,202,3532,163.380477905273,9.34395694732666,1177,2677,,,1.23830556869507,0.544447422027588,1.69077050685883,0.610398650169373,1048,200,48.4775581359863,9.25144290924072,20.2143096923828,19.2536449785048,254.003977846607,184.18840220579,,,,486.418008226517,352.721073500154,,,133876,144.513234211118
2010,AM,13005,Baixo Amazonas,71.3642172230241,100,71.3642172230241,100,61.7628929525375,0.0935891436593355,0.595849599342511,95.5824943497021,100,,,,,8.20426940917969,65.1318511962891,26.182502746582,,,,,,323.07080078125,92.6318893432617,62.5151138305664,27.8248596191406,286.111968994141,78.1877746582031,63.8688850402832,316.958618164062,87.2597427368164,67.6700973510742,9267,1686,4228.66845703125,769.346618652344,0,286,130.506011962891,0,91,70,,,0.31942030787468,0.415246397256851,0.446846187114716,0.440343707799911,0,0,0,0,0.602791726589203,18.4199495780499,268.298888282977,100.18432345861,,,,513.792783697295,191.853133503629,,,23369,283.701937246209
2010,AM,13006,Regional Purus,70.727313112367,100,67.4449023914707,100,42.1210820094461,0,0.8587376556462,84.8862172606269,100,,,,,4.54545450210571,73.8523864746094,20.5220527648926,,,,,,251.112609863281,54.6977958679199,45.5814971923828,22.4422435760498,245.337463378906,51.8301811218262,44.7923889160156,271.993194580078,56.8987922668457,47.2200660705566,4178,1285,3462.5361328125,1064.94946289062,0,177,146.689544677734,0,42,36,,,0.298351615667343,0.34807687997818,0.332537740468979,0.399874031543732,0,0,0,0,0.450013667345047,19.6798898440236,288.813991937474,148.026431427396,,,,553.079238747253,283.470843843538,,,14860,319.973247784866
2010,AM,13007,Regional Juruá,68.2780340056447,100,68.2780340056447,100,38.8669774112585,0,0.250986016493367,74.1842954463966,84.0444603800645,,,,,9.37020015716553,51.881721496582,38.2872505187988,,,,,,307.455169677734,55.2916641235352,72.0467147827148,24.7956409454346,307.183929443359,58.0232696533203,73.1456756591797,334.318450927734,63.934139251709,76.5490875244141,5559,1599,4657.06591796875,1339.56616210938,0,202,169.225997924805,0,45,38,,,0.318345934152603,0.376988619565964,0.370077162981033,0.385575592517853,0,0,0,0,1.89080739021301,18.4899009963346,244.624438143753,143.899686351785,,,,468.456175270109,275.568120676937,,,14916,324.863269272156
2010,AM,13004,Médio Amazonas,81.9305376557285,100,81.9305376557285,100,63.6078922643282,0,2.31756968368306,100,100,,,,,4.38784885406494,55.0168762207031,40.0736427307129,,,,,,322.175537109375,65.7501068115234,60.4901008605957,29.7959175109863,275.486328125,49.0078010559082,56.9273262023926,308.682464599609,56.2031135559082,61.4328651428223,6464,1693,4250.0869140625,1113.1494140625,0,237,155.827758789062,0,101,85,,,0.558875918388367,0.664076089859009,0.48704394698143,0.554766535758972,0,0,0,0,1.21966457366943,19.3208566984018,293.532859758233,138.321400699259,,,,562.115877881479,264.885695073118,,,15804,267.476625713594
2010,AP,16002,Área Norte,86.7722865073357,94.8740131934682,86.7722865073357,100,84.7490347490347,0,12.3552123552124,100,100,,,,,13.3514986038208,66.212532043457,18.4377841949463,,,,,,223.509643554688,37.549617767334,41.1257743835449,14.3999996185303,248.72102355957,48.3421821594238,45.1053123474121,270.646118164062,55.1801414489746,45.9415740966797,1991,393,3560.0615234375,702.714294433594,0,73,130.529632568359,0,20,22,,,0.393376976251602,0.357615411281586,0.518095314502716,0.421986192464828,0,0,0,0,1.21410429477692,16.3373534350584,211.640769175317,83.0868515715109,,,,405.292398467691,159.111448544452,,,4285,200.033391884222
2010,AP,16001,Área Central,86.4857036251522,84.1402046266839,61.6977927025647,100,74.4334872010071,0.395435544006327,2.49685270667226,86.6974402014268,84.819555182543,,,,,4.29606103897095,58.1902961730957,35.8368873596191,,,,,,330.540191650391,55.4874000549316,75.4281845092773,13.0491800308228,344.796020507812,63.5579719543457,82.9728469848633,381.744873046875,72.079948425293,87.3025970458984,23733,2992,5144.072265625,648.508972167969,26,727,157.575546264648,5.63543891906738,273,505,,,1.09457564353943,0.59172111749649,1.31977653503418,0.63805091381073,191,39,41.3988037109375,8.45315837860107,12.1289825439453,18.3365559947724,245.70462847997,128.68621120513,,,,470.524741425264,246.434292373237,,,24193,136.832817417721
2010,AP,16003,Área Sudoeste,100,100,97.5145189953038,100,68.1062231759657,0,7.61802575107296,92.5429184549356,96.8347639484979,,,,,4.12856006622314,66.6318283081055,28.1682777404785,,,,,,294.966918945312,57.0721435546875,72.3290557861328,14.9425287246704,321.551971435547,72.5114669799805,81.8870010375977,351.202392578125,79.8177642822266,86.9339599609375,9581,1549,5413.9423828125,875.294555664062,0,150,84.7606048583984,0,67,78,,,0.440755158662796,0.378597378730774,0.981245279312134,0.481722801923752,16,0,9.0411319732666,0,4.64827156066895,16.9540870318265,211.788048817724,77.3782170599443,,,,405.574439209413,148.179404675099,,,15618,231.973734946016
2010,BA,29023,Seabra,75.2127122472298,99.4648313979752,73.6183668588739,100,76.4348156594451,48.4922575387123,1.93842645381984,92.6643861649563,95.2489547700494,,,,,1.24724876880646,49.8165817260742,47.395450592041,,,,,,453.122467041016,131.695693969727,70.3121109008789,16.502462387085,278.652252197266,58.2396049499512,58.7668762207031,305.934539794922,65.1965789794922,62.7027854919434,14514,6516,8099.28515625,3636.14038085938,0,318,177.454360961914,0,78,70,,,0.390622824430466,0.435265421867371,0.672010779380798,0.47111901640892,10,0,5.58032608032227,0,1.33648812770844,19.2773828616463,241.199998458742,128.56629396571,,,,461.898368006631,246.204650675319,,,25755,330.240300600658
2010,BA,29017,Paulo Afonso,84.5167264438709,97.9351724600275,82.0027318740992,100,69.8518518518518,38.7654320987654,0.839506172839506,100,100,,,,,2.66735053062439,51.5516815185547,44.0369338989258,,,,,,441.784698486328,126.401817321777,97.3915634155273,8.16135120391846,309.760681152344,66.6728820800781,85.7812271118164,342.342742919922,75.7704162597656,91.0157699584961,11200,2137,4641.640625,885.6416015625,0,217,89.9317855834961,0,112,165,,,0.683813095092773,0.464164048433304,0.840675711631775,0.518040239810944,14,0,5.80205059051514,0,5.27820825576782,19.7661657047579,320.84115879181,141.14467195428,,,,614.411312530097,270.292263868588,,,33348,319.93362783173
2010,BA,29001,Alagoinhas,82.6596276458071,95.8340824806226,79.4233113561509,91.4944674043461,71.363818157579,68.3242234368751,3.90614584722037,96.4938008265565,100,,,,,3.77005338668823,53.4893035888672,41.4037437438965,,,,,,562.820190429688,153.229568481445,91.9768753051758,14.7774686813354,387.291381835938,82.3791656494141,82.8115615844727,430.461822509766,93.5311737060547,88.5355377197266,25771,6499,5043.26806640625,1271.82495117188,10,665,130.137496948242,1.9569548368454,239,412,,,0.806265413761139,0.467712193727493,0.937332451343536,0.521773099899292,127,5,24.8533267974854,0.978477418422699,7.66226100921631,19.8800396318707,267.670824318797,125.865731683945,,,,512.590040239949,241.033069752358,,,62595,279.130532433823
2010,BA,29019,Ribeira do Pombal,58.5875091918119,100,58.5875091918119,91.6267942583732,76.9682470639409,43.4319269247499,3.50152240104393,97.8251413658112,95.933014354067,,,,,2.16821527481079,63.616870880127,30.521800994873,,,,,,424.484069824219,104.335510253906,74.8358917236328,20.9217262268066,265.044586181641,55.7501068115234,56.4710464477539,292.602569580078,62.5855102539062,60.4471855163574,20288,7998,6299.87744140625,2483.55786132812,7,414,128.556259155273,2.17365646362305,138,100,,,0.310522347688675,0.428520858287811,0.509877741336823,0.474555790424347,10,0,3.10522365570068,0,0.794937252998352,19.1015504411971,219.461343440248,111.708475414679,,,,420.268810212835,213.921902223291,,,47379,343.144265983425
2010,BA,29025,Serrinha,70.9713681470636,100,69.9562388156825,100,58.8806458651538,48.8977072310406,2.19288675540039,98.2653283875191,100,,,,,1.48367953300476,60.2602157592773,36.2246055603027,,,,,,449.619232177734,111.504257202148,71.5526580810547,26.8754558563232,283.279663085938,58.1046447753906,60.9110145568848,314.278198242188,65.3269729614258,64.704345703125,40499,15264,6631.14697265625,2499.26733398438,0,1033,169.139358520508,0,249,246,,,0.402790725231171,0.407702803611755,0.749501824378967,0.461080759763718,119,0,19.4845924377441,0,2.00969648361206,20.5679451342058,224.37119222086,100.577894211868,,,,429.671178178903,192.606822101419,,,94024,363.057515899116
2010,BA,29015,Jequié,82.792004996877,99.9066894166755,78.7015737115522,98.4958572339069,76.1376673040153,56.1886551943913,2.20522625876354,97.9222434671765,100,,,,,2.31433057785034,58.5774040222168,37.839958190918,,,,,,602.767944335938,159.446884155273,91.3640441894531,24.2129173278809,370.782043457031,78.5382537841797,77.5814437866211,410.650634765625,88.2307510375977,82.8433685302734,47591,18654,9310.7197265625,3649.47509765625,10,1217,238.094299316406,1.95640349388123,370,295,,,0.577139019966125,0.723869323730469,1.20798134803772,0.79297924041748,207,2,40.4975509643555,0.391280710697174,4.18181228637695,19.5984264862182,286.022477982104,134.943816784445,,,,547.733485229456,258.417616681629,,,67997,301.267099929383
2010,BA,29026,Teixeira de Freitas,96.4511006111502,100,96.4511006111502,100,60.1940401940402,49.9376299376299,1.78794178794179,95.7865557865558,100,,,,,2.36804556846619,51.5263900756836,44.8644790649414,,,,,,542.136657714844,140.823883056641,99.9167785644531,13.3130960464478,407.2314453125,90.3657302856445,91.9311752319336,451.467254638672,101.283782958984,99.4202575683594,28751,8121,6759.31103515625,1909.23327636719,22,747,175.618423461914,5.1721625328064,277,329,,,0.773473381996155,0.651222288608551,0.962433636188507,0.655630350112915,155,2,36.4402351379395,0.470196574926376,10.6962671279907,20.0197161251442,361.915862491979,154.81555890444,,,,693.069433287547,296.472033403545,,,45199,241.017607460435
2010,BA,29012,Itabuna,75.6033528268074,99.0735209627772,67.7102080107144,100,70.7940780619112,49.2964639667197,2.1901382601248,89.771197846568,91.7900403768506,,,,,3.32163453102112,68.826774597168,25.9212837219238,,,,,,665.111206054688,194.461303710938,113.499557495117,13.6978416442871,449.504577636719,109.184204101562,96.3565979003906,496.931091308594,123.358413696289,102.867057800293,35750,11982,6842.51123046875,2293.341796875,21,1383,264.704711914062,4.0193772315979,442,454,,,0.868951082229614,0.8459832072258,1.40319335460663,0.924839556217194,202,50,38.6625823974609,9.56994533538818,7.68887710571289,17.8538390074742,237.642731760396,117.156836458474,,,,455.086196808331,224.35552200157,,,65348,288.355627836299
2010,BA,29022,Santo Antônio de Jesus,88.1326156921859,99.6642061609477,87.3091430623575,97.1133065761037,78.2340228465576,59.6480395183699,1.5128125964804,100,100,,,,,1.26846504211426,61.7694282531738,35.7096977233887,,,,,,602.681701660156,207.813415527344,112.689163208008,8.32702541351318,391.701080322266,103.807655334473,94.754753112793,434.981689453125,117.767547607422,102.232856750488,30435,9291,6942.70166015625,2119.42309570312,10,981,223.781524658203,2.28115725517273,234,294,,,0.670660197734833,0.533790767192841,1.11348986625671,0.566753506660461,66,0,15.0556373596191,0,3.06884074211121,18.86450246585,266.952670274796,115.868862158335,,,,511.214774141187,221.889049235939,,,56483,291.456525060198
2010,BA,29006,Feira de Santana,71.0917420940887,97.324214996089,64.1793272991396,100,76.6010755316549,57.263025737602,4.1737961378636,99.101686629186,100,,,,,2.93940854072571,52.1399383544922,40.5566253662109,,,,,,567.095336914062,157.29850769043,98.5737380981445,11.0789518356323,387.026000976562,85.7034683227539,87.3373565673828,429.895538330078,97.0650253295898,93.401611328125,58169,13053,5304.2880859375,1190.27099609375,41,1491,135.960632324219,3.73868942260742,701,960,,,0.875400424003601,0.639224708080292,1.36774480342865,0.72154426574707,318,46,28.9976387023926,4.19462728500366,9.3998851776123,22.1825544207692,289.435114490629,109.860748897614,,,,554.26868939181,210.383503101365,,,120477,247.932611822623
2010,BA,29010,Irecê,71.8674255301976,95.8814451018327,71.0896474806595,100,68.9320388349515,35.2805534204458,1.40403286034354,94.503360716953,100,,,,,1.7964072227478,62.8742523193359,34.3313369750977,,,,,,433.939514160156,132.599548339844,102.191383361816,6.72027587890625,304.779907226562,75.6827087402344,86.9481353759766,337.551727294922,85.5226287841797,93.4163360595703,32575,15718,8119.22998046875,3917.66870117188,20,794,197.902328491211,4.98494529724121,189,167,,,0.416242957115173,0.471077352762222,0.786998271942139,0.511580049991608,67,0,16.6995677947998,0,1.25371372699738,20.3244405342988,302.432466596064,124.182946981722,,,,579.158638663244,237.810534459531,,,61022,352.779718192361
2010,BA,29028,Vitória da Conquista,69.8852935875044,94.4059258246369,66.0954136081398,100,77.0348837209302,68.0032076984763,1.3532477947073,95.5693664795509,99.0777866880513,,,,,2.54757189750671,59.737964630127,36.7890205383301,,,,,,575.268676757812,130.447814941406,93.0445327758789,21.0370769500732,377.708984375,67.3578109741211,78.6521148681641,418.2431640625,76.2256546020508,83.6722183227539,42713,11652,6601.6796875,1800.92175292969,36,1163,179.752151489258,5.56412506103516,350,483,,,0.746520102024078,0.540956616401672,1.15049874782562,0.568545401096344,252,9,38.9488754272461,1.39103126525879,6.71018028259277,19.8645380309458,309.737995064315,108.661616390329,,,,593.148736915622,208.087162505687,,,73075,256.850015631891
2010,BA,29011,Itaberaba,82.9609600126317,99.5515730470138,82.9609600126317,92.5078294386895,54.685617923392,70.2240423994218,2.7222356058781,87.6656227415081,100,,,,,1.89890348911285,64.4022445678711,31.6662216186523,,,,,,530.352172851562,148.098342895508,83.6555480957031,20.7547168731689,352.494903564453,84.8583374023438,76.4421768188477,387.782867431641,94.3499298095703,80.7546539306641,16622,6480,6653.2177734375,2593.72216796875,0,454,181.720657348633,0,127,108,,,0.432287037372589,0.508337557315826,0.793727040290833,0.510739147663116,64,0,25.6170101165771,0,1.75556564331055,20.2744495618487,283.335986286066,128.34896655995,,,,542.588849499803,245.788468359046,,,36805,346.966585041985
2010,BA,29024,Senhor do Bonfim,54.9007053416304,100,53.6962947068229,100,68.5575364667747,44.935170178282,1.98541329011345,92.7876823338736,100,,,,,3.18443155288696,54.1795654296875,40.9553298950195,,,,,,475.645111083984,116.245880126953,82.1975250244141,25.6688365936279,307.806701660156,63.249885559082,69.3689117431641,339.950744628906,70.8037719726562,73.8095321655273,21952,5868,7549.79150390625,2018.13842773438,0,491,168.866058349609,0,115,112,,,0.385193437337875,0.395511120557785,0.651217639446259,0.437039792537689,62,0,21.3232078552246,0,2.63238453865051,17.4136154970104,244.19670473501,98.4453556275393,,,,467.637065134525,188.523007432651,,,42442,335.673300627186
2010,BA,29002,Barreiras,64.5050819430533,99.9240643554588,50.5294263112013,94.8410404624277,74.0028901734104,64.3950544598175,1.80635838150289,99.1763005780347,100,,,,,1.3773717880249,41.8552360534668,55.7273368835449,,,,,,365.075958251953,61.3757972717285,63.0874710083008,28.1982593536377,304.29833984375,47.131649017334,61.4596519470215,336.221282958984,53.1249694824219,65.5766296386719,24177,7624,5911.8828125,1864.25927734375,24,731,178.747833251953,5.86860179901123,254,290,,,0.709122717380524,0.621093690395355,1.05347526073456,0.684242308139801,73,1,17.8503303527832,0.244525089859962,3.84931397438049,19.067548162225,362.077823143696,189.492869918191,,,,693.379588184674,362.879137327511,,,46635,263.5387855698
2010,BA,29003,Brumado,84.8955941241748,99.7745796332202,84.1508131766645,98.7020316027088,90.9706546275395,43.4537246049661,1.7306245297216,100,100,,,,,1.01241648197174,39.9808959960938,57.0391578674316,,,,,,482.33740234375,137.103607177734,83.6480484008789,15.1872758865356,278.914825439453,60.929386138916,69.1176071166992,307.184051513672,68.7352294921875,73.7694702148438,24819,8236,6142.19189453125,2038.24047851562,0,640,158.386825561523,0,240,237,,,0.586526215076447,0.593950629234314,0.796821892261505,0.603973507881165,114,0,28.2126541137695,0,1.75611400604248,20.3211589024985,304.67885091857,130.304208490566,,,,583.460468095714,249.532759663278,,,53080,296.733287752799
2010,BA,29009,Ilhéus,65.9502830289437,73.3496208480188,55.4969027021254,100,56.2343418770476,54.7697051455001,1.3297359799576,84.0431682405088,93.2935054923877,,,,,4.74645042419434,76.3083190917969,17.4847869873047,,,,,,620.763366699219,175.235061645508,101.435897827148,12.5733852386475,437.371795654297,104.110610961914,89.0048141479492,485.533630371094,117.558891296387,96.3047714233398,27430,8567,8330.4990234375,2601.80029296875,14,579,175.842468261719,4.25180387496948,214,258,,,0.78354674577713,0.649918615818024,1.12422251701355,0.725691854953766,113,0,34.3181304931641,0,6.17392301559448,17.1162343906743,252.572310271999,94.2829208086019,,,,483.676362619282,180.55193835269,,,43642,298.861250628613
2010,BA,29008,Ibotirama,63.8102225999377,95.3199643164435,60.7538943112176,96.8217562254259,86.1074705111402,68.610747051114,0.557011795543906,100,100,,,,,1.22767853736877,63.430061340332,32.663688659668,,,,,,490.590881347656,133.701797485352,92.6437683105469,25.9656658172607,318.811767578125,76.7944107055664,79.5718536376953,353.130615234375,86.1244888305664,86.1379776000977,10907,3378,5741.28173828125,1778.12866210938,0,301,158.44189453125,0,84,64,,,0.336886435747147,0.442163437604904,0.542834579944611,0.447164088487625,28,0,14.7387809753418,0,0.957494378089905,18.1695445666111,217.438195685565,111.968506732398,,,,416.394479151078,214.419862596644,,,27997,350.880437134051
2010,BA,29018,Porto Seguro,88.554480835909,99.3071342236286,86.67527357317,100,70.2210460772105,57.3318804483188,2.73972602739726,100,100,,,,,3.39798045158386,53.5502471923828,41.1283874511719,,,,,,511.56298828125,139.309555053711,105.624053955078,5.6361608505249,432.018890380859,101.611030578613,105.687553405762,479.976837158203,114.903900146484,113.89884185791,19808,4043,5654.59814453125,1154.15686035156,5,495,141.307861328125,1.42735207080841,242,267,,,0.762206017971039,0.690838396549225,1.10205852985382,0.766773521900177,157,9,44.8188552856445,2.56923365592957,7.72739839553833,16.8300226869704,310.697493809734,115.060518511984,,,,594.986178488779,220.341069909968,,,35118,216.488147025246
2010,BA,29021,Santa Maria da Vitória,75.068595003257,97.6694148533679,70.3014890215096,100,86.163676579012,50.1843204718604,2.01523715900713,100,100,,,,,1.45194745063782,63.2634239196777,33.6022109985352,,,,,,447.202209472656,99.939094543457,71.6734924316406,34.2362670898438,300.576599121094,59.025936126709,63.2841606140137,332.563171386719,66.4346084594727,67.2538452148438,18710,9147,6295.82666015625,3077.92211914062,0,518,174.304550170898,0,135,106,,,0.356684982776642,0.454268604516983,0.644977331161499,0.487245142459869,26,0,8.74887657165527,0,1.54417681694031,18.2651364391056,284.627816022372,125.187130021385,,,,545.062705431623,239.733546524888,,,42208,339.305323632115
2010,BA,29013,Itapetinga,68.0883991581033,100,68.0883991581033,100,63.4075788255713,69.6557708996239,5.98785073763379,100,100,,,,,2.74279308319092,54.5200119018555,41.0859222412109,,,,,,538.086242675781,144.414352416992,92.6046829223633,23.1235790252686,339.255767822266,75.0384063720703,77.1290893554688,373.39453125,83.5297470092773,81.4205856323242,19163,7533,7817.54833984375,3073.08837890625,0,556,226.820266723633,0,118,113,,,0.460983663797379,0.481381148099899,0.83374810218811,0.500452816486359,20,0,8.15900230407715,0,3.13060927391052,18.4257019820478,231.362959738762,113.735179059204,,,,443.060423728808,217.803042819564,,,31512,277.97305727428
2010,BA,29005,Cruz das Almas,83.2859857761407,100,81.6970670637331,87.5409836065574,83.9071038251366,73.2786885245902,1.63934426229508,95.3551912568306,100,,,,,2.12201595306396,40.053050994873,56.4102554321289,,,,,,580.954406738281,204.858749389648,96.9560470581055,10.6325702667236,389.335815429688,111.815162658691,85.8873748779297,432.195831298828,126.387977600098,91.9947280883789,14493,2214,5666.064453125,865.567321777344,19,447,174.755462646484,7.42808437347412,133,175,,,0.68416565656662,0.519965887069702,1.0524423122406,0.539513528347015,94,0,36.7494697570801,0,3.80278825759888,18.6613322565534,270.001336060467,117.543126016308,,,,517.052973809501,225.095267098923,,,31276,276.232806527251
2010,BA,29007,Guanambi,78.58394577656,100,76.3568794977178,100,93.5064935064935,69.6913476134255,1.079440040479,100,100,,,,,1.52464842796326,42.0125350952148,55.9207191467285,,,,,,464.847595214844,122.078903198242,78.0763397216797,12.7669906616211,284.057067871094,52.1183891296387,63.827953338623,314.132293701172,59.0846672058105,68.2143936157227,30850,11738,6961.43115234375,2648.72875976562,5,861,194.288238525391,1.12827086448669,229,251,,,0.566391944885254,0.516748070716858,0.719498336315155,0.529497504234314,126,4,28.4324264526367,0.902616679668427,1.32413864135742,18.4664369789791,263.292143887353,110.705723385632,,,,504.204860479456,212.001630545466,,,59487,305.362987425353
2010,BA,29014,Jacobina,81.5294621997529,99.3924665856622,79.6269567268788,100,76.5862944162437,49.2544416243655,1.25317258883249,97.7791878172589,100,,,,,2.05739045143127,57.6430244445801,39.1986999511719,,,,,,523.504516601562,135.156524658203,81.4570999145508,23.8354797363281,346.284362792969,73.3289337158203,69.6345367431641,384.249114990234,83.5323944091797,74.3070831298828,36837,13506,9556.162109375,3503.69287109375,0,931,241.517700195312,0,164,165,,,0.428038895130157,0.425444692373276,0.772415637969971,0.455537140369415,62,0,16.0838851928711,0,1.90360569953918,18.6860731248124,245.959616208044,108.817135435691,,,,471.013043316689,208.384981716739,,,59203,352.475949419005
2010,BA,29027,Valença,76.7935445724578,99.8386826662474,74.5070764309224,100,54.1107745564691,73.3881436607529,2.05538727823453,99.7187364777153,100,,,,,3.34155631065369,72.6620330810547,22.4489803314209,,,,,,475.239288330078,132.38330078125,90.4898529052734,15.303243637085,381.653442382812,94.2100601196289,87.2610702514648,422.905456542969,105.720085144043,93.4793243408203,22679,8092,7600.8125,2712.01440429688,0,452,151.486709594727,0,111,123,,,0.412231534719467,0.372013837099075,0.875908255577087,0.410053074359894,20,0,6.70295190811157,0,2.01356673240662,18.0706330116392,237.617718349715,120.270358983473,,,,455.038296088408,230.317922425443,,,40312,316.258188477475
2010,BA,29004,Camaçari,74.6920048263161,78.3276179589763,59.2426335174954,100,70.2205882352941,64.5944741532977,5.10249554367201,95.7553475935829,93.5049019607843,,,,,4.21348333358765,54.3707847595215,40.1573028564453,,,,,,489.668670654297,115.98397064209,89.6917877197266,4.72201061248779,460.759338378906,103.666915893555,94.1376724243164,512.078552246094,117.531829833984,102.101623535156,23922,3055,4460.72119140625,569.6640625,8,481,89.6917877197266,1.49175524711609,286,681,,,1.26985669136047,0.533302485942841,1.35428071022034,0.526869297027588,176,6,32.8186149597168,1.11881649494171,22.152379989624,19.4496291633251,424.716574560638,294.047143628253,,,,813.33289348458,563.100732283519,,,46759,192.674780869109
2010,BA,29016,Juazeiro,62.7690354311317,99.7869243033994,60.0326180946509,92.1387651177594,67.1546785486951,29.7262889879058,0.477402928071292,94.0695947379588,97.2947167409293,,,,,2.46954226493835,58.555591583252,37.6907043457031,,,,,,430.746795654297,77.6334457397461,71.8901596069336,27.7701148986816,329.030670166016,52.8353652954102,64.5956802368164,364.211975097656,58.7719612121582,68.9902954101562,35420,10747,7014.736328125,2128.38427734375,27,931,184.379440307617,5.34720182418823,226,388,,,0.768412709236145,0.447580575942993,0.810051560401917,0.44342166185379,123,14,24.3594741821289,2.77262306213379,5.87221765518188,19.2157958523116,270.803939456407,101.067308393245,,,,518.589960547104,193.54405101146,,,70267,327.705893046721
2010,BA,29020,Salvador,36.6510721980965,36.0846355655178,23.379836974374,100,71.7336147472888,100,4.83193749017671,90.295709185621,100,,,,,4.69049596786499,44.738883972168,49.8676147460938,,,,,,570.197937011719,122.053863525391,107.802810668945,2.78917145729065,434.928131103516,85.0275802612305,99.739143371582,485.214691162109,96.4723281860352,107.482131958008,153833,17879,4797.11572265625,557.537292480469,361,6411,199.920104980469,11.2573947906494,3232,6948,,,2.16665863990784,1.00786423683167,2.43617367744446,0.981950461864471,2885,538,89.9656066894531,16.776948928833,25.0571517944336,12.6126262372699,295.943724877871,99.4021303779176,,,,566.732688293422,190.355232551115,,,242624,143.595595317774
2010,CE,23019,19ª Região Brejo Santo,91.3018946368118,95.5390904951397,91.3018946368118,100,92.9514000643708,19.9797502531218,0.933376247183779,100,98.2298036691342,,,,,0.362537771463394,31.722053527832,67.5528717041016,,,,,,537.79345703125,140.771133422852,115.480056762695,6.21118021011353,334.657104492188,60.4150390625,96.7738342285156,370.362670898438,68.7022323608398,103.679084777832,16467,6267,7857.892578125,2990.55151367188,8,513,244.798629760742,3.81752252578735,104,126,,,0.601259768009186,0.496277928352356,0.832697093486786,0.50391298532486,77,0,36.74365234375,0,1.70309221744537,19.3550277165366,298.178419075431,118.639202484656,,,,571.012131118638,227.194255221542,,,32691,357.827623343054
2010,CE,23003,3ª Região Maracanaú,83.0084684047357,71.2167869998543,78.8512515345082,93.8845822566753,86.8463147532915,25.8520979451212,0.418358557893442,97.5759812969115,91.2882982650425,,,,,1.12530028820038,40.6246032714844,57.4914665222168,,,,,,429.799133300781,118.304306030273,75.0853958129883,5.18999052047729,334.776153564453,74.1459197998047,73.7287368774414,372.591583251953,83.873161315918,79.3887023925781,23704,3358,4721.01904296875,668.797729492188,0,449,89.4253082275391,0,216,295,,,0.587538242340088,0.430197477340698,1.06618273258209,0.537846446037292,156,0,31.0698165893555,0,10.1570415496826,21.8196665516967,340.692816318802,158.9423542704,,,,652.427267225523,304.374852876242,,,56916,242.283914416073
2010,CE,23012,12ª Região Acaraú,89.4967750540667,100,85.942189152368,100,100,29.2635116213946,0.112013441612994,100,100,,,,,0.390516042709351,31.157600402832,68.2845153808594,,,,,,446.926849365234,126.497505187988,83.2465209960938,3.0176899433136,314.516143798828,66.6383590698242,71.1669998168945,349.214904785156,76.0245208740234,75.6122894287109,9734,1725,4526.9365234375,802.236022949219,0,233,108.360000610352,0,123,96,,,0.446461796760559,0.572029173374176,0.705618917942047,0.641091227531433,17,0,7.90609407424927,0,0.641323745250702,21.8216326398641,278.105499590344,119.258403816474,,,,532.572459433167,228.380026724285,,,29682,329.828137848743
2010,CE,23018,18ª Região Iguatú,91.688732448156,100,90.7339630567897,98.092392553436,100,42.0363134911515,0.758446334176051,100,100,,,,,0.611045837402344,30.7168045043945,68.5546417236328,,,,,,569.733093261719,180.842239379883,104.984527587891,4.04494380950928,316.7724609375,72.9414749145508,72.8783721923828,353.500030517578,83.0153198242188,79.0469055175781,19571,5530,6264.18310546875,1770.01342773438,0,534,170.919921875,0,147,126,,,0.403294205665588,0.470509916543961,0.736732125282288,0.473550617694855,52,0,16.6438884735107,0,1.94029331207275,19.2164911840429,288.730165874213,100.160811485166,,,,552.918711707186,191.808108038324,,,47206,325.534183942128
2010,CE,23014,14ª Região Tauá,84.9209515955985,100,84.9209515955985,100,99.0625,33.3125,0.375,100,100,,,,,0.433436542749405,25.2012386322021,74.2414855957031,,,,,,536.809814453125,155.137161254883,109.301177978516,2.46305418014526,303.476226806641,50.9869613647461,76.3141174316406,336.044921875,57.8202285766602,82.1100082397461,8380,2859,7386.64404296875,2520.09741210938,0,158,139.270858764648,0,50,45,,,0.39665749669075,0.440730541944504,0.646772086620331,0.461004167795181,2,0,1.76292216777802,0,1.22346806526184,21.9393189005618,300.179573464339,122.020035648095,,,,574.844344851111,233.668555929143,,,17321,340.595366179276
2010,CE,23011,11ª Região Sobral,94.3856083035061,99.6664588171563,92.5755172916063,100,88.9482114255206,22.2643553629469,1.45221569674319,100,100,,,,,0.618489563465118,24.8697910308838,74.2947082519531,,,,,,514.385681152344,144.034454345703,100.710960388184,6.50534248352051,329.200347900391,68.9515762329102,84.6813430786133,365.822235107422,78.0541458129883,91.2044296264648,37349,7400,6037.64599609375,1196.24572753906,32,1001,161.816482543945,5.17295455932617,423,390,,,0.630453824996948,0.683799922466278,1.04008722305298,0.750927090644836,209,0,33.7858581542969,0,3.23374319076538,19.5890593806822,392.646497749628,136.232954714325,,,,751.91864706871,260.886317800005,,,81594,298.486612936836
2010,CE,23020,20ª Região Crato,91.3954039183297,99.9896758207722,91.3954039183297,100,99.9815532189633,21.2506917542889,1.49418926397344,100,100,,,,,0.371333092451096,33.3828430175781,66.0415878295898,,,,,,565.715576171875,141.802047729492,128.368179321289,7.75725603103638,354.513244628906,62.3368682861328,96.0865783691406,390.399749755859,70.3367156982422,103.002342224121,25910,7573,7734.9287109375,2260.7724609375,11,717,214.046463012695,3.28383684158325,188,191,,,0.570193529129028,0.561237573623657,0.912458896636963,0.556013286113739,210,9,62.6914329528809,2.68677568435669,3.88418197631836,17.1826985150929,307.215366926092,98.1267506688085,,,,588.317900151202,187.912878446677,,,49379,339.437981534862
2010,CE,23010,10ª Região Limoeiro do Norte,91.0638710587571,93.7169358820625,91.0638710587571,96.2055070517126,100,24.9568519157749,1.10812625923439,100,100,,,,,0.309491068124771,22.2489681243896,76.9257202148438,,,,,,549.131652832031,146.01188659668,103.38729095459,4.62427759170532,314.97509765625,49.9662017822266,73.7257919311523,350.455749511719,57.2543411254883,79.803825378418,11685,2296,5298.5986328125,1041.12817382812,0,427,193.624450683594,0,103,109,,,0.494263827800751,0.467056632041931,0.775744795799255,0.546637654304504,81,0,36.7296981811523,0,1.95256876945496,21.6077425643649,305.466709821035,139.203665256105,,,,584.969219105637,266.575233056374,,,30446,298.388231500991
2010,CE,23006,6ª Região Itapipoca,83.4040353302217,77.934010654797,79.6642235674138,97.967563128721,78.0332580578937,23.7136465324385,0.554300964894272,95.3602956271813,95.9145965920756,,,,,0.927323698997498,50.2695693969727,48.3717918395996,,,,,,439.208618164062,124.100715637207,111.510787963867,4.25880432128906,293.730224609375,61.0666160583496,89.2005767822266,326.747436523438,69.264518737793,96.8184432983398,14372,1905,5169.7841796875,685.251770019531,0,237,85.2518005371094,0,114,73,,,0.262589931488037,0.410071939229965,0.546942472457886,0.43992805480957,55,0,19.7841720581055,0,0.932014405727386,19.1967663493778,226.289720741268,88.6297203379265,,,,433.345163246121,169.726050756899,,,38403,334.093241751003
2010,CE,23002,2ª Região Caucaia,85.0855361125287,89.2050419815575,83.1664790721412,80.6230823696011,81.2603257021477,8.12537673297167,0.436629690818976,100,100,,,,,2.23853659629822,49.8615951538086,47.3462524414062,,,,,,424.088500976562,110.84529876709,78.9246597290039,2.19189405441284,323.475402832031,66.7005615234375,74.5603942871094,361.385070800781,75.4682388305664,80.9271774291992,25963,4051,4553.60205078125,710.497314453125,0,529,92.7803192138672,0,222,259,,,0.454255253076553,0.389361649751663,0.596231937408447,0.410759001970291,5,0,0.876940667629242,0,5.28725051879883,22.0268413837853,252.648453141221,120.400359161502,,,,483.822176330948,230.566872966306,,,62641,240.810707847496
2010,CE,23001,1ª Região Fortaleza,56.409677031178,60.3211241911822,39.3609882090748,100,79.9667832607766,26.3997584237147,2.24212989758172,95.3219758926999,100,,,,,3.679274559021,51.0641021728516,43.4994316101074,,,,,,501.712280273438,105.384712219238,91.4284591674805,5.11478328704834,351.92529296875,60.8053321838379,82.4960021972656,393.693969726562,69.4534072875977,88.830451965332,145994,26359,5477.22900390625,988.905517578125,386,5550,208.218276977539,14.4814872741699,2132,4819,,,1.80793499946594,0.799858331680298,1.85507488250732,0.701292335987091,3200,308,120.053787231445,11.5551767349243,30.4836826324463,22.4873630512506,404.994006150274,178.344322838059,,,,775.564144646033,341.529652522936,,,213690,156.588454801412
2010,CE,23007,7ª Região Aracati,82.4490633729284,88.544502057099,71.7396542645759,100,71.947401377583,21.6133942161339,0.0626174076393237,98.1214777708203,99.3738259236068,,,,,1.08073747158051,26.12841796875,72.4094085693359,,,,,,435.213897705078,135.836776733398,75.0676956176758,5.74948644638062,275.636138916016,61.7591323852539,60.3304824829102,305.072265625,68.9257507324219,65.9465560913086,5461,790,4880.2939453125,705.993774414062,0,144,128.687469482422,0,56,76,,,0.679183900356293,0.500451326370239,0.74821937084198,0.501344978809357,5,0,4.46831512451172,0,3.61933517456055,17.8663161277789,287.541194719884,116.639901109395,,,,550.641830118045,223.365590013054,,,14481,285.842529406636
2010,CE,23004,4ª Região Baturité,97.3325089760589,100,97.3325089760589,95.3651685393258,100,16.6666666666667,0.889513108614232,100,100,,,,,0.666324973106384,35.0076866149902,63.6084060668945,,,,,,519.064208984375,141.16194152832,90.4318695068359,11.8980169296265,321.904296875,62.9668045043945,76.7898330688477,355.872314453125,71.7557144165039,82.7174911499023,8496,1683,6246.416015625,1237.37268066406,0,204,149.984558105469,0,80,120,,,0.882262110710144,0.588174760341644,1.15135204792023,0.579352140426636,26,0,19.1156787872314,0,1.2770744562149,21.6875840918821,356.948692805589,147.398875812807,,,,683.557295698756,282.269073876438,,,19550,340.431755386111
2010,CE,23015,15ª Região Crateús,76.1941167904471,98.3481605041238,73.553026993394,95.9952885747939,91.5901060070671,22.9120473022912,4.21672555948174,100,100,,,,,0.729068696498871,36.6886177062988,61.8767623901367,,,,,,600.927124023438,175.396667480469,114.12565612793,8.68347358703613,321.970092773438,64.954345703125,77.4626159667969,356.63623046875,73.4455871582031,83.6835250854492,16292,4068,5484.7646484375,1369.50793457031,2,396,133.314926147461,0.673307716846466,125,111,,,0.373685777187347,0.420817315578461,0.595877349376678,0.476112723350525,61,13,20.5358848571777,4.37650012969971,1.7872953414917,22.2889376731144,283.929529977892,115.411355723534,,,,543.725486582502,221.012923709663,,,48651,370.090717353101
2010,CE,23017,17ª Região Icó,76.3117502597525,100,76.3117502597525,94.3512075317233,92.3454768726975,28.4895620139173,4.66639377814163,100,100,,,,,0.862068951129913,42.5431022644043,56.0775871276855,,,,,,599.793640136719,182.444519042969,131.15022277832,1.4577260017395,327.363616943359,73.5006256103516,86.5539627075195,363.20849609375,83.2020950317383,93.0819091796875,10375,2989,6047.482421875,1742.2578125,0,365,212.754791259766,0,74,73,,,0.425509601831436,0.431338489055634,0.568609058856964,0.40569132566452,24,0,13.9893560409546,0,1.32374286651611,20.0359688331599,277.461153142196,107.727514996576,,,,531.338534993979,206.298356900029,,,27296,362.56406583009
2010,CE,23008,8ª Região Quixadá,92.385143845459,99.2644576822059,88.7148262570605,91.8417799752781,100,25.1746031746032,1.9159456118665,100,100,,,,,0.73864871263504,38.7138824462891,60.134693145752,,,,,,570.48095703125,152.384368896484,108.845977783203,7.46352434158325,332.580841064453,57.8386726379395,78.5390625,369.430969238281,65.7030792236328,84.7347869873047,16488,3271,5278.3896484375,1047.16235351562,8,482,154.30517578125,2.5610818862915,167,126,,,0.403370380401611,0.534625828266144,0.88325309753418,0.549512088298798,51,20,16.3268966674805,6.40270471572876,1.85678434371948,20.925168638843,286.01642719589,108.977440933364,,,,547.721897964551,208.691966991326,,,45050,329.437138055715
2010,CE,23021,21ª Região Juazeiro do Norte,92.8982798061129,100,90.0791571352272,80.775215730655,75.5693874664026,16.2682133257887,2.0653557787523,94.7375866459188,95.8834347149526,,,,,0.738879859447479,37.7715377807617,61.2679176330566,,,,,,585.581481933594,165.265197753906,127.525535583496,5.51811265945435,395.364868164062,86.412841796875,107.49382019043,438.171966552734,98.1382827758789,116.157066345215,26394,5146,6510.46240234375,1269.33544921875,57,881,217.311401367188,14.0598754882812,256,436,,,1.07545709609985,0.631461083889008,1.51667821407318,0.625972807407379,244,19,60.1861343383789,4.6866250038147,4.96017599105835,22.6218428200716,375.18725851557,106.645058198126,,,,718.484177083719,204.225450466212,,,49082,270.938917698339
2010,CE,23016,16ª Região Camocim,67.8550630863798,95.3231963765772,67.8550630863798,100,85.7754927163668,19.3658954584404,1.15681233933162,100,100,,,,,1.87908494472504,54.8202629089355,42.7696075439453,,,,,,452.678955078125,138.628829956055,82.1260833740234,7.40203189849854,312.349822998047,74.2695465087891,68.6220092773438,348.739471435547,84.5721969604492,74.3678436279297,7696,1721,5056.33837890625,1130.7119140625,0,148,97.2372817993164,0,65,57,,,0.374494910240173,0.42705562710762,0.522978901863098,0.452021956443787,8,0,5.25606918334961,0,1.03675961494446,22.0833115913405,224.22839978518,110.762746201827,,,,429.397730444965,212.110829326178,,,20863,319.487178237102
2010,CE,23022,22ª Região Cascavel,90.8518072783469,93.2109106822937,89.5149820161103,94.4184960298926,91.3358243811303,28.654834189631,1.21438580102756,100,100,,,,,1.67888391017914,43.6273345947266,53.8661613464355,,,,,,438.536560058594,120.297645568848,72.6451187133789,2.50759887695312,295.825836181641,58.2054748535156,61.4455757141113,328.998687744141,65.9264678955078,66.6713180541992,13503,2362,4499.6650390625,787.099853515625,0,306,101.969749450684,0,131,160,,,0.5331751704216,0.436537146568298,0.726284563541412,0.501184642314911,13,0,4.33204793930054,0,4.4340181350708,20.8549467824151,283.288452480674,131.416736095678,,,,542.497822189371,251.6632517381,,,37478,271.687997872441
2010,CE,23005,5ª Região Canindé,75.7739136467475,93.9246477931011,71.3140302974742,100,92.6344638574854,15.4538634658665,0.78794107571086,100,98.2185680027407,,,,,0.791193664073944,53.4915733337402,45.4764366149902,,,,,,546.434326171875,160.656723022461,99.7179718017578,3.9631335735321,334.864807128906,70.1015396118164,72.981559753418,373.985778808594,79.6222076416016,78.9915313720703,10533,2055,5304.69384765625,1034.95166015625,0,236,118.855758666992,0,87,82,,,0.412973403930664,0.438154727220535,0.648166835308075,0.431103944778442,15,0,7.55439138412476,0,1.15330374240875,18.6463448669055,241.163182417365,91.6104812924327,,,,461.827865230771,175.434212569096,,,30574,364.843226684009
2010,CE,23013,13ª Região Tianguá,68.3783774758137,91.8302738047134,66.7153118915868,92.6968429060479,95.43552681628,23.2217573221757,0.114111829593001,97.9269684290605,95.7208063902625,,,,,0.70624166727066,34.4340515136719,64.1343765258789,,,,,,539.341857910156,189.695007324219,98.8132476806641,0.796568632125854,354.270080566406,86.3977966308594,78.2493286132812,395.163208007812,98.6666641235352,84.9210815429688,18214,4288,6019.34619140625,1417.09436035156,0,379,125.251579284668,0,171,114,,,0.37674617767334,0.56511926651001,0.560823023319244,0.628240764141083,29,0,9.58389377593994,0,1.26143872737885,21.6379823563571,242.131788594537,110.671125886199,,,,463.682747549743,211.935376280841,,,41418,340.425772606708
2010,CE,23009,9ª Região Russas,90.3739594070648,95.4295013002506,90.3739594070648,95.839636913767,92.5491679273828,23.071104387292,0.226928895612708,99.357034795764,98.3736762481089,,,,,0.654853641986847,28.2742671966553,70.338981628418,,,,,,525.174011230469,133.344955444336,88.7256851196289,4.78515625,307.021667480469,55.2924690246582,67.0675735473633,342.184356689453,63.0729064941406,72.8976211547852,13842,2520,7099.08056640625,1292.42041015625,0,338,173.348449707031,0,91,103,,,0.528251171112061,0.466707348823547,0.9630326628685,0.519788920879364,100,0,51.2865219116211,0,1.63244998455048,22.5576006568077,282.108098527065,115.552121445203,,,,540.237442552862,221.282490283154,,,27847,310.724205482315
2010,DF,53001,Distrito Federal,46.4496899556367,20.9541272438178,15.7486808969325,100,88.9984065558844,21.4614158889142,29.8816298656954,94.1953107216026,92.412929660824,,,,,1.88470315933228,27.9044532775879,68.649299621582,,,,,,410.828674316406,85.9063949584961,81.0980606079102,0.958437025547028,336.48828125,62.5435028076172,79.2036819458008,376.498321533203,71.6901016235352,85.7004623413086,154494,27979,5849.28271484375,1059.31030273438,390,5288,200.208465576172,14.7657527923584,2717,7261,,,2.74908018112183,1.0286808013916,2.8091938495636,0.962831199169159,2309,512,87.4208297729492,19.3847827911377,24.2914810180664,,,,,,,,,,,98552,54.1741902161543
2010,ES,32002,Metropolitana,59.9967461359069,51.90104937117,39.7203542152307,100,89.345703125,26.4127604166667,43.7141927083333,100,97.5,,,,,1.01768267154694,29.3640327453613,67.7181625366211,,,,,,574.833679199219,137.673217773438,123.279655456543,0.694078385829926,402.018859863281,78.7596588134766,99.7383804321289,449.10791015625,89.5564498901367,108.727897644043,98661,14818,4982.75048828125,748.364562988281,170,2776,140.19841003418,8.58563709259033,1233,4321,,,2.1822669506073,0.62271124124527,2.46755003929138,0.635299265384674,1739,314,87.8260192871094,15.8581771850586,40.6676902770996,17.0023837885849,296.595213772156,203.940958604152,,,,567.980290527947,390.547249381839,,,80105,82.2088008411751
2010,ES,32003,Norte,64.0406590591585,100,53.6540599639255,,,,,,,,,,,0.884188652038574,40.9847450256348,56.5533981323242,,,,,,603.945068359375,178.72102355957,125.155494689941,2.35393023490906,426.740081787109,99.1359710693359,107.762161254883,476.527557373047,112.547637939453,116.058616638184,24270,6420,6161.3056640625,1629.81396484375,10,673,170.851211547852,2.53865098953247,171,321,,,0.81490695476532,0.434109300374985,1.20884215831757,0.449214279651642,125,0,31.7331371307373,0,12.117488861084,19.1737983529634,329.313934723649,189.90684535489,,,,630.636691470437,363.67190092547,,,35765,190.791805953264
2010,ES,32001,Central,77.7287840102784,98.0455065759423,69.2749630120309,,,,,,,,,,,0.643594443798065,24.8087425231934,71.4389801025391,,,,,,571.609497070312,143.073516845703,122.707786560059,2.27544903755188,378.161468505859,73.905387878418,97.8794937133789,422.146331787109,84.0519027709961,106.555526733398,29942,6421,5124.291015625,1098.8935546875,36,774,132.462799072266,6.16106033325195,341,777,,,1.32976222038269,0.583589315414429,1.5384681224823,0.593173205852509,434,63,74.2750091552734,10.7818555831909,21.3913726806641,22.0643912262792,448.571689639986,266.37736129563,,,,859.015475549961,510.113056561276,,,35008,112.270731241909
2010,ES,32004,Sul,83.4098012470152,89.142510118883,76.0250038949353,100,93.9430213071582,20.0622456308355,42.2671774000479,100,100,,,,,0.858524799346924,43.8331336975098,52.6964950561523,,,,,,638.463684082031,192.856170654297,135.312911987305,1.91552066802979,384.180358886719,95.5093383789062,100.969886779785,427.753234863281,107.274971008301,109.321975708008,43342,11233,6795.74951171875,1761.26293945312,46,987,154.755310058594,7.2125072479248,436,844,,,1.32333827018738,0.68362021446228,1.45649528503418,0.645480215549469,290,44,45.4701538085938,6.8989200592041,15.3947830200195,20.3694064819876,353.443760351798,225.59845681299,,,,676.845344659268,432.021391760326,,,39105,119.499157420722
2010,GO,52001,Central,99.9413827327967,51.8212111123902,56.1430833802624,100,88.7340879877265,19.2495921696574,24.8953020690799,96.3469751627483,94.5142430650578,,,,,2.74367642402649,16.5114936828613,78.1824188232422,,,,,,566.846801757812,135.897354125977,112.998672485352,3.41736102104187,407.932739257812,82.9615478515625,101.379844665527,456.380310058594,94.7772369384766,109.429611206055,118254,27851,7070.1298828125,1665.14611816406,298,4321,258.342468261719,17.816722869873,1289,4500,,,2.69044470787048,0.770662903785706,2.6063084602356,0.777971982955933,2548,252,152.338958740234,15.0664901733398,21.3557929992676,18.7203053371305,474.654070311766,195.551770556497,,,,908.963274650315,374.481941368268,,,53143,59.2750397905077
2010,GO,52011,Pirineus,64.3608241603161,69.5814846175557,58.3306802145075,100,81.2685680332739,5.63821456538763,12.7153891859774,86.6161616161616,99.212715389186,,,,,1.73307657241821,50.4814109802246,46.4968147277832,,,,,,604.364196777344,137.562942504883,115.39640045166,3.48795390129089,432.312255859375,80.5576019287109,101.506004333496,482.234619140625,91.3856430053711,109.955413818359,39566,9690,8598.4443359375,2105.8212890625,69,933,202.758651733398,14.9950122833252,197,756,,,1.6429318189621,0.428118467330933,1.54090058803558,0.427194863557816,275,14,59.7627296447754,3.04246640205383,11.6424322128296,18.1541448329827,404.139310772274,149.715364551229,,,,773.927401682668,286.705153373204,,,20653,85.4155491344474
2010,GO,52015,Sudoeste I,59.3423168036722,61.7348474949866,55.5928919995228,100,91.419451746151,10.602013560715,16.3537363875329,100,100,,,,,0.867603659629822,26.5833759307861,72.0458068847656,,,,,,526.199951171875,129.737289428711,88.5631790161133,8.21850395202637,388.587432861328,85.0109786987305,79.8610992431641,433.037261962891,95.5017395019531,85.3579635620117,21977,6374,5691.0908203125,1650.58972167969,9,651,168.580795288086,2.33061003684998,174,336,,,0.870094418525696,0.450584590435028,1.13578391075134,0.463338196277618,337,9,87.2683944702148,2.33061003684998,17.1473331451416,19.483860031831,404.340195494702,273.851941595887,,,,774.312096235073,524.426889331942,,,17484,79.8669277370144
2010,GO,52010,Oeste II,89.8362300109952,100,89.8362300109952,98.2485404503753,89.9082568807339,4.46927374301676,15.7631359466222,100,100,,,,,1.01095199584961,22.9991569519043,75.0631866455078,,,,,,562.353759765625,158.161987304688,111.915794372559,6.90789461135864,315.806274414062,71.2115020751953,84.5067749023438,352.120208740234,81.3786392211914,90.2698593139648,7479,2519,6917.505859375,2329.88330078125,0,266,246.029769897461,0,52,58,,,0.536455869674683,0.480960428714752,0.800290405750275,0.477260738611221,35,0,32.3723373413086,0,4.83735227584839,17.0444393348543,381.146302452106,220.326126791812,,,,729.895755387011,421.924871661091,,,7296,137.496161046504
2010,GO,52003,Entorno Norte,78.3571298654056,86.4109676245908,78.2202619134231,100,84.6283309957924,2.38308013106941,13.8288920056101,100,100,,,,,1.19186043739319,44.040699005127,53.9244194030762,,,,,,437.723480224609,92.1976623535156,85.7352142333984,7.87401580810547,398.73486328125,78.4865493774414,89.9555053710938,441.993774414062,89.0566482543945,97.7608947753906,10918,2310,4703.80419921875,995.2177734375,0,258,111.154197692871,0,111,222,,,0.956443071365356,0.478221535682678,1.02117526531219,0.479837149381638,119,0,51.2687950134277,0,3.49661803245544,18.6889163214666,289.767515348025,104.399233872068,,,,554.905237544947,199.924693427804,,,18374,179.729903057568
2010,GO,52017,Sul,78.2652240949883,99.6266181709562,74.6904225364487,100,91.3001293661061,4.94616419919246,14.6507115135834,98.8357050452781,100,,,,,0.895819485187531,30.9223613739014,67.4187164306641,,,,,,625.663757324219,177.292816162109,128.473052978516,4.79123878479004,378.747039794922,91.8392105102539,98.0315322875977,421.934783935547,104.284461975098,105.965965270996,13035,3396,5582.154296875,1454.31494140625,4,432,185.001205444336,1.71297407150269,92,227,,,0.972112774848938,0.39398404955864,1.3298032283783,0.401692420244217,188,4,80.5097808837891,1.71297407150269,7.85184478759766,16.9162379780406,373.900385267504,208.434491346745,,,,716.019812834502,399.15237149482,,,11420,90.8066909179934
2010,GO,52004,Entorno Sul,58.2262757385855,56.2197851387645,51.1308191584602,100,85.3940217391304,6.69157608695652,18.0451766304348,100,100,,,,,3.06827998161316,46.0501289367676,49.3344841003418,,,,,,415.94873046875,81.8903274536133,81.0781936645508,7.15912771224976,449.847930908203,99.0964126586914,99.9672927856445,503.027526855469,111.728622436523,109.451797485352,28522,6526,3860.62133789062,883.332702636719,0,319,43.1785354614258,0,234,467,,,0.632112085819244,0.316732823848724,0.54078072309494,0.30583667755127,142,10,19.2205390930176,1.35355913639069,12.0247488021851,17.3423100595579,178.091201457024,84.5221373597321,,,,341.044924688962,161.860023036321,,,48973,134.835838574619
2010,GO,52014,Serra da Mesa,93.8676984789052,100,93.8676984789052,100,92.9542645241038,5.5052790346908,28.5537700865266,100,100,,,,,0.567465305328369,29.9495582580566,69.1046676635742,,,,,,521.767761230469,137.437240600586,82.2977523803711,7.88643550872803,347.714569091797,71.3740921020508,68.9336166381836,390.001373291016,81.1863250732422,76.0489730834961,8910,2927,7332.72998046875,2408.85522460938,0,315,259.237915039062,0,53,76,,,0.62546294927597,0.436178088188171,0.812278807163239,0.442556172609329,70,12,57.6084289550781,9.87573051452637,6.97555780410767,18.2393795697299,466.157338054794,298.989523860238,,,,892.692019310502,572.565398028998,,,9750,166.735973592366
2010,GO,52007,Nordeste II,84.4274267590351,100,84.4274267590351,100,78.2432432432432,6.24048706240487,13.9189189189189,92.2972972972973,100,,,,,0.964851796627045,45.623706817627,52.1019973754883,,,,,,462.764221191406,105.744766235352,80.617301940918,11.5384616851807,364.817016601562,65.8371734619141,74.732063293457,406.702026367188,74.6301879882812,81.8576278686523,7343,2778,7687.95849609375,2908.50463867188,0,171,179.033218383789,0,37,36,,,0.37691205739975,0.387381821870804,0.544166743755341,0.418791145086288,2,0,2.09395575523376,0,2.03323101997375,19.3568940765582,330.891825372807,169.096556294155,,,,633.658354490322,323.820165368582,,,10489,240.674288805254
2010,GO,52012,Rio Vermelho,91.1632516774611,97.979096662038,91.1632516774611,100,89.8283800753453,8.28133862733976,14.4830473001256,100,99.8325659271662,,,,,0.944611430168152,20.3091449737549,73.9373092651367,,,,,,569.366943359375,147.082183837891,107.621109008789,13.6813678741455,378.084716796875,86.1836318969727,84.6954193115234,419.009185791016,96.3810729980469,91.0144577026367,14992,5698,7683.12255859375,2920.11962890625,0,654,335.162902832031,0,93,107,,,0.548355162143707,0.476607769727707,0.819329798221588,0.524524807929993,97,0,49.7107048034668,0,3.83387398719788,19.4784927220015,371.307054773829,211.886150091422,,,,711.053580950653,405.762303299421,,,16102,176.803665970364
2010,GO,52009,Oeste I,94.2576333377015,100,94.2576333377015,100,86.331500392773,1.86046511627907,15.7894736842105,100,100,,,,,1.05184066295624,34.2599563598633,63.1855735778809,,,,,,609.982299804688,150.985717773438,89.7286605834961,13.1541728973389,349.198059082031,65.06787109375,68.334358215332,388.280914306641,74.0099487304688,73.7578582763672,7950,3079,6859.0654296875,2656.48583984375,0,386,333.031372070312,0,57,95,,,0.819636762142181,0.491782069206238,0.983348429203033,0.514214217662811,94,0,81.1008987426758,0,3.61589241027832,19.6283226360656,402.427358391654,227.460858168855,,,,770.649010240852,435.587893221125,,,9116,159.722082462037
2010,GO,52005,Estrada de Ferro,63.223130627224,71.9401036483915,47.5206381301894,100,96.0807253582919,3.5218421943786,19.5086282538754,96.3147119040655,100,,,,,0.604490518569946,22.2797927856445,76.3960876464844,,,,,,528.418029785156,136.913452148438,105.231002807617,6.42398309707642,350.432250976562,75.5892944335938,84.0460968017578,390.6337890625,85.9493713378906,91.770866394043,16007,4380,6037.39306640625,1652.01354980469,13,619,233.469497680664,4.90323638916016,138,261,,,0.984419047832489,0.520497441291809,1.14433991909027,0.529549539089203,191,16,72.0398559570312,6.03475284576416,15.9400444030762,18.6604935827294,415.128188270229,273.49354420756,,,,794.971118991806,523.740557782092,,,11717,80.1349967119222
2010,GO,52002,Centro Sul,55.1684396725086,56.3682449959731,52.4261686768419,100,78.2275244993609,5.71589205397301,17.980400511291,100,100,,,,,2.0579981803894,17.5440082550049,78.5015716552734,,,,,,498.917327880859,126.943458557129,99.6037673950195,5.04244899749756,429.951965332031,102.627235412598,100.164916992188,480.183502197266,116.122840881348,108.394714355469,52528,13559,6742.2509765625,1740.37048339844,73,1098,140.934188842773,9.36994171142578,369,784,,,1.00630605220795,0.473631322383881,1.05036413669586,0.466154605150223,206,50,26.4412059783936,6.41776847839355,8.6007080078125,17.6236062012374,308.05390749353,125.660371779906,,,,589.923706627495,240.639805220287,,,39518,86.4852500665608
2010,GO,52016,Sudoeste II,67.681862985394,73.8315490968126,61.7677909728701,100,83.4131326949384,4.66940605155024,17.1682626538988,100,100,,,,,0.954979538917542,28.0695762634277,70.5661697387695,,,,,,560.286743164062,154.613296508789,117.824279785156,6.56610488891602,391.163482666016,87.7126159667969,103.087516784668,435.712890625,99.0363388061523,111.088424682617,14060,4602,6989.9130859375,2287.87890625,6,355,176.487838745117,2.9828929901123,84,194,,,0.964468777179718,0.417605042457581,0.942097067832947,0.429288029670715,187,2,92.9668350219727,0.994297683238983,16.2249507904053,19.6793318531572,400.165036160074,271.157582229906,,,,766.316659687995,519.267187002248,,,9490,84.8510374860874
2010,GO,52018,São Patrício II,91.3470464974404,97.820349592849,82.2955624519244,98.2629107981221,88.2629107981221,2.50878073256397,13.3333333333333,100,100,,,,,1.64092659950256,35.1351356506348,62.2586860656738,,,,,,541.907043457031,115.258728027344,119.079460144043,9.16568756103516,399.472686767578,68.7629547119141,104.305458068848,445.417633056641,77.7697372436523,112.381851196289,11594,4442,7382.92626953125,2828.61474609375,0,318,202.498764038086,0,75,116,,,0.738674700260162,0.477591425180435,1.10737526416779,0.493351936340332,59,6,37.5705261230469,3.82073140144348,9.24808025360107,18.3772539578538,333.34850880974,173.161396627299,,,,638.362907050352,331.604340858151,,,11099,141.779134739072
2010,GO,52008,Norte,70.5897635749545,100,70.5897635749545,99.6891191709845,91.1917098445596,4.26985482493595,18.9637305699482,92.3834196891192,100,,,,,1.05555558204651,29.2222213745117,68.4444427490234,,,,,,517.833679199219,116.90705871582,98.2593078613281,10.6648197174072,343.294738769531,66.4044799804688,80.187141418457,382.801422119141,74.3675155639648,86.8332214355469,8909,2658,6389.7236328125,1906.37390136719,0,327,234.531326293945,0,75,81,,,0.580949187278748,0.537915885448456,0.868196249008179,0.550646603107452,126,0,90.369873046875,0,4.69062662124634,19.4295310432408,393.481806564735,227.778662375802,,,,753.518264734319,436.1964887662,,,12792,198.723242322182
2010,GO,52006,Nordeste I,86.8614742392618,94.9664945622322,86.8614742392618,100,85.2103120759837,3.38028169014085,16.4179104477612,99.0502035278155,100,,,,,1.05960261821747,54.8344383239746,43.4437103271484,,,,,,524.43603515625,101.722503662109,94.9410018920898,15.5172414779663,411.244201660156,67.2456130981445,87.5846862792969,448.989410400391,73.9219360351562,92.6947860717773,3193,996,7217.7763671875,2251.4580078125,0,87,196.663497924805,0,26,23,,,0.519914984703064,0.58772999048233,0.713187754154205,0.586599767208099,14,0,31.6470012664795,0,2.86179304122925,21.7410664321398,367.414285494641,220.499051572659,,,,703.598921794047,422.256022882365,,,5684,300.716971019289
2010,GO,52013,São Patrício I,97.182128451753,99.6388457958424,97.182128451753,100,92.636815920398,6.39853747714808,20,95.5721393034826,94.0796019900498,,,,,0.707427978515625,27.1854476928711,71.6018218994141,,,,,,596.238647460938,187.580703735352,106.579940795898,6.43513774871826,369.304138183594,95.2189102172852,81.0931777954102,412.183319091797,108.413581848145,87.2832641601562,13354,4102,8132.962890625,2498.23388671875,0,496,302.078002929688,0,86,140,,,0.852639555931091,0.523764252662659,1.05179178714752,0.600806355476379,178,10,108.407028198242,6.09028244018555,5.43009567260742,20.0386641785286,408.251161552543,228.488429958735,,,,781.801602250782,437.555694779119,,,12984,161.517216978686
2010,MA,21001,Açailândia,67.5514225889888,100,67.5514225889888,100,74.3918536677352,0.0459770114942529,0,100,100,,,,,1.90180480480194,72.7343292236328,24.7622737884521,,,,,,377.602355957031,102.388336181641,87.5020904541016,9.03846168518066,370.329254150391,102.847290039062,94.3798904418945,411.815521240234,113.766647338867,101.621726989746,17750,5544,6444.65576171875,2012.9111328125,0,397,144.142440795898,0,81,91,,,0.330402076244354,0.294094145298004,0.422170341014862,0.314880430698395,218,0,79.1512680053711,0,3.78582692146301,20.7824200872085,258.674034031645,119.053115692969,,,,495.361173003267,227.986899652045,,,35412,303.837199706442
2010,MA,21005,Caxias,99.7202402897356,100,99.6927703440249,100,61.2289562289562,0.233281493001555,1.11111111111111,97.2558922558922,100,,,,,1.58701848983765,73.4129791259766,24.429386138916,,,,,,445.511779785156,150.778106689453,107.454986572266,8.42266464233398,352.733459472656,107.034690856934,100.056411743164,388.171173095703,119.129768371582,106.025230407715,18864,4628,6435.0185546875,1578.73547363281,21,529,180.456161499023,7.16366577148438,165,192,,,0.654963731765747,0.56285947561264,0.730096936225891,0.604306399822235,74,0,25.2433948516846,0,2.94733691215515,18.4670945186673,387.683757075421,91.8051163513602,,,,742.414991045061,175.806939006285,,,41642,349.518973778849
2010,MA,21006,Chapadinha,91.483236118884,100,91.483236118884,100,59.1683708248125,0,0.313565098841172,100,100,,,,,2.19828867912292,74.2844467163086,22.8238410949707,,,,,,338.727996826172,124.645088195801,98.8074951171875,5.19698238372803,260.513305664062,80.0859603881836,88.0442199707031,286.998291015625,89.6121978759766,94.5967178344727,22017,7720,6251.27783203125,2191.93627929688,0,601,170.641677856445,0,131,131,,,0.371947765350342,0.371947765350342,0.50070983171463,0.39572685956955,0,0,0,0,0.626348674297333,21.3896095453345,256.11086963808,90.2254888347568,,,,490.452709247521,172.781949882571,,,50286,357.518221640377
2010,MA,21016,São Luís,50.7919986712057,62.6163277154517,41.2032574088821,100,77.9671576698856,3.90845593698915,2.49655111031997,100,100,,,,,2.43471956253052,57.2385406494141,39.6298141479492,,,,,,445.812377929688,118.22566986084,102.692909240723,1.76684284210205,380.643920898438,92.7062911987305,102.075439453125,423.824920654297,105.114677429199,110.160987854004,70146,7767,5163.796875,571.767639160156,180,2724,200.527236938477,13.2506980895996,1144,1451,,,1.06815350055695,0.842155456542969,1.40286242961884,0.869485020637512,841,89,61.9102058410645,6.55173397064209,17.9357776641846,24.3104475893463,433.176832039206,206.245897589539,,,,829.534299567653,394.96121108378,,,119563,196.673913998591
2010,MA,21002,Bacabal,99.5297114781941,100,99.5297114781941,100,62.9388269918016,0.0537345513164965,1.70275383645155,100,100,,,,,1.21252202987671,90.5864181518555,7.84832429885864,,,,,,394.697082519531,126.151985168457,100.46834564209,9.37799072265625,320.970397949219,95.8822631835938,90.6078262329102,356.938629150391,108.994644165039,98.6545715332031,16758,5683,6329.505859375,2146.47216796875,0,784,296.117248535156,0,135,100,,,0.377700567245483,0.509895741939545,0.64671778678894,0.535862684249878,24,0,9.0648136138916,0,1.11006188392639,22.3633057487823,295.390526173194,100.89618957116,,,,565.673311923162,193.216358203991,,,39052,356.737778608007
2010,MA,21007,Codó,89.6077267011318,100,88.350216571189,100,63.5742652899126,0,2.25575853852264,96.3939634630659,100,,,,,2.1816246509552,83.9304733276367,13.444483757019,,,,,,371.014099121094,133.364532470703,105.287788391113,4.68468475341797,303.113128662109,101.514610290527,96.8972091674805,334.006042480469,112.833969116211,104.209106445312,14502,3684,4847.2490234375,1231.36572265625,0,383,128.016571044922,0,107,101,,,0.337589412927628,0.357644230127335,0.56404173374176,0.399174422025681,48,0,16.0438537597656,0,0.924192786216736,22.57078245773,286.27033150059,82.8646777213439,,,,548.208125098549,158.685985279686,,,45993,368.416314398453
2010,MA,21014,Santa Inês,92.7170672754129,100,91.8066335437089,100,61.3189600507292,0.210526315789474,0.0126823081800888,100,100,,,,,1.83498525619507,77.9935684204102,18.4168224334717,,,,,,360.090423583984,124.586029052734,90.6797027587891,8.90510940551758,308.157958984375,98.7578201293945,87.437385559082,343.303039550781,111.338165283203,94.8897247314453,23469,7911,6168.58544921875,2079.32495117188,5,671,176.365447998047,1.31419861316681,182,134,,,0.352205216884613,0.478368282318115,0.555708885192871,0.476659834384918,23,0,6.04531335830688,0,1.19197809696198,21.1754795471704,262.226159060451,90.6655073600305,,,,502.163497896489,173.624586035205,,,52565,340.00659024669
2010,MA,21003,Balsas,95.922793320321,100,94.1878117545001,100,74.0014015416959,0,0.0467180565288484,100,100,,,,,4.06427240371704,58.6483917236328,36.6965980529785,,,,,,399.723480224609,110.982048034668,101.576789855957,10.5882349014282,328.874206542969,84.8830413818359,89.9255981445312,364.359039306641,95.8168487548828,97.8401641845703,14955,5757,7032.7822265625,2707.3037109375,0,364,171.175704956055,0,85,83,,,0.390318214893341,0.399723500013351,0.699633657932281,0.468146741390228,40,0,18.8105163574219,0,1.73385941982269,18.3685170340972,325.510097494916,148.994230161255,,,,623.352337327228,285.324179907322,,,27298,316.686340384693
2010,MA,21019,Zé Doca,99.2793802358746,100,99.2793802358746,100,95.0759050214091,0,0.291942390035033,100,100,,,,,2.19007444381714,75.3867797851562,21.5189876556396,,,,,,321.716583251953,100.625007629395,81.4920883178711,7.48898696899414,298.719482421875,92.8190002441406,79.0067520141602,331.0263671875,102.591842651367,84.4537353515625,15469,5131,5480.8740234375,1817.98205566406,0,619,219.320007324219,0,129,107,,,0.379115343093872,0.457064300775528,0.554766237735748,0.506845355033875,160,0,56.6901473999023,0,0.360336750745773,21.1272611788318,309.047657800328,114.038209196816,,,,591.826739993371,218.383345999141,,,39228,343.502868242282
2010,MA,21008,Imperatriz,83.409138462351,91.3913271348505,80.2950001117271,100,73.6081205782836,0.531410134750427,0.266584640623398,99.723162103968,100,,,,,2.58720016479492,65.8426742553711,30.9940299987793,,,,,,455.011535644531,134.422210693359,103.680763244629,6.84011745452881,368.816009521484,93.9746170043945,100.272315979004,409.287506103516,106.310745239258,107.456520080566,31990,8537,6108.19091796875,1630.06018066406,23,951,181.584533691406,4.39163446426392,246,346,,,0.660654604434967,0.46971395611763,0.853981971740723,0.464081197977066,440,76,84.0138778686523,14.5114879608154,6.40453052520752,23.301505441294,397.015468981835,138.599931369019,,,,760.28523369773,265.419081734081,,,56224,243.662318328454
2010,MA,21009,Itapecuru Mirim,98.2263840193644,99.7573209228044,98.2263840193644,100,84.2036553524804,0.149476831091181,0.435161009573542,100,100,,,,,1.62102615833282,73.0248641967773,24.8819637298584,,,,,,357.723937988281,123.643783569336,89.0797271728516,7.61979579925537,291.331909179688,89.0926818847656,83.9124374389648,323.714050292969,100.605415344238,90.1893463134766,20440,7627,5743.81591796875,2143.25244140625,0,505,141.90934753418,0,150,120,,,0.337210327386856,0.42151290178299,0.492186546325684,0.461978137493134,0,0,0,0,0.800593495368958,22.5612872926028,281.301866006619,102.746281306245,,,,538.693506036248,196.759286722063,,,48226,333.025795993486
2010,MA,21011,Pinheiro,92.2438942844355,100,92.2438942844355,100,71.3778529163145,0.688298918387414,0.236686390532544,100,100,,,,,6.33558797836304,69.5429763793945,20.9536380767822,,,,,,307.796539306641,101.110641479492,68.2825088500977,13.9078502655029,247.156860351562,69.5072174072266,64.6623306274414,274.057861328125,78.3505554199219,68.853401184082,23285,8038,6115.22412109375,2110.97998046875,0,527,138.403396606445,0,146,117,,,0.307271301746368,0.383432567119598,0.500825941562653,0.425189942121506,5,5,1.31312525272369,1.31312525272369,0.63581520318985,23.3255681982646,262.765345837827,101.504589480882,,,,503.196041404416,194.381444966809,,,59299,372.473947421962
2010,MA,21004,Barra do Corda,61.024921644701,100,61.024921644701,100,64.2619542619543,0,0.457380457380457,99.002079002079,98.3575883575884,,,,,5.51181125640869,83.686653137207,10.135272026062,,,,,,366.012237548828,112.304374694824,89.1160202026367,6.33540391921997,322.370178222656,91.9428024291992,84.0652618408203,356.310546875,103.140426635742,89.2872467041016,13827,4275,6286.771484375,1943.72961425781,0,388,176.413345336914,0,73,56,,,0.254617214202881,0.331911712884903,0.370331645011902,0.347370624542236,8,0,3.63738870620728,0,0.671098232269287,27.7996690511727,293.291411866843,109.791047238803,,,,561.653504798126,210.250024317544,,,29639,325.912533863287
2010,MA,21013,Rosário,99.4771948129378,100,99.4771948129378,100,63.8796639968744,1.47783251231527,0.117210392654815,100,100,,,,,3.44050788879395,78.9064102172852,17.2844562530518,,,,,,334.806915283203,116.297546386719,70.0674667358398,12.5134840011597,292.71923828125,93.129150390625,70.9037857055664,324.537719726562,104.476104736328,76.5421676635742,16916,7893,6109.59423828125,2850.73461914062,0,419,151.331283569336,0,111,99,,,0.357560783624649,0.40090149641037,0.608756244182587,0.449659764766693,10,0,3.6117250919342,0,2.31944990158081,20.0712917259096,257.191049185826,96.7361992398554,,,,492.521254742737,185.249970321606,,,40163,361.402709490258
2010,MA,21018,Viana,97.0108895743166,100,97.0108895743166,100,73.3942908117752,0,0.334522747546833,100,100,,,,,2.84261608123779,71.3427352905273,24.9595565795898,,,,,,351.978424072266,136.324249267578,73.9385757446289,11.2691469192505,270.776428222656,93.1653137207031,65.8157348632812,300.678924560547,105.341918945312,70.7660598754883,15120,5667,5822.6630859375,2182.34326171875,0,530,204.101287841797,0,126,90,,,0.346587091684341,0.485221922397614,0.618272840976715,0.519976913928986,7,0,2.69567728042603,0,0.516799867153168,24.1275381897698,286.0718776871,105.76250913256,,,,547.828085740499,202.535367648322,,,40882,383.188463362526
2010,MA,21015,São João dos Patos,96.0828923932968,100,96.0828923932968,96.0122699386503,75.6016989145824,0,0.047192071731949,100,100,,,,,1.7478152513504,77.4032440185547,20.09987449646,,,,,,358.965942382812,104.365242004395,93.4237289428711,9.14419651031494,273.011627197266,62.6517715454102,83.5226211547852,300.678924560547,69.3133163452148,89.8341598510742,18880,8670,7945.22509765625,3648.5751953125,0,732,308.045806884766,0,107,106,,,0.446077257394791,0.450285524129868,0.648495316505432,0.498365074396133,10,5,4.20827579498291,2.10413789749146,0.794522523880005,24.1648438704699,303.400860165195,132.962678303677,,,,581.01311383749,254.62373344403,,,36480,372.51356940198
2010,MA,21010,Pedreiras,100,100,100,100,94.8567229977957,2.10631895687061,1.37154053392114,100,100,,,,,0.907258093357086,72.0766143798828,26.7641124725342,,,,,,404.586242675781,127.957878112793,109.546669006348,5.57451629638672,315.346496582031,82.318244934082,96.4525909423828,348.509399414062,92.2359313964844,103.813102722168,17333,6577,7978.03564453125,3027.26245117188,0,475,218.633056640625,0,136,92,,,0.423457711935043,0.625980973243713,0.727472722530365,0.685587227344513,94,0,43.2663307189941,0,0.923782229423523,21.2917580012267,319.507942666166,113.342841070653,,,,611.858201599045,217.051714968085,,,32316,359.59906795289
2010,MA,21012,Presidente Dutra,98.7708989336549,100,98.7708989336549,100,83.6560483031439,5.33333333333333,0.916094107849261,100,100,,,,,0.79649543762207,58.2238159179688,40.6013526916504,,,,,,318.793670654297,89.9252014160156,73.3507537841797,7.85398244857788,246.509384155273,54.2978401184082,65.5492324829102,273.140686035156,62.0663642883301,70.6818084716797,20302,8383,7159.45654296875,2956.2470703125,0,783,276.123260498047,0,151,116,,,0.409071505069733,0.532498240470886,0.649136543273926,0.549249053001404,32,12,11.2847318649292,4.23177433013916,0.889730513095856,23.0614873286562,292.521104753247,115.763005685421,,,,560.178365490882,221.686333927505,,,43145,366.513921054414
2010,MA,21017,Timon,100,100,100,84.3334972946385,66.7240531234629,0.0366703337000367,0.762420068863748,100,100,,,,,2.19863533973694,69.8256225585938,26.7626991271973,,,,,,455.7431640625,166.108047485352,101.604164123535,4.07030534744263,355.652435302734,108.655769348145,96.2746658325195,395.935607910156,123.232063293457,105.433006286621,12953,3564,5460.90771484375,1502.56115722656,0,319,134.488494873047,0,136,230,,,0.969666302204132,0.573367893695831,0.718290865421295,0.538480997085571,17,8,7.16709899902344,3.37275242805481,4.23196125030518,25.5375384220137,340.863151689525,111.76579288712,,,,652.753459722429,214.031665271168,,,33884,330.047929520192
2010,MG,31074,Patrocínio / Monte Carmelo,81.1186809108501,86.4872889218779,65.6109005116242,100,98.3829787234042,100,55.063829787234,100,100,,,,,0.628403842449188,22.4968585968018,76.5395889282227,,,,,,571.327514648438,128.093124389648,91.1122665405273,5.72232627868652,387.135650634766,76.4120483398438,74.7560043334961,432.653747558594,85.6720428466797,80.2183303833008,11241,2657,6024.66455078125,1424.03112792969,10,226,121.125717163086,5.35954523086548,118,177,,,0.948639452457428,0.6324263215065,1.08115422725677,0.602010905742645,103,2,55.2033157348633,1.07190907001495,13.3372278213501,20.9467852878512,379.614392707185,200.522852977352,,,,726.962145869457,384.001571849576,,,11603,113.72451700517
2010,MG,31024,Sete Lagoas,68.4970748248621,67.0917796989119,62.6085295871218,99.7024399920651,96.1713945645705,100,52.8863320769689,99.2065066455068,98.0162666137671,,,,,1.93057727813721,41.010139465332,54.0366630554199,,,,,,609.274963378906,163.796447753906,109.277336120605,8.75196266174316,392.958923339844,88.4684219360352,88.0702819824219,437.550964355469,101.187721252441,94.4378128051758,20066,3409,4798.15966796875,815.156311035156,20,379,90.6260604858398,4.78237771987915,199,436,,,1.04255843162537,0.475846588611603,1.10012626647949,0.456896424293518,99,0,23.6727714538574,0,23.3501987457275,24.0158642756208,377.078906038565,224.249331651749,,,,722.106684999549,429.437815001638,,,22956,102.014208380134
2010,MG,31059,Manhuaçu,93.1565023451287,99.3299632266203,91.2690748144816,100,99.3650098532954,100,49.0694109918984,100,100,,,,,0.531011044979095,31.0747661590576,67.4596405029297,,,,,,626.508972167969,153.969970703125,107.201965332031,17.1594772338867,387.135711669922,79.1444625854492,84.7322616577148,432.327331542969,90.6119842529297,91.1989288330078,20104,4141,6105.349609375,1257.5732421875,20,565,171.583892822266,6.07376575469971,190,244,,,0.740999460220337,0.57700777053833,1.00741004943848,0.570630311965942,105,9,31.8872699737549,2.73319458961487,6.02062034606934,22.3825527075441,366.294654502678,176.641518527489,,,,701.454826722481,338.268779649334,,,27060,166.91206559847
2010,MG,31060,Ponte Nova,93.3110976625244,97.5751591458226,91.9460155528355,100,92.9783037475345,100,38.7376725838264,100,100,,,,,0.884582996368408,28.3487777709961,70.5139007568359,,,,,,746.49658203125,186.971252441406,103.204429626465,15.3750772476196,372.602111816406,68.2902984619141,69.1148681640625,412.613006591797,77.168083190918,74.2305908203125,14183,3322,6563.89404296875,1537.42199707031,16,391,180.954849243164,7.40480184555054,141,204,,,0.944112241268158,0.65254819393158,1.39626801013947,0.661457061767578,124,2,57.3872146606445,0.925600230693817,11.1942090988159,20.0149614751644,412.156678026408,185.306022922714,,,,789.280672304798,354.861318891931,,,18068,162.335570890654
2010,MG,31037,Ipatinga,80.6828346689394,80.0970502323348,66.2902166083081,96.1128048780488,90.7774390243902,100,41.5205792682927,99.2949695121951,97.8658536585366,,,,,0.635715663433075,40.8784446716309,57.8886528015137,,,,,,520.868835449219,147.920455932617,96.7777481079102,2.618328332901,352.159332275391,74.3662643432617,83.5405654907227,391.62109375,84.6547698974609,90.4102554321289,24082,5609,6315.99365234375,1471.07421875,30,511,134.020126342773,7.86810970306396,200,420,,,1.10153532028198,0.524540662765503,1.30951571464539,0.523884952068329,145,10,38.0291976928711,2.62270307540894,25.5288677215576,23.3312271446575,554.85369700888,314.687546806349,,,,1062.54568311983,602.627136113875,,,21717,114.199601886412
2010,MG,31081,Santa Maria do Suaçuí,52.2241863366954,100,52.2241863366954,100,90.4135338345865,100,60.7142857142857,100,100,,,,,3.61010837554932,58.122745513916,37.5451278686523,,,,,,522.233154296875,131.104553222656,30.5910625457764,43.9330558776855,300.750915527344,53.1326942443848,26.3616237640381,340.243743896484,64.5294876098633,28.2191352844238,3063,1724,6692.8876953125,3767.07080078125,0,72,157.325469970703,0,20,15,,,0.327761381864548,0.437015175819397,0.394406199455261,0.37474051117897,3,0,6.55522775650024,0,2.29214453697205,17.7827817217755,209.211534238599,128.380842188442,,,,400.640409827788,245.849510236633,,,5145,281.948607624038
2010,MG,31072,Uberaba,78.9155499141586,73.5304567633027,64.5511427897251,100,94.0410081161897,100,34.4724476719351,100,100,,,,,0.431654661893845,31.2435760498047,67.9753341674805,,,,,,674.246154785156,159.270751953125,118.656707763672,7.7165355682373,393.851715087891,74.0513229370117,90.9441452026367,438.558929443359,83.962646484375,98.3493576049805,19966,3468,5299.99951171875,920.5849609375,82,606,160.863464355469,21.7670021057129,355,923,,,2.45011496543884,0.942351937294006,2.74961042404175,0.932065725326538,273,29,72.4681930541992,7.69808626174927,25.6245403289795,20.3391404878253,411.093173975898,219.571116171082,,,,787.244060412436,420.479025161209,,,9209,45.6714728769713
2010,MG,31089,Campo Belo,94.6134959447765,98.6636881402322,94.6134959447765,95.4838709677419,95.4838709677419,100,40.2764976958525,97.9723502304147,100,,,,,0.624442458152771,37.3773422241211,61.8198051452637,,,,,,718.642272949219,214.350067138672,148.077575683594,5.1873197555542,354.975769042969,81.0449066162109,97.5489196777344,395.360809326172,91.130256652832,105.342811584473,5360,1294,5550.3203125,1339.94677734375,5,115,119.083366394043,5.17753791809082,51,79,,,0.818050980567932,0.528108835220337,0.823746263980865,0.500150144100189,26,0,26.9231967926025,0,9.89945220947266,23.3788867518137,353.315406299989,184.135477730716,,,,676.599546452649,352.619723048993,,,6358,116.717391477135
2010,MG,31062,Águas Formosas,100,99.1196744456441,100,93.1151241534989,87.1331828442438,100,48.1941309255079,100,99.7742663656885,,,,,0.984682738780975,39.1684913635254,58.8621444702148,,,,,,683.552429199219,194.575576782227,140.432800292969,13.3663368225098,410.024932861328,87.7066879272461,111.028549194336,446.768463134766,95.3977127075195,118.320762634277,3804,1806,6436.2216796875,3055.68237304688,0,155,262.254028320312,0,44,33,,,0.558347284793854,0.74446302652359,0.633216619491577,0.737695217132568,10,0,16.9196147918701,0,2.56670546531677,19.5591200576301,338.892222277589,190.540323898744,,,,648.979126867343,364.885013311222,,,7497,289.245392526462
2010,MG,31068,Pedra azul,94.6282422563586,98.444976076555,94.6282422563586,100,100,100,48.1045751633987,100,100,,,,,2.26950359344482,42.4113464355469,54.6099281311035,,,,,,486.273742675781,61.8006782531738,43.9110069274902,39.1304359436035,335.557647705078,37.3088989257812,40.203727722168,372.220031738281,41.7077217102051,42.1679649353027,4303,1675,6998.11328125,2724.10888671875,0,151,245.576370239258,0,35,47,,,0.764376759529114,0.569216728210449,0.8639897108078,0.586293280124664,6,0,9.75800132751465,0,4.31791591644287,18.289456851563,283.859252058374,133.694459627525,,,,543.59090425854,256.025095804655,,,7393,281.894249699246
2010,MG,31040,Resplendor,92.4032312352743,86.2044205093683,82.9787950185123,96.0185185185185,100,100,58.3333333333333,100,100,,,,,0.363306075334549,44.5958213806152,54.6775665283203,,,,,,698.567138671875,241.039154052734,114.939964294434,12.1405754089355,377.226623535156,93.3241653442383,82.9490966796875,418.076416015625,106.800170898438,89.0286178588867,6370,1871,7108.4228515625,2087.89013671875,0,134,149.533538818359,0,58,72,,,0.803463816642761,0.647234737873077,0.790909707546234,0.642771065235138,19,0,21.2025184631348,0,8.3359375,21.2822124527184,294.116393332286,204.019845646468,,,,563.233345573247,390.6983181892,,,7795,175.623903767942
2010,MG,31008,São Lourenço,84.5345024928706,87.5038314547888,83.3705162279085,98.2508250825083,98.7788778877888,100,55.2475247524753,100,100,,,,,0.603015065193176,19.3969841003418,79.8994979858398,,,,,,736.317565917969,260.730133056641,144.283737182617,2.50266242027283,376.729949951172,107.517196655273,97.4219207763672,421.412292480469,122.795532226562,105.780281066895,17889,5105,7013.83642578125,2001.54479980469,28,688,269.747863769531,10.9781103134155,157,327,,,1.28208649158478,0.615558326244354,1.60005962848663,0.613205909729004,100,6,39.2075386047363,2.35245227813721,20.5263214111328,22.3002698956861,331.966876081474,215.879238098933,,,,635.717078250814,413.40907297505,,,17017,121.710945454215
2010,MG,31006,Poços de Caldas,64.8022071540341,59.300793367557,54.7821670738738,100,93.1034482758621,100,54.4827586206897,100,100,,,,,1.46466493606567,26.8766021728516,70.7799377441406,,,,,,679.453369140625,168.403839111328,134.723083496094,6.2789158821106,366.600463867188,75.7715148925781,91.6448593139648,409.503814697266,86.8227005004883,99.3537902832031,12409,2359,5572.595703125,1059.37243652344,39,376,168.852920532227,17.5139999389648,127,406,,,1.82325232028961,0.570327699184418,2.06238579750061,0.488595694303513,332,24,149.093536376953,10.7778463363647,45.0760955810547,27.5596898460746,542.219805905204,292.87726148806,,,,1038.35176222576,560.860406185808,,,6203,47.7509773020746
2010,MG,31041,Além  Paraíba,84.8832907601515,67.4253501277195,69.1869990310931,100,98.4104046242775,100,47.5433526011561,100,100,,,,,0.704225361347198,54.9295768737793,43.0985908508301,,,,,,948.693115234375,295.696563720703,239.373397827148,7.05009269714355,522.167785644531,136.473617553711,157.555847167969,577.813842773438,154.170303344727,170.281173706055,4462,1672,7853.5595703125,2942.884765625,5,159,279.855682373047,8.80049324035645,38,110,,,1.93610846996307,0.668837428092957,1.78606009483337,0.616474509239197,23,0,40.4822654724121,0,16.2773914337158,24.5118329395236,370.935861479641,274.277456172807,,,,710.342745221398,525.241750401172,,,3403,129.995151307861
2010,MG,31001,Alfenas / Machado,67.5263564607827,59.7577551470994,57.2183584478666,100,97.8072706289671,100,52.0773225620312,98.1246393537219,95.7299480669359,,,,,0.972540020942688,25.0286045074463,72.8832931518555,,,,,,638.558166503906,196.081802368164,118.545066833496,5.34268760681152,368.550415039062,93.9159240722656,82.0733261108398,410.762329101562,106.480934143066,88.7539672851562,17806,4097,6136.08544921875,1411.85791015625,36,541,186.432800292969,12.4058790206909,165,367,,,1.26471042633057,0.568602800369263,1.63654220104218,0.587986946105957,158,10,54.4480247497559,3.44607758522034,17.0515365600586,23.0340607120299,384.157268339136,194.502128792296,,,,735.661759691445,372.471875775507,,,15822,97.9156121248889
2010,MG,31013,Barbacena,75.4237104040944,85.6427233902046,75.4237104040944,100,100,100,45.2399685287175,100,100,,,,,0.6912442445755,42.396312713623,56.4900169372559,,,,,,723.876159667969,208.877517700195,173.119781494141,6.02409648895264,404.435516357422,92.7894668579102,128.721237182617,450.112182617188,104.480484008789,139.029098510742,13669,3349,5960.64013671875,1460.39831542969,44,454,197.975769042969,19.1870784759521,164,489,,,2.13238215446472,0.715154767036438,2.42356777191162,0.6954225897789,137,3,59.741584777832,1.30820989608765,17.6202793121338,21.6780395287498,476.921944253777,169.563724379415,,,,913.306256737187,324.714792970345,,,15945,132.698731404091
2010,MG,31094,Almenara/Jacinto,95.6366664107758,100,93.8651139993977,100,100,100,48.6193293885602,100,100,,,,,2.83882784843445,44.5970687866211,51.2820510864258,,,,,,505.089324951172,146.085556030273,89.3073654174805,22.0140514373779,306.868560791016,70.2140045166016,67.3593521118164,337.853607177734,78.1514892578125,72.1129302978516,11369,3980,6724.07568359375,2353.92919921875,0,426,251.953231811523,0,84,103,,,0.609182715415955,0.496809184551239,0.757486164569855,0.505976498126984,129,0,76.2956924438477,0,3.41142296791077,19.18396103863,304.171625118092,145.954542276807,,,,582.4891299077,279.503172933658,,,21441,286.481665856656
2010,MG,31036,Governador Valadares,68.2766106087087,72.3788251276956,63.1276907940698,100,99.6573386636208,100,50.6758043023034,100,100,,,,,1.13174176216125,47.550838470459,50.7515487670898,,,,,,632.176330566406,186.060989379883,107.517868041992,10,387.681762695312,92.7072296142578,88.7350234985352,430.273223876953,105.129676818848,95.2151794433594,21301,3986,5100.7529296875,954.490478515625,34,536,128.350952148438,8.14166450500488,258,502,,,1.20209288597107,0.617808699607849,1.38216733932495,0.553333878517151,191,6,45.7369995117188,1.43676435947418,17.816837310791,19.9798208804421,408.349447224398,157.074021770661,,,,781.989819463545,300.796993265805,,,29844,158.834342286901
2010,MG,31092,Passos,78.6408402811012,67.5454018790459,68.5156545175185,100,100,100,49.4949494949495,100,100,,,,,0.810580193996429,20.3071670532227,77.8156967163086,,,,,,650.906127929688,173.309356689453,96.614990234375,9.94644260406494,369.521881103516,77.4103698730469,74.2641525268555,414.577178955078,88.9349060058594,79.7695236206055,14432,3146,7187.3583984375,1566.75646972656,34,377,187.751815795898,16.932523727417,165,286,,,1.42432403564453,0.821725428104401,1.6349846124649,0.752999305725098,157,12,78.1884155273438,5.9761848449707,14.5405559539795,26.1693402060722,369.121431889169,258.341770629723,,,,706.868109765107,494.724888077575,,,8096,68.7763813259668
2010,MG,31095,Serro,91.7918790382174,96.4776323019497,84.2317676260492,100,100,100,35.61872909699,100,100,,,,,0.310559004545212,45.186336517334,53.8819885253906,,,,,,424.649047851562,98.890869140625,52.3539886474609,22.3744297027588,267.251068115234,46.7507438659668,45.2804183959961,297.240417480469,53.5156135559082,48.0257377624512,3566,1046,6914.60498046875,2028.232421875,0,79,153.183898925781,0,26,27,,,0.523539900779724,0.504149556159973,0.716474056243896,0.497362911701202,19,0,36.8416976928711,0,4.02737903594971,22.0282442548758,323.145049827593,214.331672539881,,,,618.823267406935,410.445482549357,,,5383,248.767099172315
2010,MG,31090,Lima Duarte,90.5783861907229,97.592102751493,90.5783861907229,69.6092619392185,100,100,69.6092619392185,100,100,,,,,0.730994164943695,17.9824562072754,80.9941482543945,,,,,,738.847839355469,240.264434814453,154.158096313477,8.83458614349365,358.800140380859,91.9256820678711,104.488670349121,398.136505126953,104.039344787598,113.094833374023,5023,1574,6976.00146484375,2185.98974609375,0,219,304.149780273438,0,46,79,,,1.09716129302979,0.638853371143341,1.13952004909515,0.570107221603394,15,0,20.8321762084961,0,5.79828882217407,21.0721367538311,396.133756408159,261.014277786867,,,,758.596752763093,499.84274339374,,,6609,172.279446871082
2010,MG,31099,Teófilo Otoni / Malacacheta,77.0778526951844,94.378615378947,72.1038281566634,93.9687267311988,78.9029535864979,100,34.1027550260611,95.8550508811119,96.1528915363614,,,,,1.87842416763306,52.830680847168,45.0560913085938,,,,,,721.309814453125,187.086349487305,84.35107421875,23.2383804321289,454.198547363281,97.6128463745117,71.2051391601562,501.748657226562,109.869789123535,76.4052124023438,12686,3375,4572.98193359375,1216.60205078125,16,461,166.178817749023,5.76759481430054,197,210,,,0.756996810436249,0.710135102272034,1.12639319896698,0.727798342704773,80,1,28.8379745483398,0.360474675893784,9.55474185943604,20.3094778351106,369.292218570497,123.063207041771,,,,707.195166522515,235.666230752399,,,26854,223.947940353279
2010,MG,31035,Coronel Fabriciano/Timóteo,63.5025065517336,52.7731867449526,42.272150338316,100,94.2142857142857,100,45.2142857142857,100,98.8571428571429,,,,,0.762195110321045,36.928352355957,61.8140258789062,,,,,,563.591125488281,148.788055419922,111.365600585938,10.1599998474121,374.550628662109,83.3335037231445,95.0378952026367,416.590759277344,93.2146835327148,102.114486694336,11723,2012,5285.5830078125,907.15625,8,149,67.180061340332,3.60698318481445,96,257,,,1.15874338150024,0.432837963104248,1.49126207828522,0.427427500486374,92,16,41.4803047180176,7.21396636962891,24.9873752593994,19.8620726034956,282.255081497918,212.714260811601,,,,540.518915168101,407.348136602171,,,11869,99.6767141957029
2010,MG,31045,Muriaé,95.7038718566582,84.201805126462,89.7859219558976,95.7511380880121,93.6772888214466,100,24.6332827516439,100,100,,,,,0.570835471153259,15.9833936691284,82.9268264770508,,,,,,737.680358886719,235.315246582031,158.074371337891,1.46103894710541,405.499298095703,106.326675415039,118.092170715332,446.951843261719,118.078948974609,126.99333190918,14182,5299,8491.70703125,3172.86401367188,38,560,335.309265136719,22.7531280517578,114,223,,,1.33524942398071,0.682593882083893,1.62490272521973,0.693820714950562,155,7,92.8088150024414,4.19136571884155,15.1068801879883,20.098572723194,282.851857849534,158.662507784286,,,,541.661742799269,303.838946424938,,,11252,121.845708029326
2010,MG,31046,Santos Dumont,48.0344557556774,52.5371965544244,48.0344557556774,83.8187702265372,86.5695792880259,100,60.1941747572816,96.9255663430421,96.6019417475728,,,,,1.0118043422699,33.558177947998,62.7318725585938,,,,,,786.114562988281,287.982574462891,161.50373840332,2.72277235984802,414.585357666016,119.937240600586,115.92317199707,458.616638183594,133.880447387695,125.808982849121,3454,1020,6720.890625,1984.74475097656,6,55,107.020545959473,11.6749687194824,22,45,,,0.875622689723969,0.428082197904587,1.06582736968994,0.409110367298126,18,0,35.0249061584473,0,20.9001407623291,21.0386765041161,262.833552654755,180.624067753488,,,,503.326657563732,345.895367542162,,,3253,130.465777160116
2010,MG,31064,Araçuaí,76.7685017032205,99.3681427911325,76.7685017032205,100,73.5678391959799,100,41.4070351758794,100,98.4924623115578,,,,,1.10110116004944,39.5395393371582,57.7577590942383,,,,,,587.529724121094,143.272842407227,62.1959609985352,27.5992431640625,358.929718017578,74.9786682128906,51.5147552490234,399.560638427734,84.9529495239258,55.1864547729492,4736,1504,5260.00146484375,1670.40588378906,0,153,169.928253173828,0,45,57,,,0.633066058158875,0.499788969755173,0.653335273265839,0.528110325336456,17,6,18.880916595459,6.66385316848755,3.52628898620605,20.0899654070373,272.833520011177,137.294560656865,,,,522.476610430922,262.919294812686,,,10362,263.388619870413
2010,MG,31075,Uberlândia / Araguari,39.1094588444984,30.9322797170974,30.1496520601452,95.4682503426222,84.7144814984011,100,53.4307903152124,97.3047053449064,90.9913202375514,,,,,0.666605770587921,16.1811714172363,83.015251159668,,,,,,587.775451660156,132.99674987793,104.920997619629,5.84723091125488,374.533752441406,69.9433898925781,83.2183685302734,418.439208984375,79.7654571533203,90.1091842651367,44892,7164,5432.65673828125,866.959716796875,98,1085,131.302520751953,11.859582901001,445,1812,,,2.19281268119812,0.538521885871887,2.18724584579468,0.521882116794586,568,77,68.737174987793,9.3182430267334,29.7550868988037,25.6071143966744,416.938936590534,255.6792909616,,,,798.438704810065,489.626235418308,,,21158,49.4032858561077
2010,MG,31061,Viçosa,85.5932643447943,82.5147435184155,83.3678276028337,100,88.5350318471338,100,23.1847133757962,90.5095541401274,92.7388535031847,,,,,0.52816903591156,31.8661975860596,66.4612655639648,,,,,,602.91357421875,152.989318847656,82.9006195068359,12.125,330.573394775391,64.3785171508789,67.0130310058594,366.123229980469,73.4960174560547,71.5678024291992,7549,1694,5689.2431640625,1276.66955566406,19,175,131.887344360352,14.3191976547241,72,133,,,1.00234377384186,0.542622208595276,1.46338427066803,0.588594377040863,85,14,64.0595703125,10.5509872436523,22.7690315246582,20.5466365539423,357.529702412749,158.131660063509,,,,684.669929990042,302.822372223224,,,9489,145.985294235997
2010,MG,31082,São Gotardo,84.3460725739845,87.0448036555149,84.3460725739845,100,100,100,56.3931297709924,100,100,,,,,0.371747225522995,26.0223045349121,72.9553909301758,,,,,,557.977355957031,165.649520874023,101.351348876953,6.0546875,325.626892089844,74.8790969848633,81.3156661987305,360.921020507812,82.8074035644531,87.6158218383789,4622,1284,5037.05322265625,1399.30249023438,0,152,165.649520874023,0,47,59,,,0.642981708049774,0.51220577955246,0.823888421058655,0.521469056606293,35,0,38.1429824829102,0,6.581298828125,20.8324165583154,328.915573907634,208.304520152727,,,,629.873829895102,398.903476458384,,,5481,91.2492180636011
2010,MG,31086,Divinópolis,64.5778456005268,42.9433032774429,42.4987969201155,100,95.172045878901,100,54.5745532141905,96.2123232862097,95.2787409975994,,,,,0.578642845153809,21.3308792114258,77.7748565673828,,,,,,592.29296875,169.316146850586,113.818077087402,6.51138162612915,353.957366943359,87.3057327270508,88.3112869262695,395.618804931641,99.6874160766602,94.4161987304688,11431,2177,3584.17211914062,682.594909667969,22,354,110.996147155762,6.8980655670166,154,468,,,1.46740663051605,0.482864588499069,1.68030607700348,0.442887157201767,338,13,105.979370117188,4.07612943649292,46.5519065856934,24.3629615172504,453.834590856278,198.835030566663,,,,869.093939473341,380.769389337288,,,9426,46.8581295806072
2010,MG,31070,Araxá,64.1804015582859,75.5858555588852,57.887323943662,96.9809568044589,99.256850905713,100,56.2935438922434,100,100,,,,,0.58968061208725,24.1277637481689,74.3980331420898,,,,,,642.909851074219,147.553085327148,89.5858001708984,16.4845180511475,386.721282958984,77.4348602294922,73.0926742553711,431.913391113281,89.2324676513672,79.1962966918945,11004,3441,6443.15087890625,2014.80212402344,23,370,216.645385742188,13.4671459197998,105,190,,,1.11250340938568,0.61480450630188,0.999057292938232,0.572500109672546,97,5,56.7962226867676,2.92764043807983,21.5849075317383,18.2030241392129,383.782794212835,272.570850993695,,,,734.94464116365,521.973598858467,,,7495,73.7848569871484
2010,MG,31002,Guaxupé,57.7208200178265,55.9309260346239,48.6771451553295,89.4768133174792,94.2330558858502,100,51.4863258026159,100,100,,,,,0.566393971443176,9.81749534606934,89.4273147583008,,,,,,696.736328125,207.328430175781,125.525375366211,7.2874493598938,355.381134033203,84.1050491333008,86.1219863891602,397.737548828125,95.6141128540039,93.3187561035156,8896,2029,6273.44775390625,1430.84826660156,7,232,163.606109619141,4.93639087677002,59,142,,,1.00138223171234,0.416067242622375,1.27588081359863,0.399142473936081,75,1,52.8899040222168,0.705198705196381,14.4770250320435,24.424014794988,293.503676389613,218.54612777488,,,,562.059991685689,418.516170806082,,,6933,91.5585565791981
2010,MG,31087,Lagoa da Prata/Sto Ant do Monte,77.9569846641718,75.4174942671793,77.9569846641718,100,100,100,55.6877323420074,100,98.8104089219331,,,,,0.75085324048996,13.9249143600464,84.9829330444336,,,,,,572.118103027344,151.045928955078,119.824142456055,3.9823009967804,345.065124511719,69.5015563964844,92.1704177856445,381.398834228516,78.0707626342773,98.1945037841797,7103,1968,5993.73876953125,1660.66137695312,0,170,143.451446533203,0,66,94,,,0.793202102184296,0.556929111480713,1.01302027702332,0.578868746757507,46,0,38.8162727355957,0,21.8915328979492,22.6240150156311,330.934045652526,202.975553822419,,,,633.739206390917,388.698497740058,,,5196,73.4326421556972
2010,MG,31044,Leopoldina / Cataguases,93.7429785292692,80.3592711927233,86.8997177154914,96.6950959488273,96.9616204690832,100,43.6034115138593,99.1471215351812,94.4029850746269,,,,,0.543183028697968,26.5073337554932,72.5692596435547,,,,,,773.823303222656,247.962356567383,190.914077758789,5.40145969390869,386.586181640625,101.54906463623,125.257606506348,430.286407470703,114.315544128418,136.902145385742,12972,3710,7327.03369140625,2095.5361328125,22,326,184.13606262207,12.4263601303101,97,246,,,1.38949298858643,0.547889471054077,1.65312945842743,0.553255438804626,116,6,65.5208053588867,3.38900709152222,15.2228555679321,21.4317280986264,320.945007583792,168.773134843249,,,,614.61018312646,323.200812792685,,,9596,94.9892271434098
2010,MG,31027,Turmalina/Minas Novas/Capelinha,97.6101851241847,100,94.1671058699519,100,93.0327868852459,100,39.7540983606557,100,100,,,,,0.649734199047089,42.0555229187012,57.0584754943848,,,,,,510.950103759766,110.498153686523,70.6191253662109,28.6178855895996,397.503601074219,69.5650634765625,70.6118621826172,439.596740722656,78.244987487793,75.6570816040039,9359,4021,7775.58056640625,3340.69995117188,0,179,148.715560913086,0,63,54,,,0.448639124631882,0.52341228723526,0.687290251255035,0.510742425918579,15,0,12.4621982574463,0,3.34817719459534,21.1273876768329,299.017237300561,153.553016235184,,,,572.618469309839,294.054262250168,,,13565,251.395691456673
2010,MG,31058,Unaí,63.0483380801604,72.7223185730879,58.7662492641092,98.7024476555588,100,100,51.5777056915364,100,100,,,,,0.714285731315613,29.5535717010498,69.0178604125977,,,,,,506.679840087891,104.68270111084,80.9442443847656,17.8955459594727,393.333801269531,73.2560424804688,75.4309844970703,436,82.5939331054688,81.0888748168945,11785,2739,4586.19189453125,1065.89562988281,8,196,76.2743835449219,3.11324024200439,111,206,,,0.801659345626831,0.431962072849274,0.919865190982819,0.407056152820587,174,10,67.7129745483398,3.89155030250549,12.2151870727539,23.6895593709938,373.407043838014,243.326409539343,,,,715.075063238285,465.970448496336,,,17585,146.105249029578
2010,MG,31019,Curvelo,83.7918283705968,86.7385605202001,80.0786482123845,89.9408284023669,90.3504779244424,100,53.3909877105143,100,93.0359581247155,,,,,1.17924523353577,43.4905662536621,54.6698112487793,,,,,,594.073852539062,137.699249267578,97.794563293457,11.4474925994873,360.0791015625,69.2270584106445,78.8651275634766,400.39599609375,78.4757308959961,85.7226028442383,9997,2119,5618.69091796875,1190.95788574219,15,186,104.539016723633,8.43056583404541,90,143,,,0.803713917732239,0.505833923816681,1.13208448886871,0.510611295700073,59,0,33.1602249145508,0,11.500415802002,25.1212530459629,349.10977736443,238.267070940049,,,,668.545760572926,456.281807297581,,,13141,148.656122007261
2010,MG,31030,Formiga,93.4342974076866,99.1499797022444,88.4634184734431,95.7481602616517,98.528209321341,100,56.8274734260016,97.7923139820114,99.9182338511856,,,,,0.248550117015839,14.5816068649292,85.0041427612305,,,,,,738.940795898438,178.307815551758,140.158233642578,8.30527496337891,390.917510986328,71.3771209716797,97.3625183105469,436.505157470703,81.765998840332,105.794624328613,7363,2008,6106.4208984375,1665.31213378906,0,474,393.106536865234,0,86,118,,,0.978619635105133,0.713231265544891,1.28568232059479,0.728988707065582,63,0,52.2483367919922,0,14.1841793060303,23.2032968342081,334.773102259924,212.634216896415,,,,641.091005698435,407.194852381485,,,5492,78.1618348624848
2010,MG,31021,Itabira,94.4517659462309,97.9036773126352,90.1436933088543,95.2245188880969,100,100,51.0269121813031,100,100,,,,,0.576992452144623,22.8993873596191,75.5138854980469,,,,,,524.59814453125,152.389678955078,84.5110931396484,5.91259622573853,323.692199707031,75.0817108154297,72.5455627441406,359.669921875,85.623893737793,77.872802734375,11779,2973,5294.9794921875,1336.44409179688,12,278,124.968536376953,5.39432525634766,165,281,,,1.26317119598389,0.741719722747803,1.39443302154541,0.740483522415161,90,2,40.4574394226074,0.899054169654846,39.684700012207,20.5773832815299,516.58074694076,350.341593213099,,,,989.252924876771,670.904689817623,,,10718,85.6046990819264
2010,MG,31015,São João Del Rei,74.0026543836365,77.7860185112898,73.2657593185347,100,100,100,52.1791283486605,100,100,,,,,0.62800145149231,41.337272644043,57.4067230224609,,,,,,750.361999511719,234.704238891602,148.25700378418,8.87096786499023,418.40771484375,105.176116943359,106.706817626953,465.525390625,119.741806030273,115.960807800293,15029,4202,6496.07763671875,1816.25634765625,26,457,197.531936645508,11.2381401062012,115,207,,,0.894728899002075,0.497071593999863,1.18162560462952,0.502150356769562,141,0,60.9453010559082,0,15.8902988433838,19.9816515437105,343.77019684032,164.892607060926,,,,658.320455657147,315.769596121403,,,13306,97.9878942821182
2010,MG,31023,João Monlevade,57.06357030708,54.598897287034,43.2614013948224,88.5697187312986,91.083183722322,100,48.294434470377,98.0251346499102,97.3668461998803,,,,,0.754242599010468,33.6895027160645,61.4079208374023,,,,,,570.747497558594,168.041107177734,93.2739181518555,7.78210115432739,332.231719970703,75.391227722168,70.6987609863281,368.310089111328,84.9016036987305,75.3874435424805,7603,1842,5628.2666015625,1363.57580566406,0,183,135.469253540039,0,67,168,,,1.24365222454071,0.495980352163315,1.55456531047821,0.495795279741287,75,0,55.5201873779297,0,26.4897918701172,23.3211485202588,412.368626030568,252.495592417062,,,,789.686553058735,483.529447809087,,,7133,99.9707042239719
2010,MG,31097,Juiz de Fora,65.1117025231853,49.2660091962848,50.5079745519881,100,79.6535525543159,100,41.1479741632413,86.4503816793893,87.0669406928949,,,,,1.94506311416626,19.7178916931152,77.3867874145508,,,,,,751.265075683594,170.930999755859,156.037307739258,8.69064044952393,413.442962646484,78.1603164672852,117.260139465332,457.242431640625,87.7937393188477,126.142372131348,39579,6717,6854.384765625,1163.26599121094,172,1486,257.348999023438,29.7873668670654,540,1892,,,3.27661037445068,0.93518477678299,3.52954316139221,0.997833490371704,574,51,99.4066772460938,8.83230018615723,35.6857833862305,23.2337738382991,494.505892384684,210.677801574318,,,,946.979544451443,403.448314030764,,,18546,56.1548118828174
2010,MG,31016,Belo Horizonte/ Nova Lima/ Caeté ,88.4051492348726,53.4192397471014,66.3711331933664,100,88.4235808898718,100,56.9736748234287,88.540106061687,92.6612922403748,,,,,1.09458327293396,26.0665168762207,72.0834503173828,,,,,,577.978210449219,133.045318603516,105.308280944824,6.7292308807373,357.923187255859,65.5398025512695,84.8425598144531,400.512176513672,74.9123001098633,91.4259262084961,174613,31105,5381.3857421875,958.622802734375,657,6359,195.977569580078,20.2480373382568,3315,11868,,,3.65759062767029,1.0216475725174,3.92814993858337,1.01732516288757,4012,603,123.645545959473,18.5838146209717,44.121395111084,19.9004272941428,555.225284344935,212.10512493368,,,,1063.25727343987,406.18164045912,,,114357,67.4414574308846
2010,MG,31085,Taiobeiras,100,100,100,100,100,100,44.66472303207,100,100,,,,,0.831946730613708,23.5718250274658,74.9861373901367,,,,,,485.811004638672,129.197021484375,71.7761154174805,20.5287704467773,322.001586914062,68.4519882202148,59.8593597412109,355.022674560547,76.504264831543,63.4274711608887,7917,2070,5981.59521484375,1563.9638671875,10,170,128.441482543945,7.55538082122803,82,55,,,0.41554594039917,0.619541227817535,0.69188404083252,0.641829609870911,15,0,11.3330717086792,0,1.0396203994751,18.094966400706,331.754512557587,132.718993238223,,,,635.310401775961,254.157076168904,,,15419,264.718983755215
2010,MG,31017,Betim,60.9314617959711,59.7763845656898,44.707670170905,100,91.9002757352941,100,55.1011029411765,100,100,,,,,0.873076498508453,25.6902751922607,72.8473205566406,,,,,,484.111114501953,109.274841308594,83.803581237793,10.4579410552979,385.906524658203,75.8186264038086,80.1153182983398,433.277130126953,85.8107604980469,87.2791366577148,31886,4739,5013.43505859375,745.112915039062,46,677,106.444702148438,7.23257923126221,421,594,,,0.933946132659912,0.66193825006485,1.44097352027893,0.612568020820618,84,13,13.2073183059692,2.04398989677429,29.8964958190918,24.8826621351905,553.666758778955,412.301538462668,,,,1060.27269458406,789.558080263027,,,32285,105.03943212174
2010,MG,31047,São João Nepomuceno / bicas,82.7518838961764,86.4596706670388,82.7518838961764,86.0215053763441,100,100,72.5806451612903,100,100,,,,,0.474495857954025,16.3701076507568,82.9181518554688,,,,,,888.132202148438,279.492095947266,158.899063110352,8.94568729400635,412.771789550781,101.985191345215,105.622940063477,458.041076660156,115.468269348145,113.971710205078,6219,2120,8823.154296875,3007.73217773438,0,107,151.80534362793,0,31,69,,,0.978931665420532,0.439809888601303,1.03142511844635,0.437681764364243,21,0,29.7935733795166,0,13.4071083068848,19.9063684871797,307.692486811623,214.426238311888,,,,589.231585465788,410.626576148189,,,3965,105.270366377368
2010,MG,31011,Três Pontas,54.2528641571195,58.3854337152209,51.5343698854337,100,96.7699406723797,100,57.0863546473303,100,97.6268951878708,,,,,0.254452913999557,19.9109420776367,79.3256988525391,,,,,,684.356079101562,198.210403442383,158.242050170898,2.26460075378418,415.379791259766,99.8124847412109,118.48258972168,459.813781738281,112.79573059082,128.746398925781,8547,1832,6971.62255859375,1494.32690429688,10,185,150.900924682617,8.15680599212646,65,133,,,1.08485519886017,0.53019243478775,1.38217091560364,0.511431753635406,35,0,28.5488224029541,0,14.4873037338257,26.6421546799162,345.866541523808,192.657447691212,,,,662.334958950139,368.939308629869,,,8148,127.599409270978
2010,MG,31083,Bocaiúva,96.7021538629957,100,96.7021538629957,84.1209829867675,89.7920604914934,100,57.0888468809074,100,100,,,,,0.423280417919159,45.7142868041992,52.9100532531738,,,,,,510.590026855469,105.359848022461,54.030689239502,21.1640205383301,374.264068603516,65.3207931518555,46.1531028747559,411.53173828125,72.7433013916016,50.1937942504883,4654,966,6286.470703125,1304.84118652344,0,83,112.113677978516,0,41,46,,,0.621352910995483,0.553814589977264,0.708815097808838,0.591636061668396,5,0,6.75383615493774,0,5.16398334503174,19.6843859905381,365.971147056409,179.659327120453,,,,700.835309465331,344.047887746158,,,7709,225.462433949705
2010,MG,31028,Bom Despacho,85.8417785534379,77.4477916823672,81.8594688931638,91.437802907916,96.2035541195477,100,52.1001615508885,100,95.2342487883683,,,,,0.0845308527350426,23.4150466918945,76.2468338012695,,,,,,734.098571777344,227.823699951172,127.542327880859,4.6419095993042,419.504058837891,111.640594482422,93.81201171875,459.448059082031,122.785461425781,99.8634262084961,7264,1798,7072.2705078125,1750.54272460938,0,195,189.853088378906,0,60,91,,,0.88598108291626,0.584163308143616,1.17587208747864,0.535239636898041,57,0,55.4955177307129,0,14.383074760437,22.4813167419278,330.017164923413,221.444516234571,,,,631.98337838453,424.066589164022,,,5942,100.61559891023
2010,MG,31034,Caratinga,85.0997416020672,87.9447028423773,81.1100775193798,100,95.9496657491152,100,47.5815965395202,100,100,,,,,0.612792015075684,34.2014541625977,64.4963607788086,,,,,,617.268188476562,148.696228027344,102.707702636719,19.1225166320801,356.371917724609,72.3699951171875,78.9946975708008,394.632171630859,81.8547210693359,83.6642761230469,10805,2139,5521.177734375,1092.99389648438,12,252,128.767868041992,6.13180303573608,109,164,,,0.838013112545013,0.556972086429596,0.903419017791748,0.547391176223755,16,4,8.17573738098145,2.04393434524536,6.49051380157471,21.8832510858721,360.573129722466,166.279308749806,,,,690.498097968847,318.425131988314,,,17883,184.458571578471
2010,MG,31007,Pouso Alegre,81.7476732161324,65.9243118136603,65.9333398992137,100,100,100,56.2582097954588,100,100,,,,,0.8026522397995,19.7871227264404,78.7297134399414,,,,,,575.603210449219,169.693389892578,110.141372680664,7.47404861450195,328.611145019531,81.0562515258789,83.8825607299805,366.761627197266,91.7697601318359,90.4076690673828,26987,6071,5375.0185546875,1209.1650390625,20,631,125.676681518555,3.98341298103333,302,694,,,1.382244348526,0.601495385169983,1.51643562316895,0.572316884994507,279,12,55.5686111450195,2.39004778862,20.6368675231934,21.8017934909664,312.196193986823,225.347292880256,,,,597.856191632859,431.540412442858,,,19301,68.3255890192157
2010,MG,31053,Januária,67.4487915421175,82.5490040472978,64.80349884048,98.3686786296901,81.5116911364872,100,38.0641653072322,100,100,,,,,1.20845925807953,49.8489418029785,48.5800590515137,,,,,,497.031982421875,117.834678649902,64.6761779785156,26.7379684448242,343.415618896484,73.3363189697266,59.2882843017578,378.648376464844,81.5779418945312,63.3397521972656,4316,749,3823.8681640625,663.595275878906,0,119,105.431030273438,0,62,44,,,0.389829009771347,0.549304485321045,0.451182782649994,0.566138029098511,0,0,0,0,3.74590229988098,17.8231415445069,277.998896129089,99.8472090644564,,,,532.368313640912,191.207558920354,,,13241,282.345811145663
2010,MG,31051,Francisco Sá,100,100,100,73.7513283740701,98.2996811902232,100,44.6333687566419,100,100,,,,,0.534188032150269,43.269229888916,55.1282043457031,,,,,,503.673767089844,109.313812255859,63.6510810852051,29.9450550079346,394.254058837891,72.947135925293,58.8354377746582,437.409057617188,81.6217269897461,63.0757904052734,4642,1220,6423.22412109375,1688.13732910156,0,143,197.871841430664,0,43,43,,,0.594999253749847,0.594999253749847,0.901493012905121,0.623019576072693,8,0,11.0697536468506,0,3.69868135452271,21.1642372265913,338.389690852683,180.524653336796,,,,648.01677841577,345.704988781299,,,8287,265.043536969342
2010,MG,31048,Ubá,80.9275579298377,80.6366327537514,76.3340025179489,100,88.9937106918239,100,41.2235563178959,100,100,,,,,0.411522626876831,23.1922397613525,76.249267578125,,,,,,697.657958984375,223.802490234375,152.791473388672,4.00385904312134,387.237609863281,97.3114852905273,111.35733795166,428.624450683594,109.504776000977,119.166076660156,25764,8081,8670.748046875,2719.62084960938,44,886,298.178955078125,14.8079843521118,152,277,,,0.932229936122894,0.511548519134521,1.21341335773468,0.520130455493927,144,7,48.4624938964844,2.35581564903259,29.1855278015137,20.3310976867848,253.459706236603,164.037149875812,,,,485.375727256286,314.131394296245,,,18283,110.216559875053
2010,MG,31077,João Pinheiro,73.8180373460469,69.9451139657735,55.8424932679998,95.3940634595701,100,100,49.1299897645855,100,100,,,,,0.894854605197906,47.091724395752,51.3422813415527,,,,,,504.063354492188,124.913665771484,96.9917831420898,7.87172031402588,384.027374267578,88.88818359375,90.7816467285156,427.560546875,101.001197814941,96.3850250244141,3126,508,4593.8837890625,746.542846679688,0,52,76.4177703857422,0,26,44,,,0.646611928939819,0.382088840007782,0.938689470291138,0.376210570335388,0,0,0,0,6.04582118988037,31.2489590548974,412.213791200706,298.042876839317,,,,789.390044121418,570.752567528022,,,5068,151.455523344053
2010,MG,31049,Brasília de Minas/São Francisco,91.0515093308897,97.4928190036478,89.472571237246,98.8390335738939,95.2620018826483,100,51.9924694069658,100,100,,,,,0.866965591907501,40.2690582275391,58.1165924072266,,,,,,498.1181640625,108.866149902344,70.2075576782227,20.6066017150879,357.021850585938,61.3293685913086,61.1116981506348,392.379028320312,69.4206848144531,65.6089477539062,14279,3373,6344.89697265625,1498.79797363281,10,280,124.41845703125,4.44351625442505,115,109,,,0.484343260526657,0.511004388332367,0.734291076660156,0.514337003231049,2,0,0.888703227043152,0,1.2797327041626,19.8517523373112,333.584930596242,130.592178586375,,,,638.815655135113,250.08422283964,,,27568,291.594793587698
2010,MG,31003,Itajubá,80.1738456992041,69.5652838494696,60.6263947907432,97.3371569029086,97.4600573535436,100,49.9385497746825,100,99.2625972961901,,,,,1.03135311603546,20.8333339691162,77.4339904785156,,,,,,693.202697753906,224.389312744141,139.742446899414,3.32369947433472,386.043548583984,104.620788574219,102.948951721191,426.763000488281,117.875526428223,109.640602111816,11050,2801,5534.6025390625,1402.93408203125,14,307,153.766784667969,7.01216602325439,145,338,,,1.6929372549057,0.72626006603241,1.76130592823029,0.706976592540741,94,2,47.0816879272461,1.00173807144165,27.0359077453613,21.8939263984525,283.990083090498,215.751385486928,,,,543.84144588627,413.164235026426,,,10878,102.902915007167
2010,MG,31055,Pirapora,93.6755224583925,99.4231002648884,91.5921147516404,100,100,100,79.6489563567362,100,100,,,,,0.866021394729614,31.2786560058594,67.5496673583984,,,,,,559.265869140625,144.074829101562,84.4576644897461,19.4162445068359,419.048156738281,93.2465896606445,79.154167175293,462.289947509766,104.67652130127,84.3208312988281,8294,2312,5886.48583984375,1640.89172363281,10,195,138.397003173828,7.09728240966797,73,86,,,0.61036628484726,0.518101632595062,1.06104373931885,0.530876755714417,103,0,73.1020126342773,0,9.06181049346924,18.8884617280413,351.288508716821,167.411805902594,,,,672.718034463577,320.593865777649,,,12594,200.083417420266
2010,MG,31073,Ituiutaba,71.0167763462786,68.753577990655,63.6557932098597,100,100,100,44.6292775665399,100,100,,,,,0.893655061721802,20.1072387695312,78.7310104370117,,,,,,663.327819824219,191.272842407227,106.025894165039,4.41767072677612,338.334533691406,79.056526184082,70.5672760009766,377.684753417969,89.4499588012695,76.7794723510742,9695,2289,5165.43212890625,1219.56420898438,10,200,106.558685302734,5.32793426513672,86,206,,,1.09755444526672,0.458202362060547,1.36208641529083,0.50828492641449,107,4,57.0088958740234,2.13117384910583,19.1864242553711,20.1083031153279,343.089988332534,244.734810594496,,,,657.017855318596,468.667538683031,,,10285,100.438009642044
2010,MG,31042,Carangola,84.4884568259496,92.1333913716386,84.4884568259496,100,93.4883720930233,100,38.7209302325581,95.1162790697674,97.9069767441861,,,,,0.645161271095276,20.4105567932129,78.0058670043945,,,,,,798.268676757812,232.266860961914,148.238571166992,10.4270105361938,455.712127685547,105.247604370117,112.490814208984,510.062744140625,119.383934020996,122.430046081543,10972,2810,8697.7197265625,2227.54223632812,15,284,225.132385253906,11.8907947540283,83,128,,,1.01468122005463,0.657957315444946,1.12744557857513,0.654191911220551,70,2,55.4903755187988,1.58543932437897,5.10987091064453,21.7737923541864,322.118510581712,182.588258087394,,,,616.857443172288,349.656795052454,,,11215,197.421678354718
2010,MG,31010,Três Corações,75.6434023991276,62.0540582645272,63.4538090045178,100,99.8747651847214,100,50.4070131496556,100,100,,,,,1.4851485490799,19.3069305419922,77.7846527099609,,,,,,665.905639648438,183.124053955078,151.414260864258,5,427.197509765625,95.1987457275391,123.582801818848,476.189819335938,108.390571594238,134.674545288086,8293,2343,6574.232421875,1857.40112304688,15,346,274.289703369141,11.8911724090576,75,137,,,1.08606040477753,0.594558596611023,1.50898969173431,0.61655730009079,48,6,38.0517501831055,4.75646877288818,19.6703758239746,21.7923195926442,257.890716126872,188.620361334133,,,,493.861118010907,361.208282047148,,,7270,106.732036266825
2010,MG,31096,Itambacuri,100,100,100,87.5698324022346,85.6145251396648,100,42.3184357541899,93.9944134078212,99.0223463687151,,,,,0.628930807113647,45.2830200195312,54.0880508422852,,,,,,778.809265136719,189.681335449219,129.429611206055,20.9169063568115,491.421356201172,100.516578674316,108.342971801758,544.25341796875,113.235511779785,116.699699401855,2706,865,6038.56103515625,1930.28649902344,0,80,178.52360534668,0,28,26,,,0.580201745033264,0.624832630157471,0.761514782905579,0.657190024852753,16,0,35.7047233581543,0,4.47424793243408,18.6764320005521,392.387120425699,184.352798447246,,,,751.421939094472,353.035892555379,,,4965,252.42115090708
2010,MG,31080,Peçanha/São João Evangelista,82.6693660381147,100,74.5511737246306,100,100,100,64.3410852713178,100,100,,,,,1.43415904045105,30.5084743499756,67.6662292480469,,,,,,621.245544433594,200.236175537109,87.2824325561523,21.7630863189697,343.558959960938,82.8462905883789,66.941780090332,383.519378662109,94.4001922607422,69.4502716064453,3516,1259,6017.35400390625,2154.67822265625,0,118,201.947601318359,0,34,18,,,0.30805566906929,0.581882894039154,0.521555364131927,0.57332581281662,14,0,23.9598846435547,0,3.13018774986267,22.6300007473691,338.013351124347,214.920567862401,,,,647.296087257208,411.573217997686,,,6406,248.112241329713
2010,MG,31091,Cassia,78.3795629578611,69.6053263206228,72.1182142633523,100,100,100,58.0152671755725,100,100,,,,,0.383877158164978,23.8003845214844,75.2399215698242,,,,,,572.22265625,155.317581176758,65.3968811035156,13.5714282989502,327.180633544922,83.5804977416992,51.9367713928223,366.51220703125,95.8334350585938,55.6523971557617,3415,928,6979.0732421875,1896.50939941406,0,75,153.27392578125,0,29,54,,,1.10357224941254,0.592659175395966,0.898696184158325,0.5119349360466,13,0,26.5674819946289,0,9.32927322387695,27.2685220307669,453.728742331288,325.691569425316,,,,868.891239385193,623.699856353044,,,2889,106.091836614211
2010,MG,31093,Piumhi,100,100,100,98.4415584415584,98.051948051948,100,57.6623376623377,100,100,,,,,0.414364635944366,9.11602210998535,90.1933670043945,,,,,,680.272094726562,161.259719848633,107.05477142334,7.56972122192383,366.337371826172,75.1194305419922,77.1794662475586,408.6005859375,84.8273010253906,83.4515838623047,5210,1529,7060.19482421875,2071.98413085938,0,174,235.791534423828,0,43,60,,,0.813074231147766,0.582703173160553,1.08138871192932,0.579992949962616,28,0,37.9434623718262,0,6.14277601242065,23.7085965159772,410.603268153341,260.898451825684,,,,786.305890008778,499.620936499936,,,4709,110.781180725607
2010,MG,31067,Padre Paraíso,100,100,100,77.511961722488,67.0813397129187,100,25.933014354067,87.8468899521531,87.7511961722488,,,,,2.23166847229004,57.5983009338379,39.6386833190918,,,,,,631.630920410156,172.711578369141,115.141044616699,16.1458339691162,452.837127685547,102.565826416016,91.8479309082031,502.822509765625,113.338928222656,97.9429473876953,3896,1803,6408.421875,2965.70434570312,0,95,156.262847900391,0,37,29,,,0.477012902498245,0.608602702617645,0.635743081569672,0.6546590924263,0,0,0,0,1.64651703834534,20.1429711825451,284.906352225371,134.732203033839,,,,545.596102688746,258.012376023764,,,7329,285.562906287361
2010,MG,31079,Conselheiro Lafaiete,82.3271890719514,77.9430363448035,80.2670207104147,93.9910313901345,92.2054915854739,100,43.1798051372896,96.8999114260407,99.2914083259522,,,,,0.469263255596161,31.7221965789795,67.6677627563477,,,,,,633.876953125,195.905136108398,117.092720031738,11.3676729202271,375.217620849609,92.8796768188477,88.1342163085938,417.682281494141,104.304237365723,95.1229629516602,11387,3581,6410.263671875,2015.90881347656,5,276,155.373031616211,2.81472897529602,94,209,,,1.17655670642853,0.529169023036957,1.14897239208221,0.483711153268814,64,1,36.0285301208496,0.562945783138275,28.5278396606445,23.8896600229921,378.964222713122,187.432341646827,,,,725.717069330885,358.93322251882,,,9670,106.86354760266
2010,MG,31026,Diamantina,83.4837545126354,100,83.4837545126354,100,90.2580305423907,91.0772578890098,28.5939968404423,100,100,,,,,1.00849258899689,44.2144355773926,53.23779296875,,,,,,637.563598632812,172.199096679688,86.8111114501953,18.4151782989502,416.175933837891,86.015007019043,77.7105712890625,463.208129882812,97.3856964111328,84.8140258789062,9634,3117,6855.23193359375,2217.95288085938,10,370,263.279602050781,7.11566495895386,109,115,,,0.818301498889923,0.775607526302338,0.972533524036407,0.740029156208038,30,0,21.346996307373,0,7.09360647201538,20.4876027133735,308.745805822835,167.644816202553,,,,591.248692992233,321.040080860432,,,14627,230.742226050041
2010,MG,31066,Nanuque,75.1558813616448,91.2172789574205,75.1558813616448,92.7165354330709,79.1338582677165,100,41.6338582677165,95.4724409448819,98.3267716535433,,,,,0.324324309825897,34.4864883422852,64.1081085205078,,,,,,735.242004394531,230.914169311523,77.9158248901367,20.8092479705811,445.860290527344,117.965881347656,57.9567184448242,490.187072753906,130.12043762207,62.3677597045898,3787,1103,5364.8583984375,1562.56640625,0,94,133.165222167969,0,31,50,,,0.708325684070587,0.439161896705627,0.655909538269043,0.474578201770782,24,0,33.9996299743652,0,8.0720796585083,20.6791067298622,292.395444689427,151.152247812715,,,,559.937726275405,289.456787028833,,,6375,183.856913301869
2010,MG,31020,Guanhães,92.8215374907982,100,92.8215374907982,100,100,100,51.0263929618768,100,100,,,,,1.27768313884735,29.0459957122803,68.5689926147461,,,,,,666.602233886719,224.347625732422,130.958892822266,6.60225439071655,393.789245605469,96.1611633300781,104.233108520508,433.275329589844,106.525588989258,111.295295715332,5450,1822,5850.212890625,1955.79602050781,0,254,272.652130126953,0,54,68,,,0.729934871196747,0.579654157161713,0.934692323207855,0.573750257492065,4,0,4.29373455047607,0,5.88456296920776,20.2971653469434,316.80574357788,188.700000315454,,,,606.683486189079,361.36079081886,,,8290,188.613005147724
2010,MG,31088,Oliveira/Santo Antônio do Amparo,96.1024498886414,100,94.8456888323258,100,100,100,43.8756855575868,100,95.3382084095064,,,,,0.549954175949097,29.8808441162109,68.4692916870117,,,,,,634.785888671875,201.393966674805,110.569236755371,6.84292364120483,356.252410888672,93.8414611816406,76.025634765625,394.458221435547,104.425880432129,81.833610534668,6857,1989,6769.40380859375,1963.59118652344,9,202,199.419509887695,8.88502788543701,53,88,,,0.868758261203766,0.523229420185089,1.35817527770996,0.5165656208992,41,2,40.4762382507324,1.97445058822632,13.0609903335571,24.384115542934,330.230947948366,196.785736917477,,,,632.392773206108,376.844988847347,,,6223,110.682339863216
2010,MG,31071,Frutal / Iturama,78.0447461282102,76.4310919427563,66.7730592040776,90.2691511387164,84.9378881987578,100,46.583850931677,100,96.2732919254658,,,,,0.555555582046509,34.6464653015137,63.7878799438477,,,,,,587.863891601562,131.794296264648,100.531471252441,16.8925971984863,377.616851806641,69.2316665649414,75.2621612548828,422.477722167969,78.6436004638672,82.2658462524414,8281,2663,5076.22607421875,1632.41040039062,0,131,80.3025741577148,0,86,168,,,1.02983450889587,0.527177214622498,1.03657758235931,0.490397393703461,46,0,28.1978511810303,0,23.6635131835938,23.9211901275178,507.810955123296,346.763237800582,,,,972.458760058659,664.052133699252,,,7847,95.2861439371152
2010,MG,31004,Lavras,86.2113123256752,74.8288181876656,65.8402381049837,100,93.1479642502483,100,54.0218470705065,99.8013902681231,93.6444885799404,,,,,0.733496308326721,26.4058685302734,72.5672378540039,,,,,,647.863220214844,182.789978027344,104.699325561523,5.89285707473755,364.399536132812,79.0950622558594,78.0165481567383,407.410980224609,90.0924606323242,84.4854965209961,9260,2231,5356.4404296875,1290.52038574219,30,356,205.927947998047,17.353479385376,102,258,,,1.49239921569824,0.590018272399902,2.1505298614502,0.578304708003998,134,27,77.51220703125,15.6181306838989,25.6368732452393,26.3332797377716,483.77341347475,249.880774771825,,,,926.426830832698,478.52206799695,,,8337,77.8727007612992
2010,MG,31052,Janaúba/Monte Azul,100,100,100,100,87.703822507351,100,41.299117882919,100,100,,,,,0.646663188934326,29.2033100128174,69.7878952026367,,,,,,506.474090576172,100.851509094238,57.6294364929199,24.361780166626,345.399566650391,60.5349578857422,50.3259239196777,385.446899414062,67.9343643188477,53.799633026123,15012,3242,5545.72509765625,1197.65783691406,10,226,83.4888000488281,3.69419455528259,161,143,,,0.528269827365875,0.594765305519104,0.645191073417664,0.592641174793243,52,0,19.2098121643066,0,2.43558239936829,19.3324084393545,291.960203397432,125.758047855192,,,,559.104238531847,240.826855054682,,,32194,269.63675122894
2010,MG,31038,Mantena,99.9508272590536,93.688534073817,94.9901654518107,100,100,100,55.1068883610451,100,100,,,,,0.210526317358017,23.6842098236084,75.8947372436523,,,,,,671.508422851562,213.268783569336,151.305557250977,6.43776845932007,395.6708984375,96.6974258422852,111.724395751953,433.224212646484,107.464508056641,119.686996459961,4231,1812,6096.89306640625,2611.1015625,0,169,243.529891967773,0,46,53,,,0.76373279094696,0.662862420082092,0.939535439014435,0.647011339664459,66,0,95.1063461303711,0,4.79566526412964,19.2496933929804,302.051623939039,178.469585881809,,,,578.429324389318,341.769531444368,,,6987,202.126348206245
2010,MG,31084,Montes Claros ,68.7764721870588,73.9960387667327,59.814622336423,100,79.5654257868669,100,46.3492570698195,87.5379453586835,88.4486339670874,,,,,1.08783888816833,34.843318939209,63.7441139221191,,,,,,512.817993164062,105.894546508789,79.5451965332031,13.0877361297607,380.400543212891,66.7825775146484,74.4985809326172,424.248107910156,75.9752502441406,80.5253067016602,24939,4271,6199.3056640625,1061.67980957031,82,799,198.61442565918,20.3834571838379,309,759,,,1.88671267032623,0.768108367919922,1.81300914287567,0.719635486602783,182,18,45.2413330078125,4.4744176864624,17.8009719848633,17.9479458636204,496.460285468369,96.5089234598474,,,,950.722210212495,184.814736853348,,,24581,131.947912597632
2010,MG,31065,Itaobim,97.7512255640003,99.5868614721222,96.6455078713128,100,100,100,50.5338078291815,100,100,,,,,1.83861076831818,53.7282943725586,43.9223709106445,,,,,,443.952514648438,105.818817138672,76.6274185180664,22.739725112915,296.278076171875,61.5984191894531,60.6144218444824,324.683258056641,67.7379302978516,65.1595916748047,4734,1255,5758.00341796875,1526.46691894531,0,124,150.822219848633,0,47,36,,,0.437870979309082,0.571664869785309,0.700593590736389,0.556461036205292,39,0,47.4360237121582,0,1.98136615753174,19.2122146853622,268.888892849831,136.579152626064,,,,514.922643350229,261.549287333427,,,10033,277.089607448111
2010,MG,31032,Pará de Minas,65.7999159933783,76.3847503273788,61.686062313147,92.4676209952284,86.2985685071575,100,43.558282208589,96.4553510565781,95.0579413769598,,,,,0.986262798309326,26.6643180847168,71.3631591796875,,,,,,488.37109375,117.020324707031,85.877815246582,9.46859931945801,369.704986572266,74.931396484375,84.477294921875,411.234741210938,85.2757873535156,90.588134765625,10069,1798,4751.11962890625,848.397338867188,6,166,78.3281173706055,2.83113694190979,93,132,,,0.622850120067596,0.438826203346252,0.954093158245087,0.439416021108627,47,0,22.1772384643555,0,19.5456962585449,25.2822136870681,283.242989281108,207.176713910839,,,,542.410760092281,396.743725770637,,,5838,47.1350670864318
2010,MG,31025,Vespasiano,70.8914243597369,64.0361663388879,69.2494900881901,88.3135257498585,95.8404074702886,100,48.3870967741936,100,100,,,,,1.00308644771576,34.0277786254883,64.3261337280273,,,,,,506.9775390625,138.777633666992,82.9152450561523,8.9397087097168,378.976257324219,95.2160263061523,76.409065246582,421.341217041016,107.462821960449,82.518196105957,14654,2547,5148.474609375,894.852233886719,0,204,71.6725006103516,0,106,273,,,0.959146678447723,0.37241593003273,1.53928995132446,0.382604658603668,157,11,55.1597175598145,3.8646936416626,23.483283996582,23.0047289290707,305.90468989575,215.058729588802,,,,585.807951622316,411.837797916233,,,13801,93.1222010545294
2010,MG,31078,Congonhas,85.7921323046051,86.0282669619071,85.7921323046051,100,100,100,45.7963089542037,100,100,,,,,0.528052806854248,19.6699676513672,79.4059371948242,,,,,,562.76611328125,158.574203491211,124.101554870605,8.1163854598999,378.582885742188,82.5553207397461,100.66138458252,421.705902099609,94.5741577148438,108.205062866211,7333,1978,6319.69921875,1704.67272949219,0,157,135.30517578125,0,66,156,,,1.34443354606628,0.568798780441284,1.55622494220734,0.534757077693939,65,0,56.0180625915527,0,29.4525737762451,20.2118208970706,587.929248914416,457.518722038648,,,,1125.88541588811,876.14905635366,,,5261,84.1019612989403
2010,MG,31018,Contagem,73.0056629400282,46.2324996845676,56.3325226925808,88.8751662549876,94.6418392551777,100,53.695610868326,100,100,,,,,1.02086102962494,25.5037727355957,72.5876617431641,,,,,,473.620849609375,119.403358459473,89.9580154418945,8.40358257293701,371.410736083984,80.2139205932617,85.5311660766602,415.478790283203,91.506462097168,92.2721252441406,34430,5444,4295.77587890625,679.239135742188,39,405,50.5312004089355,4.86596775054932,346,585,,,0.729895114898682,0.431698650121689,1.3241046667099,0.472185999155045,202,8,25.2032165527344,0.998147189617157,38.3002815246582,25.3262741880543,371.238969879145,219.126169889041,,,,710.92319827262,419.626952346788,,,31470,76.1767534375422
2010,MG,31050,Coração de Jesus,100,100,100,62.2641509433962,94.1680960548885,100,34.3053173241852,100,100,,,,,1.53550863265991,51.2476005554199,47.0249519348145,,,,,,647.952697753906,104.508499145508,75.2461166381836,24.8387088775635,441.864929199219,50.4187774658203,57.0871810913086,485.142791748047,56.8615303039551,61.6104431152344,2458,573,5137.6376953125,1197.66735839844,0,32,66.8854370117188,0,33,21,,,0.438935697078705,0.689756095409393,0.819346606731415,0.677215039730072,0,0,0,0,1.27500367164612,19.7515363411136,377.10129473942,167.966379831041,,,,722.14955939612,321.655875703542,,,6411,302.169094546603
2010,MG,31012,Varginha,50.0320954194076,47.7963888538369,41.8025006995155,100,100,100,51.2003491924924,100,100,,,,,1.86954712867737,19.0693817138672,76.7760696411133,,,,,,613.84765625,173.095413208008,104.712043762207,6.26631832122803,373.196014404297,97.4541244506836,81.8603897094727,418.142761230469,111.585632324219,88.3686752319336,10773,1614,5755.42236328125,862.271606445312,32,347,185.383056640625,17.0958442687988,117,308,,,1.64547491073608,0.625066757202148,2.02225136756897,0.712148725986481,155,11,82.807991027832,5.87669610977173,34.9775619506836,22.8322614892649,443.755601066514,218.061304011499,,,,849.792658524769,417.587732553564,,,5197,45.3280598036426
2010,MG,31057,Patos de Minas,81.877340061859,98.8104346410549,78.8250854631288,100,97.930320800276,100,48.8789237668161,100,100,,,,,0.693962514400482,26.4746704101562,72.2415008544922,,,,,,537.116638183594,144.251892089844,89.855224609375,4.42610645294189,337.411804199219,77.372688293457,74.6902618408203,374.038635253906,86.4074401855469,79.7890090942383,12571,2757,5065.33642578125,1110.90063476562,57,358,144.251892089844,22.9674797058105,180,302,,,1.21687340736389,0.725288808345795,1.60913383960724,0.796306669712067,153,17,61.6495475769043,6.84994983673096,14.3337211608887,22.79723384939,458.277047181445,207.399207727778,,,,877.601250168395,397.169801772263,,,12333,89.6542133414076
2010,MG,31098,salinas,94.6511627906977,87.3177343415609,88.9584819517763,100,90.080971659919,97.9757085020243,37.753036437247,100,100,,,,,0.872093021869659,40.4069786071777,58.139533996582,,,,,,665.406127929688,134.235931396484,77.9434509277344,33.62255859375,412.236572265625,72.3879013061523,68.0717391967773,455.266845703125,80.2223892211914,73.4584045410156,3550,819,5124.06005859375,1182.14233398438,0,50,72.1698608398438,0,43,36,,,0.519622981548309,0.620660781860352,0.763917982578278,0.658910810947418,26,0,37.5283279418945,0,4.26812553405762,17.653286923968,341.585870396257,138.599870909765,,,,654.137467157339,265.418965954516,,,7905,250.151785245907
2010,MG,31022,Ouro Preto,87.6446290829445,75.9749071516998,69.8147795448053,99.3520518358531,90.2375809935205,100,47.9049676025918,100,92.0950323974082,,,,,1.30378091335297,31.9426345825195,65.710563659668,,,,,,567.387390136719,170.447326660156,116.135292053223,11.2016296386719,385.709014892578,99.1461486816406,99.7861251831055,428.230010986328,112.52857208252,106.599670410156,9549,2036,5517.29296875,1176.37536621094,10,176,101.690605163574,5.7778754234314,97,261,,,1.50802552700043,0.56045389175415,1.89730989933014,0.600610136985779,46,0,26.5782260894775,0,38.124153137207,22.5976524712546,513.634950950629,409.702880936224,,,,983.611721025128,784.581647103231,,,7104,81.9053683957639
2010,MG,31031,Itaúna,78.1735294885291,66.3415779995302,70.3435615913975,95.7120980091884,93.7212863705972,100,56.0490045941807,100,100,,,,,0.918836116790771,29.9387435913086,68.7595748901367,,,,,,676.896057128906,178.900115966797,146.216430664062,6.22617530822754,412.050659179688,86.2142944335938,110.287368774414,459.684326171875,100.112991333008,119.866218566895,5777,1474,4968.7783203125,1267.78247070312,14,103,88.589958190918,12.041353225708,83,140,,,1.20413529872894,0.713880240917206,1.59547936916351,0.707859575748444,37,0,31.8235778808594,0,22.5216312408447,21.3351304780759,402.470232691655,213.500408667438,,,,770.731114591293,408.853610955171,,,3908,59.7196653908398
2010,MG,31009,São Sebastião do Paraíso,97.1890565943281,99.4167855623138,94.285499737178,100,97.2114137483787,100,45.201037613489,100,100,,,,,0.653594791889191,16.732027053833,82.1568603515625,,,,,,703.124389648438,189.90087890625,106.409973144531,11.8742723464966,355.966430664062,73.352653503418,83.0596694946289,393.668365478516,82.0288162231445,87.579704284668,8034,1690,6576.13623046875,1383.32958984375,18,217,177.622802734375,14.7336883544922,93,168,,,1.37514424324036,0.761240601539612,1.69396495819092,0.819766044616699,87,11,71.2128295898438,9.00392055511475,20.1982498168945,22.5899594913535,423.825069544685,199.153926208375,,,,811.625660007923,381.380074981619,,,5503,74.7477443864153
2010,MG,31076,Manga,98.9377112506036,100,98.9377112506036,100,99.1587802313354,100,48.7907465825447,100,100,,,,,0.753498375415802,41.6576957702637,55.651237487793,,,,,,522.94482421875,107.314414978027,52.8055038452148,32.24755859375,367.638092041016,62.0455207824707,50.0586814880371,403.237670898438,69.2213592529297,53.9802474975586,3973,1121,6767.62158203125,1909.51525878906,0,77,131.162063598633,0,27,30,,,0.511021018028259,0.459918916225433,0.62770414352417,0.478656351566315,2,0,3.4068067073822,0,0.855108499526978,17.173765623453,288.767213712497,130.142027904499,,,,552.989658374478,249.22218359153,,,7410,304.33548519288
2010,MS,50004,Três Lagoas,88.5274286954055,97.0581117842421,79.6700545736745,94.4488924472912,81.5585801974913,0.782778864970646,25.7806244995997,98.7456631972244,95.5164131305044,,,,,0.753904163837433,29.3484115600586,69.6284332275391,,,,,,657.719787597656,178.311676025391,159.150985717773,1.4863258600235,462.443023681641,110.100914001465,130.960739135742,515.619262695312,123.618209838867,141.758758544922,17958,3985,7022.1953125,1558.27197265625,10,419,163.843399047852,3.91034364700317,160,287,,,1.12226867675781,0.625654995441437,1.12578797340393,0.63161826133728,204,4,79.7710113525391,1.56413745880127,15.816948890686,23.202594180715,557.622453730746,335.786211094608,,,,1067.84785650047,643.031110674984,,,12461,87.5449439460227
2010,MS,50001,Campo Grande,57.8220074902977,96.4451912023731,50.9696103687321,100,88.6883159730405,5.48790658882402,39.3882264222086,98.9583824291841,99.6465098741575,,,,,1.36149573326111,26.9035301208496,71.5111694335938,,,,,,554.327819824219,139.61669921875,142.055740356445,1.24000000953674,395.875335693359,84.0955657958984,123.30867767334,440.860137939453,95.09423828125,133.454681396484,81760,13434,6042.91259765625,992.911987304688,134,1976,145.54850769043,9.870192527771,780,2360,,,1.73833239078522,0.574533581733704,1.97448039054871,0.620091140270233,1133,86,83.4546813964844,6.33460092544556,18.6399745941162,24.5523873581767,587.981981091068,297.005471080572,,,,1125.9863980875,568.765933904526,,,68068,93.9173729121484
2010,MS,50003,Dourados,78.765015759354,91.0317974260877,75.2157291249225,100,86.379403376243,1.48255489911938,26.3932783473368,100,100,,,,,1.86330473423004,39.5654945373535,55.7088470458984,,,,,,602.40966796875,167.76969909668,143.027633666992,1.55941140651703,450.020843505859,106.464080810547,121.03636932373,499.542938232422,119.426574707031,130.507415771484,57664,16582,7629.5517578125,2193.97241210938,45,1189,157.317169189453,5.95397186279297,415,668,,,0.883834064006805,0.549088537693024,0.996893346309662,0.567876577377319,624,21,82.5617446899414,2.77852010726929,12.1667432785034,21.0493828513724,500.090992114499,241.141784865994,,,,957.675019023748,461.786888886987,,,44768,126.809935919171
2010,MS,50002,Corumbá,71.7075892857143,88.968648538961,61.2571022727273,98.6666666666667,93.7634408602151,0.301075268817204,20.0430107526882,99.9569892473118,100,,,,,2.29007625579834,50.254451751709,47.3282432556152,,,,,,586.024597167969,227.72151184082,157.653350830078,1.22282612323761,448.056335449219,161.405822753906,155.941925048828,498.858093261719,181.661712646484,167.868576049805,8033,1776,6396.10791015625,1414.10278320312,7,142,113.064529418945,5.57360363006592,40,113,,,0.899738848209381,0.318491637706757,0.834647119045258,0.32207465171814,78,0,62.1058654785156,0,13.7540607452393,23.8343227933064,516.847338919705,343.915001437462,,,,989.763448926461,658.597756683378,,,7590,142.868077388586
2010,MT,51002,Baixada Cuiabana,50.9341110400574,50.5727694959584,41.0696860333638,94.3308550185874,77.515932023367,3.34375227157084,15.4540626659586,100,94.9946893255443,,,,,0.815843164920807,35.9234161376953,62.484375,,,,,,552.901123046875,156.410690307617,125.342819213867,2.15074586868286,448.276214599609,116.718376159668,123.236930847168,499.838165283203,132.26481628418,133.452941894531,56743,12103,6078.91259765625,1296.60180664062,139,1557,166.802368164062,14.8911552429199,692,1734,,,1.85764479637146,0.741343855857849,2.58516883850098,0.758725762367249,894,151,95.7747650146484,16.1767234802246,22.2018547058105,22.254665689414,456.632537312937,176.980795161101,,,,874.452011240998,338.918494924499,,,47380,100.725673267808
2010,MT,51006,Médio Araguaia,86.0528345789547,96.5286998748056,72.5343652389443,97.0897332255457,96.6046887631366,3.42261904761905,5.49717057396928,100,100,,,,,1.53846156597137,29.8290596008301,68.0341873168945,,,,,,354.194091796875,80.1723098754883,76.5825042724609,5.40540552139282,340.340301513672,80.8583374023438,79.090950012207,373.874481201172,88.1500091552734,83.2526016235352,4580,1613,5480.435546875,1930.11840820312,0,146,174.703842163086,0,38,46,,,0.550436735153198,0.454708635807037,0.651549577713013,0.457101821899414,88,0,105.30094909668,0,3.30501365661621,21.2968831101937,494.354036875917,287.102459911983,,,,946.688740918604,549.801652286154,,,4485,107.512017719556
2010,MT,51001,Alto Tapajós,85.674649669588,100,85.674649669588,96.4595858383434,95.3239812959252,2.73684210526316,4.0748162992652,100,96.5931863727455,,,,,2.44547247886658,35.294116973877,62.1282234191895,,,,,,449.292083740234,111.337730407715,88.6760635375977,5.26315784454346,391.927459716797,93.9347305297852,82.0205841064453,439.561187744141,107.180908203125,90.3366851806641,5136,1382,5060.44775390625,1361.67028808594,0,166,163.558074951172,0,52,60,,,0.591173768043518,0.512350618839264,0.787985384464264,0.519740283489227,52,0,51.2350616455078,0,1.82081520557404,21.0853095016627,363.171110090367,164.095394840451,,,,695.473234368991,314.242933493108,,,7372,143.645493124089
2010,MT,51013,Sul Matogrossense,80.9809957760693,89.038103134115,73.8931523363256,100,88.4191432956607,1.90068493150685,2.95800195339752,96.9443281707828,97.4745360680899,,,,,0.521251022815704,27.1184177398682,72.2400436401367,,,,,,517.870544433594,133.086456298828,100.030891418457,2.62828540802002,418.204345703125,99.3934555053711,94.2958374023438,467.131317138672,112.915466308594,101.476013183594,27916,5339,6031.236328125,1153.48803710938,28,721,155.77165222168,6.04938459396362,281,399,,,0.862037301063538,0.607098937034607,1.19599568843842,0.642152965068817,217,7,46.8827323913574,1.51234614849091,11.9064855575562,22.5846970585804,479.26421083383,276.743204630797,,,,917.791700840321,529.963662490468,,,22457,98.3546257832798
2010,MT,51009,Norte Araguaia Karajá,96.051543250185,100,96.051543250185,100,87.6325088339223,0,9.89399293286219,100,100,,,,,0,39.6551742553711,59.4827575683594,,,,,,300.43701171875,45.5207557678223,54.6249084472656,37.8787879943848,253.105758666992,22.8264007568359,53.8175849914551,285.315399169922,25.2538070678711,58.7170944213867,1275,392,5803.896484375,1784.41369628906,0,40,182.083023071289,0,13,9,,,0.409686803817749,0.591769874095917,0.620220303535461,0.639566659927368,0,0,0,0,2.06664228439331,20.5243150362009,604.934152634556,329.737606491755,,,,1158.4498326652,631.448023557954,,,1918,185.680704021246
2010,MT,51004,Centro Norte,85.9521015343156,99.7402964315208,80.8025818229235,97.9150579150579,87.953667953668,1.94871794871795,6.87258687258687,100,100,,,,,0.994644224643707,23.1063499450684,75.5929641723633,,,,,,537.487670898438,157.467086791992,102.87850189209,9.1796875,416.000152587891,112.133338928223,89.9063339233398,464.578674316406,126.978355407715,96.7547073364258,5687,1786,5970.10205078125,1874.908203125,0,212,222.553482055664,0,60,53,,,0.556383728981018,0.62986832857132,0.63013082742691,0.595750510692596,32,0,33.5929794311523,0,5.38957357406616,23.9883629987787,413.410360840984,261.050617917097,,,,791.681476822837,499.912334799019,,,6354,144.081641517932
2010,MT,51005,Garças Araguaia,91.9248513998687,99.5778647632205,91.9248513998687,100,83.7569745815251,2.51256281407035,4.77371357718537,100,100,,,,,3.03030300140381,37.6893920898438,57.702018737793,,,,,,543.80615234375,158.679000854492,122.315063476562,11.2462005615234,408.905792236328,108.279861450195,108.809661865234,448.010894775391,117.610145568848,113.505424499512,5883,1639,4862.0234375,1354.556640625,10,207,171.075790405273,8.26453113555908,58,114,,,0.942156553268433,0.479342818260193,1.1384391784668,0.487194120883942,98,0,80.9924011230469,0,9.12982749938965,19.9405178151824,468.646975772765,205.205015855966,,,,897.459679369403,392.967920963145,,,7543,125.305077989744
2010,MT,51011,Oeste Matogrossense,55.7516213129942,68.6289401676255,48.9162519121798,91.6208346813329,75.8007117437722,1.6849199663016,6.24393400194112,90.9090909090909,91.2973147848593,,,,,1.30766439437866,43.9883766174316,54.4496917724609,,,,,,553.673217773438,165.99690246582,122.396446228027,5.59772300720215,412.061645507812,110.56721496582,113.469009399414,460.256195068359,123.912574768066,123.211585998535,11668,3201,6129.27783203125,1681.50659179688,25,337,177.028335571289,13.1326665878296,101,155,,,0.814225316047668,0.530559718608856,0.967220842838287,0.517427027225494,46,0,24.1641063690186,0,8.16326522827148,23.132083892454,273.976142527052,186.784688602468,,,,524.66473430614,357.692965942802,,,14224,153.305215996144
2010,MT,51007,Médio Norte Matogrossense,67.7917087088972,77.3918207142271,60.9120709882056,96.0283687943262,85.2482269503546,2.41305890702626,3.54609929078014,94.9503546099291,93.2198581560284,,,,,0.670765817165375,39.798770904541,59.3627738952637,,,,,,400.568725585938,94.4737548828125,85.0263824462891,4.48113203048706,375.053100585938,84.7912902832031,91.6411743164062,418.6982421875,97.0149078369141,98.8439407348633,13032,3947,6155.91015625,1864.43957519531,0,343,162.022491455078,0,94,174,,,0.821921706199646,0.44402664899826,1.0388571023941,0.457489162683487,120,23,56.684253692627,10.8644819259644,16.5810890197754,22.4196457165383,414.009612378401,247.825899630676,,,,792.82904443862,474.586978941315,,,9871,96.9294321410991
2010,MT,51008,Noroeste Matogrossense,79.4157277600986,97.5036552851122,79.4157277600986,89.6477663230241,87.3711340206186,10.5263157894737,5.02577319587629,95.9621993127148,99.914089347079,,,,,0.637232601642609,30.9968147277832,68.3204345703125,,,,,,365.133728027344,89.6436157226562,90.3724212646484,2.39520955085754,376.226470947266,90.7027969360352,101.567108154297,418.112213134766,102.641166687012,111.288261413574,7822,1966,5700.75048828125,1432.84020996094,0,200,145.761978149414,0,61,62,,,0.451862096786499,0.444573998451233,0.5606369972229,0.454048544168472,74,0,53.9319305419922,0,1.3031120300293,22.0578208978801,389.705474397105,182.701569570359,,,,746.286582825425,349.873786716602,,,9834,149.788012068941
2010,MT,51012,Sudoeste Matogrossense,78.2432079901614,100,78.2432079901614,98.7830687830688,78.6772486772487,0.94909404659189,6.4021164021164,95.5555555555556,96.984126984127,,,,,1.65562915802002,40.2317886352539,57.8366432189941,,,,,,478.81640625,136.29231262207,104.909210205078,5.61797761917114,426.802124023438,118.654983520508,102.628227233887,474.931396484375,132.207717895508,110.922286987305,7145,2521,6406.63525390625,2260.47973632812,0,155,138.982284545898,0,47,50,,,0.448329985141754,0.421430170536041,0.562205791473389,0.423223495483398,52,0,46.6263160705566,0,4.08249282836914,19.3170529499608,382.179953775756,241.318075636282,,,,731.875199261525,462.124485983219,,,7706,135.144521807345
2010,MT,51003,Araguaia Xingu,95.0218953978352,100,95.0218953978352,94.4827586206897,91.3793103448276,0.45766590389016,4.6551724137931,100,100,,,,,0.425894379615784,35.7751274108887,63.2879028320312,,,,,,413.365478515625,102.065551757812,84.2040786743164,8.64197540283203,393.079559326172,94.5565414428711,90.2836151123047,434.822784423828,107.045082092285,96.6586074829102,5359,1648,6837.1162109375,2102.55029296875,0,113,144.167587280273,0,38,34,,,0.433778584003448,0.484811365604401,0.526913404464722,0.49278524518013,7,0,8.93073558807373,0,1.20947682857513,21.8657626463946,417.294229863531,203.452573639781,,,,799.119091974284,389.611991423949,,,6006,169.683951805233
2010,MT,51014,Teles Pires,79.3610922212425,77.840936821795,72.8997810221353,100,100,1.09010011123471,16.5438324282389,100,100,,,,,0.310880839824677,22.556131362915,76.9257354736328,,,,,,341.783996582031,73.2818069458008,75.6553115844727,2.25694441795349,393.754211425781,93.9199676513672,91.9489593505859,437.224761962891,105.747169494629,99.6807708740234,16216,2635,4811.08447265625,781.771545410156,22,293,86.9294357299805,6.52712488174438,199,284,,,0.842592477798462,0.590408086776733,1.03039562702179,0.613401353359222,199,4,59.0408096313477,1.18674993515015,11.6206550598145,24.6595364609319,424.557126375074,295.826652383137,,,,813.027549964001,566.508494285952,,,9775,51.02224181939
2010,MT,51010,Norte Matogrossense,76.6198073408363,100,68.3747646727405,91.0880829015544,84.7668393782383,1.30434782608696,5.28497409326425,91.9170984455959,97.8238341968912,,,,,0.100806452333927,39.2137107849121,59.7782249450684,,,,,,410.225402832031,106.514663696289,89.2420196533203,4.56140327453613,325.002380371094,76.4087829589844,80.3634567260742,357.794281005859,84.8772048950195,86.3630828857422,4636,1618,6673,2328.9287109375,0,139,200.074844360352,0,49,66,,,0.949995696544647,0.70529979467392,1.26522147655487,0.755678355693817,53,18,76.2875289916992,25.9089736938477,1.77764344215393,19.2402433512438,336.154355404049,181.424982474468,,,,643.736107593759,347.429120464619,,,3468,93.0889927018182
2010,MT,51015,Vale do Peixoto,86.4959382899851,100,86.4959382899851,100,96.7836257309941,0.90293453724605,5.48245614035088,100,100,,,,,0.848765432834625,39.0432090759277,59.9537048339844,,,,,,423.145538330078,114.198318481445,72.3935775756836,5.06024074554443,378.176025390625,95.0870361328125,72.1397094726562,421.879577636719,109.748558044434,77.2801361083984,5330,1260,5434.6162109375,1284.73107910156,0,165,168.238586425781,0,44,46,,,0.469028800725937,0.44863623380661,0.636757612228394,0.479225069284439,47,0,47.9225082397461,0,1.16543459892273,20.9200954471244,344.467325593014,147.473163406007,,,,659.655458290717,282.411334731669,,,6655,147.336928219089
2010,MT,51016,Vale dos Arinos,78.8517080888169,100,70.573410106882,100,94.5717732207479,0,13.6308805790109,96.984318455971,97.8287092882992,,,,,0.117924526333809,17.4528293609619,82.4292449951172,,,,,,524.988708496094,131.717590332031,126.072555541992,9.31899642944336,445.548126220703,105.20573425293,125.118125915527,496.463439941406,120.211273193359,134.562438964844,3217,943,6053.3642578125,1774.42419433594,3,112,210.748153686523,5.6450400352478,29,34,,,0.639771163463593,0.545687198638916,0.888152956962585,0.574853241443634,33,0,62.0954399108887,0,2.50263428688049,21.8807986055703,452.883312362031,212.699644223694,,,,867.27223969382,407.32014581385,,,2645,91.7788918259449
2010,PA,15011,Tocantins,48.1689072079607,100,42.9330252050117,100,63.1711682395054,0,0.0162707452001302,100,100,,,,,3.34971332550049,63.7755928039551,31.941032409668,,,,,,323.764617919922,73.5024490356445,86.3694000244141,14.3566818237305,299.218444824219,67.4260559082031,85.0437316894531,330.996734619141,75.5356292724609,90.2503051757812,44498,13306,7156.9189453125,2140.09545898438,0,782,125.774429321289,0,170,204,,,0.328107208013535,0.273422658443451,0.413592010736465,0.305187940597534,97,0,15.6011762619019,0,4.48091506958008,18.0359090195047,213.218733911982,85.492336662315,,,,408.314203365265,163.717956192904,,,65510,275.160028640714
2010,PA,15003,Carajás,46.4812816030597,88.8727899855696,38.9537407463895,100,58.3490033847311,2.88916562889166,1.0969035978438,100,100,,,,,1.78966546058655,63.4647941589355,34.2118949890137,,,,,,416.122253417969,92.5156097412109,80.3737564086914,11.6714239120483,436.597930908203,107.747192382812,90.7849884033203,485.535278320312,121.104965209961,97.4354858398438,47941,15658,6327.0908203125,2066.48974609375,28,1041,137.387649536133,3.69534516334534,314,377,,,0.497551828622818,0.414406567811966,0.58501935005188,0.426482439041138,319,1,42.1005401611328,0.131976619362831,13.888955116272,17.6265380354414,340.867248934616,188.014237851107,,,,652.761305953079,360.047554644955,,,60547,183.327531978165
2010,PA,15007,Metropolitana II,66.9498362995019,99.7819549373537,63.6241489907914,100,85.3649216660298,0,0.706916316392816,100,100,,,,,2.49554371833801,72.9946517944336,23.529411315918,,,,,,355.552368164062,82.6030731201172,68.8358917236328,26.5151519775391,313.165740966797,70.3304672241211,66.6706237792969,345.542388916016,79.0620880126953,71.5510177612305,24727,10504,7400.45751953125,3143.70532226562,0,384,114.92601776123,0,85,83,,,0.248407796025276,0.254393517971039,0.425286114215851,0.300334006547928,28,0,8.3800220489502,0,1.71311593055725,16.7309321904119,191.253389147287,72.0354206551638,,,,366.250534358853,137.947941342888,,,35124,266.817174372392
2010,PA,15013,Marajó I,31.1590566984446,97.1655795283492,31.1590566984446,100,57.379612257661,0,2.28267667292058,90.7754846779237,100,,,,,9.07468032836914,66.4683151245117,22.6123180389404,,,,,,225.464004516602,55.092845916748,62.0373229980469,12.5256671905518,206.054306030273,47.2520217895508,59.2903137207031,225.276000976562,52.4223022460938,62.081111907959,10766,3959,4984.2822265625,1832.87890625,0,220,101.852325439453,0,46,30,,,0.138889536261559,0.212963953614235,0.215626001358032,0.242593720555305,0,0,0,0,0.565743386745453,17.1181255197175,192.922152350497,83.3082871194948,,,,369.446218459506,159.535497959402,,,22262,263.944864384239
2010,PA,15001,Araguaia,60.2847401041464,99.8300914662808,59.5968513036639,100,70.0811093668237,0.970873786407767,0.235478806907378,100,100,,,,,1.33315563201904,62.6849746704102,35.075325012207,,,,,,372.71826171875,81.3578948974609,72.2722396850586,11.2465372085571,380.626983642578,84.1432266235352,83.60107421875,420.245758056641,94.2726898193359,89.0765838623047,40076,15458,8275.3779296875,3191.955078125,24,952,196.580490112305,4.955810546875,171,173,,,0.357231348752975,0.353101521730423,0.552934229373932,0.397807061672211,282,5,58.2307739257812,1.03246057033539,3.73957204818726,18.1986567444103,311.329812208941,118.767731924251,,,,596.197069195747,227.44038929604,,,37090,169.80995776148
2010,PA,15002,Baixo Amazonas,35.5510941755424,94.540537594655,30.8317855159645,100,57.2040524920106,0,0.258380363092405,98.1165431427212,95.9407085061535,,,,,2.43804144859314,62.5025177001953,33.5885543823242,,,,,,354.017242431641,90.8828811645508,71.286262512207,20.8584041595459,309.451324462891,75.094841003418,70.2123794555664,342.614593505859,85.1841659545898,74.8330001831055,42960,11215,6100.513671875,1592.58056640625,28,990,137.627502441406,3.89249491691589,311,261,,,0.362836122512817,0.432344973087311,0.454031735658646,0.440616518259048,207,0,28.7766590118408,0,4.94388675689697,22.3735180174598,234.994020718002,114.520568804696,,,,450.013911088511,219.307065390086,,,65294,238.70884144692
2010,PA,15012,Xingu,48.22790007264,92.0313931086757,46.6361368158418,100,75.8311800172265,0,1.61929371231697,100,100,,,,,3.87650084495544,71.8867950439453,23.0360202789307,,,,,,391.470123291016,86.2883911132812,85.653923034668,11.183144569397,392.413909912109,90.7084579467773,89.9527740478516,432.808959960938,101.041648864746,95.8894271850586,29311,9510,9298.5263671875,3016.92138671875,20,603,191.293762207031,6.34473466873169,128,98,,,0.310892015695572,0.40606302022934,0.411218136548996,0.45626574754715,47,0,14.9101266860962,0,1.45230984687805,18.9520709462681,258.909296352516,100.110653566425,,,,495.81170070956,191.712055546794,,,29889,238.061709518022
2010,PA,15014,Marajó II,36.1262764317263,96.4505701581248,36.1262764317263,100,57.3441295546559,0,0,100,100,,,,,17.2883071899414,64.9193572998047,16.3474464416504,,,,,,226.036270141602,51.2914848327637,53.7676239013672,24.5696392059326,223.544250488281,52.6732711791992,48.6779937744141,244.595169067383,59.3575439453125,50.8755340576172,13282,2795,4698.2998046875,988.687561035156,0,206,72.8692779541016,0,69,34,,,0.120269685983658,0.24407671391964,0.233199387788773,0.283694982528687,0,0,0,0,0.593919992446899,19.7145599458035,190.404565618948,77.6345442797557,,,,364.625035996621,148.670271695261,,,28466,261.78878080625
2010,PA,15006,Metropolitana I,51.9091992338602,48.2720299617073,32.0338275501622,100,82.7414631372438,2.10699019904149,0.776207671092662,100,100,,,,,1.74379801750183,38.9438552856445,59.1904830932617,,,,,,533.895385742188,133.402114868164,110.40340423584,6.94071292877197,426.369964599609,94.2379989624023,106.449592590332,475.859069824219,107.163276672363,114.222145080566,144380,37675,6903.4404296875,1801.40673828125,218,3810,182.172790527344,10.4235353469849,1167,3024,,,1.4459068775177,0.557993829250336,1.67696988582611,0.621706485748291,2510,393,120.014099121094,18.791051864624,23.0495433807373,18.9522932679978,303.503256010437,109.988533288628,,,,581.20920203861,210.628210406686,,,131966,136.014473509788
2010,PA,15009,Rio Caetés,72.0431710126536,100,72.0431710126536,100,54.3207333401998,0,0.0720980533525595,100,100,,,,,3.94477319717407,75.5008850097656,20.0456771850586,,,,,,384.360229492188,88.6521224975586,74.1783065795898,27.0920505523682,334.920166015625,74.4891052246094,74.9583740234375,370.821624755859,83.932373046875,79.549690246582,38986,9784,7837.16943359375,1966.83081054688,40,861,173.082717895508,8.04100894927979,163,171,,,0.343753129243851,0.327671110630035,0.612724900245667,0.397627890110016,294,0,59.1014175415039,0,1.56437838077545,20.0812476550858,222.653430119043,85.2731270719644,,,,426.381661112058,163.298169490245,,,58358,299.341491506665
2010,PA,15008,Metropolitana III,66.4348539592528,98.1395834670472,65.6486791583764,100,65.9460531535105,0,0.899114108158138,100,100,,,,,1.86445295810699,71.4207916259766,26.0274906158447,,,,,,382.477447509766,94.6409301757812,77.9186553955078,15.3488368988037,355.989501953125,84.2676315307617,81.5531311035156,394.601104736328,94.7546005249023,87.3398208618164,58777,17485,6970.814453125,2073.67993164062,6,1228,145.637924194336,0.711585938930511,275,284,,,0.33681732416153,0.326143562793732,0.55628228187561,0.36949098110199,252,4,29.8866081237793,0.474390625953674,3.44846391677856,18.9382635356446,223.097478227695,91.3375438078321,,,,427.23201392306,174.911536866317,,,89126,256.775116335137
2010,PA,15010,Tapajós,30.0219063437593,89.7422315716194,30.0219063437593,100,43.4924078091106,0.22075055187638,0.949023861171367,100,100,,,,,2.11074566841125,77.2752227783203,19.7916660308838,,,,,,357.013031005859,93.6809616088867,65.7164993286133,15.5352478027344,370.778350830078,104.71802520752,66.5083847045898,405.43896484375,115.137214660645,69.2196807861328,14177,5048,6607.53759765625,2352.74389648438,0,399,185.96369934082,0,80,39,,,0.181769028306007,0.372859567403793,0.256340950727463,0.401173561811447,170,0,79.2326583862305,0,1.00206005573273,17.6265330456476,175.620003670002,78.4378060195607,,,,336.31257712619,150.208519162379,,,21677,252.926158977906
2010,PA,15004,Lago de Tucuruí,33.6856886962483,91.505324030562,28.6104446090735,100,54.9413101098069,0,1.14855484033826,87.6057049097564,100,,,,,1.88704323768616,70.7109603881836,26.8970108032227,,,,,,379.524383544922,75.5414428710938,90.3382263183594,8.13953495025635,408.930541992188,88.1057815551758,101.611137390137,453.898651123047,99.4447631835938,109.253860473633,22854,6762,5932.72900390625,1755.36511230469,4,542,140.699188232422,1.03837037086487,102,119,,,0.308915197849274,0.264784455299377,0.475184261798859,0.287758380174637,167,20,43.3519630432129,5.19185209274292,1.88022911548615,19.8350768018812,255.52422995801,122.958250491357,,,,489.329293357954,235.465238796937,,,35495,229.278218268324
2010,PB,25011,11ª Região,98.770065128441,100,98.770065128441,100,100,0,68.8524590163934,100,100,,,,,0.547730803489685,44.1314544677734,54.9295768737793,,,,,,520.681945800781,162.259033203125,110.19083404541,13.0232553482056,315.190002441406,72.0437240600586,93.3574829101562,350.956726074219,81.9898071289062,100.575233459473,4997,1584,6050.80908203125,1918.04711914062,0,112,135.619491577148,0,55,49,,,0.593335270881653,0.665988564491272,0.696563482284546,0.670226693153381,4,0,4.84355306625366,0,0.896057367324829,18.6371670244772,286.538581113801,117.470471065375,,,,548.721823520408,224.956132756146,,,11470,333.24444749942
2010,PB,25007,7ª Região,99.4776987208546,99.9927731898483,99.4776987208546,84.8705134029986,89.5896328293737,0,58.3585313174946,100,100,,,,,0.943841457366943,55.7810287475586,42.5200576782227,,,,,,570.98486328125,169.354248046875,113.125961303711,16.4126605987549,337.588653564453,74.7071533203125,84.7582702636719,377.234619140625,85.8928604125977,91.3967819213867,9241,2893,6185.78076171875,1936.52893066406,0,355,237.631454467773,0,96,79,,,0.528813660144806,0.642609000205994,0.8604936003685,0.727788150310516,2,0,1.33876872062683,0,1.04490900039673,18.4860233406176,360.381073538011,145.85199373222,,,,690.130310080239,279.306792313058,,,22165,340.058002688251
2010,PB,25003,3ª Região,97.916392068371,100,97.916392068371,59.9937539038101,83.5843836458654,0.699300699300699,26.5293575161389,100,100,,,,,1.49060273170471,36.2929344177246,61.3415412902832,,,,,,689.547485351562,242.512557983398,125.419586181641,12.1509437561035,352.815368652344,84.0411605834961,93.8147201538086,391.776550292969,95.1302871704102,101.391227722168,12544,3524,6528.0634765625,1833.93615722656,0,312,162.368927001953,0,94,90,,,0.468371897935867,0.489188402891159,0.735343873500824,0.53056126832962,17,4,8.84702491760254,2.08165287971497,2.37516593933105,19.3777007355689,279.255233395024,119.384156503583,,,,534.774201437385,228.620843313502,,,24140,293.666579607381
2010,PB,25002,2ª Região,99.9628750354153,100,99.9628750354153,100,83.4602829162133,1.80995475113122,36.474428726877,100,100,,,,,1.3122775554657,33.340747833252,63.5676155090332,,,,,,627.306396484375,239.552841186523,121.255142211914,10.9481401443481,337.829284667969,93.1920013427734,82.5372543334961,375.161804199219,104.862365722656,89.5741882324219,18247,5073,5996.05029296875,1667.01171875,6,462,151.815383911133,1.9716283082962,201,224,,,0.736074566841125,0.660495460033417,0.97973495721817,0.651294529438019,27,0,8.87232685089111,0,2.13954520225525,18.2644294953302,277.086896459655,119.641272967631,,,,530.621832871319,229.113221737592,,,40107,303.020812717928
2010,PB,25015,15ª Região,100,100,100,38.4823848238482,80.2335640138408,2.91479820627803,22.7941176470588,100,100,,,,,1.67741930484772,33.634407043457,64.2580642700195,,,,,,575.058288574219,185.829650878906,93.2526931762695,15.6286725997925,300.753753662109,72.0769805908203,72.9696044921875,334.413879394531,81.3164443969727,78.9023742675781,7400,1212,5000.5068359375,819.001953125,0,172,116.227996826172,0,69,66,,,0.445991158485413,0.466263473033905,0.659357368946075,0.490252405405045,0,0,0,0,1.34810960292816,17.0963299630243,285.405036802353,119.856840495646,,,,546.551084420628,229.526033885277,,,19620,305.778739207022
2010,PB,25001,1ª Região Mata Atlântica,100,100,93.0080493288209,100,72.2348916761688,0,29.6154244842956,100,100,,,,,1.71544420719147,41.9712028503418,55.1593284606934,,,,,,609.924621582031,161.20556640625,120.285415649414,3.28689289093018,420.962158203125,90.9082489013672,104.547027587891,470.012756347656,102.808738708496,113.020431518555,78626,17975,6486.66748046875,1482.94262695312,165,2374,195.855682373047,13.6125469207764,1173,2255,,,1.86038148403168,0.96772837638855,2.15833115577698,0.925302565097809,840,100,69.3002395629883,8.25002861022949,17.3453559875488,18.2610991217484,423.943674906247,152.788803595359,,,,811.852789457727,292.590793869569,,,112049,203.66094764204
2010,PB,25005,5ª Região,97.138434925115,100,97.138434925115,100,91.3496932515337,22.5806451612903,56.0122699386503,100,96.9325153374233,,,,,0.674019634723663,40.7475471496582,57.6593132019043,,,,,,680.290710449219,236.186721801758,128.580413818359,12.1983909606934,338.119873046875,79.5199203491211,85.9401092529297,371.177764892578,89.1416091918945,90.6744232177734,8876,2541,8094.18310546875,2317.18334960938,0,226,206.09342956543,0,59,58,,,0.528912365436554,0.53803151845932,0.812974750995636,0.588642954826355,8,8,7.29534292221069,7.29534292221069,1.88128650188446,18.1193578498245,388.433508029277,186.094014911514,,,,743.85076527479,356.37032476239,,,16229,322.486178663085
2010,PB,25010,10ª Região,99.9170578477394,100,99.9170578477394,72.7019498607242,63.7883008356546,2.27655986509275,19.8885793871866,86.7409470752089,100,,,,,0.386348992586136,35.6085014343262,63.6188011169434,,,,,,549.047058105469,146.004547119141,111.033393859863,6.52866220474243,304.919586181641,56.0030097961426,78.126579284668,333.760406494141,61.4111709594727,82.5106430053711,2308,871,2017.83532714844,761.496765136719,14,204,178.35285949707,12.2399024963379,105,95,,,0.830564796924591,0.917992651462555,1.69085502624512,0.873623013496399,111,2,97.0449371337891,1.74855744838715,3.95960831642151,17.5200368602074,399.847113735042,114.547286437926,,,,765.707837755103,219.358229698813,,,16192,313.355043451087
2010,PB,25006,6ª Região,99.9132257979262,100,99.9132257979262,99.4638826185102,73.1767955801105,6.13834173156207,41.2983425414365,90.7458563535912,94.4475138121547,,,,,1.33410668373108,34.7737808227539,62.6450119018555,,,,,,625.316345214844,205.529663085938,126.110557556152,6.35031414031982,392.763275146484,98.882698059082,96.8522338867188,435.678894042969,112.5283203125,103.831848144531,12264,2674,5351.6259765625,1166.84997558594,6,448,195.493179321289,2.61821222305298,230,153,,,0.667644143104553,1.00364804267883,1.17557728290558,0.843500733375549,42,0,18.327486038208,0,2.93196129798889,18.3911104005038,324.431446855381,143.318030796343,,,,621.286719693588,274.454249393697,,,28655,287.649460934302
2010,PB,25016,16ª Região,97.610590084055,97.733757533871,86.4849785904856,100,70.934817907678,0.652915862887669,18.6615634423568,100,100,,,,,2.41106247901917,34.2158126831055,63.2431144714355,,,,,,617.196166992188,201.43278503418,116.07991027832,7.49846363067627,388.359985351562,98.9314651489258,96.6378555297852,430.709350585938,111.554344177246,103.168991088867,33231,6862,6303.025390625,1301.53649902344,128,1750,331.927856445312,24.2781524658203,355,837,,,1.58756351470947,0.673339366912842,1.87084019184113,0.606574475765228,418,56,79.2833404541016,10.6216917037964,14.7903261184692,16.4774350780417,398.670388672456,99.3230402475704,,,,763.454407450483,190.203774829862,,,52862,218.355669159858
2010,PB,25014,14ª Região,100,100,100,55.3932101418135,80.4039535883111,8.57142857142857,30.6832831972497,100,100,,,,,1.37398028373718,44.8690414428711,51.4813232421875,,,,,,539.880004882812,194.688186645508,116.674835205078,7.92838859558105,350.050323486328,93.3871078491211,92.6037216186523,391.259063720703,107.190055847168,100.968338012695,9129,2441,6302.51220703125,1685.22644042969,0,146,100.796012878418,0,71,63,,,0.434941709041595,0.490172386169434,0.661732733249664,0.536428093910217,1,0,0.690383672714233,0,1.70386683940887,19.0425707748032,271.007633524659,134.284426760297,,,,518.980035001082,257.154883771265,,,19570,310.628434935443
2010,PB,25004,4ª Região,99.4427482345889,100,99.4427482345889,92.6443768996961,93.1306990881459,6.66666666666667,47.6595744680851,100,97.6899696048632,,,,,0.865265786647797,20.2719402313232,78.5537719726562,,,,,,589.221740722656,208.930877685547,93.4690780639648,9.64230155944824,293.475463867188,73.7509307861328,64.2472457885742,328.677886962891,85.6174697875977,69.0555038452148,6033,2063,5528.4208984375,1890.45788574219,0,302,276.741790771484,0,61,50,,,0.458181738853455,0.558981716632843,0.842825353145599,0.554399907588959,8,0,7.33090782165527,0,1.0895562171936,19.4054890345577,328.519178068081,149.838610010769,,,,629.114731252713,286.941168617772,,,15045,314.76225742752
2010,PB,25008,8ª Região,100,100,100,98.2238010657194,91.2966252220249,0,37.1225577264654,100,100,,,,,0.644405364990234,45.284122467041,53.4856491088867,,,,,,518.869567871094,151.520492553711,100.426368713379,6.62139225006104,302.809478759766,69.7805404663086,75.5556716918945,335.446868896484,78.4957809448242,80.4725036621094,8177,2714,7203.3896484375,2390.85229492188,0,197,173.543823242188,0,76,65,,,0.57260650396347,0.669509172439575,0.825434327125549,0.588463306427002,0,0,0,0,1.90281546115875,26.5526554308787,374.742456792016,188.418774759505,,,,717.632381099021,360.822243446701,,,15827,309.214614768244
2010,PB,25009,9ª Região,96.3890084364554,100,96.3890084364554,100,79.7872340425532,7.02702702702703,27.1914893617021,94.4255319148936,96.3829787234042,,,,,0.751252114772797,46.2437400817871,51.4190330505371,,,,,,606.668701171875,154.000518798828,133.583786010742,13.365385055542,330.307037353516,64.0233764648438,99.0996322631836,364.909881591797,71.7975921630859,106.792137145996,10727,3449,6257.4375,2011.92333984375,7,361,210.584030151367,4.08334684371948,162,127,,,0.740835785865784,0.945003151893616,0.95448237657547,0.855023682117462,17,0,9.91669940948486,0,1.96992325782776,17.3060957829745,290.943585418485,124.996636263944,,,,557.157413538636,239.368750686414,,,23972,319.220829935885
2010,PB,25013,13ª Região,100,100,100,76.0290556900726,65.1331719128329,8.33333333333333,17.1912832929782,87.5302663438257,87.409200968523,,,,,0,20.7621555328369,78.7122192382812,,,,,,610.112854003906,212.285827636719,140.409530639648,6.02739715576172,318.307373046875,77.9756698608398,88.3192443847656,355.604827880859,89.8657455444336,96.5994491577148,2947,1051,4926.0341796875,1756.79064941406,0,113,188.884246826172,0,30,28,,,0.468031764030457,0.501462578773499,0.769327223300934,0.541161715984344,0,0,0,0,13.5344753265381,17.7850576644078,327.258629918617,137.417780015102,,,,626.700779607806,263.155260073217,,,8466,316.29628260609
2010,PB,25012,12ª Região,100,100,100,46.9117089806745,72.9359496482784,6.04651162790698,21.3624583487597,95.6682710107368,100,,,,,1.28717267513275,47.0039939880371,50.8655128479004,,,,,,655.195922851562,217.820861816406,127.110321044922,9.70017623901367,377.191528320312,90.5219650268555,95.9192123413086,418.883422851562,102.801086425781,102.52611541748,11676,3928,6746.09130859375,2269.4970703125,0,342,197.598770141602,0,96,99,,,0.571996450424194,0.554663240909576,0.894249975681305,0.587596356868744,0,0,0,0,2.09963130950928,19.851098400719,286.779958050593,131.059392743387,,,,549.184060725594,250.97893866888,,,24156,320.656451003685
2010,PE,26010,Recife,61.078903935659,72.1396748419863,56.54149975609,100,82.62786902323,2.68229684085039,32.9733671308032,97.0294107434286,100,,,,,1.67689156532288,42.3757438659668,55.1026954650879,,,,,,619.662719726562,151.66535949707,144.189605712891,1.45658493041992,427.855072021484,89.2571487426758,116.587951660156,479.883850097656,101.996940612793,127.41138458252,232644,35284,5816.68896484375,882.189331054688,448,7781,194.544692993164,11.2011337280273,3135,7580,,,1.89519190788269,0.783829391002655,2.23343873023987,0.875038623809814,3105,647,77.6328582763672,16.1766376495361,26.9535293579102,16.8924742936727,279.982817514374,146.267566431579,,,,536.167526144943,280.102614671468,,,370595,199.347130904738
2010,PE,26001,Afogados da Ingazeira,90.9275999674241,99.8251757743573,90.9275999674241,100,86.9949066213922,1.48777895855473,30.8319185059423,100,100,,,,,0.406504064798355,57.6866226196289,41.6851425170898,,,,,,687.097595214844,224.887954711914,163.260009765625,3.46184110641479,397.998046875,94.1584396362305,119.06396484375,443.476135253906,106.907806396484,129.171936035156,16725,6137,9041.46875,3317.63793945312,0,360,194.61457824707,0,89,118,,,0.637903332710266,0.481130480766296,0.960233747959137,0.515458345413208,85,4,45.9506645202637,2.1623842716217,1.24337089061737,17.8437993950698,265.661592275074,121.483103380877,,,,508.742357786082,232.640329811635,,,28064,347.591315154566
2010,PE,26009,Petrolina,65.1007248800109,96.4780440014884,64.0409587821639,100,74.6448350589935,1.43490738325072,20.6838430050566,98.1820370816277,100,,,,,1.18350565433502,49.1590881347656,48.561107635498,,,,,,423.322052001953,77.5603332519531,86.5528335571289,18.2156143188477,351.572723388672,60.3736343383789,84.625602722168,389.963287353516,67.3155975341797,90.2785491943359,22611,3527,5083.23681640625,792.913879394531,64,551,123.871719360352,14.3880043029785,221,437,,,0.982430875301361,0.496835768222809,1.07617771625519,0.524038076400757,225,32,50.5828247070312,7.19400215148926,13.0735244750977,19.8756804647857,294.065284697593,107.945541959277,,,,563.135472459205,206.715878868921,,,51729,254.844447366149
2010,PE,26003,Caruaru,68.0629591595563,82.8761330499353,66.4694629300072,91.4905450500556,88.2344018606533,1.67078834670366,29.4519162706037,100,100,,,,,1.29856586456299,46.5919151306152,51.5306396484375,,,,,,650.45361328125,206.081970214844,132.295654296875,8.89830493927002,416.625183105469,106.429481506348,106.183601379395,464.945098876953,121.031936645508,115.034088134766,59515,10442,4686.65234375,822.280456542969,26,1681,132.374404907227,2.04743266105652,547,874,,,0.688252389431,0.430748343467712,0.921010076999664,0.451636105775833,169,14,13.3083124160767,1.102463722229,6.79038953781128,22.2447056984799,254.060384386071,123.611030514046,,,,486.526026836341,236.715313544342,,,164568,285.56076775427
2010,PE,26008,Palmares,89.5328747572086,100,89.5328747572086,96.1338895106318,75.4908942924,5.14184397163121,18.862549598128,100,95.8083223115271,,,,,2.03252029418945,56.1672477722168,41.2891998291016,,,,,,596.108215332031,226.238952636719,134.451553344727,4.93299102783203,476.4013671875,157.966873168945,126.44554901123,529.891235351562,177.665863037109,137.099456787109,33963,7524,5772.91796875,1278.90454101562,0,1066,181.19514465332,0,190,263,,,0.447038680315018,0.322955697774887,0.826469123363495,0.407094150781631,28,0,4.7593469619751,0,2.48624897003174,18.4179042761711,252.83681776886,118.051721016242,,,,484.182894882574,226.069227306001,,,85711,323.341644098525
2010,PE,26004,Garanhuns,85.4891926469598,99.1486864761392,84.8831728503131,100,85.7416064598385,3.42163355408389,30.0998725031874,100,100,,,,,1.34250521659851,46.2110290527344,51.4922904968262,,,,,,632.564392089844,179.699310302734,114.977096557617,16.4610290527344,389.362213134766,84.979606628418,85.3690795898438,434.127838134766,96.3490905761719,92.4919128417969,25636,3796,4880.0546875,722.604431152344,2,694,132.109451293945,0.380718886852264,183,285,,,0.542524397373199,0.348357766866684,0.812120974063873,0.407083660364151,58,14,11.0408477783203,2.66503214836121,4.22769260406494,20.0557370093998,246.915283880599,117.051320498811,,,,472.84314837942,224.153458776535,,,71851,319.769900240662
2010,PE,26005,Goiana,94.4693282054546,100,94.4693282054546,77.293809235733,93.3051018350474,4.60335842501448,25.6100020165356,100,100,,,,,1.63969790935516,53.1823081970215,44.5307426452637,,,,,,618.453552246094,221.106826782227,127.176773071289,3.34029221534729,418.645263671875,118.720176696777,107.751983642578,466.690551757812,134.761734008789,115.841804504395,15823,2427,5107.40625,783.39599609375,0,474,152.999465942383,0,143,265,,,0.855376780033112,0.461580663919449,0.923645555973053,0.450121849775314,49,0,15.8164005279541,0,3.96055579185486,21.7350469389158,258.662662505403,140.647219190061,,,,495.339396513023,269.339641060041,,,37995,280.482311572293
2010,PE,26007,Ouricuri,85.9611814143499,97.4273913682487,85.9611814143499,94.2162242325374,80.7652380246181,2.06232813932172,19.8576301349548,100,97.2415838647486,,,,,1.06544899940491,46.8493156433105,51.3089790344238,,,,,,502.979461669922,149.7919921875,108.695976257324,7.16400241851807,351.471710205078,79.7082443237305,92.1230545043945,387.017059326172,89.6330642700195,97.6470489501953,21976,5582,6544.39111328125,1662.30395507812,0,576,171.531188964844,0,151,171,,,0.509233176708221,0.449673771858215,0.691112875938416,0.47171077132225,39,0,11.6140909194946,0,1.68255412578583,20.5742843289239,212.802682481314,111.468210219433,,,,407.517464235662,213.461794004876,,,50870,365.818609424203
2010,PE,26002,Arcoverde,84.2952399815145,97.126559714795,83.241565986664,92.4967471447159,61.5873933786324,1.49382983329725,21.7146161630765,95.7351452942027,100,,,,,1.73496854305267,38.0047874450684,59.5423278808594,,,,,,536.823303222656,135.545974731445,105.169380187988,15.1212549209595,366.516876220703,74.9524078369141,89.7028732299805,405.631622314453,83.949333190918,95.5244750976562,20218,4638,5160.95751953125,1183.92138671875,6,739,188.641189575195,1.53159296512604,164,186,,,0.474793821573257,0.41863539814949,0.832484602928162,0.466816753149033,78,5,19.9107074737549,1.27632749080658,2.73516964912415,20.7862828800193,253.727516729253,141.15139913066,,,,485.888584761595,270.305146421701,,,53803,324.187544348285
2010,PE,26011,Salgueiro,89.5263428131329,100,89.5263428131329,92.9437706725469,86.2918044836457,0.536672629695885,28.9599411980889,96.4351341418596,99.3752296949651,,,,,1.56727826595306,45.7568817138672,52.1024475097656,,,,,,494.249053955078,128.504760742188,100.96802520752,12.2857141494751,326.16064453125,66.57421875,83.150260925293,359.256164550781,74.7481918334961,89.2020721435547,11153,3387,7874.7998046875,2391.45947265625,0,384,271.130920410156,0,70,85,,,0.600159585475922,0.494249045848846,0.982143521308899,0.534495055675507,72,0,50.8370475769043,0,2.25871825218201,18.5701518687623,241.441147804012,132.457429278415,,,,462.360169373703,253.656180783596,,,19824,327.770518799936
2010,PE,26012,Serra Talhada,69.3351047663706,99.4837662055731,66.9514853118677,100,100,1.1014948859166,33.2644628099174,100,100,,,,,0.710659921169281,56.7512702941895,41.9543151855469,,,,,,598.039123535156,170.681243896484,144.92626953125,4.52554750442505,373.705047607422,80.8879928588867,105.268005371094,413.997863769531,90.8476867675781,113.930633544922,20358,6061,8886.7744140625,2645.77758789062,0,590,257.549713134766,0,96,110,,,0.480177402496338,0.419063925743103,0.886582136154175,0.466426879167557,147,10,64.1691589355469,4.3652491569519,2.39914083480835,18.460466768045,232.128214237647,132.326346810922,,,,444.52588727111,253.405157656745,,,32649,320.009261073088
2010,PE,26006,Limoeiro,93.0939120695096,100,93.0939120695096,82.7317520339177,91.8987051678698,2.89163809807721,32.9666552079753,100,100,,,,,1.03843402862549,43.6977806091309,54.2372894287109,,,,,,609.323608398438,194.824798583984,139.086624145508,2.88870000839233,395.601715087891,98.5051727294922,108.804046630859,440.188385009766,110.755088806152,118.314643859863,30970,5907,5344.30859375,1019.33581542969,0,1051,181.364807128906,0,253,361,,,0.622956216335297,0.436587035655975,0.922872543334961,0.47921034693718,31,10,5.34948539733887,1.72564041614532,2.41261792182922,21.2792245699311,257.050682257653,122.34175451494,,,,492.252451859406,234.284648053946,,,77609,304.372418744783
2010,PI,22009,Vale do Rio Guaribas,98.5766974565512,99.048669176553,98.5766974565512,97.1716807782382,84.2190596288957,0,0.720590884525311,100,100,,,,,0.722570836544037,55.1055335998535,42.8028144836426,,,,,,505.661895751953,168.28254699707,110.19792175293,4.93827152252197,329.076293945312,82.9065093994141,86.5876159667969,364.067596435547,93.3909912109375,93.0612945556641,32267,14173,8758.0205078125,3846.88452148438,0,1042,282.8232421875,0,206,208,,,0.564560770988464,0.55913233757019,0.830284357070923,0.602492213249207,112,68,30.3994274139404,18.4567947387695,2.21128678321838,18.1616464564268,305.52240061522,122.357011122119,,,,585.075867062151,234.313864480157,,,58766,358.081164780732
2010,PI,22004,Entre Rios,99.9174050351891,99.8572262403686,97.9484893656827,100,85.6638454748429,0.394016782196279,0.498468248611039,95.9516711125059,95.5744416230502,,,,,0.922460615634918,50.8460273742676,47.4408302307129,,,,,,496.973876953125,164.346313476562,113.024719238281,2.20687341690063,357.268188476562,99.1051635742188,101.346809387207,397.711334228516,112.027969360352,109.54354095459,75683,17584,6336.3330078125,1472.16784667969,116,2718,227.556427001953,9.71175384521484,790,1675,,,1.40234375,0.661403894424438,1.64097237586975,0.714169681072235,724,89,60.6147384643555,7.45125913619995,16.0884399414062,28.3049653661128,513.068690221121,221.129101290623,,,,982.527330857228,423.462569061263,,,121772,222.045734117145
2010,PI,22002,Chapada das Mangabeiras,99.8075406215491,100,99.8075406215491,92.1044992743106,74.1944847605225,0.613496932515337,0.174165457184325,99.9709724238026,100,,,,,1.02812218666077,62.6549758911133,35.6516494750977,,,,,,380.883911132812,108.898406982422,83.8882446289062,10.3967170715332,272.30615234375,57.0160903930664,74.2883377075195,301.807464599609,65.479736328125,78.6975708007812,12692,4261,6613.10302734375,2220.1728515625,0,324,168.818588256836,0,93,76,,,0.39599421620369,0.484571844339371,0.619522511959076,0.529121220111847,5,0,2.60522508621216,0,1.21507692337036,16.9040407243733,249.540821040406,120.151523203316,,,,477.871056078444,230.090351723677,,,27949,353.862723334888
2010,PI,22006,Serra da Capivara,99.2798987292737,100,99.2798987292737,88.1725021349274,81.6823228010248,0,0.085397096498719,100,100,,,,,0.862068951129913,50.7259521484375,47.9128837585449,,,,,,405.973724365234,144.346206665039,92.9922714233398,2.90598297119141,258.062744140625,63.6713752746582,76.0317840576172,284.395965576172,72.0324478149414,81.4141082763672,14043,4179,9745.451171875,2900.10961914062,0,453,314.369384765625,0,79,62,,,0.430262744426727,0.548237979412079,0.750183939933777,0.549278974533081,0,0,0,0,1.08329057693481,16.5916705173937,257.346521889576,114.563681365832,,,,492.818985209532,219.389626010968,,,24479,379.738021978915
2010,PI,22007,Tabuleiros do Alto Parnaíba,98.9907073940687,100,98.9907073940687,89.5096921322691,76.054732041049,0,0,100,97.6054732041049,,,,,0.621890544891357,75.2487564086914,22.761194229126,,,,,,397.996887207031,126.834175109863,100.592620849609,4.39560461044312,305.359527587891,80.0166625976562,92.9262924194336,341.597747802734,90.132080078125,102.093589782715,2783,984,6085.853515625,2151.80737304688,0,46,100.592620849609,0,20,19,,,0.415491253137589,0.437359213829041,0.745697498321533,0.47016116976738,0,0,0,0,3.32830381393433,16.6108034590458,329.208584958093,207.080706298215,,,,630.434946507373,396.559871044805,,,5187,275.122808919505
2010,PI,22010,Vale do Sambito,99.9933971607791,100,99.9933971607791,85.0940665701881,86.6259334691107,0,0,99.3890020366599,96.0624575695859,,,,,0.499286741018295,42.7960052490234,56.2054214477539,,,,,,581.182800292969,237.160079956055,135.921783447266,3.22580647468567,312.580871582031,94.8693923950195,91.6987991333008,346.106262207031,105.789009094238,98.7409591674805,7424,2580,6959.1953125,2418.47045898438,0,193,180.916580200195,0,48,44,,,0.412452310323715,0.449947983026505,0.664844989776611,0.515096664428711,0,0,0,0,2.46065306663513,17.5957277001059,259.87024101157,124.34247913779,,,,497.651911209551,238.116038783755,,,17458,363.958052450277
2010,PI,22011,Vale dos Rios Piauí e Itaueiras,100,100,100,100,81.2460468058191,0,0.0316255534471853,98.5768500948767,99.3042378241619,,,,,0.879192471504211,60.2735252380371,38.4239654541016,,,,,,521.181701660156,179.020874023438,121.753440856934,3.78578019142151,340.235717773438,82.552375793457,103.916320800781,374.983825683594,93.1782073974609,111.293472290039,15477,5265,7448.13427734375,2533.72290039062,0,408,196.345474243164,0,127,125,,,0.601548612117767,0.611173391342163,0.964523077011108,0.623204350471497,34,5,16.3621234893799,2.40619444847107,3.47743225097656,18.6388744913797,342.062174568708,152.258085089122,,,,655.049590380124,291.574467113895,,,31151,340.021569317931
2010,PI,22001,Carnaubais,99.9405261899361,100,99.9405261899361,77.2552043176561,76.2528912875867,0.934579439252336,0.501156515034695,87.7794911333847,90.8249807247494,,,,,0.723258495330811,41.2637977600098,55.5767021179199,,,,,,473.504241943359,175.004196166992,113.566551208496,4.19397115707397,275.397338867188,74.6692504882812,82.5864486694336,306.007171630859,84.5259094238281,91.6129608154297,10960,3350,6801.5810546875,2078.95043945312,0,296,183.692337036133,0,81,74,,,0.459230840206146,0.502671599388123,0.711342394351959,0.523771405220032,46,0,28.5467834472656,0,1.89153468608856,16.5757464251952,232.895799680271,96.2720619229389,,,,445.995814574258,184.361146645882,,,25635,361.8037092649
2010,PI,22003,Cocais,99.6806664352655,100,99.6806664352655,93.2402055234425,74.5985870263327,0.699300699300699,0.128452151573539,100,100,,,,,0.835654616355896,57.4799270629883,41.0290031433105,,,,,,483.512573242188,168.365982055664,114.021614074707,5.51470565795898,315.769958496094,84.4284591674805,90.3919448852539,349.928405761719,95.9206924438477,98.2296676635742,24141,7794,6130.50244140625,1979.25268554688,0,587,149.066116333008,0,186,169,,,0.429168194532394,0.472338974475861,0.611310720443726,0.514240026473999,4,0,1.01578271389008,0,1.29613876342773,19.2061026149421,243.086091302034,88.2413636679206,,,,465.510238702287,168.982347136557,,,59545,350.583976024983
2010,PI,22008,Vale do Canindé,99.7077228613182,100,99.7077228613182,87.8250591016548,78.9007092198582,0,0.531914893617021,96.3947990543735,100,,,,,1.096067070961,65.3126983642578,32.6241149902344,,,,,,529.056030273438,182.271942138672,123.384086608887,5.47703170776367,327.658508300781,89.2939682006836,92.9228897094727,364.101745605469,102.539726257324,101.694152832031,7565,2530,7071.216796875,2364.86181640625,0,257,240.225082397461,0,50,45,,,0.420627564191818,0.467363983392715,0.720675230026245,0.555695772171021,70,0,65.4309539794922,0,2.1994149684906,17.6408551418487,257.116115579023,120.28123151506,,,,492.377756770464,230.338743340156,,,17897,371.965138752603
2010,PI,22005,Planície Litorânea,90.4911651882493,100,90.4911651882493,100,61.7361894024803,0.21505376344086,0.135287485907554,83.6527621195039,92.0856820744081,,,,,1.26060605049133,74.7151489257812,22.8848476409912,,,,,,495.950897216797,161.890701293945,94.7115707397461,9.10436725616455,342.604461669922,90.7569046020508,84.9628295898438,379.845184326172,103.671859741211,90.1117172241211,21806,6570,8004.96337890625,2411.84106445312,22,813,298.451568603516,8.07618045806885,120,135,,,0.495583802461624,0.440518945455551,0.742825031280518,0.474750936031342,90,11,33.0389213562012,4.03809022903442,3.78626012802124,17.6420162901464,215.285354160391,96.7456668591224,,,,412.271784319367,185.268100827064,,,30553,254.467532472882
2010,PR,41018,18ª RS Cornélio Procópio,80.4010727363372,68.2468325052863,75.2363802025134,100,94.5898778359511,2.79685966633955,46.4223385689354,98.673647469459,97.5916230366492,,,,,0.386235952377319,22.2963485717773,77.1769638061523,,,,,,789.666625976562,248.614822387695,177.024169921875,4.17582416534424,436.156860351562,109.133674621582,122.60424041748,487.756958007812,123.270751953125,133.684356689453,19042,6764,8261.99609375,2934.78295898438,18,649,281.589904785156,7.809889793396,149,199,,,0.863426744937897,0.646485328674316,0.976887047290802,0.655379951000214,164,6,71.1567764282227,2.60329675674438,9.20916175842285,19.1755096406817,293.342551492675,196.9127502009,,,,561.751437260247,377.088219480444,,,14559,126.971082048657
2010,PR,41002,2ª RS Metropolitana,57.3881468712455,42.1257708488823,37.4789660186165,100,89.7587009829174,8.57795033705948,35.3561787796987,99.3426610892456,96.3733025613551,,,,,0.725484669208527,16.2387657165527,82.6105346679688,,,,,,577.23291015625,130.737274169922,109.936096191406,6.12717962265015,415.065124511719,80.4470596313477,92.7164688110352,466.183868408203,92.4937438964844,100.838203430176,225630,28765,6861.654296875,874.775024414062,487,5681,172.765411376953,14.8102016448975,2203,7373,,,2.24220967292786,0.66995632648468,2.02335643768311,0.65945690870285,3017,378,91.7502593994141,11.4953927993774,39.8746871948242,18.6576616677849,387.594685409364,213.364928913735,,,,742.244418667574,408.594167018467,,,110177,63.5942126063207
2010,PR,41011,11ª RS Campo Mourão,88.1843766998557,84.2702741054324,81.3116382470496,100,100,0.882489549465862,34.5712191546543,100,93.1346200830687,,,,,0.274223029613495,14.0996341705322,85.351921081543,,,,,,698.057250976562,220.655334472656,140.256988525391,3.27868843078613,411.75732421875,100.85816192627,99.5872116088867,459.280883789062,115.647125244141,107.811767578125,28850,9778,8465.30078125,2869.10620117188,33,682,200.115615844727,9.68301296234131,198,261,,,0.765838325023651,0.580980777740479,1.02471220493317,0.626901745796204,173,3,50.7624626159668,0.880273938179016,12.8138542175293,19.4704906571439,376.38540750442,203.57468863635,,,,720.778634240083,389.845841830187,,,20552,118.03391301253
2010,PR,41012,12ª RS Umuarama,76.1914632997267,78.7920474889287,76.1914632997267,100,93.2498472816127,1.4760147601476,35.766646304215,100,100,,,,,0.230348408222198,13.6769361495972,86.0351257324219,,,,,,715.265808105469,231.888137817383,141.64778137207,6.04963827133179,385.761260986328,96.5837173461914,96.6200714111328,431.789245605469,110.187683105469,105.409820556641,18919,5708,6996.9560546875,2111.03271484375,40,433,160.1396484375,14.7935009002686,154,266,,,0.983767807483673,0.569549798965454,1.25800240039825,0.575837016105652,160,21,59.1740036010742,7.76658821105957,10.0000371932983,18.9685605347909,410.747668635351,200.786889616728,,,,786.582417153911,384.507202420063,,,10767,73.033842222053
2010,PR,41014,14ª RS Paranavaí,96.4528078575436,89.2619719175819,86.9306086061007,100,90.7335907335907,2.82108389012621,36.2107004964148,96.442360728075,89.9062327633756,,,,,0.580752193927765,25.1106185913086,74.1980056762695,,,,,,708.176391601562,215.237457275391,144.871368408203,3.2412326335907,409.806823730469,95.0181121826172,102.390419006348,459.464721679688,109.102569580078,111.637016296387,20150,5480,7582.228515625,2062.06518554688,16,552,207.711669921875,6.02062797546387,174,200,,,0.752578496932983,0.654743313789368,0.921908676624298,0.667631208896637,95,0,35.7474784851074,0,11.2563171386719,23.7542545391185,374.990518446774,264.635454548949,,,,718.107419549394,506.777302462383,,,12915,88.8289827728066
2010,PR,41017,17ª RS Londrina,80.4595267874205,54.4433624480632,67.3517191345911,99.497132774592,88.1693868548743,2.54327434484092,29.7662108513454,92.3158359064843,89.1662990736656,,,,,0.642618477344513,12.4410934448242,86.5564193725586,,,,,,632.691284179688,184.788177490234,117.940322875977,1.76093912124634,363.935394287109,83.0204162597656,87.4208374023438,407.262725830078,94.6380081176758,95.3975296020508,55177,9972,6209.53515625,1122.23364257812,104,1508,169.708023071289,11.7040014266968,928,1759,,,1.97955179214478,1.04435706138611,2.21709227561951,1.09196078777313,720,88,81.027702331543,9.90338611602783,25.3370246887207,22.8064149211508,455.039113889722,207.735680983364,,,,871.400602934904,397.814148574197,,,29300,59.3781680080882
2010,PR,41008,8ª RS Francisco Beltrão,81.3291148668174,80.5876061692094,79.0238539981589,98.6174070716228,89.3925657298277,1.7877094972067,22.5294650951949,94.8776065276519,89.5738893925657,,,,,0.532268822193146,14.1716566085815,84.8968734741211,,,,,,601.535217285156,179.125106811523,116.126487731934,2.89575290679932,364.709411621094,80.0142211914062,84.1647033691406,408.521331787109,91.8822174072266,91.7362518310547,29800,9205,8651.4228515625,2672.36083984375,10,782,227.027282714844,2.90316224098206,253,279,,,0.809982240200043,0.734499990940094,1.00935685634613,0.740596652030945,288,54,83.6110687255859,15.6770753860474,9.46634101867676,19.5141266151528,384.482079340961,215.74515019068,,,,736.283773259489,413.152294424523,,,19647,114.678065692669
2010,PR,41010,10ª RS Cascavel,51.0791519530037,51.4513730716342,37.7949080922414,100,92.2212861555743,1.96440564137005,49.0311710193766,100,96.9390620612188,,,,,0.383929789066315,20.8281917572021,78.5273513793945,,,,,,554.563659667969,152.649932861328,114.390830993652,1.81184673309326,379.883636474609,82.957405090332,93.4688873291016,423.673828125,94.3036880493164,101.453247070312,41410,11450,8001.5615234375,2212.45776367188,62,1028,198.638137817383,11.9801206588745,329,709,,,1.36998474597931,0.635719299316406,1.4061666727066,0.635332822799683,567,66,109.560134887695,12.7530317306519,14.8822088241577,21.5076996658113,289.633559356684,214.169687560873,,,,554.648711615509,410.135281065428,,,25256,94.5632713430124
2010,PR,41015,15ª RS Maringá,74.9087178969053,56.5591207730282,57.1084973043364,100,100,4.81927710843374,44.7484554280671,100,100,,,,,0.505635738372803,17.06520652771,82.408088684082,,,,,,609.097595214844,168.681396484375,111.741401672363,3.09414076805115,353.260772705078,79.0024719238281,83.2485809326172,396.654144287109,91.0688552856445,91.2733612060547,55405,12958,7405.541015625,1731.99169921875,73,1225,163.735900878906,9.75732326507568,538,1149,,,1.53577601909637,0.719101369380951,1.64050006866455,0.722977578639984,635,62,84.8753433227539,8.28704166412354,29.7960586547852,21.0021847257217,386.156633268923,200.196241434812,,,,739.49054660695,383.376110243294,,,21881,47.5333868948941
2010,PR,41001,1ª RS Paranaguá,66.4718039333211,58.6876734401576,51.3044256673919,100,84.4096385542169,0.460405156537753,22.2409638554217,98.6746987951807,90.0963855421687,,,,,2.69277834892273,39.5593643188477,57.6254577636719,,,,,,660.52197265625,192.836959838867,131.513320922852,8.4451904296875,463.667846679688,112.85758972168,107.058624267578,517.158752441406,129.038360595703,116.073913574219,15669,3194,5788.43359375,1179.92578125,4,325,120.061325073242,1.47767782211304,156,239,,,0.882912516593933,0.576294362545013,1.14510798454285,0.599937200546265,124,16,45.8080139160156,5.91071128845215,18.1588134765625,18.2896678725482,277.237986820646,196.818317666795,,,,530.911171144989,376.9073810324,,,15125,111.743542669794
2010,PR,41006,6ª RS União da Vitória,53.2257497244953,61.0963914745949,43.817557269807,100,95.1638689048761,4.09041980624327,56.03517186251,95.5635491606715,91.7665867306155,,,,,0.394390881061554,22.3049964904785,77.2567901611328,,,,,,649.131225585938,191.478897094727,107.29931640625,5.75342464447021,437.937591552734,112.452369689941,81.2450561523438,491.276275634766,127.748481750488,89.1531982421875,13358,3280,7918.80810546875,1944.42956542969,20,251,148.796295166016,11.8562784194946,70,164,,,0.972214818000793,0.414969742298126,1.02838397026062,0.411709249019623,73,6,43.2754135131836,3.5568835735321,8.57505321502686,24.4909047970014,305.286458378518,235.597009560543,,,,584.624037315995,451.168635649356,,,8460,100.450286498259
2010,PR,41016,16ª RS Apucarana,98.6813650052116,92.3959773981285,97.8223899429179,100,93.5191049187249,2.8292438657987,34.621068186616,98.4800506649778,100,,,,,0.434962719678879,12.6346311569214,86.8682708740234,,,,,,669.384887695312,213.897994995117,129.412536621094,1.73068809509277,399.170867919922,103.506637573242,98.5508117675781,445.576446533203,117.929428100586,107.007232666016,27805,6979,7856.583984375,1971.98693847656,72,723,204.290954589844,20.3443279266357,268,424,,,1.19805490970612,0.757261097431183,1.32428860664368,0.790532529354095,233,12,65.8365020751953,3.39072132110596,11.6770792007446,17.4827473489876,317.567507657841,156.429554762585,,,,608.142265573773,299.562837954169,,,12631,60.6695172432479
2010,PR,41003,3ª RS Ponta Grossa,55.9710682314952,52.7599429437339,40.86039344195,99.9037021185534,89.3216349240317,4.28387096774194,40.4130109137599,95.8912903916114,91.8467793708538,,,,,0.674891889095306,18.5806179046631,80.6179504394531,,,,,,655.076904296875,154.696960449219,125.052391052246,13.4720420837402,471.717895507812,99.2704620361328,105.090759277344,525.168090820312,112.498435974121,113.777565002441,43731,11001,7450.49853515625,1874.25244140625,45,1174,200.015670776367,7.66669940948486,306,642,,,1.09378242492676,0.521335601806641,1.17858469486237,0.524955928325653,440,65,74.9632873535156,11.0741214752197,17.2243480682373,20.0678156185124,272.710160684264,186.146407582176,,,,522.24037713016,356.470656807287,,,25207,79.9708719212382
2010,PR,41022,22ª RS Ivaiporã,80.4724592336542,92.9588818373718,74.980018171509,100,94.5423536100057,7.59162303664921,26.1512222853894,100,94.6560545764639,,,,,0.855614960193634,27.5401077270508,71.4973297119141,,,,,,753.172241210938,231.094955444336,139.50244140625,7.95135641098022,415.056121826172,93.8931121826172,97.0063781738281,463.786346435547,106.320434570312,104.96297454834,12981,5278,9145.8642578125,3718.65600585938,30,460,324.096588134766,21.1367340087891,81,92,,,0.648193180561066,0.570691823959351,0.832787275314331,0.621596097946167,53,11,37.3415641784668,7.75013542175293,4.08361673355103,19.9437534947665,314.796831142748,210.657248606405,,,,602.836415786155,403.4089550656,,,12517,190.12634159961
2010,PR,41020,20ª RS Toledo,48.4273206473333,51.2245332377309,33.3363209106136,100,96.5367022435199,3.0730636563186,26.5955129601394,100,98.1703332607275,,,,,0.396328747272491,22.2987060546875,77.0337905883789,,,,,,634.449401855469,176.311889648438,107.15389251709,6.33347702026367,381.005249023438,84.0098571777344,77.8108749389648,427.424041748047,96.3071212768555,84.9282608032227,26930,10333,7361.36279296875,2824.54370117188,18,728,199.000076293945,4.9203314781189,145,320,,,0.874725639820099,0.396360039710999,1.13126623630524,0.407430797815323,559,25,152.803634643555,6.83379411697388,23.403284072876,18.4465596004987,288.014460909799,211.617236406513,,,,551.5481355996,405.24733317924,,,11661,57.9355950776635
2010,PR,41019,19ª RS Jacarezinho,81.79520315565,81.8219037142257,77.5231137835404,100,100,5.91814159292035,42.6142401700319,100,100,,,,,0.695745229721069,24.939790725708,74.2039031982422,,,,,,808.680419921875,260.159606933594,166.74186706543,3.44376635551453,466.792053222656,122.28638458252,118.802856445312,519.224182128906,138.422454833984,129.964263916016,23893,7374,8422.755859375,2599.48120117188,16,791,278.843170166016,5.6403169631958,136,221,,,0.779068768024445,0.479426950216293,1.02133798599243,0.508774220943451,154,1,54.2880516052246,0.352519810199738,6.22444248199463,20.1408756007301,279.762061349955,192.907622965117,,,,535.744777750564,369.418394664159,,,17558,113.254884856144
2010,PR,41005,5ª RS Guarapuava,72.3163189001698,79.3103824159725,66.9466675677856,100,91.944084161983,2.50836120401338,34.4718259115146,100,91.6126242974492,,,,,0.900267243385315,29.5118865966797,69.5737762451172,,,,,,623.900146484375,202.189865112305,109.093658447266,3.34757828712463,455.976593017578,126.482292175293,96.7240829467773,507.886016845703,143.204895019531,103.898086547852,37823,10547,8403.7666015625,2343.40283203125,29,1031,229.074462890625,6.44341373443604,203,337,,,0.748769104480743,0.451038956642151,0.910965383052826,0.473590880632401,285,16,63.3232002258301,3.55498671531677,6.77491617202759,18.2581650237671,248.144012570828,160.046563406812,,,,475.196165710954,306.489415070711,,,37285,177.398389707548
2010,PR,41007,7ª RS Pato Branco,78.2150380910282,74.4123070061208,63.7942088893668,100,87.4731759656652,1.34459036898061,35.3540772532189,100,92.5965665236051,,,,,0.841883718967438,13.8910808563232,85.0828704833984,,,,,,604.630554199219,154.298568725586,108.362358093262,9.67532444000244,407.811340332031,87.5651779174805,87.9741592407227,454.922607421875,100.012084960938,94.6609039306641,23221,6897,9116.96484375,2707.88110351562,48,557,218.687789916992,18.8456268310547,170,270,,,1.06006646156311,0.667449295520782,1.19807147979736,0.643499612808228,166,19,65.1744613647461,7.45972728729248,11.8554697036743,19.2824536292933,411.06046211376,216.654176068369,,,,787.181417146131,414.893080378351,,,14545,116.026938817819
2010,PR,41013,13ª RS Cianorte,90.5181856480831,68.6673220053363,69.4747928661705,90.9823677581864,91.2342569269521,7.27611940298507,34.0554156171285,94.7607052896725,97.3299748110831,,,,,0.57202285528183,13.3125324249268,86.0634460449219,,,,,,645.649780273438,210.627746582031,127.340309143066,1.49253726005554,391.197387695312,99.6451034545898,95.2501068115234,435.30810546875,111.552780151367,104.043838500977,11539,3273,7942.59375,2252.89086914062,15,230,158.314971923828,10.3248901367188,97,142,,,0.977422893047333,0.667676210403442,1.07361650466919,0.681098580360413,65,11,44.7411880493164,7.57158613204956,16.904598236084,21.3612783196371,395.133696526739,245.279310332723,,,,756.681636552113,469.710256519159,,,3605,39.9748662179055
2010,PR,41021,21ª RS Telêmaco Borba,84.9615156897572,76.3624573571288,69.9506611407144,92.739965095986,92.3560209424084,0.868432479374729,24.5375218150087,97.5916230366492,100,,,,,0.972326099872589,29.319372177124,69.5587158203125,,,,,,685.420776367188,217.701889038086,148.536178588867,5.12820529937744,482.354034423828,126.760498046875,126.122314453125,542.367431640625,145.669357299805,136.483703613281,14018,6153,7947.25244140625,3488.33251953125,10,254,144.000732421875,5.66932010650635,86,112,,,0.634963810443878,0.487561523914337,0.706397235393524,0.490537911653519,89,0,50.4569473266602,0,7.89906358718872,18.433342632179,265.048242429369,188.755515479614,,,,507.567791888243,361.467102443608,,,13602,148.808434815386
2010,PR,41004,4ª RS Irati,72.3420023839375,74.4474020640205,63.7820611794932,98.8591487494515,100,0.351906158357771,21.4567792891619,100,100,,,,,0.755350410938263,12.1695337295532,87.0751190185547,,,,,,660.250915527344,212.571563720703,155.926422119141,4.52029514312744,439.276947021484,113.615592956543,118.379417419434,488.319763183594,127.644729614258,128.84065246582,13492,3868,8217.8095703125,2355.95068359375,20,284,172.980880737305,12.181752204895,82,112,,,0.68217808008194,0.499451816082001,0.840693175792694,0.501888155937195,100,2,60.9087600708008,1.21817517280579,5.5755877494812,20.7303582787634,264.913087008343,190.811040715878,,,,507.308969049114,365.403436432387,,,9534,109.80245336261
2010,PR,41009,9ª RS Foz do Iguaçu,64.6212451070701,59.0637081899277,46.9821918137919,95.2427027898726,87.2762457668118,2.61933482681372,29.5920012901145,100,100,,,,,1.56983327865601,24.0815658569336,74.1867599487305,,,,,,565.35498046875,137.43017578125,95.8228759765625,3.79125785827637,438.180145263672,91.4265975952148,89.6634216308594,489.75048828125,103.332901000977,97.3649749755859,26722,4842,6738.36572265625,1220.98522949219,34,638,160.881576538086,8.5736255645752,257,459,,,1.15743947029114,0.648065268993378,1.59980082511902,0.719428062438965,347,44,87.5014190673828,11.0952806472778,16.1895275115967,24.1662838905512,410.890998492437,202.174993796893,,,,786.856894050668,387.165424059938,,,19823,96.5924573740077
2010,RJ,33001,Baia da Ilha Grande,96.2376597010894,78.3207485850072,77.8016013371207,100,90.493862403654,9.39194975735084,6.28033114473309,97.2594918641165,100,,,,,0.676056325435638,18.6760559082031,80.0563354492188,,,,,,536.576110839844,158.195358276367,119.149688720703,4.80120038986206,413.727416992188,109.17601776123,110.653915405273,460.881378173828,123.521011352539,120.317481994629,11299,1908,4548.21728515625,768.032470703125,8,286,115.124359130859,3.22026181221008,203,563,,,2.26625919342041,0.817141473293304,2.04647636413574,0.802650272846222,145,15,58.3672485351562,6.03799104690552,21.1108283996582,26.2285579869448,927.868926435394,664.215678053022,,,,1776.8704211575,1271.97404501471,,,9702,76.6115857383499
2010,RJ,33007,Noroeste,84.262779198433,82.649583081535,79.5741209882203,100,100,9.33002481389578,4.83870967741935,100,100,,,,,0.583515703678131,37.2234382629395,61.3907127380371,,,,,,807.580200195312,218.385375976562,160.743515014648,6.91685056686401,403.743011474609,85.6919860839844,105.309539794922,448.395080566406,97.0638046264648,114.498291015625,31053,10359,9226.5595703125,3077.89672851562,66,1159,344.365509033203,19.6101150512695,197,535,,,1.58960783481598,0.585332214832306,1.76624739170074,0.523679196834564,453,26,134.596694946289,7.72519683837891,12.8262042999268,22.1355182392732,564.191105346193,235.830112162886,,,,1080.42683444643,451.615027491348,,,19877,111.596348906233
2010,RJ,33002,Baixada Litorânea,64.3436403264601,50.4149387086491,55.5212548368843,100,80.3498363338789,5.57487725040917,2.51636661211129,96.6243862520458,95.8674304418985,,,,,1.40612077713013,40.1468162536621,56.5239868164062,,,,,,630.296997070312,163.239273071289,143.754470825195,8.56423187255859,413.680969238281,94.3572692871094,113.169815063477,462.050598144531,107.045753479004,123.020408630371,25048,3948,3615.22290039062,569.821960449219,58,1060,152.991714477539,8.37124443054199,404,1040,,,1.5010507106781,0.583100497722626,1.8198436498642,0.499604552984238,336,49,48.4954833984375,7.07225847244263,15.7001247406006,27.4109457868604,537.917866151929,299.219710574443,,,,1030.11354098199,573.006205940721,,,36869,108.747470456981
2010,RJ,33003,Centro-Sul,95.8032051563943,92.3100118732763,93.3908569490077,100,97.5006125949522,8.2312200319659,1.17618230825778,100,100,,,,,1.9485205411911,30.5749340057373,66.8751525878906,,,,,,809.791137695312,282.413909912109,182.0341796875,5.30705070495605,453.992584228516,140.670532226562,128.747589111328,508.959686279297,160.037750244141,140.532272338867,21413,6222,6573.18359375,1909.9775390625,28,893,274.125671386719,8.59520530700684,284,603,,,1.85103893280029,0.871799409389496,2.27496671676636,0.876020312309265,214,14,65.6919326782227,4.29760265350342,14.5136184692383,19.0483009989337,506.232286935789,200.210967478474,,,,969.435608051641,383.404310639556,,,18043,113.889899471435
2010,RJ,33004,Médio Paraíba,79.5687622734511,66.9429048902493,62.7558926632193,99.6187709902877,82.7811563946628,10.3567214305165,1.37968593991105,100,94.3904874285196,,,,,1.00319194793701,16.1149120330811,82.4988632202148,,,,,,694.332946777344,207.13005065918,160.565933227539,2.97324085235596,417.624847412109,105.005599975586,120.140083312988,465.991394042969,119.394592285156,130.314361572266,51877,12705,5949.7705078125,1457.1357421875,74,1496,171.576156616211,8.48705577850342,613,1883,,,2.15961170196533,0.70304936170578,2.38919234275818,0.677932262420654,1173,235,134.531311035156,26.9521369934082,31.7926273345947,21.0319872983712,466.78777392647,277.451775538017,,,,893.899304974353,531.320576867555,,,34832,79.3020178276793
2010,RJ,33005,Metropolitana I,33.4100501752351,30.2425556592118,20.4941882453796,100,74.7351571594878,7.64697322467986,1.97176949941793,100,94.3036961583236,,,,,2.83389735221863,36.6086349487305,59.0078773498535,,,,,,800.1142578125,216.115280151367,176.591323852539,7.15828657150269,454.413330078125,105.446090698242,128.595642089844,517.296691894531,122.534027099609,140.095489501953,329874,64679,3276.68408203125,642.465454101562,629,15619,155.145690917969,6.24794387817383,8621,24055,,,2.38941645622253,0.856335818767548,2.47493577003479,0.848471283912659,13124,2554,130.362503051758,25.369234085083,39.7435188293457,17.91203390983,341.693269073455,186.082452259694,,,,654.34313578935,356.348182266372,,,397556,84.4790701378009
2010,RJ,33009,Serrana,59.7366822392224,49.8208170484541,44.348560031396,100,88.2595772787318,8.07463672391017,1.28797886393659,99.3807793923382,98.5138705416116,,,,,1.85860991477966,28.575065612793,69.0061950683594,,,,,,777.893005371094,226.854049682617,172.159286499023,4.92733573913574,435.408081054688,105.997108459473,123.184913635254,484.669067382812,119.865447998047,133.231201171875,51305,12161,5523.84765625,1309.33654785156,68,2139,230.299392700195,7.32134580612183,430,2049,,,2.20609378814697,0.462967455387115,2.29252338409424,0.466681957244873,794,66,85.4874801635742,7.10601186752319,22.8165435791016,24.7580008840475,462.80728560907,245.487770704198,,,,886.276663724665,470.10945845114,,,39423,85.1597745434622
2010,RJ,33008,Norte,44.3962494740849,30.3495582313225,18.6721144791938,100,92.4959655728887,17.0790747713825,0.833781603012372,100,100,,,,,1.05432593822479,19.5251502990723,78.0925521850586,,,,,,690.488464355469,177.895690917969,138.636764526367,10.2002716064453,453.131652832031,99.2567520141602,114.515815734863,504.885833740234,112.464683532715,123.071495056152,47593,8823,5577.4638671875,1033.97485351562,90,1789,209.654418945312,10.5471754074097,708,1786,,,2.09302854537964,0.829711139202118,2.26600217819214,0.643729329109192,863,209,101.135696411133,24.4928855895996,26.9961986541748,22.6003116104204,963.545749568932,397.927522962087,,,,1845.19159232808,762.031818472624,,,41676,99.733958476147
2010,RJ,33006,Metropolitana II,78.4132183985426,52.9946154093128,66.8703710800149,98.5718548834037,80.8116980005968,8.4367139872959,1.93119324721831,99.5736880248966,88.7325744980177,,,,,1.34164690971375,23.6465282440186,74.4012069702148,,,,,,765.723022460938,194.463729858398,158.978012084961,9.86928939819336,439.975982666016,92.4979782104492,115.44034576416,492.046142578125,105.154876708984,124.908149719238,96707,29301,4888.4853515625,1481.14929199219,52,3047,154.024169921875,2.62857127189636,1217,4268,,,2.15745043754578,0.615186750888824,2.3020977973938,0.618320822715759,2173,506,109.843948364258,25.5780200958252,31.631519317627,19.0383572487069,293.275459573302,128.395649085504,,,,561.622956131463,245.877865467278,,,87323,86.4934199271373
2010,RN,24004,4ª Região de Saúde - Caicó,93.0646150973095,95.4526658396361,92.0641749036243,100,88.3917775090689,2.33722871452421,25.8524788391777,100,100,,,,,0.809102416038513,33.0467758178711,65.9165649414062,,,,,,603.100830078125,190.783538818359,124.65406036377,7.01754379272461,304.042236328125,62.1076507568359,88.1679992675781,336.888427734375,71.0778884887695,94.8792343139648,21309,5983,7045.76513671875,1978.26318359375,4,860,284.356750488281,1.32258951663971,136,223,,,0.737343668937683,0.449680417776108,0.812979221343994,0.491094022989273,66,5,21.8227272033691,1.65323686599731,3.20926332473755,20.4867065739304,306.446851952504,150.900621246628,,,,586.846192794828,288.974921767782,,,38467,276.25328670018
2010,RN,24008,8ª Região de Saúde - Açu,100,100,98.9358746388086,100,87.3640600725013,3.66197183098592,25.3754531330917,100,100,,,,,0.894117653369904,71.9529418945312,26.0235290527344,,,,,,458.880157470703,168.526779174805,80.5409088134766,1.62241888046265,292.0595703125,77.5422515869141,67.5768127441406,325.179809570312,88.8628387451172,73.6012573242188,7726,1535,5229.06787109375,1038.91003417969,0,201,136.039688110352,0,82,98,,,0.663278102874756,0.554987788200378,0.899147868156433,0.624530434608459,5,0,3.38407182693481,0,7.36441707611084,21.419414078985,320.640223792108,186.094830423726,,,,614.026521696637,356.371886469531,,,18760,276.940061807047
2010,RN,24003,3ª Região de Saúde - João Câmara,100,100,100,71.1925439525524,74.1458333333333,1.44173007609131,11.8333333333333,100,100,,,,,1.48464512825012,58.4095993041992,39.3736000061035,,,,,,450.60009765625,142.247085571289,110.233940124512,3.55227875709534,298.014099121094,72.5279998779297,87.9792633056641,331.206573486328,81.9373245239258,95.3890838623047,14635,2741,4419.927734375,827.811584472656,0,435,131.374694824219,0,153,167,,,0.504357993602753,0.462076514959335,0.816259682178497,0.532445013523102,1,0,0.302010774612427,0,4.27526473999023,22.3398164374102,346.263358048732,208.320310065908,,,,663.09486320566,398.933714166409,,,43580,303.295900153354
2010,RN,24006,6ª Região de Saúde - Pau dos Ferros,98.4584496430923,96.7209737298166,98.4584496430923,96.1114030478192,77.4829217025749,0,18.8649500788229,96.3215974776668,99.8160798738833,,,,,0.572519063949585,35.9596519470215,63.1952018737793,,,,,,557.573486328125,157.575119018555,120.807594299316,1.95652174949646,309.828674316406,55.6889915466309,78.3301010131836,344.261810302734,62.9068603515625,85.0543594360352,21460,8912,8670.671875,3600.79345703125,0,913,368.887390136719,0,143,181,,,0.731310188770294,0.577775418758392,0.988177835941315,0.652017593383789,20,0,8.08077526092529,0,2.63796925544739,22.6923587653483,387.983753928563,216.614084937749,,,,742.989485480215,414.816305801554,,,37594,338.598510809809
2010,RN,24002,2ª Região de Saúde - Mossoró,93.0792627618395,97.8532167586683,86.559280384687,100,76.5935521860739,1.93258426966292,16.4139555424702,93.6405122920654,100,,,,,1.0246856212616,73.9636688232422,24.5769290924072,,,,,,491.206390380859,132.704055786133,93.9893798828125,3.82687926292419,317.453430175781,63.6271896362305,72.8207550048828,353.693939208984,72.6544570922852,78.9787826538086,22568,4453,5050.36279296875,996.51123046875,27,736,164.705200195312,6.04217433929443,280,400,,,0.895136952400208,0.626595854759216,1.20742785930634,0.645673453807831,174,22,38.9384574890137,4.92325305938721,13.8636569976807,24.0460382892003,401.736417012348,194.372179336292,,,,769.325856436834,372.2230223674,,,43211,207.373201920625
2010,RN,24001,1ª Região de Saúde - São José de Mipibu,99.4587506231024,99.9150314949925,99.4587506231024,68.1993681993682,78.1934149284606,4.60577673692428,14.1699706947078,100,98.5174969832787,,,,,1.57283294200897,55.6568374633789,40.6970520019531,,,,,,471.792602539062,159.953262329102,101.257369995117,2.77122640609741,304.709930419922,73.3696212768555,83.6380310058594,338.547332763672,83.3570709228516,90.1506195068359,17048,2759,4742.40576171875,767.497497558594,0,426,118.504508972168,0,202,236,,,0.656503856182098,0.561922788619995,0.9494269490242,0.574649512767792,1,0,0.278179585933685,0,2.78708124160767,20.9081996621675,301.857471295945,155.055696062716,,,,578.057521779192,296.931896430967,,,47474,301.808786437315
2010,RN,24005,5ª Região de Saúde - Santa Cruz,99.7707226283279,100,99.7707226283279,80.3125,74.8611111111111,1.21951219512195,16.7013888888889,97.2222222222222,100,,,,,0.798548102378845,54.3738670349121,43.4482765197754,,,,,,482.789123535156,170.581985473633,97.4002075195312,4.4711012840271,250.876739501953,59.3655014038086,71.1701278686523,280.512939453125,67.3549118041992,77.0872573852539,10954,2689,5767.14501953125,1415.72509765625,0,391,205.856643676758,0,109,98,,,0.515957832336426,0.573871493339539,1.01401507854462,0.631521880626678,0,0,0,0,5.56392097473145,21.6598244960812,324.157218352604,171.094769648281,,,,620.761571689015,327.646747014924,,,27476,332.307170634131
2010,RN,24007,7ª Região de Saúde - Metropolitana,65.4998349554811,51.9632541090914,47.8224896642486,100,70.9531174996,0.578381622742402,21.6704890927516,90.9755186943304,97.8132167048909,,,,,1.98264503479004,40.6140174865723,56.0577774047852,,,,,,484.500671386719,117.297561645508,100.011604309082,1.64797830581665,325.573364257812,61.4715423583984,85.2898483276367,362.954406738281,69.6508255004883,92.5644226074219,55542,8146,4571.888671875,670.530517578125,149,2293,188.746185302734,12.2647981643677,953,2446,,,2.01340246200562,0.784453153610229,2.60217452049255,0.822646915912628,851,235,70.0492782592773,19.3438091278076,28.8691940307617,21.4173124260252,372.219923700899,177.50681057173,,,,712.801726349954,339.92581524485,,,81862,133.25102584699
2010,RO,11005,Zona da Mata,73.7666785370622,100,73.7666785370622,100,95.952023988006,4.85327313769752,38.7306346826587,100,100,,,,,0.229990795254707,65.2713928222656,34.1306343078613,,,,,,427.094085693359,125.020774841309,79.4929809570312,10.4906940460205,349.390258789062,84.0098037719727,77.0225372314453,389.423400878906,96.9172897338867,82.3021240234375,11753,5324,8493.4638671875,3847.46020507812,0,262,189.337829589844,0,52,57,,,0.411918163299561,0.375784993171692,0.717243492603302,0.438656717538834,27,0,19.5119132995605,0,16.0684223175049,24.763821667758,402.865787523584,222.862795865946,,,,771.488602702787,426.782596839376,,,11443,178.843390956393
2010,RO,11001,Vale do Jamari,56.0675736961451,95.3668934240363,53.2648526077097,95.5451636721634,89.1213389121339,3.60766629086809,13.7336943145459,100,96.5542702436623,,,,,1.15759015083313,42.0678787231445,55.8011054992676,,,,,,405.561981201172,93.4899368286133,87.7839813232422,6.81818199157715,386.774475097656,88.0488433837891,91.9182205200195,429.422637939453,98.551643371582,99.032585144043,14279,5115,6267.33740234375,2245.07543945312,5,270,118.508377075195,2.19459962844849,88,148,,,0.649601459503174,0.386249512434006,0.84031218290329,0.445723176002502,218,7,95.6845397949219,3.07243943214417,3.13696050643921,20.4057283182,311.550753765426,168.837751992127,,,,596.620172616216,323.324554732165,,,18016,175.196399305926
2010,RO,11003,Central,65.5925155925156,94.4376503200033,63.3158044922751,100,83.8446601941748,5.60230292294066,30.9126213592233,98.0582524271845,99.3980582524272,,,,,0.853765308856964,52.4080543518066,45.6217155456543,,,,,,448.369262695312,101.850379943848,89.0479583740234,14.467004776001,371.184600830078,76.3574142456055,86.4851226806641,412.338439941406,86.6228256225586,92.3112411499023,25544,8759,7267.2236328125,2491.92016601562,6,560,159.319030761719,1.70698952674866,123,194,,,0.551926612854004,0.349932849407196,0.892399907112122,0.412309110164642,197,15,56.0461578369141,4.26747369766235,5.81798934936523,19.71227791291,310.623285964298,153.749197409871,,,,594.84407035064,294.429949501414,,,28054,175.503612511378
2010,RO,11006,Cone Sul,54.3824412148798,93.1909304048326,54.3824412148798,84.1942604856512,95.9823399558499,1.00158144438587,38.8962472406181,100,100,,,,,1.13584733009338,14.4934120178223,83.5074996948242,,,,,,458.347259521484,112.987930297852,102.328689575195,5.89147281646729,384.583099365234,88.3081970214844,102.265525817871,428.932098388672,101.991600036621,110.283096313477,10673,3944,7584.4033203125,2802.66918945312,10,304,216.027236938477,7.10615873336792,60,101,,,0.717722058296204,0.426369547843933,0.838882088661194,0.487482488155365,77,0,54.7174224853516,0,7.50055074691772,21.4642809200788,431.259753253299,241.867116553641,,,,825.863090744234,463.17590018437,,,7422,116.014353919315
2010,RO,11002,Café,40.2815773259396,91.4349969192853,40.2815773259396,95.2837140751658,86.5143699336772,8.90383854372774,42.3728813559322,94.8047162859248,98.2313927781872,,,,,0.676751613616943,41.9187889099121,57.3248405456543,,,,,,438.838745117188,123.214752197266,90.4384155273438,8.99031829833984,365.837066650391,91.4976119995117,91.0455322265625,408.665893554688,104.883689880371,97.9235534667969,11444,3745,6946.15576171875,2273.099609375,0,385,233.683151245117,0,119,164,,,0.995429515838623,0.722293376922607,1.43350958824158,0.803020298480988,165,17,100.149917602539,10.3184766769409,6.73007488250732,21.1491556570089,342.53978637666,175.288260698111,,,,655.964217726903,335.677288824808,,,12519,163.320608546746
2010,RO,11004,Madeira-Mamoré,85.2275762650781,76.7619935977613,65.8873036399483,100,76.5596672709822,5.58315334773218,9.40599338807721,98.9655540151434,98.0590807294444,,,,,4.72281360626221,50.7651786804199,41.2891464233398,,,,,,490.666839599609,107.098915100098,104.285453796387,7.60703372955322,501.630828857422,111.730728149414,120.632751464844,554.462707519531,125.649406433105,128.075881958008,25202,4641,4726.98193359375,870.483459472656,57,1149,215.510772705078,10.6911354064941,353,688,,,1.29043877124786,0.66210013628006,1.65374982357025,0.848304033279419,477,82,89.4679183959961,15.3802289962769,17.6938285827637,17.5470488679237,302.428597489324,198.421517775665,,,,579.151229317886,379.977511706558,,,32258,143.510010951025
2010,RO,11007,Vale do Guaporé,48.072457036693,100,48.072457036693,100,100,44.1558441558442,55.2268244575937,100,100,,,,,0.842696607112885,39.4662933349609,59.4101104736328,,,,,,278.953216552734,54.3722381591797,56.7362480163574,7.6271185874939,264.782287597656,45.855167388916,63.9708671569824,294.339385986328,51.0950126647949,66.9708099365234,2857,1016,6753.9775390625,2401.83447265625,0,92,217.488952636719,0,12,7,,,0.165480718016624,0.283681243658066,0.329779446125031,0.342781484127045,0,0,0,0,1.52951467037201,18.051743581452,333.591653545136,169.118106783715,,,,638.828529592583,323.861434589234,,,4400,249.365876731367
2010,RR,14001,Centro Norte,82.4171458621518,61.2208910177998,66.8083294273661,100,71.69901749341,5.47710740265297,24.1552839683681,95.2072849269111,92.3436376707405,,,,,4.90369844436646,53.7279930114746,41.0374565124512,,,,,,365.705841064453,78.031120300293,75.9502868652344,5.12091016769409,380.773651123047,82.3979797363281,88.4759750366211,423.53076171875,92.2417984008789,94.2873611450195,28412,5480,7390.0673828125,1425.36840820312,20,775,201.580383300781,5.20207452774048,278,528,,,1.37334764003754,0.723088383674622,1.23731338977814,0.773223340511322,21,8,5.46217823028564,2.08082985877991,7.37342071533203,20.4734832316493,362.32969708315,201.940115004944,,,,693.861927166103,386.715630812121,,,32798,214.319286262045
2010,RR,14002,Sul,86.083762760624,100,86.083762760624,100,71.5283165244375,9.13793103448276,18.3863460046548,100,100,,,,,3.29411768913269,61.9607849121094,34.3529396057129,,,,,,314.693786621094,78.0010223388672,48.4144287109375,1.28205132484436,355.932678222656,87.286262512207,58.6819801330566,398.907257080078,100.119850158691,63.6018676757812,4754,1211,6393.39404296875,1628.60754394531,0,93,125.070602416992,0,36,21,,,0.282417505979538,0.484144270420074,0.416902005672455,0.52112752199173,0,0,0,0,0.540627777576447,17.2207560422508,227.693998938533,96.4951199039093,,,,436.03435815362,184.788303022497,,,9415,307.924768400043
2010,RS,43022,Região 22 - Pampa,63.7863310694419,64.5006089465773,51.773625481397,100,87.5968992248062,0.601295097132285,18.4323858742463,95.3919035314384,96.8992248062015,,,,,1.66666662693024,31.625,66.5833358764648,,,,,,859.136047363281,219.479476928711,206.600479125977,3.93504071235657,430.098266601562,93.4077682495117,124.953407287598,479.191864013672,105.404052734375,137.403411865234,12227,3783,6561.3095703125,2030.05102539062,42,318,170.646636962891,22.5382347106934,103,199,,,1.06788301467896,0.552723348140717,1.4613630771637,0.603836834430695,218,35,116.984169006348,18.7818622589111,6.05956554412842,16.6652476121578,274.376834739579,160.872978242503,,,,525.432060509382,308.07200075206,,,12480,139.188508430665
2010,RS,43018,Região 18 - Araucárias,64.6509960098571,65.823625002861,58.5627856232786,100,95.8770614692654,13.2796780684105,14.9175412293853,100,100,,,,,0.833965122699738,13.1918115615845,85.3677062988281,,,,,,694.944030761719,211.238494873047,115.568893432617,2.09251093864441,324.243774414062,67.8983688354492,68.0778503417969,363.540252685547,77.4237899780273,74.0845642089844,8279,2211,6336.3896484375,1692.2041015625,0,362,277.059204101562,0,66,118,,,0.903121113777161,0.505135536193848,1.03744125366211,0.512597799301147,141,0,107.915321350098,0,6.61804103851318,18.2579215031093,357.584598026572,273.83659572195,,,,684.77505517494,524.397501959751,,,6563,98.3988022955995
2010,RS,43001,Região 01 - Verdes Campos,59.1024541649967,35.0247467074296,31.7955577096946,100,82.2181670721817,3.59267190102308,21.2692619626926,91.6261151662612,95.154095701541,,,,,1.52121698856354,28.4427547454834,69.9159317016602,,,,,,765.547119140625,207.24755859375,136.285247802734,7.39717626571655,368.959533691406,72.5907516479492,87.8056259155273,411.773529052734,82.5391235351562,94.7278518676758,23676,5687,5563.25732421875,1336.30029296875,32,815,191.504257202148,7.5191855430603,416,1007,,,2.3661937713623,0.977494120597839,2.6790623664856,0.959929764270782,549,38,129.001022338867,8.92903327941895,15.6241626739502,17.1980812159734,230.1134341982,163.73112240808,,,,440.6675803969,313.545351224876,,,20463,97.9224695679509
2010,RS,43013,Região 13 - Diversidade,86.6888379878425,83.2803277244296,73.0644877103339,96.7667436489607,90.4157043879908,2.29885057471264,14.626635873749,96.4588144726713,93.7259430331024,,,,,0.655611276626587,22.020824432373,77.0150375366211,,,,,,686.058044433594,188.665969848633,126.656875610352,4.16666650772095,321.235961914062,65.1079864501953,74.2900695800781,358.413055419922,73.6379852294922,80.8738174438477,15289,3367,6723.80908203125,1480.74194335938,25,519,228.246246337891,10.9945201873779,189,294,,,1.29295563697815,0.831185758113861,1.52900791168213,0.83107578754425,203,13,89.275505065918,5.71715068817139,14.429648399353,23.1786292042827,402.461390842822,275.809866716586,,,,770.714182437178,528.176318949308,,,12217,108.115162647269
2010,RS,43014,Região 14 - Fronteira Noroeste,84.3587074425277,81.4089891178838,79.9498757829175,100,95.7758620689655,4.01505646173149,17.0258620689655,97.8879310344828,96.2068965517241,,,,,0.341296941041946,11.3054609298706,88.2679214477539,,,,,,754.268920898438,231.85026550293,149.817581176758,5.38065242767334,352.039276123047,79.2232818603516,90.1183853149414,393.01513671875,90.8059997558594,98.0263977050781,16827,5025,7265.07373046875,2169.54858398438,20,614,265.095092773438,8.63501930236816,164,229,,,0.988709688186646,0.70807158946991,1.28964018821716,0.718001842498779,261,7,112.687004089355,3.02225685119629,11.8096837997437,17.9166967886046,425.786663226709,209.696916806962,,,,815.382114925871,401.569918192706,,,12431,107.563498686591
2010,RS,43003,Região 03 - Fronteira Oeste,38.9940842308111,21.8663407901793,14.0042856746092,89.9199753770391,84.9056603773585,1.1491935483871,7.94600398834177,90.8421537045559,89.9984660223961,,,,,3.09360551834106,36.6767654418945,59.6715049743652,,,,,,768.366943359375,216.583831787109,146.636520385742,6.8275294303894,423.901794433594,94.3121719360352,100.736259460449,472.017059326172,107.467628479004,108.848983764648,29932,7600,6306.21337890625,1601.20349121094,65,746,157.170761108398,13.6945028305054,154,441,,,0.929119348526001,0.324454367160797,1.10483038425446,0.317080408334732,329,38,69.3152542114258,8.00601673126221,5.89895963668823,17.2721016883996,238.466417792781,144.842927732852,,,,456.663556827152,277.374429372356,,,34142,154.564544940112
2010,RS,43017,Região 17 - Planalto,74.4213595070883,52.4444307695463,54.3492586068527,90.1466639124148,74.6539971080355,1.52652652652653,11.1753769882256,88.5973972319769,91.2827928114026,,,,,1.62886595726013,24.6597938537598,73.6494827270508,,,,,,668.410522460938,189.839859008789,118.617881774902,2.75967812538147,368.507232666016,81.7341537475586,81.5969085693359,412.56005859375,93.1408309936523,89.0075912475586,30685,6204,7861.31689453125,1589.42834472656,88,1125,288.218414306641,22.5450839996338,377,960,,,2.45946359634399,0.965851902961731,2.96333360671997,0.970463395118713,524,41,134.245727539062,10.5039596557617,19.5980834960938,17.6016042057115,329.299552904735,217.900312730779,,,,630.609150265097,417.279434003385,,,12042,62.3373478565195
2010,RS,43015,Região 15 - Caminho das Águas,88.0948681293637,91.6920463256469,83.3240101932998,100,89.4966118102614,1.72910662824207,4.88867376573088,100,100,,,,,0.234301775693893,17.2446117401123,82.5210876464844,,,,,,723.373718261719,219.473999023438,125.189224243164,7.38595199584961,362.184265136719,82.4786834716797,76.1892318725586,404.443176269531,93.328125,82.4607772827148,15111,4843,7915.20654296875,2536.7841796875,10,619,324.23486328125,5.2380428314209,121,148,,,0.775230348110199,0.633803188800812,1.07353687286377,0.654886305332184,202,0,105.808464050293,0,6.73664712905884,19.3133307514214,356.852975820487,224.932533617189,,,,683.373997525076,430.746147816198,,,14714,160.377404076585
2010,RS,43019,Região 19 - Botucaraí,73.4220734895027,77.5943592561144,55.7905865507883,100,86.0649247822645,7.39219712525667,13.8558986539984,100,100,,,,,0.359453618526459,24.5866279602051,74.766357421875,,,,,,707.351379394531,213.476104736328,138.928894042969,2.39520955085754,374.695556640625,85.7449111938477,85.9043273925781,420.15966796875,98.2407531738281,92.2156219482422,8151,2175,6904.935546875,1842.50207519531,0,279,236.348541259766,0,53,84,,,0.711587011814117,0.448977530002594,0.85390442609787,0.470579266548157,94,0,79.6299743652344,0,5.87228727340698,18.4524462296619,313.487805643677,212.488935295048,,,,600.329629942194,406.91663789143,,,7827,129.094408906303
2010,RS,43026,Região 26 - Uva Vale,60.7763726869007,47.283804366221,44.7575586043499,100,94.0354648038689,2.35558048233315,21.8699623858141,97.0445996775927,96.9371305749597,,,,,0.748262941837311,12.0791025161743,86.7450561523438,,,,,,583.312622070312,146.116928100586,104.534248352051,3.26732683181763,326.648254394531,56.5719184875488,70.6748886108398,365.785827636719,63.8932418823242,76.9843292236328,11321,3263,6538.29931640625,1884.50415039062,5,200,115.507453918457,2.88768625259399,73,127,,,0.733472347259521,0.421602189540863,1.53437209129333,0.46809396147728,127,1,73.3472290039062,0.57753723859787,47.301456451416,17.7408034454957,303.493160370476,233.060750815596,,,,581.189868872559,446.311696252096,,,2736,29.7688182987833
2010,RS,43010,Região 10 - Capital e Vale do Gravataí,48.8350580248354,17.156564055437,22.4431797236822,86.0137107619641,71.9454193590711,3.57354198172135,16.3282710663562,83.9439761209696,86.8730934496671,,,,,2.75913238525391,28.4885482788086,68.4757308959961,,,,,,735.847412109375,191.259567260742,139.526138305664,2.58481431007385,415.940338134766,87.3370742797852,91.6074829101562,466.114288330078,99.7811431884766,100.13990020752,150301,30169,6617.51904296875,1328.29418945312,633,5421,238.678192138672,27.8700046539307,2472,6703,,,2.95122671127319,1.08838319778442,3.42378401756287,1.14584028720856,2529,285,111.347938537598,12.5481061935425,40.187931060791,19.132192410768,425.245764646238,207.158091069987,,,,814.346293312383,396.708063001764,,,67003,61.4731826257276
2010,RS,43021,Região 21 - Sul,50.7041040783619,31.8552849710001,32.5843019117465,98.8836662749706,76.4492753623188,1.58656089594027,12.4167645906776,83.7641989815903,87.3580101840971,,,,,2.85255122184753,25.5926074981689,69.264762878418,,,,,,811.279541015625,226.991333007812,149.897750854492,6.80194330215454,406.307800292969,86.8232345581055,92.6640853881836,453.696533203125,98.9576873779297,101.206092834473,55538,13165,6438.53125,1526.22106933594,106,1887,218.760284423828,12.2886009216309,584,1507,,,1.74706816673279,0.677032351493835,1.99243438243866,0.695957958698273,484,36,56.1102180480957,4.17348718643188,13.3584051132202,16.5359421159293,266.210410011194,131.10005166327,,,,509.793344594815,251.056800562988,,,48882,116.991959744605
2010,RS,43029,Região 29 - Vales e Montanhas,67.5497279876725,61.8435764688196,52.6665664433566,100,90.9311348205626,8.2679971489665,14.2580019398642,100,98.545101842871,,,,,0.865800857543945,14.6224145889282,84.1750869750977,,,,,,649.702453613281,192.225250244141,114.015953063965,1.45032632350922,296.162933349609,68.8898696899414,61.7996215820312,329.494659423828,78.1534805297852,66.5212936401367,13695,3160,6452.2666015625,1488.80334472656,17,533,251.117782592773,8.00938510894775,173,286,,,1.34746122360229,0.81507271528244,1.50552880764008,0.850054860115051,208,10,97.997184753418,4.71140289306641,20.5893020629883,17.6899887933936,343.114056287735,260.939227476684,,,,657.063945489821,499.699021934313,,,4651,44.1318934790505
2010,RS,43009,Região 09 - Carbonífera/Costa Doce,47.4721828093496,33.6314405712535,26.7753174417197,100,89.1455972101133,0.816629547141797,11.5518744551003,100,100,,,,,1.57883512973785,25.4747180938721,72.3917236328125,,,,,,693.943237304688,214.227233886719,139.502731323242,4.63065052032471,414.745849609375,103.65550994873,98.0629653930664,465.217407226562,118.04801940918,107.532211303711,23986,5394,6117.2080078125,1375.64489746094,0,428,109.153877258301,0,155,403,,,1.0277806520462,0.395300269126892,1.06737446784973,0.413216292858124,142,0,36.2146034240723,0,15.2420129776001,19.3137753472877,262.589745864406,194.60834452639,,,,502.859767185247,372.675279069652,,,20335,105.697699824292
2010,RS,43007,Região 07 - Vale dos Sinos,40.1133314603701,20.2669230392523,20.8422148735621,96.6649771920933,82.7673593512418,2.35839340885685,17.5975671566143,92.9244804865687,93.9787126203751,,,,,1.18878281116486,20.9002227783203,77.5756988525391,,,,,,606.460510253906,145.846115112305,128.085296630859,6.11372375488281,414.230926513672,87.9354629516602,104.954635620117,463.005493164062,99.6839828491211,114.142776489258,48201,8373,6248.8251953125,1085.48400878906,49,797,103.323867797852,6.35240840911865,319,1104,,,1.43123650550842,0.413554728031158,1.51258623600006,0.425611346960068,263,40,34.0955772399902,5.18563938140869,28.2914218902588,23.5117916004713,321.125221342035,213.656739736408,,,,614.955292750658,409.15298519268,,,28011,75.3760718586007
2010,RS,43016,Região 16 - Alto Uruguai Gaúcho,71.914042138185,69.757528879622,65.4075095424661,92.6094137076796,88.5631709331131,4.39706862091939,20.9744013212221,91.5772089182494,94.8802642444261,,,,,0.776460945606232,25.0102157592773,74.0089874267578,,,,,,704.210388183594,191.439956665039,114.60929107666,5.18384552001953,335.742279052734,65.5272064208984,73.1270904541016,373.952697753906,74.2948455810547,78.4225845336914,18008,3845,7644.01513671875,1632.12121582031,25,570,241.952941894531,10.6119709014893,152,314,,,1.33286356925964,0.645207822322845,1.12264049053192,0.65465247631073,291,12,123.523345947266,5.09374618530273,12.2207460403442,18.8760129296284,377.405075185126,282.910626108445,,,,722.731299416852,541.774284105467,,,9127,78.887117153984
2010,RS,43004,Região 04 - Belas Praias,72.1218453858099,48.1054174467035,46.0192723525912,100,82.7493261455526,1.5017667844523,9.75741239892183,92.3989218328841,98.0053908355795,,,,,1.0106383562088,21.2765960693359,77.5531921386719,,,,,,614.380493164062,164.591537475586,134.794799804688,1.96304845809937,375.90869140625,77.8056106567383,97.0666885375977,421.204376220703,88.954345703125,105.491424560547,8246,1272,5850.09423828125,902.415649414062,12,149,105.707496643066,8.51335525512695,100,306,,,2.17090559005737,0.709446251392365,2.21755170822144,0.749175250530243,24,1,17.0267105102539,0.709446251392365,5.52658653259277,19.257307900825,367.733100678446,271.707384319559,,,,704.209453361362,520.320058849511,,,6398,89.5885555440902
2010,RS,43027,Região 27 - Jacuí Centro,61.7794608522517,61.9951589919772,47.6810009955299,100,85.5821773854561,3.38389731621937,16.2673392181589,95.6284153005465,91.7192097519966,,,,,1.31746709346771,22.6519336700439,75.5206146240234,,,,,,904.326354980469,278.442474365234,181.550369262695,5.57359313964844,429.445373535156,101.634155273438,106.994239807129,478.505950927734,116.017044067383,116.19255065918,15149,4890,7413.22509765625,2392.94165039062,15,405,198.188415527344,7.3403115272522,101,233,,,1.14019501209259,0.494247645139694,1.2931182384491,0.511008024215698,170,1,83.1902008056641,0.489354103803635,6.4443039894104,18.0127608176123,306.583522630772,162.575176868491,,,,587.107917353907,311.331713738755,,,12077,114.649761053518
2010,RS,43005,Região 05 - Bons Ventos,77.9268499866515,56.8871198699124,50.2390602626022,100,86.5392604902368,2.28285077951002,14.5824678022435,100,100,,,,,1.74418604373932,27.8654479980469,69.4767456054688,,,,,,738.242431640625,220.025192260742,156.333679199219,4.64052295684814,392.201324462891,90.6819534301758,100.752990722656,438.088470458984,102.837677001953,109.390533447266,13277,2809,6406.3037109375,1355.37451171875,19,256,123.522911071777,9.16771602630615,106,223,,,1.07600033283234,0.511462032794952,1.40881264209747,0.523404240608215,71,0,34.2583084106445,0,6.69291543960571,20.0788889758955,444.194072153939,308.348450515524,,,,850.632331331541,590.487756967611,,,9353,90.26860918395
2010,RS,43008,Região 08 - Vale do Caí e Metropolitana,45.4064432710796,22.5354945936122,20.8733459671982,100,76.5587044534413,2.06524041516628,11.6194331983806,95.3238866396761,93.8866396761134,,,,,2.20004081726074,31.4422492980957,65.6141815185547,,,,,,708.929504394531,198.008987426758,144.10578918457,4.11934566497803,446.998962402344,106.39289855957,106.969848632812,500.50439453125,120.34969329834,117.05802154541,52128,11426,7113.58544921875,1559.23547363281,97,1063,145.06103515625,13.2369899749756,388,1373,,,1.87364816665649,0.529479622840881,1.61904084682465,0.485811173915863,371,54,50.6280746459961,7.36904573440552,32.2742385864258,21.1147244728166,447.376565987844,264.605587431865,,,,856.726811918047,506.720106887232,,,19261,51.796054371272
2010,RS,43020,Região 20 - Rota da Produção,86.2462171649921,85.0720251785498,77.6213533470524,99.5895330938943,89.584402257568,2.12765957446809,17.8040020523345,93.7916880451514,95.5874807593638,,,,,1.03908956050873,18.9510135650635,79.6140518188477,,,,,,675.728942871094,199.564483642578,132.840789794922,5.20646333694458,338.0986328125,72.0819549560547,76.9239501953125,378.039001464844,82.4204864501953,84.8346252441406,12063,3562,7317.162109375,2160.63427734375,0,406,246.271057128906,0,97,106,,,0.642973721027374,0.588381588459015,0.781425356864929,0.595357239246368,158,0,95.8394775390625,0,3.2991828918457,19.5450813343488,397.123496092449,259.762438844261,,,,760.492105780698,497.445469893359,,,12259,158.595753329998
2010,RS,43025,Região 25 - Vinhedos e Basalto,59.2419163349396,39.6120539143795,35.4186744884419,100,94.0090560780216,5.58727569331158,19.1919191919192,97.8753047718565,99.4078718216649,,,,,0.715015292167664,11.9509706497192,87.2318725585938,,,,,,579.530578613281,138.067764282227,84.9647750854492,1.95479536056519,276.100738525391,44.194091796875,53.7168350219727,309.679016113281,50.2991409301758,59.0484428405762,18154,3700,6426.876953125,1309.87365722656,17,429,150.456100463867,5.96213006973267,174,482,,,1.69043922424316,0.610241532325745,2.15574836730957,0.627601861953735,234,9,82.0669631958008,3.15642166137695,34.5491561889648,18.8270900642872,343.384340479765,277.746710045742,,,,657.581540133249,531.885376903448,,,2526,14.5735840659506
2010,RS,43012,Região 12 - Portal das Missões,62.9759939032135,66.6315254667852,43.1614378254795,100,98.5981308411215,0.707850707850708,15.1609553478712,100,100,,,,,0.796416103839874,18.6162261962891,80.2389221191406,,,,,,791.124938964844,220.973831176758,173.944412231445,3.99022793769836,407.591888427734,89.6712341308594,104.761367797852,453.448089599609,101.758888244629,114.241325378418,10818,3241,6969.373046875,2087.97729492188,13,383,246.743377685547,8.37510108947754,114,201,,,1.29491949081421,0.734431982040405,1.16558861732483,0.721547186374664,280,8,180.386795043945,5.15390872955322,8.4485445022583,19.2169509370432,328.738739831978,247.509216276456,,,,629.535192368254,473.980529830935,,,7504,96.4328410370058
2010,RS,43024,Região 24 - Campos de Cima da Serra,71.3982098336535,61.2580210078882,48.0095639023992,97.8554408260524,93.4868943606037,1.23927550047664,10.5639396346307,97.537728355838,96.2668784749801,,,,,2.91187739372253,31.7241382598877,62.8352508544922,,,,,,717.056640625,186.744247436523,167.141265869141,5.8992805480957,414.501708984375,81.3103485107422,111.505432128906,459.368347167969,91.6847763061523,120.996673583984,7341,2082,7573.9755859375,2148.07470703125,8,148,152.696960449219,8.25389003753662,54,97,,,1.00078415870667,0.557137548923492,1.1877863407135,0.606660902500153,83,12,85.6341018676758,12.3808345794678,12.2611532211304,19.7432953592086,348.743860602964,271.960887991824,,,,667.84502941195,520.80551877178,,,5003,95.9398502236592
2010,RS,43030,Região 30 - Vale da Luz,52.7767392855929,38.2600346667573,24.5862080685178,97.5251353441609,88.631090487239,1.48462354188759,12.6063418406806,93.1167826759474,97.138437741686,,,,,0.889547824859619,24.3143062591553,74.6478881835938,,,,,,714.029541015625,196.858596801758,155.985412597656,2.45327091217041,341.035186767578,70.627685546875,88.3865203857422,383.826019287109,82.484504699707,97.0176696777344,8710,2421,7265.4169921875,2019.46899414062,14,206,171.834197998047,11.6780529022217,64,198,,,1.65161037445068,0.533853828907013,1.37738466262817,0.502990424633026,85,3,70.9024658203125,2.50243997573853,16.1082057952881,19.520921776866,304.212673866311,253.682094637653,,,,582.567738323672,485.801601386323,,,2183,34.5465108158625
2010,RS,43011,Região 11 - Sete Povos das Missões,77.2616998634717,77.4105465582196,63.5883345252475,100,86.2131794716064,0.774193548387097,14.0601275432736,98.5423625873064,99.2711812936532,,,,,0.662451088428497,28.7563991546631,70.2499237060547,,,,,,796.878234863281,251.249404907227,140.685974121094,7.00171804428101,395.618469238281,94.6283569335938,88.3320999145508,442.743286132812,108.817810058594,95.6519775390625,20191,6201,6911.412109375,2122.61254882812,27,546,186.896697998047,9.24214458465576,151,288,,,0.985828697681427,0.516875445842743,1.30536735057831,0.517987966537476,177,3,60.5873908996582,1.02690494060516,7.9188060760498,18.451832590908,306.401355881749,197.795505885171,,,,586.759067749361,378.778697973474,,,22818,165.79895709301
2010,RS,43002,Região 02 - Entre Rios,74.420372481946,67.8107959261242,55.5480573073015,89.8292501855976,97.253155159614,5.4421768707483,20.8611729769859,100,99.9257609502598,,,,,0.759301424026489,24.3735771179199,74.6393280029297,,,,,,800.971252441406,214.433242797852,185.264022827148,7.97244071960449,358.283508300781,72.2861251831055,100.133323669434,399.042266845703,80.8218765258789,108.266578674316,9549,2806,7528.02587890625,2212.13134765625,0,285,224.681900024414,0,63,111,,,0.87507688999176,0.496665239334106,1.07669925689697,0.501198291778564,141,0,111.158409118652,0,5.20552492141724,18.6572463005613,290.156465952545,195.336515361883,,,,555.650078550797,374.069727339526,,,9560,151.370057553139
2010,RS,43006,Região 06 - Vale do Paranhana e Costa Serra,59.0529399741092,25.3634939020236,31.7140196679612,95.4594987286596,84.1264075553941,0.691389063482087,11.2967671630948,100,98.7649836541954,,,,,1.1243851184845,24.1391429901123,73.7526321411133,,,,,,640.579223632812,174.326095581055,126.824546813965,7.05543565750122,409.462921142578,93.1636123657227,88.2121200561523,459.079711914062,106.117240905762,97.6054229736328,15637,4118,7211.47412109375,1899.13989257812,0,339,156.340072631836,0,86,240,,,1.10683238506317,0.39661493897438,1.24322640895844,0.483432114124298,109,0,50.2686386108398,0,10.7256669998169,19.7078759431744,251.911161496636,173.142056807497,,,,482.410261697636,331.567305073486,,,7258,68.6695873976923
2010,RS,43028,Região 28 - Vinte e Oito,60.8134710859485,57.9332342578722,32.7893117630766,96.4065131948344,87.0297585626053,3.2675709001233,14.3177989893318,94.6378439079169,95.8169567658619,,,,,0.811188817024231,18.2937068939209,80.5314712524414,,,,,,739.112487792969,212.629592895508,157.825073242188,3.8492705821991,375.895599365234,82.0832138061523,89.6943054199219,421.809112548828,94.2567672729492,98.4758682250977,23315,6240,6982.3369140625,1868.74462890625,18,462,138.358978271484,5.39060974121094,172,413,,,1.23684537410736,0.515102684497833,1.92991304397583,0.454383462667465,252,9,75.4685363769531,2.69530487060547,14.6639556884766,19.659100650228,359.436468224895,194.006621784219,,,,688.321389452848,371.522979092964,,,14285,85.4332049742636
2010,RS,43023,Região 23 - Caxias e Hortênsias,53.2556603348276,29.7732337854022,31.689250509141,100,91.7374947749756,12.0245227811063,12.7211926988993,97.5755886860805,97.5477218893688,,,,,0.838257551193237,17.259859085083,81.6682662963867,,,,,,571.27099609375,139.554122924805,94.139274597168,1.51271319389343,354.995086669922,67.3611221313477,71.8530960083008,396.695434570312,76.9304885864258,77.3753890991211,26862,3988,4939.00244140625,733.256713867188,71,524,96.3456649780273,13.0544700622559,512,1571,,,2.88853144645691,0.941392779350281,2.38257884979248,0.705492973327637,621,81,114.180648803711,14.8931283950806,55.470100402832,18.6121204452022,461.853239632357,243.399400198758,,,,884.449664211966,466.110225721372,,,9652,33.1063810998831
2010,SC,42008,Meio Oeste,96.174509295695,95.6537618699781,91.7369636419331,99.2627927146574,93.6686903729402,3.35700451904454,65.0043365134432,100,100,,,,,0.688468158245087,36.3166961669922,62.4354553222656,,,,,,541.4599609375,144.38932800293,84.7740325927734,7.47474765777588,329.9658203125,70.9967422485352,65.2078170776367,367.606353759766,80.0457611083984,71.6597747802734,11708,3018,6403.44775390625,1650.63256835938,10,407,222.600204467773,5.46929264068604,104,235,,,1.28528380393982,0.568806409835815,1.36513543128967,0.588906109333038,156,5,85.3209686279297,2.73464632034302,29.9503936767578,18.6851826453198,418.870589912462,303.278643861117,,,,802.13782389238,580.779069427215,,,5600,57.7620054082021
2010,SC,42003,Xanxerê,97.854192711218,92.9111346720892,88.4227683445951,100,92.6140757927301,8.94409937888199,64.5784996133024,100,100,,,,,0.439399480819702,35.2251930236816,63.7495422363281,,,,,,531.162231445312,159.192596435547,92.6022262573242,2.8403525352478,351.702453613281,85.8517150878906,71.615852355957,391.022888183594,97.9789886474609,77.5069198608398,14111,3129,7341.0673828125,1627.822265625,20,377,196.129440307617,10.4047441482544,119,181,,,0.941629409790039,0.619082272052765,1.00665903091431,0.653027772903442,100,3,52.0237236022949,1.56071174144745,9.68785762786865,19.600168807429,393.861214468103,270.137283010108,,,,754.244831452787,517.313312427146,,,8523,95.0527780344152
2010,SC,42004,Alto Vale do Itajaí,97.4717415690557,97.1042794798883,90.7858694801492,100,100,3.56612184249629,68.1019332161687,100,100,,,,,0.49847686290741,28.3301029205322,70.8391036987305,,,,,,596.724060058594,161.681198120117,109.490646362305,5.32110071182251,369.024475097656,71.9633102416992,87.8653411865234,412.614135742188,82.5090942382812,94.9955368041992,18468,4329,6740.244140625,1579.95007324219,25,736,268.617065429688,9.1242208480835,155,331,,,1.20804679393768,0.56570166349411,1.24910581111908,0.626925230026245,183,30,66.7892990112305,10.9490652084351,8.57713222503662,19.421966277792,435.341473289981,229.881851608936,,,,833.679590892039,440.224099382293,,,5700,40.3916064037437
2010,SC,42002,Oeste,98.8071938474664,94.6014779128558,84.2109225036697,100,98.5895953757225,1.90232822260079,52.5086705202312,100,98.6820809248555,,,,,0.315386354923248,18.2248249053955,81.392204284668,,,,,,489.177337646484,163.160385131836,79.6052551269531,3.10559010505676,310.639190673828,80.9591674804688,64.2402648925781,348.251586914062,92.8424072265625,70.4817123413086,20942,3897,6362.951171875,1184.05224609375,22,506,153.741439819336,6.684410572052,208,457,,,1.38853442668915,0.631980657577515,1.65287244319916,0.653173267841339,202,3,61.3750457763672,0.911510527133942,15.0845880508423,19.1792322253789,493.180459069252,242.47829034656,,,,944.441337613915,464.346298937776,,,9752,57.1698630346517
2010,SC,42007,Grande Florianópolis,93.5624175082108,70.2428967535324,76.6792514605523,100,91.0178254494946,8.8388911209321,56.2929238367158,91.3727911104252,100,,,,,1.1047648191452,31.9104156494141,65.5343475341797,,,,,,487.085388183594,92.5005569458008,112.224937438965,3.07201266288757,317.663787841797,44.6000061035156,85.8096008300781,354.941650390625,50.7246131896973,93.9506072998047,56237,8895,5464.2373046875,864.277770996094,126,2229,216.579559326172,12.2427206039429,931,2543,,,2.47089195251465,0.904601037502289,2.42966985702515,0.879168212413788,602,86,58.4930000305176,8.3561429977417,32.6295700073242,18.6963931552401,334.27928497104,213.513848827418,,,,640.145344830745,408.879348882203,,,16961,32.8075957990368
2010,SC,42010,Alto Uruguai Catarinense,83.1746999914891,73.3198104910778,70.4034156997362,100,100,8.44444444444444,66.1349693251534,100,96.6871165644172,,,,,0.454803854227066,16.4866409301758,83.0585556030273,,,,,,526.822326660156,156.12190246582,86.9720230102539,3.11231398582458,290.6181640625,58.7180099487305,58.071231842041,324.324005126953,67.5777587890625,62.520393371582,9741,2322,6944.216796875,1655.31994628906,19,357,254.500091552734,13.5448226928711,121,164,,,1.16913211345673,0.862591326236725,1.41935479640961,0.925503492355347,138,2,98.3781890869141,1.42577075958252,26.1550521850586,18.0377123684774,451.773221382274,276.967733771115,,,,865.1464137603,530.393636139496,,,2948,38.2565362314902
2010,SC,42001,Extremo Oeste,94.0542157017961,99.9956022305487,91.6794201980755,99.6045867931989,100,4.0667361835245,62.1984974298142,100,100,,,,,0.342075258493423,20.5625228881836,78.7913360595703,,,,,,576.40185546875,176.440567016602,100.760322570801,5.72519063949585,316.471160888672,73.6296463012695,68.5410919189453,353.027587890625,84.2698059082031,74.725227355957,15722,4911,6917.7021484375,2160.84692382812,0,488,214.720687866211,0,125,176,,,0.774402499198914,0.550001740455627,0.906842887401581,0.583881855010986,184,10,80.9602584838867,4.40001392364502,8.66098785400391,18.9662113758559,367.535567191225,246.807095036197,,,,703.831176429533,472.635966575998,,,8125,73.9184678580386
2010,SC,42013,Serra Catarinense,89.7264562551971,87.6721450507366,79.193183436971,100,92.2431865828092,4.33673469387755,52.017819706499,100,100,,,,,1.23146522045135,40.0100517272949,58.1553153991699,,,,,,625.362915039062,153.591888427734,121.292922973633,11.5384616851807,401.679870605469,82.8673248291016,97.7503814697266,446.830810546875,94.3664855957031,104.656272888184,21047,5258,7231.87548828125,1806.68041992188,36,686,235.713714599609,12.369815826416,197,356,,,1.22323739528656,0.6769038438797,1.38937091827393,0.661956965923309,174,0,59.7874450683594,0,18.0111389160156,17.9636311988843,356.979283426145,177.753837683483,,,,683.615876784167,340.398872543776,,,12928,87.3828063819219
2010,SC,42006,Médio Vale do Itajaí,81.6839213144646,62.2141044147814,64.6918273904678,99.8223169864961,92.6913053778725,10.0966303270565,52.3217247097844,98.0099502487562,100,,,,,0.586409091949463,22.3295383453369,76.8080978393555,,,,,,537.015869140625,144.541488647461,96.1643371582031,4.14721250534058,360.436889648438,78.8274841308594,82.0259017944336,402.798187255859,90.3170471191406,88.3455810546875,38908,7884,5738.59228515625,1162.82153320312,48,781,115.190719604492,7.07958316802979,453,1230,,,1.81414318084717,0.668135702610016,1.67004418373108,0.634433925151825,598,38,88.1998062133789,5.60467004776001,28.350191116333,19.0783152699303,427.306683231181,213.31139315578,,,,818.292955572178,408.491645959646,,,5602,15.9865625156216
2010,SC,42011,Nordeste,59.7830853298896,65.6222894701336,40.9792361365432,98.7664021371886,91.9148267462874,8.88589966766894,53.4061444173804,96.2677771666536,98.232104973678,,,,,1.05927062034607,27.9615097045898,70.8821868896484,,,,,,504.455169677734,124.103897094727,102.589538574219,5.45454549789429,368.997863769531,79.9596786499023,94.0021133422852,412.221710205078,90.8175582885742,101.666809082031,48391,7078,5479.4814453125,801.466613769531,85,1132,128.180297851562,9.62484645843506,550,1487,,,1.68378186225891,0.62278413772583,2.01807546615601,0.661538302898407,454,27,51.4080009460449,3.05730414390564,32.6653671264648,24.3816823858261,527.120140949761,297.415387581724,,,,1009.43588061327,569.550924634671,,,11211,23.7604577319447
2010,SC,42014,Extremo Sul Catarinense,89.6735608136534,86.3972302129643,83.4500676528443,97.8593272171254,95.9844559585492,1.74698795180723,61.1830742659758,100,100,,,,,1.09060406684875,40.1845626831055,58.4731559753418,,,,,,583.672424316406,159.925155639648,129.46321105957,7.82851839065552,380.083709716797,85.8951263427734,98.9704208374023,424.011108398438,98.1120147705078,107.288177490234,12093,3368,6578.1455078125,1832.06774902344,10,314,170.804412841797,5.43963098526001,94,168,,,0.913857996463776,0.511325299739838,1.00034809112549,0.542059242725372,111,0,60.3799057006836,0,10.0268716812134,18.6974204215224,271.046188064215,190.237325192714,,,,519.053867003629,364.304770323172,,,7060,73.6149629215078
2010,SC,42016,Laguna,94.7660201855537,99.7323975738978,93.1657996308105,99.7519225998512,93.4259488960556,8.65244080678164,53.8824113123294,95.906722897544,100,,,,,0.612745106220245,28.5539207458496,70.4656829833984,,,,,,693.256591796875,206.046234130859,129.721633911133,4.17754554748535,413.401397705078,99.5286560058594,95.9722137451172,461.903625488281,114.262229919434,103.897384643555,24482,6200,7385.6865234375,1870.40502929688,30,645,189.181732177734,8.79915046691895,201,421,,,1.23481416702271,0.589543104171753,1.35638904571533,0.606774747371674,251,7,73.6195602416992,2.05313515663147,19.3046913146973,18.5811162302886,301.984342966055,183.199477897084,,,,578.300481222578,350.827281928048,,,9267,50.9813041762815
2010,SC,42009,Alto Vale do Rio do Peixe,53.878150583093,75.2711248051878,51.6425129426939,94.6892393320965,87.0593692022263,1.58579130986362,59.3923933209648,96.8228200371058,100,,,,,0.929013788700104,34.8022880554199,63.7684593200684,,,,,,558.623168945312,128.719970703125,93.9404830932617,14.4415922164917,398.064361572266,74.1968231201172,83.9133224487305,442.395263671875,83.7810668945312,89.8685684204102,19227,4532,6893.86865234375,1624.95520019531,31,498,178.558624267578,11.1150951385498,143,267,,,0.957332372665405,0.512728571891785,1.12871992588043,0.560953736305237,186,2,66.6905670166016,0.717102885246277,25.5120105743408,20.2292712370837,326.436844405751,231.88492094713,,,,625.127059086786,444.059980245592,,,10359,73.5098024575064
2010,SC,42005,Foz do Rio Itajaí,84.7512846424266,78.1351322879316,66.1745943183104,100,96.020605280103,6.70442571127503,52.2343850611719,100,100,,,,,0.776067078113556,18.9760913848877,80.0726013183594,,,,,,517.498107910156,137.739822387695,97.0198287963867,2.73691415786743,376.201507568359,86.0674285888672,84.152961730957,419.576873779297,97.807731628418,90.9100112915039,30274,4410,5359.814453125,780.76171875,57,665,117.733917236328,10.0914783477783,308,844,,,1.49424695968628,0.545293927192688,1.86457765102386,0.549410164356232,355,44,62.8504371643066,7.78991317749023,21.3873844146729,18.6239807682742,478.301318123293,268.803182344908,,,,915.947759818744,514.758507601483,,,9228,30.2155992153439
2010,SC,42015,Carbonífera,90.1560237220537,89.0978391715481,76.599821642604,98.4239558707644,91.5287628053586,3.87362042847868,55.5358550039401,100,100,,,,,0.613982975482941,46.8607635498047,52.2677764892578,,,,,,546.462219238281,143.66960144043,140.82209777832,2.6054003238678,382.613891601562,85.1933288574219,115.014778137207,427.418670654297,96.4702835083008,125.710067749023,24011,5515,6215.58740234375,1427.63586425781,31,686,172.649841308594,7.80196094512939,254,523,,,1.31626629829407,0.639257431030273,1.58342063426971,0.66662722826004,186,6,46.811767578125,1.51005697250366,19.7474517822266,22.3066588320356,447.241727601269,214.865037985544,,,,856.468596200378,411.466878198102,,,7772,38.6445498982073
2010,SC,42012,Planalto Norte,67.908906676639,66.607730613659,56.8384611365767,97.3502304147465,88.7288786482335,1.22907395634668,62.0583717357911,98.0414746543779,99.4623655913979,,,,,0.473653048276901,28.1823558807373,71.0676956176758,,,,,,630.881530761719,173.547958374023,112.459075927734,8.93485927581787,433.380615234375,98.5256729125977,93.4343109130859,484.879608154297,112.266220092773,101.016952514648,24246,5531,6732.55029296875,1535.830078125,29,600,166.606033325195,8.05262565612793,198,444,,,1.23288464546204,0.549799919128418,1.17193460464478,0.570972800254822,224,16,62.1995887756348,4.4428277015686,15.4857540130615,23.457835523805,336.476944766011,211.85491768659,,,,644.353866718048,405.702493196133,,,12664,71.9673478398343
2010,SE,28007,Propriá,99.7537169300167,100,99.7537169300167,87.9401052205585,97.4908943747471,0,45.8518818292189,100,100,,,,,1.50279092788696,59.8110771179199,37.655647277832,,,,,,588.658142089844,209.818740844727,108.147315979004,6.82068204879761,420.780700683594,118.356536865234,99.8113403320312,470.536804199219,135.458145141602,108.328285217285,6976,1652,4517.57861328125,1069.81652832031,0,232,150.240585327148,0,66,83,,,0.537498652935028,0.427408546209335,0.8256756067276,0.493138790130615,0,0,0,0,2.78139352798462,17.1322385760473,300.974698165792,154.059005833171,,,,576.367009877271,295.02323310851,,,21704,326.767849193305
2010,SE,28001,Aracaju,97.8288933388833,89.3140602324247,88.0203118496102,90.3960933260988,83.3036198744283,0.204457166223676,30.3852414541508,95.3647004108209,92.3416789396171,,,,,1.39168202877045,45.660041809082,52.8034744262695,,,,,,510.896942138672,128.084030151367,101.263572692871,5.01920604705811,390.809814453125,84.2736129760742,97.9526596069336,432.324737548828,94.8686676025391,105.043304443359,32804,4718,4291.7958984375,617.262939453125,149,1536,200.957168579102,19.4938907623291,642,2067,,,2.70428681373596,0.839938163757324,2.93281674385071,0.892597794532776,805,81,105.319343566895,10.5973501205444,26.3990459442139,16.6684498369328,453.71214078898,156.323585479827,,,,868.85944740614,299.359906614709,,,54734,151.028981882432
2010,SE,28002,Estância,90.2077587473954,100,89.5671044327054,95.0620347394541,96.0794044665012,0.0879507475813544,40.6451612903226,100,100,,,,,1.515904545784,66.9731597900391,29.5228633880615,,,,,,525.178161621094,162.646865844727,95.8760452270508,4.64547681808472,401.583343505859,96.0539474487305,88.5151214599609,447.286743164062,109.388877868652,95.7341918945312,10814,1220,4628.58740234375,522.182006835938,0,254,108.716590881348,0,82,90,,,0.385216265916824,0.350974798202515,0.840413451194763,0.401266932487488,9,2,3.8521625995636,0.856036126613617,1.91024458408356,16.3486753147116,253.677031465463,108.549884538739,,,,485.791905403793,207.87319583805,,,31429,321.077017530066
2010,SE,28003,Itabaiana,88.312487273578,98.8844072628336,85.3751207656215,94.9708840656432,95.9237691900477,0.248601615910503,44.3620963472737,100,100,,,,,0.530222713947296,20.6521739959717,78.5790023803711,,,,,,527.782348632812,174.522277832031,92.3197555541992,3.03514385223389,357.521362304688,89.897575378418,82.4603729248047,397.741302490234,102.169418334961,87.9738082885742,10742,1150,4528.30517578125,484.784088134766,0,215,90.6335525512695,0,76,91,,,0.383611768484116,0.320379048585892,0.842997431755066,0.401316940784454,53,0,22.3422241210938,0,2.37628531455994,16.0910615429066,283.862380597629,107.862373840843,,,,543.596895416024,206.55661179421,,,30530,286.250521732509
2010,SE,28005,Nossa Senhora da Glória,88.9785645534716,100,88.9785645534716,98.0413105413105,94.8005698005698,0,36.3603988603989,100,99.1809116809117,,,,,1.08030247688293,60.5689582824707,37.6665458679199,,,,,,425.200012207031,127.685806274414,89.3171615600586,9.91124248504639,333.670471191406,75.7536239624023,83.8201522827148,370.7705078125,87.1054534912109,91.7964401245117,4888,540,3074.52319335938,339.656829833984,0,148,93.0911254882812,0,70,62,,,0.389976352453232,0.440295875072479,0.706045925617218,0.4500452876091,0,0,0,0,1.37435209751129,17.3077086068669,316.98041332258,177.430346267414,,,,607.017979018816,339.779385984485,,,22837,342.680132336011
2010,SE,28006,Nossa Senhora do Socorro,97.9409838268142,95.7419008111785,97.9409838268142,81.8230852211435,83.1355627472132,0.359712230215827,24.2898238043869,97.6986695433297,95.4692556634304,,,,,1.88425302505493,55.5277824401855,42.164966583252,,,,,,465.457000732422,145.555282592773,92.1316986083984,4.32989692687988,420.057495117188,116.853561401367,100.223945617676,467.912384033203,132.44660949707,108.556838989258,13122,1445,4197.75048828125,462.257995605469,0,280,89.5724868774414,0,126,124,,,0.396678149700165,0.403076171875,1.00713062286377,0.528557598590851,5,0,1.59950864315033,0,7.15556192398071,18.4251840308125,277.225102203951,146.116785092934,,,,530.886497084202,279.813868176066,,,37104,265.57786994581
2010,SE,28004,Lagarto,60.394599603572,99.7452721598677,57.6520160067152,94.180790960452,97.9943502824859,0.396825396825397,50.5367231638418,100,100,,,,,1.55083286762238,66.8006896972656,31.246410369873,,,,,,593.273559570312,211.391662597656,110.960372924805,6.48464155197144,391.915435791016,109.149276733398,98.4117584228516,434.98486328125,122.590721130371,106.308624267578,10774,2203,4363.09130859375,892.137634277344,0,232,93.9518508911133,0,90,95,,,0.384716629981995,0.364468395709991,0.713548123836517,0.416911333799362,5,5,2.02482438087463,2.02482438087463,2.80600166320801,15.9167557970197,233.47097947141,76.576842918883,,,,447.097284758897,146.644771962478,,,32080,306.936122343195
2010,SP,35091,Adamantina,63.9892894798723,72.4120667814584,33.041044351566,100,100,5.02127659574468,50.3496503496503,100,100,,,,,0.0733675733208656,9.24431419372559,90.4622192382812,,,,,,751.273681640625,198.463989257812,106.455780029297,13.6639680862427,343.607543945312,73.0510711669922,68.8728408813477,382.80029296875,82.8861236572266,74.2406234741211,13221,4593,10053.2275390625,3492.51000976562,4,302,229.640335083008,3.04159379005432,118,127,,,0.965706050395966,0.897270143032074,1.20694243907928,0.861911654472351,123,0,93.5290069580078,0,12.2796745300293,21.7300358620026,384.875033524468,252.539598313158,,,,737.036281125258,483.613719167791,,,4524,64.485401534548
2010,SP,35156,José Bonifácio,61.9418518767206,54.4372076366973,35.9598469079433,66.027397260274,100,5.48086866597725,53.8812785388128,100,100,,,,,0.946073770523071,29.8013248443604,68.4011383056641,,,,,,678.564575195312,176.554428100586,124.43896484375,7.99373054504395,348.184844970703,72.3719482421875,92.4949722290039,386.894653320312,83.6263198852539,99.1569061279297,9852,2976,10478.3984375,3165.21655273438,0,210,223.351974487305,0,60,106,,,1.1273957490921,0.638148546218872,0.878251910209656,0.619801759719849,108,0,114.866729736328,0,21.4343452453613,21.4008093667681,424.58724310833,358.998644050724,,,,813.085223554504,687.48295548595,,,2653,54.1817608251011
2010,SP,35142,Mantiqueira,36.592077332305,40.9012118738932,20.665875473125,98.1246218995765,100,8.832425892317,59.2256503327284,100,97.5801572897762,,,,,0.942535698413849,17.3913040161133,80.7540283203125,,,,,,784.622314453125,229.745132446289,131.017822265625,9.31882667541504,422.747985839844,102.482711791992,96.1281585693359,469.7451171875,115.979354858398,103.69132232666,20198,4788,7496.5947265625,1777.09155273438,6,285,105.779258728027,2.22693181037903,143,334,,,1.23965871334076,0.530752062797546,1.48851835727692,0.538546323776245,247,10,91.6753616333008,3.71155285835266,31.9531307220459,25.0892010216561,368.57441302655,261.705664692493,,,,705.820567801895,501.166750381345,,,7570,48.9836651927765
2010,SP,35074,Circuito das Águas,92.1555891735456,58.8038938402342,79.1322721741704,99.0417522245038,84.6680355920602,5.27036276522929,41.7522245037645,94.5927446954141,89.8015058179329,,,,,0.551724135875702,13.4482755661011,85.3103485107422,,,,,,773.452697753906,227.765213012695,139.980697631836,2.96523523330688,378.888763427734,83.9793853759766,90.6857528686523,420.996551513672,94.6888427734375,97.2960662841797,8197,1429,6482.609375,1130.12670898438,7,165,130.490478515625,5.53596019744873,102,270,,,2.13529896736145,0.80666846036911,1.9132673740387,0.783338308334351,79,1,62.4772644042969,0.790851414203644,31.3169250488281,23.8288111963584,510.77847252937,338.714775113245,,,,978.14156045524,648.639315274715,,,2667,36.9495522773241
2010,SP,35061,Vale do Jurumirim,58.9862786930865,49.4452253705038,39.1678023789307,100,98.4080657999469,3.11782080735149,61.5017245953834,100,97.9835500132661,,,,,0.962038457393646,22.8549137115479,76.0010375976562,,,,,,716.360595703125,196.234268188477,127.657775878906,13.1566028594971,421.041473388672,97.652587890625,94.7282409667969,470.141845703125,111.951766967773,103.715835571289,22198,5168,7806.466796875,1817.45288085938,9,406,142.779769897461,3.16506886482239,148,220,,,0.773683488368988,0.520478010177612,0.984776020050049,0.519686698913574,125,1,43.9592895507812,0.351674318313599,9.22652721405029,24.0962947043205,423.13833917244,287.432212462629,,,,810.310570288905,550.433128927789,,,13933,93.2000392082845
2010,SP,35103,Piracicaba,43.1938276858133,25.1173898129073,25.2212364497946,100,88.1734006734007,11.2996747277613,40.7687991021324,100,99.6492704826038,,,,,0.787176191806793,17.2320022583008,81.4798889160156,,,,,,672.47314453125,140.946258544922,98.4241180419922,15.8898878097534,386.591247558594,63.7965469360352,76.3544464111328,431.970489501953,72.6051788330078,82.650390625,27152,3684,4976.5576171875,675.222412109375,57,565,103.556098937988,10.4472522735596,290,910,,,1.66789472103119,0.531526863574982,2.36382842063904,0.493036985397339,533,31,97.6909713745117,5.68183898925781,44.9176864624023,20.3160877244172,444.571094279566,271.369803545185,,,,851.354329281965,519.673591147396,,,13639,46.1235637600623
2010,SP,35062,Bauru,45.6879235942825,25.7380097710161,19.0317752407117,100,93.3754367105617,7.54691138200247,58.411717280301,100,89.5861327600108,,,,,1.16726350784302,18.0395278930664,80.4748611450195,,,,,,674.911376953125,178.222640991211,133.831390380859,7.1376371383667,374.120697021484,83.4461669921875,99.773567199707,417.387390136719,94.037353515625,107.953506469727,37589,6960,6180.083984375,1144.30773925781,73,1280,210.447402954102,12.0020780563354,577,1034,,,1.70002043247223,0.948657393455505,1.81214940547943,0.952562212944031,593,75,97.4963302612305,12.3309020996094,33.8550682067871,20.5750858786197,308.362298893772,237.600892952312,,,,590.514276633254,455.006075426504,,,17720,56.2361384055135
2010,SP,35161,Itapetininga,52.2364252349795,33.3919225918716,29.1425169066629,100,91.9314249764077,6.54458598726115,34.1774142812205,100,100,,,,,0.494361191987991,16.051290512085,80.9052963256836,,,,,,625.622680664062,170.074279785156,128.798309326172,10.6044902801514,396.895599365234,91.3887100219727,101.687026977539,442.203582763672,103.483955383301,110.630027770996,25604,3836,5533.140625,828.97705078125,16,378,81.6875152587891,3.45767259597778,214,461,,,0.996241927146912,0.462463706731796,1.10921061038971,0.444310933351517,146,3,31.5512638092041,0.648313641548157,19.1615581512451,24.1003285643299,372.793908291954,250.808790130509,,,,713.900907724596,480.299218836089,,,18746,76.7527107372849
2010,SP,35112,Alta Sorocabana,71.8096378641535,54.0537866756919,49.605581734399,100,99.9575281376088,12.0999561595791,57.3157782968783,100,95.4130388617541,,,,,1.47916662693024,23.9791660308838,73.7083358764648,,,,,,673.466369628906,173.499710083008,111.132217407227,12.5762195587158,349.455749511719,74.6356430053711,78.8711090087891,390.617919921875,84.6015777587891,85.5283508300781,34109,7155,8754.29296875,1836.37646484375,39,771,197.882064819336,10.0095987319946,431,772,,,1.98138725757599,1.10618901252747,2.10438990592957,1.08379578590393,543,42,139.364410400391,10.7795677185059,27.5061206817627,19.2668109417152,303.102433181115,223.603203687601,,,,580.441625704006,428.200478956568,,,12703,62.3785360042213
2010,SP,35051,Norte - Barretos,53.3492796596157,42.9180307389322,35.1616494527177,96.3318284424379,94.7234762979684,6.09093508721762,52.5112866817156,99.068848758465,96.9525959367946,,,,,0.59435361623764,14.0267457962036,85.2303085327148,,,,,,711.602844238281,176.17529296875,115.149620056152,11.5875444412231,395.251647949219,78.2596740722656,84.7584838867188,441.033203125,89.5547027587891,91.247673034668,19988,4633,7260.6015625,1682.92810058594,45,710,257.906097412109,16.3461608886719,283,595,,,2.16132569313049,1.02799189090729,2.42567944526672,1.05169379711151,177,8,64.2948989868164,2.9059841632843,26.4807796478271,21.8304662510765,459.752074968402,282.125375797302,,,,880.425930648965,540.270528551937,,,9655,69.2267136245248
2010,SP,35133,Vale das Cachoeiras,60.859108144527,63.9042963241515,50.3901475980069,100,94.5812807881773,4.92825951341235,53.448275862069,100,98.7068965517241,,,,,1.05787181854248,14.1879281997681,83.5096435546875,,,,,,734.770751953125,175.2734375,117.10408782959,11.875,380.421142578125,68.5010528564453,77.8244323730469,423.656097412109,77.8173904418945,84.7806625366211,12258,3283,9382.103515625,2512.7626953125,7,180,137.769515991211,5.35770320892334,92,233,,,1.78334975242615,0.704155266284943,1.63811779022217,0.711617767810822,77,1,58.9347343444824,0.765386164188385,20.4250946044922,24.6877536268728,482.041256295086,290.169772456145,,,,923.109747169638,555.675560525655,,,4611,73.1280888176957
2010,SP,35023,Consórcios do DRS II,88.0498361272719,69.4153899230033,72.3023726261977,83.1436481082744,86.9578591202707,5.56438791732909,44.4171024300215,86.2811442633036,90.2491541064288,,,,,0.936768174171448,16.1257953643799,82.1679458618164,,,,,,667.897338867188,163.956130981445,110.602233886719,14.2857141494751,365.670928955078,76.2567367553711,82.3226165771484,407.735809326172,87.401008605957,88.3767395019531,15529,2819,6047.68359375,1097.84399414062,14,265,103.202789306641,5.45222282409668,189,252,,,0.98140013217926,0.736050069332123,1.45944321155548,0.717746198177338,202,3,78.6677856445312,1.16833353042603,17.8965320587158,25.3758556106458,434.276691705152,305.01861271631,,,,831.64053251949,584.111112460928,,,8280,55.4747179060826
2010,SP,35163,Sorocaba,49.5391222198193,11.9345484589535,12.935510587769,100,81.8116600506959,7.01611746138027,45.1288918647472,100,95.9921564876369,,,,,0.63035923242569,11.1286211013794,87.9582824707031,,,,,,615.05322265625,150.022384643555,118.938980102539,11.5693845748901,400.795501708984,84.0746612548828,99.7323989868164,447.665283203125,95.8710861206055,107.105087280273,70692,10465,4539.97509765625,672.082275390625,119,1865,119.773864746094,7.64240741729736,784,2414,,,1.5503169298172,0.503499746322632,1.86524510383606,0.483205646276474,902,132,57.9281616210938,8.47729206085205,34.5024490356445,22.2956174643916,391.964219824086,278.32630432381,,,,750.612083791974,532.995300837346,,,42174,50.4851392256172
2010,SP,35157,Votuporanga,72.4302842141054,50.5041609301755,32.4647310305618,100,99.7530864197531,16.1152614727855,49.3827160493827,100,96.9876543209877,,,,,0.38948392868042,14.9464464187622,84.0311584472656,,,,,,757.226501464844,182.285461425781,134.594497680664,8.25752258300781,373.209136962891,66.1350326538086,79.5682601928711,415.538269042969,74.8398895263672,86.6423721313477,15088,3519,7995.125,1864.71667480469,17,212,112.338714599609,9.00829315185547,137,226,,,1.19757306575775,0.725962400436401,1.37601673603058,0.750072836875916,315,7,166.918365478516,3.70929718017578,24.7139873504639,20.3710988487891,354.348332014092,279.738634027515,,,,678.577600783764,535.69991439206,,,6362,63.328866958799
2010,SP,35093,Marília,81.786132375234,74.4040201330334,62.1628984662858,94.2187835804857,94.64861379755,3.71217899822019,42.2523103374167,96.4968837309263,88.6524822695036,,,,,0.866551101207733,9.9653377532959,88.8431549072266,,,,,,677.015747070312,190.77326965332,106.045112609863,10.3228378295898,345.421813964844,74.5442276000977,75.5853958129883,385.5263671875,85.1377563476562,81.280158996582,23074,3929,6226.17041015625,1060.18127441406,58,722,194.820785522461,15.6504230499268,394,782,,,2.11010885238647,1.06314945220947,2.79184675216675,1.02807092666626,311,34,83.9186477661133,9.1743860244751,26.0077667236328,22.4850321094306,481.170543210876,250.044777957598,,,,921.442330274244,478.836134349938,,,13350,70.9767581496643
2010,SP,35072,Região Metropolitana de Campinas,57.2762157894224,18.1250940929655,24.7219451331057,100,91.7909462848093,13.0157054243104,48.1272271347499,99.8125907351194,98.3819453609608,,,,,0.7008016705513,15.3762607574463,83.3721237182617,,,,,,563.000244140625,125.863960266113,114.129699707031,7.64840888977051,345.629608154297,63.5661277770996,90.1173324584961,387.579742431641,73.0311279296875,97.5894317626953,134338,18306,4691.54052734375,639.307922363281,274,2795,97.6109237670898,9.56901359558105,2473,6905,,,2.411461353302,0.863655865192413,2.80431485176086,0.854374945163727,2402,327,83.8860244750977,11.4199542999268,46.1840400695801,22.1022268486794,566.690381720094,402.59756524012,,,,1085.21295254627,770.974956617437,,,65324,42.7520261722039
2010,SP,35031,Central do DRS III,45.4169791726764,33.8332227542837,24.9177868805169,100,89.291553133515,10.4386451971127,52.2888283378747,96.8392370572207,97.3841961852861,,,,,0.842162430286407,13.1486005783081,85.873405456543,,,,,,654.536499023438,183.693603515625,136.233734130859,4.17318725585938,358.109680175781,77.5141525268555,101.66088104248,398.489715576172,89.2256927490234,110.264663696289,12279,1831,4192.5166015625,625.1728515625,19,391,133.502227783203,6.48732089996338,232,505,,,1.72426152229309,0.792136013507843,1.94773268699646,0.734603703022003,314,50,107.21150970459,17.0718975067139,47.4960632324219,27.2706177884511,532.379530576188,340.532020588447,,,,1019.50761983666,652.119343154595,,,6228,41.5406431530446
2010,SP,35104,Rio Claro,45.4041217527774,30.1594184941973,27.0722339239252,100,97.475921620724,11.2424037812289,33.8757887744935,96.0478246429758,100,,,,,0.804829001426697,15.224681854248,83.534538269043,,,,,,659.374938964844,167.512435913086,115.780654907227,9.71357440948486,371.258239746094,76.5688247680664,89.6314163208008,412.069610595703,86.3740692138672,96.8941345214844,8103,840,3326.84643554688,344.878540039062,18,126,51.7317848205566,7.39025449752808,147,325,,,1.33435153961182,0.603537440299988,1.57299518585205,0.59594190120697,194,5,79.650520324707,2.05284857749939,38.8702774047852,20.0725479573922,464.618142121414,296.125225311918,,,,889.744456730844,567.080261903763,,,5305,40.4779357700585
2010,SP,35022,Lagos do DRS II,71.9611889048152,87.1291235476029,59.2725019820331,98.9569752281617,95.5671447196871,4.18968692449355,38.8961321164711,100,89.9174272055628,,,,,0.63667231798172,18.2937183380127,79.8811569213867,,,,,,719.498168945312,183.331192016602,118.294715881348,13.3096084594727,376.876434326172,76.148307800293,84.0959930419922,419.088470458984,86.8935852050781,90.2822647094727,16261,4486,8327.23046875,2297.27319335938,10,406,207.911926269531,5.1209831237793,166,224,,,1.14710021018982,0.850083231925964,1.43425941467285,0.848034799098969,171,2,87.5688095092773,1.02419662475586,16.9606971740723,21.2829633196586,427.427850511945,340.289270779732,,,,818.524991101193,651.654476897564,,,6915,67.7467085884931
2010,SP,35063,Polo Cuesta,51.591876967503,35.9295985339391,35.598485348068,95.5866807610994,94.0274841437632,5.68373663477772,55.946088794926,100,99.2336152219873,,,,,1.09187746047974,19.440746307373,79.3075866699219,,,,,,694.619079589844,178.456680297852,160.995162963867,3.31825041770935,383.647369384766,78.7878723144531,110.230766296387,425.693481445312,89.1038284301758,120.36116027832,21368,4182,7462.35302734375,1460.48107910156,52,618,215.824325561523,18.1599750518799,373,883,,,3.08370351791382,1.30262899398804,4.96011781692505,1.29660475254059,180,7,62.8614540100098,2.4446120262146,25.8657417297363,22.0414619085623,338.198384328125,260.338295341751,,,,647.650426127017,498.548235971701,,,9132,53.3280886581527
2010,SP,35172,Circuito da Fé e Vale Histórico,59.1306933785758,43.6452599126671,45.4190887171138,94.6838368829454,82.9459901800327,4.48422847399829,45.9410801963993,94.2553191489362,92.6841243862521,,,,,1.244952917099,26.3963661193848,71.7025604248047,,,,,,704.515197753906,180.028335571289,144.282638549805,13.4378843307495,428.190368652344,96.1759414672852,109.184440612793,476.051177978516,108.756828308105,117.876129150391,27640,5224,5987.9462890625,1131.73046875,54,695,150.565216064453,11.6985921859741,272,712,,,1.54248106479645,0.589262425899506,1.68643879890442,0.57696807384491,251,19,54.3767890930176,4.11617136001587,25.5822219848633,23.8582261214193,376.032892098243,233.988768475119,,,,720.103566695096,448.088851497345,,,19845,92.1634970802712
2010,SP,35153,Jales,78.1714363007478,78.9327742459083,65.389074607254,100,100,5.6198347107438,58.3892617449664,100,97.1236816874401,,,,,0.833333313465118,8.24074077606201,90.5555572509766,,,,,,808.842041015625,199.546661376953,121.084136962891,15.8083829879761,366.782257080078,69.2194366455078,76.1699600219727,406.720550537109,77.0487289428711,81.6181030273438,10828,3207,10488.7919921875,3106.53466796875,10,107,103.648025512695,9.68673133850098,86,119,,,1.15272104740143,0.833058893680573,1.3682507276535,0.854854047298431,121,2,117.209449768066,1.93734622001648,12.8659162521362,20.820381977071,403.212789727344,301.506879666206,,,,772.153112456667,577.386138269043,,,4138,72.7014230543824
2010,SP,35162,Itapeva,77.9869133494418,91.110954337819,70.3980669853084,97.4534769833497,90.3637677668032,2.12251477700161,40.2794507347627,97.1814020717899,90.917851120212,,,,,0.680615067481995,16.9397525787354,82.2031784057617,,,,,,651.102233886719,177.085494995117,116.983749389648,17.7472534179688,441.571044921875,103.291603088379,101.422164916992,489.396087646484,116.237434387207,108.318054199219,22375,5383,8004.6220703125,1925.76000976562,18,389,139.164154052734,6.43947267532349,169,222,,,0.794201612472534,0.604594945907593,0.940073549747467,0.621587991714478,91,2,32.5551109313965,0.715496957302094,6.65555238723755,21.4524510756323,380.826384259112,211.580021023595,,,,729.283111555404,405.176065663715,,,21079,169.989596178132
2010,SP,35021,Central do DRS II,84.6542832465443,56.3651090030069,58.4326360342473,100,100,12.9262747645339,43.3657942787584,100,100,,,,,0.928074240684509,13.1670532226562,85.3538284301758,,,,,,760.135131835938,160.157562255859,104.084892272949,19.7325954437256,404.677185058594,73.4525527954102,74.248046875,452.758544921875,83.9939422607422,81.0325546264648,17858,3282,6258.4111328125,1150.19067382812,37,503,176.278457641602,12.9668045043945,208,458,,,1.60508012771606,0.728944718837738,2.02001786231995,0.733763456344604,281,17,98.4776306152344,5.95772123336792,22.7802238464355,22.4964370047757,394.462076897716,283.357001677143,,,,755.395483929603,542.629094006036,,,7277,47.2929690929777
2010,SP,35083,Alta Mogiana,67.2711506242686,58.2030493605772,56.7507724429402,100,92.7461139896373,4.40414507772021,47.020725388601,100,95.919689119171,,,,,0.648508429527283,15.6290531158447,83.3981857299805,,,,,,673.50244140625,176.353515625,106.651885986328,15.8354110717773,380.854705810547,93.2056732177734,85.5774688720703,422.633087158203,103.618194580078,91.927619934082,9073,2453,7619.3115234375,2059.97705078125,9,176,147.801040649414,7.55800771713257,71,167,,,1.40243029594421,0.596242845058441,1.5013142824173,0.604850590229034,112,1,94.0552062988281,0.839778661727905,27.6513919830322,19.9872635189839,414.987024746765,257.394908431077,,,,794.700790627267,492.911645510923,,,4650,75.9016461659935
2010,SP,35101,Araras,63.0988179264144,52.4588382149997,51.1331636030683,96.4645224650135,94.6967836975203,8.37255387664107,33.5624846550454,100,100,,,,,1.00786626338959,20.6981315612793,77.0403137207031,,,,,,666.985656738281,150.45735168457,108.908462524414,11.0901365280151,394.680480957031,75.8270111083984,84.6328277587891,439.473388671875,85.7167434692383,91.9501876831055,17293,3051,5443.2197265625,960.346008300781,33,377,118.666152954102,10.3872232437134,212,507,,,1.59585523605347,0.667300403118134,1.77692341804504,0.621659576892853,294,11,92.5407180786133,3.46240758895874,39.4418601989746,22.3150419881566,410.386601432044,267.194237407039,,,,785.890972904268,511.677375570955,,,9808,61.2805495175861
2010,SP,35095,Tupã,73.4967047831763,72.7283451562672,66.2299259166051,89.1566265060241,90.6291834002677,1.93021529324425,40.6291834002677,92.1017402945114,92.1017402945114,,,,,1.28847527503967,19.5418758392334,79.026481628418,,,,,,805.15673828125,198.156280517578,115.917510986328,17.9961090087891,380.254852294922,73.2099838256836,76.4493026733398,423.149291992188,83.4340209960938,82.4104156494141,16142,4867,12642.8408203125,3811.962890625,13,547,428.424865722656,10.1819438934326,104,158,,,1.23749780654907,0.814555466175079,1.71115398406982,0.795170605182648,74,3,57.9587554931641,2.34967923164368,15.5509605407715,18.9110724580209,340.616845205329,217.27208348406,,,,652.28178242638,416.076374029721,,,4490,62.3383494062553
2010,SP,35151,Catanduva,62.9718973607337,39.8054563158841,36.5307167988166,100,99.23273657289,11.5110145826869,52.6570048309179,100,100,,,,,0.441566079854965,6.65292882919312,92.5816879272461,,,,,,804.951477050781,222.817001342773,142.188018798828,9.10224437713623,400.090179443359,89.6729278564453,95.183952331543,447.630035400391,102.133613586426,103.433395385742,23242,5528,7775.8447265625,1849.44799804688,39,415,138.842422485352,13.0478420257568,198,460,,,1.53897619247437,0.662428915500641,1.75535297393799,0.657410502433777,348,23,116.426895141602,7.69488143920898,28.9471397399902,22.5647092388175,391.310186603244,298.556204456085,,,,749.35960916818,571.735590703615,,,8327,49.1763937934635
2010,SP,35011,Alto do Tietê,35.1307180821254,19.1301046378028,13.5036032737431,95.0604538050336,92.2109803381742,5.9260788767293,33.8013627916581,97.8525707206277,95.9001537155574,,,,,1.30600440502167,27.7336578369141,70.3520965576172,,,,,,539.428833007812,125.903350830078,139.343292236328,5.09164953231812,437.607330322266,92.5684432983398,130.989013671875,489.399291992188,105.612190246582,142.266616821289,130066,20762,4763.16015625,760.327331542969,205,2992,109.570343017578,7.50732612609863,1757,4218,,,1.54467809200287,0.643432796001434,1.34164154529572,0.635275423526764,1253,233,45.8862419128418,8.53271675109863,36.1819076538086,22.2590905560388,328.672514347811,229.976394553151,,,,629.408370464223,440.405149265869,,,117991,87.8657434095986
2010,SP,35092,Assis,67.581531865362,38.1136610099944,44.8585413238539,97.3400673400673,93.7562940584089,5.52336809578988,40.6176569318563,92.9842228935885,88.351795904666,,,,,0.525969743728638,14.6942796707153,84.4181442260742,,,,,,747.363159179688,195.555786132812,121.584678649902,15.870306968689,383.573516845703,82.9520874023438,82.9209518432617,429.791961669922,93.9406509399414,90.9152679443359,16899,2922,7184.12451171875,1242.20434570312,19,372,158.145111083984,8.07730388641357,221,442,,,1.87903594970703,0.939517974853516,1.97968351840973,0.884145975112915,240,14,102.029106140137,5.9516978263855,12.4798603057861,24.532676454826,443.814155001235,296.962073020087,,,,849.904789399813,568.682826551953,,,8582,68.4172108644574
2010,SP,35071,Bragança,47.3388507851664,31.272533081332,25.4708414237093,100,95.0158506516379,6.74015178894109,44.6460021134202,100,100,,,,,1.22922432422638,24.7056789398193,73.4072036743164,,,,,,715.016540527344,175.359329223633,162.248352050781,1.89914870262146,392.325500488281,74.0029602050781,110.667900085449,437.924713134766,84.3282852172852,120.491706848145,20938,3731,4902.1005859375,873.518859863281,24,411,96.225212097168,5.61899042129517,226,803,,,1.88002049922943,0.529121577739716,1.82745957374573,0.496695339679718,326,43,76.3246154785156,10.0673580169678,34.0632553100586,22.4372673646092,359.694843578499,277.799462147276,,,,688.816178652372,531.986397259018,,,13681,56.2635668298398
2010,SP,35155,São José do Rio Preto,56.6249520478223,30.7202039515615,24.6644857865214,100,90.843255185958,15.7567293042153,59.39609672272,99.2880815023935,96.7349944764944,,,,,0.384806364774704,12.0779542922974,87.4131088256836,,,,,,700.031372070312,159.282287597656,142.31819152832,3.53849458694458,353.905120849609,64.4286499023438,92.8461685180664,397.475860595703,72.9329605102539,101.378311157227,50495,9207,7580.54541015625,1382.19787597656,137,1096,164.536651611328,20.567081451416,696,1981,,,2.97396993637085,1.04486775398254,3.61830496788025,1.05488860607147,964,89,144.720184326172,13.3610963821411,37.8333702087402,24.6967549128819,405.601933169719,285.861463107419,,,,776.728325823243,547.425141496799,,,14738,41.072137598587
2010,SP,35064,Jaú,52.4696275340677,39.3120117764296,29.0364106121139,100,100,5.71131879543094,58.6325627151992,100,91.6379734382686,,,,,0.913022577762604,17.3234024047852,81.523307800293,,,,,,759.946655273438,167.011169433594,124.876724243164,15.3877058029175,407.762878417969,76.8949356079102,89.745491027832,455.221527099609,87.2757949829102,97.2120132446289,27991,6773,8546.2705078125,2067.9462890625,30,894,272.957916259766,9.1596622467041,349,485,,,1.48081207275391,1.06557404994965,1.94207739830017,1.05816996097565,288,9,87.9327545166016,2.7478985786438,14.5235605239868,23.6779842212908,329.946339589953,259.355998540088,,,,631.847747762028,496.667136085776,,,8908,49.0673954703721
2010,SP,35121,Vale do Ribeira,82.0177875614478,71.3303864353033,70.4696751451919,97.6877234803337,90.1787842669845,6.22306034482759,41.549463647199,100,92.4910607866508,,,,,0.972568571567535,34.2643394470215,64.2394027709961,,,,,,679.292114257812,204.322509765625,115.176559448242,10.1837272644043,432.290191650391,103.57738494873,95.1151733398438,478.791809082031,116.209350585938,101.76929473877,15225,2087,5428.98828125,744.190368652344,9,306,109.114639282227,3.20925402641296,233,295,,,1.05192220211029,0.830840229988098,1.39138996601105,0.912497878074646,42,0,14.9765186309814,0,10.0242834091187,26.3248839900073,411.281595540612,297.586194832773,,,,787.60488799865,569.878020783127,,,20170,154.276902114323
2010,SP,35131,Horizonte Verde,36.5535234697815,29.5336708123261,11.4608274794101,97.994320198793,91.1075612353568,5.21831735889244,50.9584664536741,97.4618388356407,92.6517571884984,,,,,0.914962351322174,24.6860427856445,73.6455001831055,,,,,,606.470825195312,150.501968383789,113.062431335449,7.93131637573242,398.728698730469,87.5503921508789,94.6226272583008,443.896087646484,97.6171340942383,101.981567382812,22462,3582,5569.31640625,888.135131835938,17,374,92.7310256958008,4.21504688262939,183,483,,,1.1975691318512,0.453737378120422,1.49733340740204,0.442641884088516,315,30,78.1023330688477,7.43831777572632,45.5996170043945,22.3508579877827,398.91506861287,272.888680435238,,,,763.922969912687,522.582242727834,,,14415,63.8678940076428
2010,SP,35014,Rota dos Bandeirantes,27.6460216074046,11.9526683494046,0.942850677595354,95.1329381879763,82.2692633361558,9.45639288738357,22.7332768839966,94.6079593564776,87.0719729043184,,,,,1.61327803134918,27.3825721740723,70.0315322875977,,,,,,529.504821777344,104.635078430176,148.256790161133,2.08916640281677,433.157928466797,79.355354309082,138.174957275391,483.906494140625,90.1139450073242,151.252197265625,95924,15028,5469.76318359375,856.924194335938,84,1497,85.3616943359375,4.78983449935913,1251,3641,,,2.07616519927979,0.71334320306778,1.81375074386597,0.692045569419861,709,127,40.4284858703613,7.24177360534668,43.4496726989746,23.4571851913971,456.888813502533,369.777110720487,,,,874.942780538219,708.123735735496,,,67208,69.2005391412508
2010,SP,35052,Sul - Barretos,65.0419798551661,51.6578950984568,52.4480233053468,96.4699074074074,95.8912037037037,9.55188679245283,51.6782407407407,98.5532407407407,96.2384259259259,,,,,0.488698840141296,18.6316432952881,80.6963958740234,,,,,,709.151000976562,172.608612060547,108.833541870117,11.3391981124878,375.248138427734,76.6373443603516,73.4506072998047,421.980743408203,87.8154830932617,80.7931671142578,8971,2309,6218.76220703125,1600.61560058594,0,204,141.414276123047,0,106,181,,,1.25470519065857,0.734799683094025,1.44377744197845,0.790949463844299,116,6,80.4120407104492,4.1592435836792,35.9476470947266,21.9825924776686,388.839250844989,253.975684509906,,,,744.627763390899,486.36382644322,,,4879,62.4334282096167
2010,SP,35094,Ourinhos,47.1380914757265,52.7951891844439,26.0139583882012,97.8670012547051,95.9849435382685,4.29740791268759,30.7089084065245,100,95.6085319949812,,,,,0.672430336475372,18.8920917510986,80.179313659668,,,,,,750.086853027344,177.640716552734,113.359970092773,19.0503768920898,407.108917236328,81.3295593261719,78.3162994384766,454.283477783203,91.8141250610352,84.4963226318359,17155,3749,7450.9208984375,1628.30090332031,26,260,112.925643920898,11.2925643920898,137,270,,,1.17268931865692,0.595031261444092,1.35206747055054,0.577440917491913,233,6,101.198745727539,2.60597634315491,23.1050205230713,21.6703881114094,415.775551736248,253.186821590061,,,,796.210821024858,484.85315273847,,,8224,59.6526638739793
2010,SP,35041,Baixada Santista,51.8661878127195,32.4646913142191,27.7087174274227,100,97.2418349229943,9.94673603369256,35.7611792394401,100,100,,,,,1.71182262897491,21.5229892730713,76.3628921508789,,,,,,775.346496582031,200.299301147461,187.344619750977,3.36433053016663,453.450531005859,99.1938934326172,135.322265625,507.237396240234,112.840484619141,147.570083618164,78031,12244,4574.0576171875,717.724548339844,176,1897,111.199234008789,10.3168506622314,1057,3155,,,1.84941267967224,0.619597196578979,2.42318487167358,0.651485681533813,1279,224,74.9730224609375,13.1305370330811,40.0017127990723,21.1066354687304,544.801621448453,370.168553788356,,,,1043.29594296184,708.873349812493,,,61164,76.230641081825
2010,SP,35032,Centro Oeste do DRS III,51.7682615102397,32.0722942290921,33.5247947553604,94.1993957703928,94.5619335347432,2.50169033130494,28.761329305136,100,91.3595166163142,,,,,0.674019634723663,19.669116973877,79.4117660522461,,,,,,743.516418457031,219.204055786133,133.299758911133,6.97211170196533,399.400939941406,98.4250106811523,96.3312759399414,445.087615966797,110.765396118164,104.032600402832,9756,2211,7224.84716796875,1637.36535644531,8,147,108.861473083496,5.92443370819092,62,123,,,0.910881698131561,0.459143608808517,1.04992079734802,0.445443361997604,106,6,78.4987487792969,4.44332551956177,18.4694232940674,24.445792913009,363.584121729323,261.870543759399,,,,696.264152292791,501.482494048047,,,4126,55.4050983720617
2010,SP,35073,Jundiaí,39.3696693868699,18.3628574908576,7.1743257173583,98.227675528289,95.608141006914,9.26088226701724,46.8400038952186,98.7145778556822,96.9130392443276,,,,,0.629891216754913,20.1183433532715,78.8509292602539,,,,,,564.062255859375,115.74446105957,130.962966918945,1.55940592288971,350.768707275391,55.3184127807617,100.972709655762,391.251617431641,62.3958396911621,109.90022277832,31699,4748,4425.79443359375,662.912780761719,47,516,72.0435943603516,6.56211042404175,352,1140,,,1.59166085720062,0.491460174322128,1.27472484111786,0.485491454601288,469,86,65.4814834594727,12.0072660446167,57.8726463317871,21.6169336928442,545.06117064889,404.644343608985,,,,1043.79298007985,774.894540341694,,,16041,44.3238207620694
2010,SP,35171,Alto Vale do Paraíba,35.5739398059966,21.0153780679583,11.9924017915994,96.4717598520415,88.9244558258643,12.5794245734276,49.3740219092332,94.6934130032722,92.936406316688,,,,,0.859716176986694,17.528657913208,80.4516906738281,,,,,,539.184143066406,114.217819213867,94.6147613525391,13.0402526855469,359.536346435547,65.5687484741211,81.2512130737305,401.754608154297,75.1451644897461,87.4841537475586,46450,6711,4645.724609375,671.204711914062,107,999,99.9155883789062,10.7016696929932,659,2074,,,2.0743236541748,0.65910279750824,2.38367199897766,0.706610202789307,1008,154,100.815727233887,15.4024028778076,47.9075736999512,23.9237182152119,519.074588326515,386.295267361223,,,,994.028634965944,739.756031106919,,,30693,60.9873127980648
2010,SP,35143,Rio Pardo,31.9851549244425,29.9916332855013,25.4226593064508,100,94.3163751987281,3.85532591414944,61.3275039745628,97.2575516693164,91.7726550079491,,,,,0.596896111965179,14.166335105896,85.1173858642578,,,,,,756.073852539062,206.669540405273,134.194931030273,10.1422386169434,386.723663330078,85.2086563110352,89.0067367553711,432.019927978516,96.4557189941406,96.4829559326172,18257,4270,8536.57421875,1996.55859375,13,533,249.219146728516,6.07851552963257,157,294,,,1.37467968463898,0.73409765958786,1.76253581047058,0.692717015743256,151,4,70.6043014526367,1.87031257152557,26.3241806030273,22.1912190146077,359.512798616467,244.338334805674,,,,688.467562270102,467.90828693767,,,8145,68.0703229647229
2010,SP,35065,Lins,47.6371998850158,65.022309432453,17.247628451088,100,99.6013951170902,21.203007518797,52.1674140508221,100,96.4125560538117,,,,,1.15163147449493,28.5028781890869,69.9616088867188,,,,,,803.814025878906,164.159210205078,150.950988769531,16.0406894683838,437.981842041016,72.9685363769531,110.787376403809,487.984313964844,83.4868469238281,120.567810058594,10969,2174,6899.08935546875,1367.36437988281,12,438,275.485565185547,7.54754972457886,129,216,,,1.35855889320374,0.81136155128479,1.9298141002655,0.791863739490509,146,21,91.8285217285156,13.2082118988037,38.4623107910156,19.4123195852603,323.844948384678,232.139944635381,,,,620.163574220175,444.548351000811,,,5092,58.2836677769182
2010,SP,35012,Franco da Rocha,32.643707355369,34.741063147727,24.5621529261,100,94.4771281066154,5.53487813663105,38.0838035778605,99.2676191619642,94.9813903229679,,,,,0.983062863349915,26.5900745391846,71.8583450317383,,,,,,521.592956542969,130.586685180664,150.560974121094,2.131502866745,461.193939208984,109.761665344238,148.582641601562,514.301147460938,125.075462341309,162.06510925293,23632,3753,4453.1376953125,707.203186035156,46,440,82.9121780395508,8.6680908203125,258,755,,,1.4226975440979,0.48616686463356,1.26558840274811,0.453096210956573,166,24,31.2805023193359,4.52248239517212,29.1068859100342,19.5883699974316,305.308630487824,193.990501427758,,,,584.666496939416,371.492108585549,,,23223,87.02802618384
2010,SP,35114,Extremo Oeste Paulista,90.7872749962984,80.9093216574656,74.1301267000867,87.4055415617129,80.9403862300588,3.22283609576427,40.2183039462636,93.1989924433249,89.0008396305626,,,,,0.725294649600983,19.8549404144287,79.0571136474609,,,,,,685.674560546875,226.45166015625,106.379615783691,14.5929336547852,386.060760498047,97.7468109130859,80.1866226196289,430.475677490234,111.777503967285,86.192253112793,9232,2558,9723.728515625,2694.248046875,4,147,154.829742431641,4.21305418014526,49,70,,,0.737284481525421,0.516099154949188,0.904490053653717,0.500300168991089,32,0,33.7044334411621,0,15.464015007019,21.3945318042968,357.817693519899,245.397487176233,,,,685.221433403156,469.936565356234,,,3996,85.2338557250681
2010,SP,35174,Vale do Paraíba/Região Serrana,54.1881839503284,34.5751232085558,37.1856753388802,100,86.143006263048,7.22207195022992,42.1842379958246,96.1116910229645,95.1461377870564,,,,,1.25528371334076,17.4458827972412,80.4406280517578,,,,,,627.104125976562,143.908325195312,134.979705810547,8.15187072753906,402.150573730469,79.283332824707,108.450675964355,449.538787841797,90.3456039428711,117.547904968262,26226,3275,4591.41064453125,573.357360839844,44,836,146.359313964844,7.70312166213989,369,1084,,,1.89776909351349,0.646011769771576,2.39961004257202,0.670434176921844,530,71,92.7876052856445,12.4300374984741,32.1123886108398,20.9100856856129,367.163655608742,284.786278312162,,,,703.118965177091,545.366160960281,,,17897,61.7887509910364
2010,SP,35033,Norte do DRS III,38.4474303257446,14.0677538109857,11.0109910556464,92.2784121805329,88.8655462184874,6.46408839779006,27.8886554621849,99.1596638655462,98.3193277310924,,,,,0.711159765720367,24.6170673370361,74.5076599121094,,,,,,688.396179199219,171.269256591797,109.532661437988,10.2217931747437,383.806549072266,76.8667526245117,82.4033813476562,426.573394775391,87.3010025024414,88.4160842895508,11619,2408,7713.0908203125,1598.51306152344,11,221,146.707382202148,7.30217742919922,77,144,,,0.955921411514282,0.511152386665344,1.5731213092804,0.518454611301422,116,14,77.0047760009766,9.29368019104004,35.8616561889648,22.7054901759159,329.392077067732,254.721094085361,,,,630.786334179536,487.791286926632,,,4657,45.5843335426099
2010,SP,35173,Litoral Norte,95.620577686437,97.048720847495,87.8994304042071,97.3385790326313,81.3006248553576,7.1511224253645,25.8504975700069,95.0705855126128,98.8660032399907,,,,,0.964408755302429,21.5614242553711,77.0378875732422,,,,,,555.288208007812,113.20401763916,94.1635894775391,15.8977556228638,406.486297607422,69.7684860229492,85.8103790283203,450.746398925781,79.3758773803711,92.3027725219727,16809,2180,5819.10205078125,754.693481445312,13,344,119.089241027832,4.50046539306641,230,386,,,1.33629214763641,0.796236217021942,1.66975927352905,0.81423807144165,88,11,30.4646911621094,3.80808639526367,19.585334777832,29.7781599357775,695.909012244456,556.098004189843,,,,1332.66682873468,1064.92853328509,,,12342,82.5357382572486
2010,SP,35102,Limeira,38.7686104495054,23.5947939804284,18.4654909412048,95.001157139551,93.682018051377,3.65656098125434,42.8604489701458,96.4591529738486,100,,,,,0.697350084781647,23.6866569519043,75.2905654907227,,,,,,616.326965332031,128.071746826172,121.331123352051,11.2696151733398,379.858306884766,71.2659530639648,97.1507263183594,424.346008300781,80.9683532714844,104.367729187012,16127,1696,4726.345703125,497.047302246094,52,268,78.542854309082,15.2396583557129,187,648,,,1.89909589290619,0.548041582107544,2.42786812782288,0.568922817707062,229,22,67.1131134033203,6.44754791259766,43.804931640625,17.6314772073952,388.709794241742,243.012682528686,,,,744.379853796581,465.369660788425,,,11203,66.5058261212064
2010,SP,35013,Mananciais,38.6224423837363,27.2572996332997,19.1147892858682,94.2862125087189,89.0606835619623,5.32434317600558,32.3820041850732,100,95.6696117182051,,,,,1.28176295757294,28.0863494873047,69.7886199951172,,,,,,542.89599609375,112.37442779541,139.850326538086,2.12998366355896,466.144317626953,91.1200866699219,133.700759887695,522.098266601562,103.258560180664,146.368103027344,60429,7943,5972.44921875,785.039672851562,66,1003,99.1306533813477,6.5230541229248,476,1281,,,1.26606547832489,0.470450550317764,1.23994863033295,0.502028048038483,377,22,37.2604751586914,2.17435145378113,28.3310070037842,21.5831644046078,309.805458855759,232.330267365743,,,,593.277930179995,444.912819322164,,,37451,73.2659488969834
2010,SP,35132,Aquífero Guarani,41.8981581288879,32.1546769310771,16.2275939652165,100,89.8900890657571,11.1403420014166,54.5954140610195,94.3433769187038,93.2063672541217,,,,,1.16774785518646,17.6830406188965,79.175163269043,,,,,,631.145141601562,146.36474609375,125.213775634766,3.3512065410614,355.112976074219,65.1334762573242,88.3415756225586,397.609893798828,74.1260757446289,96.7580032348633,47791,8378,5776.150390625,1012.58782958984,139,1400,169.207809448242,16.7999172210693,929,2764,,,3.34064555168152,1.12281465530396,3.59895944595337,0.988475739955902,728,112,87.9880599975586,13.5366239547729,39.7279396057129,26.4099737707892,507.279790491844,359.842874566873,,,,971.441578972515,689.099658222776,,,18869,40.2794755587365
2010,SP,35081,Três Colinas,27.810791537913,15.2948094028749,17.1448588192611,97.6906552094522,93.4121016827784,7.54613557463914,46.9029717150018,95.3992123165056,93.7522377372001,,,,,0.676540493965149,23.2949352264404,75.7725372314453,,,,,,595.329711914062,164.976959228516,123.858848571777,3.43220329284668,372.768646240234,90.7009658813477,98.4509506225586,414.287200927734,102.281723022461,105.469024658203,21034,2908,5306.001953125,733.567260742188,48,328,82.7407379150391,12.1084003448486,127,556,,,1.40255641937256,0.320368081331253,1.58090305328369,0.30447581410408,281,41,70.8845977783203,10.3425922393799,30.9066925048828,25.8329501049712,288.731331741849,232.929687183298,,,,552.920944345502,446.060709194673,,,12954,62.7324628541292
2010,SP,35034,Coração do DRS III,57.1428571428571,36.0872446349987,33.6447460084617,98.4458164786034,88.6949116457313,11.6031509474132,27.9965935703641,100,91.7819885033,,,,,0.539374351501465,10.4638614654541,88.7162857055664,,,,,,669.912048339844,154.046890258789,112.65705871582,11.6612110137939,364.022979736328,66.7726593017578,82.8100509643555,406.848510742188,75.6875152587891,90.2243957519531,20357,4013,5579.95068359375,1099.982421875,25,385,105.530334472656,6.85261917114258,193,578,,,1.58432555198669,0.529022216796875,1.844930768013,0.561229526996613,334,12,91.5509948730469,3.28925728797913,35.7862968444824,23.1949300199337,480.239649272834,286.30154454739,,,,919.659666951209,548.267898131176,,,9890,44.3655723141592
2010,SP,35015,Grande ABC,49.2984047377688,41.9561912226608,28.6034843895678,94.0623276337562,88.099834528406,12.3083287369002,40.2564809707667,93.4804191947049,95.5377826806398,,,,,1.02678573131561,19.3443088531494,78.9899520874023,,,,,,585.601623535156,117.877365112305,154.888488769531,1.39723169803619,377.112457275391,60.5898780822754,119.786964416504,422.610290527344,69.5925216674805,130.655029296875,124620,19849,4764.7998046875,758.919189453125,225,2397,91.6484069824219,8.60279178619385,1726,6018,,,2.30096006393433,0.659929752349854,1.79163658618927,0.647541701793671,2902,442,110.956901550293,16.8997058868408,53.338493347168,24.4925182491075,520.027739156002,378.19098061388,,,,995.853920270327,724.236309521614,,,72972,52.4958576514255
2010,SP,35111,Alta Paulista,67.3338065190431,59.5870804701698,50.1579452300541,98.0253878702398,96.262341325811,3.60443622920518,59.2383638928068,100,95.4160789844852,,,,,0.214285716414452,15.6428575515747,83.5,,,,,,812.585388183594,228.175842285156,121.072891235352,17.2874889373779,400.541076660156,85.937873840332,87.1459579467773,446.240173339844,96.987190246582,92.873046875,11314,2727,8780.888671875,2116.447265625,10,218,169.191604614258,7.76108264923096,115,149,,,1.15640139579773,0.892524540424347,1.1626101732254,0.89543491601944,99,0,76.834716796875,0,12.8872776031494,22.100232806534,428.167500214497,275.080177837404,,,,819.941421419138,526.778963623436,,,5466,75.54209034747
2010,SP,35141,Baixa Mogiana,26.1333298982684,53.5145544774461,23.3316050662914,100,97.3607038123167,7.73127166089043,53.2124766728872,100,91.8688349773394,,,,,0.927835047245026,19.6907215118408,78.6082458496094,,,,,,717.268005371094,205.21028137207,127.12712097168,9.80656814575195,417.657440185547,99.0125885009766,94.4607543945312,465.771759033203,111.419097900391,102.113174438477,20870,3057,6733.86572265625,986.364501953125,25,427,137.774826049805,8.06644153594971,232,457,,,1.4745454788208,0.748565793037415,1.70395517349243,0.710572838783264,346,16,111.639549255371,5.16252279281616,35.6543159484863,25.224584348951,504.834461258534,338.117263042638,,,,966.758769729885,647.495078740548,,,6360,37.9842766484219
2010,SP,35154,Fernandópolis,82.0216211284952,79.1214706016512,64.4784016786024,100,100,4.73568281938326,58.9830508474576,100,99.5762711864407,,,,,0.419815272092819,15.5331649780273,83.7951278686523,,,,,,727.487548828125,162.251770019531,116.398010253906,17.9393939971924,344.855682373047,53.3717384338379,77.2463684082031,386.128143310547,60.6115531921387,83.2936019897461,10215,1917,9007.619140625,1690.41650390625,16,140,123.452438354492,14.1088495254517,127,160,,,1.41088497638702,1.11988997459412,1.36855840682983,1.07117033004761,159,0,140.206695556641,0,17.8838481903076,20.2953478457358,476.369083097692,353.910978564262,,,,912.247526773001,677.740068254703,,,3855,62.6312766237899
2010,SP,35115,Pontal do Paranapanema,100,100,98.7123459857642,89.9453551912568,92.3497267759563,2.33160621761658,48.5245901639344,100,97.7049180327869,,,,,0.465657740831375,24.0977878570557,74.7380676269531,,,,,,594.903686523438,145.484924316406,119.556922912598,10.1694917678833,381.342102050781,76.9404678344727,95.1680145263672,420.582611083984,85.1559982299805,101.72257232666,7125,1643,10263.1689453125,2366.65087890625,0,111,159.889373779297,0,57,72,,,1.03712022304535,0.821053564548492,1.16387939453125,0.797286212444305,15,0,21.6066722869873,0,12.0190715789795,21.3300418377382,468.82517008592,309.327622304051,,,,897.800921753152,592.362872448575,,,4343,135.758252728449
2010,SP,35113,Alto Capivari,98.3094606542882,88.1096374889478,95.5702917771883,93.6868686868687,99.4949494949495,2.78884462151394,46.3383838383838,100,91.4141414141414,,,,,0.389105051755905,14.0077819824219,85.2140045166016,,,,,,775.679138183594,198.267761230469,107.829833984375,12.5560541152954,424.961730957031,84.269172668457,82.2607727050781,475.851135253906,96.8346710205078,87.892692565918,5494,1369,9555.115234375,2380.95239257812,5,97,168.701522827148,8.69595432281494,47,57,,,0.991338849067688,0.817419707775116,1.08482038974762,0.797419011592865,28,0,48.6973457336426,0,20.1833114624023,23.6992873714911,509.163369765139,378.486225947934,,,,975.04863617776,724.801704790407,,,2385,71.1451480975185
2010,SP,35082,Alta Anhanguera,69.6322000581895,46.9035403316799,46.5160837076618,100,93.9641943734015,2.09718670076726,52.8388746803069,100,100,,,,,0.484496116638184,27.7616271972656,71.172477722168,,,,,,639.297912597656,158.662719726562,114.84790802002,9.76116275787354,400.743835449219,81.8269958496094,90.9637298583984,450.288604736328,94.2579727172852,98.3802032470703,10761,3003,7143.8056640625,1993.57385253906,8,251,166.629043579102,5.31088590621948,89,163,,,1.08209300041199,0.590836048126221,1.36390197277069,0.579218506813049,119,0,78.9994277954102,0,43.1987457275391,20.3693120183724,397.724947555921,306.491585457591,,,,761.643886258261,586.931857525867,,,4252,45.2202707263699
2010,SP,35152,Santa Fé do Sul,96.3636363636364,99.540886249429,96.3636363636364,83.9175257731959,88.4536082474227,6.00961538461539,54.2268041237113,92.3711340206186,93.6082474226804,,,,,0.865800857543945,9.95670986175537,88.9610366821289,,,,,,797.690673828125,202.728012084961,107.974700927734,12.707181930542,346.679290771484,68.4130630493164,64.9763641357422,384.565277099609,75.7131881713867,69.5383758544922,3780,792,8329.4775390625,1745.22375488281,6,39,85.9390487670898,13.2213926315308,49,56,,,1.23399662971497,1.07974708080292,1.43727552890778,1.08966302871704,43,0,94.7533111572266,0,11.4100618362427,21.2302089343289,465.650360070324,332.48108751741,,,,891.721155690527,636.701793941472,,,1430,52.0481559894834
2010,SP,35016,São Paulo,57.4233893204796,33.9865766023444,29.0063241143246,100,84.8491467262914,15.7940417411497,41.9429004983417,91.481057840979,91.7241934278669,,,,,1.27564346790314,21.4977188110352,77.1118698120117,,,,,,608.109008789062,128.88932800293,152.536514282227,1.71054697036743,361.189025878906,62.8534088134766,111.05403137207,412.185577392578,74.0622253417969,121.9609375,581750,81809,5042.79833984375,709.147033691406,1710,17152,148.679107666016,14.8228359222412,12138,31001,,,2.68726754188538,1.05216133594513,2.69562363624573,0.951643407344818,16484,2706,142.888671875,23.4564876556396,53.2231941223145,18.32215957507,455.828864126136,347.149841633907,,,,872.91297585225,664.792480634655,,,166137,21.7080757466273
2010,TO,17007,Cantão,95.8532536219394,97.5723707487005,95.8532536219394,92.6046764545949,95.4323001631321,8.6569064290261,41.1636759108211,100,100,,,,,0.713501632213593,50.8781547546387,48.1888046264648,,,,,,467.130096435547,134.929718017578,95.6463851928711,3.83912253379822,341.915283203125,77.9629058837891,88.2878341674805,380.123565673828,86.7378692626953,93.5506286621094,7673,1199,6552.63134765625,1023.92864990234,0,114,97.3543548583984,0,79,87,,,0.742967426776886,0.674648582935333,1.04399728775024,0.713077962398529,10,0,8.53985595703125,0,2.26476979255676,19.2098123830886,320.674621128946,173.176803527843,,,,614.092392649583,331.633845096388,,,10855,196.554290590942
2010,TO,17002,Bico do Papagaio,98.0244300392468,100,98.0244300392468,95.6174200661521,78.3902976846747,3.90243902439024,31.06394707828,96.6372657111356,94.8180815876516,,,,,1.08665370941162,61.3541374206543,37.224853515625,,,,,,482.638824462891,162.92903137207,110.66877746582,3.50318479537964,384.107696533203,105.887901306152,100.584510803223,425.589141845703,118.942192077637,108.881011962891,14838,4421,7602.330078125,2265.12353515625,0,218,111.693489074707,0,94,126,,,0.645567893981934,0.481614112854004,0.786593735218048,0.486737668514252,0,0,0,0,1.24553608894348,20.4307581595797,313.101655899279,162.108086400018,,,,599.590152587785,310.437234773258,,,25498,303.924010360037
2010,TO,17005,Ilha do Bananal,93.8454692888215,100,83.6054824034988,96.2083492914592,88.0122558406741,5.66585956416465,45.1551129835312,89.8506319417848,91.9571045576407,,,,,0.907029449939728,38.8888893127441,59.9773254394531,,,,,,501.112945556641,156.954513549805,95.3141937255859,2.84738039970398,354.770446777344,89.1877975463867,85.7163696289062,390.328155517578,99.392578125,91.5192413330078,12052,3090,6878.60302734375,1763.59802246094,10,232,132.412536621094,5.70743656158447,149,182,,,1.03875350952148,0.85040807723999,1.43456423282623,0.810598731040955,122,4,69.630729675293,2.28297472000122,5.8643913269043,19.6705142852857,371.125240269509,215.158622306517,,,,710.705405895254,412.029092624288,,,13423,153.095886009574
2010,TO,17003,Sudeste,86.9108775819069,100,86.9108775819069,99.1756499682942,85.288522511097,3.23115161557581,30.0570703868104,96.1318960050729,99.7463538363982,,,,,1.00806450843811,56.8548393249512,41.1290321350098,,,,,,507.689544677734,139.906097412109,98.5702056884766,5.42797517776489,392.653961181641,85.3415145874023,90.529296875,433.706024169922,96.6139678955078,95.2792282104492,7630,2082,8086.99609375,2206.70068359375,0,189,200.320083618164,0,67,63,,,0.667733609676361,0.71012943983078,0.827247798442841,0.71012943983078,0,0,0,0,4.8119215965271,23.6477303496205,347.865056225285,217.219362815634,,,,666.162117677121,415.975413868603,,,10917,268.084444547618
2010,TO,17006,Capim Dourado,88.9354258258166,100,86.6235632737515,100,83.646017699115,7.27033627653579,38.6371681415929,95.5221238938053,93.5221238938053,,,,,1.39958012104034,44.0517845153809,53.7438774108887,,,,,,333.10498046875,81.8152618408203,76.2959747314453,1.75438594818115,330.984741210938,76.8768615722656,89.3651657104492,367.239776611328,87.1011199951172,95.6100387573242,20658,3103,6706.9033203125,1007.43157958984,44,456,148.046661376953,14.2852039337158,305,455,,,1.47721993923187,0.990224361419678,2.02971649169922,1.00191223621368,110,18,35.7130088806152,5.84394693374634,12.8953189849854,17.3878437072256,419.964516160102,254.201823708675,,,,804.232694339036,486.796883356658,,,18964,123.995123218033
2010,TO,17001,Médio Norte Araguaia,92.6094810884401,100,92.6094810884401,100,80.3281890994335,2.3936170212766,32.9556554014456,100,93.2994725532331,,,,,0.982751727104187,47.2723617553711,51.7248306274414,,,,,,475.28515625,136.062026977539,104.376350402832,1.09803926944733,388.415893554688,93.3884506225586,102.877418518066,433.072418212891,107.109931945801,110.445640563965,18126,3342,6756.87744140625,1245.80627441406,44,551,205.397750854492,16.4019985198975,294,318,,,1.18541717529297,1.09595167636871,1.53358685970306,1.07833814620972,80,0,29.8218154907227,0,3.73928284645081,18.7468712159727,337.096707991866,141.913061730335,,,,645.540714248737,271.763731471492,,,22597,167.910220272307
2010,TO,17004,Cerrado Tocantins Araguaia,98.6895704166034,97.3494524917494,98.6895704166034,99.34890846419,82.7652240520873,4.60472697636512,33.2056683263118,99.5787054768288,98.1233243967828,,,,,1.60295927524567,57.6243324279785,40.0739822387695,,,,,,512.295104980469,167.416687011719,123.218688964844,2.48366022109985,380.509124755859,102.710540771484,103.590972900391,420.634429931641,116.041069030762,111.384338378906,12135,3120,8126.40625,2089.3603515625,0,211,141.299682617188,0,100,85,,,0.569216728210449,0.669666767120361,0.815319299697876,0.650413870811462,12,0,8.03600120544434,0,3.09319090843201,19.3749778238382,319.486990582842,184.824572775852,,,,611.818078327255,353.939341120235,,,15477,224.131650223715
2010,TO,17008,Amor Perfeito,98.9602488360264,99.9139246449392,97.129191282914,100,84.5619658119658,4.4481981981982,34.9358974358974,97.8098290598291,95.6730769230769,,,,,1.39742875099182,46.338737487793,51.9843482971191,,,,,,522.945190429688,145.894119262695,109.894271850586,2.7173912525177,392.047393798828,86.3826522827148,102.051628112793,432.274139404297,97.7956924438477,108.687713623047,9088,2282,8609.6484375,2161.8857421875,0,148,140.209930419922,0,95,76,,,0.719996988773346,0.899996221065521,0.981706380844116,0.978153765201569,0,0,0,0,4.27261352539062,20.1407585854406,329.182020247469,181.350366312907,,,,630.384075045672,347.286230400472,,,10701,236.623316386053
2011,AC,12002,Baixo Acre e Purus,63.8596439562381,79.750773573753,45.0351394956993,100,78.8442006906358,90.300629697339,61.4056469632338,100,100,,,,,4.23536109924316,56.2440795898438,37.3602409362793,,,,,,425.724884033203,120.391036987305,92.4714050292969,6.04651165008545,397.790466308594,109.300651550293,101.296432495117,442.432891845703,123.247207641602,108.112602233887,33384,5588,6610.41796875,1106.48864746094,34,889,176.032287597656,6.73239326477051,457,617,,,1.22173142433167,0.904912889003754,1.42820799350739,0.97644454240799,172,17,34.057991027832,3.36619663238525,8.84755325317383,15.5472353240585,213.123707658884,130.829944963261,,,,383.210685326198,235.240994168534,,,32962,180.51360400161
2011,AC,12001,Alto Acre,95.3273895774024,100,89.0233715756636,87.0708546384222,78.9627465303141,80.0584368151936,59.8246895544193,97.6625273922571,99.1234477720964,,,,,8.22873115539551,60.0418395996094,31.1018123626709,,,,,,424.979156494141,113.862335205078,57.7330169677734,22.6415100097656,360.482025146484,88.535774230957,60.394474029541,398.167144775391,98.4806289672852,64.5211944580078,4350,1056,6976.07275390625,1693.50183105469,0,86,137.917755126953,0,58,41,,,0.657514929771423,0.930143058300018,0.831916749477386,0.898871004581451,0,0,0,0,0.750529229640961,15.664155218057,258.575317266524,116.010793918919,,,,464.935720322306,208.595169121497,,,4832,216.611813171462
2011,AC,12003,Juruá e Tarauacá/Envira,87.4630965329537,93.5531084122362,87.4630965329537,100,59.2343140730238,47.6426799007444,30.2375044310528,100,100,,,,,19.3000507354736,59.4613151550293,20.2607650756836,,,,,,350.034576416016,69.6279907226562,72.4699478149414,12.9905281066895,359.580078125,75.2887878417969,80.9467620849609,395.961151123047,84.2589645385742,86.5012283325195,13650,3431,6465.4560546875,1625.12670898438,0,328,155.360412597656,0,132,101,,,0.478396385908127,0.62523090839386,0.71558153629303,0.748737692832947,29,13,13.7361335754395,6.15757703781128,0.655071496963501,15.7114680649419,239.098322206354,88.4522586862093,,,,429.914780103638,159.043078980423,,,18462,263.78754285022
2011,AL,27010,10ª Região de Saúde,79.7726988391311,100,79.7726988391311,84.7562970232254,67.2227674190383,95.420346745175,75.1717369970559,100,100,,,,,2.98724961280823,49.7632064819336,46.9216766357422,,,,,,472.997589111328,159.157302856445,112.496726989746,9.05405426025391,349.963836669922,96.7799453735352,97.7933883666992,386.968292236328,109.614738464355,105.229934692383,9365,2786,5985.97607421875,1780.77197265625,0,163,104.187309265137,0,70,75,,,0.47938945889473,0.447430163621902,0.526209831237793,0.488018453121185,0,0,0,0,2.47237110137939,15.4683332048022,331.201523097684,165.743114060371,,,,595.52249743368,298.017208056607,,,24113,392.771222292634
2011,AL,27005,5ª Região de Saúde,84.8376975712528,97.0300176627905,83.4755286350613,95.0092421441774,78.6374438869818,100,85.0541325587536,98.8645365724848,95.9862688143649,,,,,4.8702244758606,52.9600448608398,41.8197708129883,,,,,,522.466064453125,181.326446533203,107.127487182617,3.10924363136292,465.325775146484,148.080902099609,108.619926452637,519.039245605469,166.874298095703,117.39176940918,12534,2944,5503.01611328125,1292.5546875,7,264,115.908432006836,3.07332968711853,101,96,,,0.421485215425491,0.443437576293945,0.646057784557343,0.444974213838577,20,7,8.7809419631958,3.07332968711853,2.72428727149963,16.7107430705048,325.215651606633,133.839705038107,,,,584.759500010459,240.65274414989,,,29308,310.052633315701
2011,AL,27007,7ª Região de Saúde,91.4107110778292,100,90.0724823436563,89.5902181097158,81.5708305794228,99.5153117426746,84.2806785635603,98.7992949988984,92.4212381581846,,,,,9.91947746276855,49.3289756774902,40.6465148925781,,,,,,540.352661132812,163.166091918945,86.1972503662109,17.0058135986328,411.324127197266,110.040267944336,79.4076538085938,458.827667236328,124.995803833008,85.0148086547852,29877,6342,5866.32177734375,1245.24584960938,57,841,165.129577636719,11.1918973922729,315,457,,,0.897315323352814,0.618499636650085,1.10176384449005,0.624537348747253,128,21,25.132682800293,4.12333059310913,3.49010491371155,19.8376159253843,417.830760641283,135.381584529058,,,,751.287662431197,243.425146633444,,,73785,354.309754872888
2011,AL,27004,4ª Região de Saúde,95.8128554565941,99.5550309403727,91.5205494151733,100,86.8957251298442,92.52896524171,75.6292449061127,100,100,,,,,3.0110936164856,56.0618057250977,39.4611740112305,,,,,,543.637573242188,191.215270996094,121.428672790527,4.49293947219849,436.431182861328,134.635681152344,109.811180114746,485.255615234375,151.976013183594,117.121391296387,8434,1899,5885.80126953125,1325.24743652344,0,206,143.760375976562,0,67,85,,,0.593186020851135,0.467570155858994,0.749508023262024,0.47280415892601,0,0,0,0,2.13895916938782,17.2158586453131,361.722918147176,158.27438912442,,,,650.402007754268,284.587940929744,,,23607,411.040611538718
2011,AL,27001,1ª Região de Saúde,53.4860001249263,40.4051034963108,43.0044263272778,100,50.7237543806186,73.375996749454,51.1605464980446,69.9426075473615,74.8235055106912,,,,,3.73344254493713,51.6902770996094,42.9039039611816,,,,,,639.390869140625,183.440628051758,131.573501586914,2.8638072013855,511.976165771484,134.440383911133,126.046142578125,571.352478027344,152.299041748047,136.099487304688,66508,9400,5510.51025390625,778.835571289062,111,2128,176.31510925293,9.1968879699707,680,1972,,,1.63389754295349,0.563412964344025,1.96156775951385,0.568674266338348,699,121,57.9155387878418,10.0254364013672,21.6910667419434,18.9049055971579,393.07991858985,172.983756715766,,,,706.783992477637,311.036367983278,,,121194,232.248231749204
2011,AL,27008,8ª Região de Saúde,100,100,100,96.2335216572505,81.8832391713748,93.1073446327684,70.2824858757062,100,98.3804143126177,,,,,2.62446928024292,53.261287689209,43.3809356689453,,,,,,672.009582519531,215.50212097168,135.167007446289,14.2314987182617,456.778839111328,121.406150817871,112.602973937988,507.385314941406,137.133010864258,120.271492004395,8946,1730,5703.79296875,1103.01379394531,16,149,94.9994583129883,10.2012844085693,65,78,,,0.497312605381012,0.414427161216736,0.92592591047287,0.483285844326019,33,2,21.0401477813721,1.27516055107117,27.2036361694336,19.5216591903414,430.377906702406,140.300196609148,,,,773.848270510833,252.269140231198,,,26144,393.643920530191
2011,AL,27003,3ª Região de Saúde,92.3908724129387,100,90.3431961514906,100,72.4292101341282,76.9249875807253,56.5076999503229,100,100,,,,,19.3822956085205,48.3463020324707,30.8852138519287,,,,,,611.007263183594,185.126083374023,110.802062988281,13.9552240371704,514.633422851562,142.13298034668,110.908950805664,572.821533203125,159.589920043945,119.862579345703,13617,2501,6209.01904296875,1140.39489746094,0,274,124.937301635742,0,97,120,,,0.547170698642731,0.442296296358109,0.726825058460236,0.471706718206406,16,0,7.29560899734497,0,1.68072593212128,16.9793268216011,357.806895095584,138.020938888009,,,,643.360736307565,248.170882355775,,,33392,390.120716646656
2011,AL,27009,9ª Região de Saúde,88.9846312559518,98.9917292702712,88.9848516911791,94.4031583836507,84.6028797027404,92.6846261031119,73.9665582907571,100,100,,,,,2.97852683067322,58.9933052062988,37.589469909668,,,,,,520.017700195312,165.616195678711,110.696830749512,10.0660066604614,379.449493408203,101.743942260742,92.4665679931641,418.368103027344,114.862426757812,99.4079208374023,11517,1753,4941.455078125,752.137756347656,0,306,131.291595458984,0,116,83,,,0.356117725372314,0.497706681489944,0.583947241306305,0.485049486160278,15,8,6.43586254119873,3.43245983123779,1.53774201869965,17.6822521606192,402.430403622457,138.573391728381,,,,723.596790156686,249.164229524397,,,38985,430.980557197543
2011,AL,27006,6ª Região de Saúde,98.0402089761499,100,98.0402089761499,91.3467048710602,84.9283667621776,100,87.6790830945559,97.4785100286533,93.0659025787966,,,,,7.2943172454834,58.3545379638672,34.0966911315918,,,,,,566.152526855469,197.529876708984,96.2708740234375,8.45814990997314,449.238372802734,137.172760009766,95.0615310668945,499.739379882812,153.087020874023,102.534538269043,11241,2581,5607.15478515625,1287.43591308594,33,402,200.522750854492,16.460823059082,108,122,,,0.608551621437073,0.538717865943909,0.715547025203705,0.563409090042114,10,0,4.98812818527222,0,2.44168877601624,18.1847734212593,433.073054202735,149.066718065373,,,,778.694326034178,268.031932330066,,,30148,364.451432604542
2011,AL,27002,2ª Região de Saúde,97.174499229584,100,97.174499229584,100,84.9338900487126,89.6311760612387,75.9568545581072,100,100,,,,,2.7335638999939,59.4463653564453,37.0934257507324,,,,,,450.868408203125,173.123504638672,95.9029541015625,4.14364624023438,403.704742431641,152.012069702148,95.1609420776367,448.711669921875,172.112915039062,102.328857421875,8900,1637,5542.443359375,1019.43591308594,0,124,77.2205581665039,0,65,66,,,0.411012649536133,0.404785186052322,0.622590780258179,0.448066055774689,0,0,0,0,1.20190060138702,16.1611357065247,325.978348178556,141.467972013529,,,,586.130879474681,254.368878537816,,,24418,374.109744565479
2011,AM,13008,Triângulo,77.1683673469388,100,68.8669894709476,100,50.6704304869442,78.0875088214538,73.1122088920254,84.4036697247706,89.8376852505293,,,,,6.89289522171021,61.4351348876953,30.89430809021,,,,,,254.211624145508,62.1583290100098,57.3769187927246,8.46395015716553,252.434829711914,66.5557632446289,55.2711601257324,275.988372802734,74.1957778930664,58.2517471313477,5070,1502,4040.29125976562,1196.9462890625,0,184,146.629898071289,0,70,47,,,0.374543786048889,0.557831168174744,0.468578159809113,0.59369170665741,13,1,10.3597211837769,0.796901643276215,3.25056171417236,22.6846605745484,349.354436674437,198.085480850168,,,,628.162650558028,356.170947397641,,,14376,338.704788478159
2011,AM,13009,Alto Solimões,64.6643819111623,100,58.4259284050443,100,48.4076433121019,73.036093418259,46.9922151450814,86.8895966029724,95.2229299363057,,,,,4.00687885284424,61.891658782959,31.9862422943115,,,,,,257.893676757812,46.2997016906738,65.3388290405273,20.9731540679932,237.119598388672,46.4460258483887,61.6483116149902,262.173553466797,51.9498062133789,65.3982620239258,7188,1447,3110.30151367188,626.127746582031,0,290,125.485176086426,0,95,71,,,0.307222306728363,0.411072105169296,0.34703141450882,0.43465468287468,0,0,0,0,0.513623774051666,19.6970739866242,290.48697406821,142.467207635524,,,,522.315014288239,256.16557103962,,,25666,313.33138169803
2011,AM,13002,Rio Negro e Solimões,74.0075468104608,99.6337693977233,67.2701734337988,97.8900034590107,53.9778623313732,71.9993081978554,50.6053268765133,84.6765824974057,100,,,,,8.06979274749756,59.7419128417969,30.7161026000977,,,,,,303.611999511719,74.5646591186523,68.446533203125,12.9722919464111,298.718536376953,70.7468032836914,74.7628707885742,328.565124511719,79.9186172485352,79.5844039916992,9416,1950,3600.51708984375,745.646545410156,0,339,129.627792358398,0,128,92,,,0.351792216300964,0.489450067281723,0.419665187597275,0.497097700834274,0,0,0,0,1.65227627754211,18.1209276173208,386.882399741379,171.686180474138,,,,695.640438945593,308.703239087016,,,29403,293.950111443384
2011,AM,13003,Rio Madeira,70.8063961174191,100,70.8063961174191,100,59.468438538206,84.1860465116279,54.2524916943522,93.4551495016611,94.485049833887,,,,,8.33333301544189,48.6166000366211,42.193675994873,,,,,,272.757873535156,64.4172821044922,47.5875434875488,20,253.341201782227,60.9657554626465,51.7582015991211,278.614196777344,68.7378997802734,54.4199676513672,6184,1799,3588.79711914062,1044.02429199219,0,257,149.146331787109,0,73,49,,,0.284364581108093,0.423645198345184,0.345735102891922,0.462672799825668,0,0,0,0,0.638369500637054,21.3006667788771,296.487298223524,147.501023537867,,,,533.103998568755,265.21670881745,,,16921,279.045888227984
2011,AM,13001,Manaus,57.402942335045,47.1906290615145,37.0047340599931,100,71.5294534345738,91.902242489983,67.2127155601798,88.8583888606026,94.3395391052177,,,,,5.19491767883301,55.1214447021484,36.3946762084961,,,,,,455.041137695312,84.6746215820312,89.5675354003906,11.9972124099731,434.109832763672,79.1830291748047,99.7671585083008,484.494934082031,89.6848068237305,107.84154510498,115304,21250,5223.8212890625,962.726379394531,198,3492,158.20426940918,8.97034454345703,1271,2681,,,1.21462094783783,0.575823664665222,1.29686045646667,0.573139369487762,1007,209,45.6219062805176,9.4686975479126,23.392032623291,19.1149677375566,274.256935930809,192.69750555479,,,,493.13231985305,346.483007336242,,,144316,166.274595013264
2011,AM,13005,Baixo Amazonas,71.4116185237411,100,65.8271322266743,100,62.6053010067804,71.543044996918,51.3868913088145,85.0421204027121,96.5481816313951,,,,,6.41699981689453,62.4447708129883,30.843677520752,,,,,,324.800750732422,88.0511093139648,61.0966873168945,21.8533878326416,262.016784667969,63.6586990356445,59.5903701782227,291.535339355469,72.0031967163086,63.7334861755371,9256,1838,4158.16845703125,825.703735351562,0,323,145.104629516602,0,104,67,,,0.300991028547287,0.467209935188293,0.416221171617508,0.496972113847733,0,0,0,0,0.623096346855164,20.4149438342259,271.230012602488,130.800982153889,,,,487.689709193646,235.188917099539,,,26018,324.345177190617
2011,AM,13006,Regional Purus,76.5378568892946,100,70.629849383843,100,43.49506225848,63.4607127522542,44.4826105624732,80.6784027479605,100,,,,,4.29583692550659,59.3445510864258,35.2524375915527,,,,,,254.976547241211,76.2470092773438,64.7689666748047,9.00321578979492,245.159729003906,71.1238098144531,68.3723220825195,270.889556884766,80.2691650390625,72.997917175293,3819,1092,3131.04638671875,895.287414550781,0,177,145.115264892578,0,50,36,,,0.295149713754654,0.409930139780045,0.352744877338409,0.440674901008606,0,0,0,0,0.443544417619705,21.03696012567,334.006366583458,179.77416592672,,,,600.565793678021,323.245978054157,,,16743,366.270792476877
2011,AM,13007,Regional Juruá,73.3619268132225,100,73.3619268132225,92.577984940839,29.2936536392972,34.7077805665113,34.7077805665113,59.9498027967013,63.2843313015418,,,,,11.6932420730591,52.3538360595703,34.851936340332,,,,,,341.046691894531,78.2595062255859,72.4930191040039,21.980676651001,349.908538818359,78.8106842041016,72.2371063232422,386.609375,87.3430328369141,76.9852905273438,4232,1063,3486.25512695312,875.682739257812,0,212,174.642272949219,0,47,38,,,0.313038021326065,0.387178629636765,0.355874806642532,0.394798636436462,0,0,0,0,3.26383328437805,16.6457151205477,242.946900947967,143.817753191489,,,,436.834782168664,258.59394230695,,,16070,363.962211121206
2011,AM,13004,Médio Amazonas,90.7134714678468,100,88.0379534634212,94.519260883182,69.8402756028813,78.4841841528343,71.2496085186345,96.0225493266521,100,,,,,7.23321437835693,51.3460922241211,41.2260780334473,,,,,,352.365844726562,90.6823883056641,69.9549789428711,24.080883026123,296.435424804688,69.5384140014648,71.3670959472656,329.794952392578,79.3257446289062,75.8316879272461,5894,1462,3817.728515625,946.983215332031,0,237,153.512329101562,0,101,69,,,0.44693461060524,0.654208660125732,0.450335204601288,0.564335942268372,0,0,0,0,1.93995535373688,21.9765043055912,321.799848790923,191.344892670036,,,,578.617658014905,344.050918873435,,,17763,303.325192586681
2011,AP,16002,Área Norte,82.8215967664182,96.9629547224385,82.8215967664182,77.7027027027027,57.9150579150579,58.2046332046332,62.1621621621622,64.6718146718147,95.1737451737452,,,,,12.6406927108765,67.2727279663086,18.0086574554443,,,,,,290.353973388672,26.0797004699707,50.4207534790039,22.155689239502,315.825012207031,36.5086441040039,54.9871673583984,346.827484130859,45.5579643249512,57.3612594604492,1760,311,3060.01806640625,540.719116210938,0,94,163.43278503418,0,19,16,,,0.278183460235596,0.33034285902977,0.392064809799194,0.401627361774445,0,0,0,0,1.04318797588348,15.5199937112624,223.550151537071,91.9577211573237,,,,401.958128996192,165.346135035036,,,5142,236.064651287324
2011,AP,16001,Área Central,83.1330012945915,78.965585443038,58.4818217779056,100,72.5556021821234,82.7213596307176,66.1351237935376,90.3273185060848,97.8703315148972,,,,,4.04001188278198,60.2117118835449,35.0684661865234,,,,,,365.524108886719,78.1756744384766,84.9368133544922,6.99421977996826,386.635040283203,84.8164367675781,97.4894561767578,427.766876220703,96.039436340332,103.655288696289,24593,3205,5196.14697265625,677.170349121094,26,720,152.125640869141,5.49342584609985,292,515,,,1.08812093734741,0.61695396900177,1.17004692554474,0.635335803031921,158,24,33.3831253051758,5.07085466384888,11.7696647644043,17.3160519179092,247.457086897873,127.032432872415,,,,444.944398258762,228.412813358182,,,27447,162.923671445517
2011,AP,16003,Área Sudoeste,98.3405990718605,100,95.2468007312614,100,59.5761802575107,59.1469957081545,50.5901287553648,75.4291845493562,79.9356223175966,,,,,4.20535230636597,65.3468017578125,29.7924633026123,,,,,,330.484252929688,69.7504501342773,66.9825744628906,13.7353429794312,358.930389404297,81.9965133666992,73.711555480957,398.630737304688,91.5410308837891,77.7328948974609,9442,1616,5226.85498046875,894.577209472656,0,206,114.036445617676,0,66,61,,,0.337680757045746,0.365359485149384,0.705808103084564,0.437324225902557,26,10,14.3929500579834,5.53574991226196,4.68379783630371,15.7084832594928,239.33882489659,83.6094385092882,,,,430.347220031418,150.335364295392,,,18242,275.681080202692
2011,BA,29023,Seabra,84.341989248841,100,80.9289228931426,100,87.4192322310908,90.8019764348157,61.0794374762448,94.9448878753326,99.619916381604,,,,,2.23765420913696,45.1774673461914,51.4660491943359,,,,,,460.849975585938,158.434555053711,78.383415222168,13.630880355835,277.351440429688,68.5551910400391,65.2119979858398,305.368865966797,78.9319763183594,69.483772277832,13716,6398,7624.87158203125,3556.716796875,0,318,176.779602050781,0,87,69,,,0.383578389883041,0.483642339706421,0.58495706319809,0.507546484470367,10,0,5.55910730361938,0,1.46704840660095,19.2729874466771,282.0275150262,160.88667537176,,,,507.104340954017,289.285006376417,,,27819,363.34426604137
2011,BA,29017,Paulo Afonso,86.1217717318337,96.9618286447712,83.5885549264734,100,80.2716049382716,85.2098765432099,64.2962962962963,98.2222222222222,100,,,,,2.92151522636414,47.5117607116699,48.9230003356934,,,,,,493.5830078125,132.253875732422,105.061492919922,6.42737913131714,343.494171142578,72.0488662719727,90.0545043945312,378.217468261719,81.3678359985352,95.7757949829102,10917,1873,4497.86767578125,771.686950683594,0,230,94.761344909668,0,131,170,,,0.700409948825836,0.539727687835693,0.715757191181183,0.559915959835052,15,0,6.18008756637573,0,5.78621006011963,19.6816578814749,381.19230093323,166.51771471852,,,,685.40926059478,299.409991864303,,,34703,342.136665470305
2011,BA,29001,Alagoinhas,74.0278896734752,96.1546056269055,73.2814795507322,89.5747233702173,77.7496333822157,94.1874416744434,63.0182642314358,95.5472603652846,100,,,,,12.1317157745361,47.0203971862793,39.3947486877441,,,,,,557.127990722656,165.427734375,89.0316162109375,12.8750867843628,386.769012451172,91.1671142578125,81.3806304931641,428.982269287109,102.597412109375,86.883674621582,26542,6373,5159.55712890625,1238.861328125,10,622,120.911933898926,1.9439218044281,299,365,,,0.709531426429749,0.581232607364655,0.72780430316925,0.595909237861633,95,5,18.4672565460205,0.97196090221405,7.80912256240845,17.9208554469892,297.777791559139,137.476736216242,,,,535.424391926127,247.192369542277,,,67526,307.817051901013
2011,BA,29019,Ribeira do Pombal,75.6253116373958,100,75.6253116373958,92.8882122662027,85.6024358416703,86.9073510221836,51.5006524575903,99.8912570682906,97.8468899521531,,,,,4.11899328231812,54.2562942504883,41.0983963012695,,,,,,459.200927734375,114.489959716797,73.5342025756836,24.6621627807617,265.514801025391,54.7971534729004,57.1327133178711,295.379119873047,61.6954345703125,60.9843864440918,17894,6279,5551.9873046875,1948.19091796875,7,414,128.4521484375,2.17189621925354,141,116,,,0.359914243221283,0.437481969594955,0.515515089035034,0.502716422080994,17,0,5.27460527420044,0,0.936707854270935,18.7956068438038,241.920925851769,136.941643925705,,,,434.99001030325,246.230237803759,,,51650,367.583511542115
2011,BA,29025,Serrinha,71.0256486659184,100,69.7940359485239,100,72.6925594588697,87.8572987126336,68.0885882609644,95.1232816932141,100,,,,,7.80434799194336,49.5543479919434,40.9565200805664,,,,,,474.052642822266,112.318519592285,71.2383041381836,28.6795043945312,284.555114746094,53.3945693969727,58.9697875976562,315.608459472656,60.4088401794434,63.4916114807129,39166,13794,6384.712890625,2248.65258789062,0,983,160.24543762207,0,267,215,,,0.350485950708389,0.435254663228989,0.619055986404419,0.482244223356247,125,0,20.3770904541016,0,2.05335855484009,17.8733937826833,258.538502112347,108.995390850014,,,,464.869524211992,195.981005040898,,,98026,380.144059366178
2011,BA,29015,Jequié,84.7780575381179,100,80.7551127425275,100,79.5793499043977,92.5047801147227,65.3919694072658,99.987253027406,100,,,,,4.75315141677856,49.7111358642578,44.157039642334,,,,,,615.781005859375,170.121536254883,88.895881652832,22.0376873016357,371.259704589844,81.8716430664062,74.4682769775391,411.682769775391,92.6357116699219,79.1036758422852,45979,17577,9042.7958984375,3456.9091796875,10,1207,237.38346862793,1.96672308444977,387,278,,,0.546748995780945,0.761121809482574,1.09010541439056,0.834628105163574,208,0,40.9078407287598,0,4.33937788009644,17.0345574261036,323.381757091152,147.233557004383,,,,581.462034975651,264.735786095506,,,73523,327.852735346815
2011,BA,29026,Teixeira de Freitas,94.8846012680547,100,94.8846012680547,100,66.7914067914068,83.5897435897436,54.5945945945946,100,100,,,,,2.14592266082764,49.9792327880859,46.51806640625,,,,,,566.313232421875,142.744522094727,101.227325439453,13.5090608596802,428.180267333984,91.8611145019531,92.1919097900391,474.696075439453,103.14134979248,99.272590637207,29065,7643,6779.1982421875,1782.673828125,22,746,173.999038696289,5.13133907318115,298,309,,,0.720719873905182,0.695063173770905,0.820139586925507,0.732848525047302,157,2,36.6191024780273,0.466485351324081,7.79240465164185,18.0932917350817,401.790355303982,154.601313979938,,,,722.445940457894,277.983506074356,,,46421,258.547856540041
2011,BA,29012,Itabuna,79.195355612749,99.7588371066702,69.5837938535682,69.9743056405237,68.0533463844366,83.7513764835434,64.6151963783189,87.5076471307965,87.4219992658754,,,,,3.17696690559387,57.8307266235352,36.7212715148926,,,,,,679.346801757812,192.122955322266,112.776176452637,16.3178730010986,450.617248535156,102.75658416748,95.9950866699219,498.001007080078,115.048820495605,102.321960449219,34966,10220,6717.771484375,1963.49658203125,21,1362,261.671478271484,4.03458213806152,436,445,,,0.854947149753571,0.837656080722809,1.27632081508636,0.909125864505768,202,50,38.808837890625,9.60614776611328,7.78962516784668,17.5296697129825,332.315376424991,138.918353868099,,,,597.525280238086,249.784494531163,,,67395,305.88539728768
2011,BA,29022,Santo Antônio de Jesus,90.6312392978205,99.9144990506366,89.4221114308013,94.2266131522075,79.9475146650201,97.4992281568385,67.0114232787897,99.1664093856128,100,,,,,3.89526414871216,47.9230651855469,46.5653800964355,,,,,,603.685607910156,208.863433837891,100.009521484375,10.8189334869385,379.759643554688,106.267143249512,84.3810119628906,422.176208496094,119.913391113281,91.9040222167969,29470,8035,6683.17626953125,1822.1689453125,10,975,221.109497070312,2.26778960227966,252,265,,,0.600964248180389,0.571483016014099,0.966361880302429,0.593593955039978,83,20,18.8226547241211,4.53557920455933,3.15835070610046,17.8455231098461,310.083816546263,132.234582106141,,,,557.551448182603,237.766625728113,,,62143,314.992910337706
2011,BA,29006,Feira de Santana,76.3101848790831,99.9486886743519,67.7657782326368,100,84.1970178440479,98.6066976289416,68.6201417746272,100,100,,,,,27.609468460083,35.4092636108398,35.2406196594238,,,,,,577.523376464844,152.991119384766,97.8853149414062,12.6647834777832,388.159881591797,81.5405807495117,86.9394454956055,431.558258056641,92.2272262573242,93.3354110717773,58113,11229,5267.04541015625,1017.7353515625,53,1597,144.743377685547,4.80363130569458,762,955,,,0.865559935569763,0.69063526391983,1.30056047439575,0.766428411006927,310,22,28.0967102050781,1.99396014213562,10.1862354278564,21.9343070408623,324.534977509926,133.089355694786,,,,583.535602444354,239.30356582878,,,129232,269.977195617671
2011,BA,29010,Irecê,80.3988382463924,98.056883237664,80.3988382463924,100,78.8946975354742,88.2897684839432,59.0291262135922,95.2501867064974,95.9522031366692,,,,,2.35771131515503,52.3652191162109,44.8265495300293,,,,,,421.203216552734,125.913932800293,80.9624099731445,7.54716968536377,287.316131591797,67.6515960693359,67.8354949951172,318.564697265625,76.6404724121094,72.2928695678711,33271,15782,8262.884765625,3919.474609375,20,798,198.184051513672,4.96701908111572,210,163,,,0.404812037944794,0.521537005901337,0.728413343429565,0.547675907611847,77,0,19.1230239868164,0,1.28223598003387,19.3294440681244,355.135484282492,146.3189664084,,,,638.557360935966,263.091291013614,,,64680,378.146961254151
2011,BA,29028,Vitória da Conquista,72.2096132813241,95.2124834836923,68.6534704792732,100,82.0769847634322,92.1812349639134,59.192060946271,97.1531676022454,95.6896551724138,,,,,2.05394196510315,50.7883834838867,45.4149360656738,,,,,,585.995239257812,128.433074951172,86.1894226074219,26.0628471374512,377.557983398438,67.0123519897461,75.4798126220703,417.378051757812,75.4557266235352,80.1877212524414,42246,11379,6537.08837890625,1760.77099609375,36,1202,185.995849609375,5.57059097290039,376,507,,,0.784524917602539,0.581817269325256,1.13055920600891,0.605995178222656,262,9,40.5415229797363,1.3926477432251,7.28045272827148,18.8239702502873,364.497794195991,127.195452244278,,,,655.391420541997,228.705933095537,,,79886,280.309660555816
2011,BA,29011,Itaberaba,84.020614343398,97.8780794821075,84.020614343398,98.0968441339436,68.2486147916165,86.0515538424476,57.0464948205252,89.0628764153216,90.2192242833052,,,,,6.46224021911621,52.3568153381348,40.8261528015137,,,,,,556.344360351562,151.584838867188,87.1912841796875,23.5801582336426,355.167266845703,84.1472854614258,73.2318344116211,391.894317626953,93.3721237182617,79.2123718261719,15554,5796,6220.97802734375,2318.16821289062,0,454,181.581848144531,0,129,88,,,0.351964801549911,0.515948414802551,0.676932334899902,0.531146883964539,64,0,25.5974407196045,0,1.7906209230423,18.387479729402,331.876121006757,144.424278103248,,,,596.735469607894,259.684514677595,,,40218,375.258688091723
2011,BA,29024,Senhor do Bonfim,61.9225071185158,100,59.5058891928146,96.8800648298217,76.0129659643436,88.4927066450567,51.6004862236629,93.0713128038898,99.0680713128039,,,,,4.38380670547485,44.0169982910156,51.2413330078125,,,,,,500.651519775391,133.049865722656,88.814208984375,23.0821914672852,315.855316162109,72.2107925415039,77.4673233032227,349.257141113281,80.8237609863281,83.571174621582,21619,5548,7413.41455078125,1902.47583007812,0,486,166.655242919922,0,100,90,,,0.308620810508728,0.342912018299103,0.531513631343842,0.477762162685394,64,0,21.9463691711426,0,3.51141905784607,17.1471268770815,276.091083326642,116.366443580228,,,,496.430239583648,209.234651007128,,,45755,358.490603375814
2011,BA,29002,Barreiras,66.108065505734,97.9161574492071,60.8778825865088,100,91.7919075144509,100,88.2369942196532,100,100,,,,,1.1687958240509,37.1704254150391,61.2122840881348,,,,,,391.438415527344,77.7580642700195,69.8137435913086,14.7601480484009,317.537628173828,58.8130226135254,69.0699615478516,351.012023925781,66.751106262207,74.0312194824219,25400,6406,6114.720703125,1542.16149902344,24,707,170.201080322266,5.77768898010254,270,300,,,0.722211122512817,0.649990022182465,0.84763514995575,0.725942552089691,140,1,33.7031860351562,0.240737035870552,3.92786550521851,19.4684455509454,456.385074151268,220.054916397238,,,,820.610897582914,395.673462367478,,,48643,285.660451026589
2011,BA,29003,Brumado,87.7137016152585,99.9842742569586,85.721774163353,97.3476297968397,92.0428893905192,100,81.5650865312265,100,100,,,,,2.35893559455872,34.4215888977051,62.4834861755371,,,,,,510.741638183594,153.346160888672,91.2657012939453,11.5738496780396,268.4091796875,55.8365058898926,69.4267196655273,296.816925048828,63.2999458312988,74.108642578125,24306,7880,6011.6640625,1948.98022460938,0,639,158.045486450195,0,267,220,,,0.544131517410278,0.66037780046463,0.755971848964691,0.692036390304565,116,0,28.6905727386475,0,2.00067281723022,18.9494674654612,357.326929294088,150.302895717944,,,,642.497725684558,270.254662455356,,,56540,319.550697730556
2011,BA,29009,Ilhéus,69.0235231874956,79.9500638897569,59.9066250429284,93.6596646752746,60.76315282328,75.4480632106379,58.4891115821931,86.8182694160725,86.3364810175371,,,,,7.93902206420898,64.4030914306641,26.7867755889893,,,,,,622.438537597656,184.027969360352,103.534934997559,13.5241851806641,436.314544677734,106.032730102539,90.0832366943359,483.316101074219,118.697998046875,97.2997436523438,26944,8112,8277.87890625,2492.2119140625,14,492,151.154861450195,4.30115461349487,244,257,,,0.789569079875946,0.7496297955513,1.06215476989746,0.778816223144531,111,0,34.1020126342773,0,6.91656351089478,16.1836232632215,297.937684276796,120.494051512636,,,,535.711889730031,216.656366225537,,,44814,332.275587036642
2011,BA,29008,Ibotirama,69.8449831196604,100,65.6113288246724,100,93.3813892529489,100,72.5098296199214,100,98.9842726081258,,,,,1.27278983592987,59.339527130127,38.4588928222656,,,,,,500.162536621094,136.312637329102,81.7875823974609,20.7547168731689,310.665405273438,65.1833038330078,67.1019058227539,343.115692138672,74.1164474487305,71.503044128418,10612,3488,5563.65283203125,1828.6865234375,0,282,147.846786499023,0,87,64,,,0.335538804531097,0.456123054027557,0.510385990142822,0.474734961986542,28,0,14.6798229217529,0,0.91172182559967,18.4093123037204,265.114550004053,140.868699056935,,,,476.693698289107,253.291345667747,,,30056,385.381380839315
2011,BA,29018,Porto Seguro,87.7703897223509,99.6802069043854,86.6782001881478,100,72.2447073474471,89.8972602739726,58.4526774595268,98.9570361145704,100,,,,,3.73651146888733,52.8265419006348,42.663875579834,,,,,,513.015991210938,141.453491210938,98.8198089599609,4.62300491333008,429.220001220703,105.83186340332,96.7572402954102,477.109710693359,119.709571838379,104.45166015625,20720,4374,5850.1328125,1234.96533203125,5,519,146.535659790039,1.41171157360077,292,293,,,0.827262997627258,0.824439525604248,1.09979391098022,0.873637676239014,108,9,30.4929695129395,2.54108071327209,8.13428211212158,16.7570883306595,354.418870105634,131.654451957746,,,,637.268840701193,236.723512907927,,,37332,246.693185225598
2011,BA,29021,Santa Maria da Vitória,74.2754480342039,100,74.2754480342039,100,93.3644630130253,100,74.2688621282871,100,100,,,,,1.85814642906189,55.4044876098633,42.2841606140137,,,,,,423.858306884766,98.0718154907227,63.4779891967773,24.8811416625977,292.146820068359,56.1554489135742,56.9817886352539,324.953765869141,63.9189987182617,60.3396148681641,17149,8055,5759.7041015625,2705.37133789062,0,499,167.595321655273,0,136,107,,,0.359372735023499,0.456772834062576,0.615047991275787,0.51093065738678,26,0,8.732421875,0,1.60710144042969,18.5512162484135,342.906862720278,159.921639748068,,,,616.569481216121,287.5498077597,,,44430,361.592636848247
2011,BA,29013,Itapetinga,76.3832237731126,100,76.3832237731126,100,71.2467457332948,95.1402950535146,54.4113393115418,100,100,,,,,3.63785552978516,52.8719902038574,42.9431076049805,,,,,,560.300537109375,159.3291015625,96.575439453125,23.3454551696777,363.868255615234,87.4737243652344,84.095085144043,399.997039794922,98.5211715698242,88.8031005859375,17831,7549,7265.9775390625,3076.15209960938,0,551,224.527709960938,0,132,115,,,0.468615025281906,0.537888526916504,0.769241750240326,0.546853363513947,44,0,17.9296188354492,0,3.11160373687744,17.4486630722872,257.441180595633,136.869798881475,,,,462.896466709089,246.10105560747,,,31153,299.903666292573
2011,BA,29005,Cruz das Almas,81.158182507533,100,81.158182507533,87.1857923497268,86.2021857923497,92.103825136612,64.3715846994535,98.3879781420765,89.8360655737705,,,,,6.97081327438354,49.8158111572266,41.9948997497559,,,,,,577.206726074219,188.769577026367,90.2980194091797,12.4747133255005,379.248382568359,100.344169616699,79.4588317871094,422.658386230469,113.231376647949,85.8351898193359,13897,2626,5408.92919921875,1022.08020019531,19,429,166.973495483398,7.39509677886963,148,170,,,0.661666572093964,0.576039135456085,0.853841781616211,0.555021464824677,25,0,9.73039054870605,0,3.62787866592407,17.7457895778585,315.095694686082,121.087230113524,,,,566.56314039568,217.722941036308,,,34889,305.157624383735
2011,BA,29007,Guanambi,83.8914144814744,100,81.4465686251747,100,91.4994096812279,100,84.9721706864564,100,98.1278461797942,,,,,1.99754691123962,35.7806205749512,61.9414749145508,,,,,,483.416564941406,129.285827636719,86.5652923583984,11.581395149231,292.076904296875,58.2855339050293,71.8190612792969,322.304443359375,65.6717910766602,76.4130325317383,28775,9894,6469.91259765625,2224.61547851562,5,842,189.319412231445,1.12422454357147,261,236,,,0.530633985996246,0.586845219135284,0.674590945243835,0.586789011955261,80,4,17.9875926971436,0.899379670619965,1.47071063518524,18.5868578601782,320.036242919755,139.542995663386,,,,575.446576665207,250.907642270496,,,62728,329.192983259149
2011,BA,29014,Jacobina,85.8108072330624,100,85.016547086389,100,76.0469543147208,86.8020304568528,54.4416243654822,97.1446700507614,93.2741116751269,,,,,4.20666790008545,48.2283134460449,47.0937347412109,,,,,,539.961303710938,124.248039245605,79.7258224487305,28.9069995880127,328.311065673828,64.9820556640625,64.2373275756836,365.530395507812,73.3632278442383,69.2271575927734,33699,11816,8722.9892578125,3058.57250976562,0,904,234.000473022461,0,179,161,,,0.416748642921448,0.463341653347015,0.737334489822388,0.492138713598251,71,0,18.3783569335938,0,2.0073823928833,17.8017400410908,298.872972959411,127.840935685179,,,,537.393601356485,229.866555508085,,,62353,370.431039262084
2011,BA,29027,Valença,76.1455511865881,99.6604893167985,74.5550506887071,100,64.7987884032886,79.8355690177412,47.7931631328429,99.8269147555171,100,,,,,4.05496740341187,62.9195747375488,32.4397392272949,,,,,,480.905426025391,138.972671508789,86.3163604736328,16.4241161346436,377.231628417969,102.753349304199,81.2639999389648,418.930145263672,116.20149230957,87.7226791381836,21879,7528,7291.56591796875,2508.83984375,0,435,144.971481323242,0,117,111,,,0.369927257299423,0.389923304319382,0.687531471252441,0.422750204801559,20,0,6.66535568237305,0,2.00360584259033,18.3709314656265,274.981781792874,144.946735068954,,,,494.435641208562,260.623927256708,,,41661,343.727359534621
2011,BA,29004,Camaçari,69.3574226721543,78.9329539256112,55.9802489291014,100,73.7410873440285,97.9612299465241,76.6154188948307,96.1452762923351,91.8003565062389,,,,,6.05520915985107,52.359748840332,40.8281402587891,,,,,,486.274871826172,114.718490600586,89.3269805908203,4.99624347686768,455.624786376953,106.292274475098,96.3817520141602,509.455291748047,121.393287658691,104.264419555664,23077,2831,4215.5390625,517.146606445312,8,480,87.6829223632812,1.46138203144073,300,684,,,1.24948167800903,0.548018276691437,1.28578794002533,0.531349360942841,177,6,32.3330764770508,1.09603655338287,21.7599792480469,17.8056395004815,444.542748458488,288.847888843021,,,,799.317603681281,519.367829391014,,,53529,221.325068809062
2011,BA,29016,Juazeiro,74.0689803026105,100,71.4356502727377,90.2185444515171,72.0347973689794,96.9446212603437,61.4470613197539,97.2416719711436,97.9842987481434,,,,,3.99461388587952,59.7508964538574,35.311939239502,,,,,,475.410247802734,86.5455169677734,77.1041870117188,24.824161529541,348.83349609375,53.2437973022461,68.8572006225586,387.217987060547,59.3953247070312,73.413688659668,34264,8376,6739.53515625,1647.51196289062,27,750,147.520767211914,5.3107476234436,264,376,,,0.739570796489716,0.519273102283478,0.696445524692535,0.527140855789185,91,11,17.8991870880127,2.16363787651062,6.30720138549805,18.252203743916,336.001754687541,124.470326325534,,,,604.153634989798,223.805974370188,,,76381,366.285439445689
2011,BA,29020,Salvador,37.2830388751055,40.3547374062302,24.7274580016727,100,76.3567370949997,96.7061095269102,72.6923681433415,92.1750454678133,97.3617441677706,,,,,5.03108072280884,47.3212280273438,46.7443313598633,,,,,,569.006652832031,123.873390197754,105.239761352539,3.32372307777405,417.707000732422,79.1553802490234,95.9370956420898,465.894470214844,89.8633117675781,103.217918395996,165158,20796,5112.1142578125,643.695922851562,431,6200,191.907806396484,13.34068775177,3554,6833,,,2.11500978469849,1.10006511211395,2.30721926689148,1.07229256629944,3097,383,95.8610458374023,11.8549499511719,25.3679218292236,16.7422361846177,344.552017951404,171.95084340762,,,,619.527580390131,309.179120748583,,,239280,162.953983622339
2011,CE,23019,19ª Região Brejo Santo,96.9357730231108,100,96.9357730231108,100,100,100,100,100,100,,,,,2.2284996509552,24.3251724243164,73.3207778930664,,,,,,563.918701171875,165.942352294922,118.394401550293,4.63743686676025,321.286041259766,66.9699096679688,88.507080078125,356.375549316406,75.1550598144531,95.6438446044922,17403,6477,8274.7705078125,3079.68090820312,8,515,244.871948242188,3.80383610725403,113,104,,,0.494498699903488,0.537291884422302,0.685403764247894,0.541571199893951,77,0,36.6119232177734,0,1.64515912532806,20.0315440293704,327.604117544429,149.443174000068,,,,589.054121565964,268.70882528728,,,33883,385.503769481624
2011,CE,23003,3ª Região Maracanaú,86.4053020378235,75.546117614083,80.4155267000989,99.8154300479882,95.5457118247816,100,92.2357573520364,100,100,,,,,3.24221229553223,40.9663047790527,53.833438873291,,,,,,472.103668212891,128.181869506836,76.9091186523438,5.09607362747192,352.082641601562,77.4190292358398,73.8220977783203,392.455963134766,87.2753677368164,80.2590484619141,23354,3335,4605.47607421875,657.671569824219,0,424,83.6140213012695,0,236,252,,,0.496951252222061,0.465398788452148,0.948397934436798,0.57612818479538,92,0,18.1426639556885,0,10.7962656021118,21.0378177674067,356.673424152975,169.396915438738,,,,641.322679718338,304.586987391015,,,58702,269.471326220317
2011,CE,23012,12ª Região Acaraú,91.8025087293153,93.7016092303021,91.8025087293153,100,100,100,97.6197143657239,100,100,,,,,1.57848584651947,24.8465366363525,73.370361328125,,,,,,474.857879638672,141.074279785156,96.3546600341797,2.42718458175659,315.482025146484,65.8359375,77.5724182128906,350.775482177734,75.406494140625,83.3244400024414,10012,1970,4615.80322265625,908.223327636719,0,234,107.880332946777,0,117,88,,,0.405703812837601,0.539401650428772,0.627918899059296,0.635525822639465,21,0,9.68156814575195,0,0.725656628608704,22.302387682265,307.313282014739,150.161954872766,,,,552.569841733431,270.001241386135,,,33277,371.326335256531
2011,CE,23018,18ª Região Iguatú,89.8346687180958,100,88.3678099472583,93.0820501034245,100,100,98.2302918869225,100,100,,,,,0.738370656967163,23.3571243286133,75.7322158813477,,,,,,614.339904785156,199.572799682617,111.901039123535,3.84016609191895,316.571624755859,66.9898681640625,78.00244140625,352.656951904297,76.7266540527344,84.6787567138672,18960,5041,6044.5693359375,1607.10302734375,0,541,172.474258422852,0,166,101,,,0.321994453668594,0.52921861410141,0.640960276126862,0.522364258766174,55,0,17.534351348877,0,1.63802719116211,18.0181124282559,327.151996667952,117.242929446809,,,,588.241177981094,210.810631236172,,,47762,350.250615475822
2011,CE,23014,14ª Região Tauá,90.4318259708869,100,90.4318259708869,97.875,100,100,91.8125,100,100,,,,,1.00738751888275,19.879114151001,78.8448638916016,,,,,,565.548156738281,180.30696105957,116.100090026855,3.42146182060242,314.814117431641,68.9111251831055,79.5674438476562,349.715881347656,77.4800491333008,86.6047058105469,7305,2278,6425.08447265625,2003.60607910156,0,158,138.968292236328,0,54,41,,,0.360613912343979,0.474954932928085,0.596772074699402,0.532125413417816,2,0,1.75909233093262,0,1.33515107631683,17.4783163533094,301.456795811048,114.306597150434,,,,542.039487713351,205.530909313164,,,16892,357.034931311663
2011,CE,23011,11ª Região Sobral,92.2770498975339,99.6972069354579,91.2902175307481,100,97.1489588894821,100,81.6444207154298,100,100,,,,,0.800614178180695,25.2686996459961,73.8539123535156,,,,,,572.357788085938,159.077545166016,117.460289001465,7.94497489929199,342.034729003906,66.3551406860352,95.069091796875,380.537109375,75.5437469482422,101.92472076416,37339,7068,5999.79443359375,1135.71728515625,64,1160,186.393890380859,10.2838010787964,445,377,,,0.605780124664307,0.715045511722565,0.963503777980804,0.763049960136414,336,40,53.9899559020996,6.42737531661987,3.17046356201172,19.2240135794145,433.181162722801,153.903138488739,,,,778.888712386214,276.728139830032,,,85441,328.502303007341
2011,CE,23020,20ª Região Crato,95.796717517737,99.0932066624037,93.8235741907981,97.9524073049253,97.9893008669987,100,97.4174506548607,100,100,,,,,0.711538434028625,26.269229888916,72.6730804443359,,,,,,610.843078613281,167.268798828125,136.073013305664,6.42023324966431,369.118835449219,73.7081756591797,102.538711547852,410.245361328125,82.9199142456055,109.973152160645,25824,7228,7672.37890625,2147.4580078125,11,706,209.754470825195,3.2681291103363,204,192,,,0.570437073707581,0.606089413166046,0.800691664218903,0.618122100830078,210,5,62.3915557861328,1.48551332950592,3.96424078941345,19.0265014292776,348.698397744938,131.056394200233,,,,626.983048670771,235.648165047106,,,51541,374.842043458073
2011,CE,23010,10ª Região Limoeiro do Norte,88.5938482014123,91.9484084439351,87.2074753225628,98.3210208193418,99.8321020819342,100,100,100,100,,,,,0.910316944122314,21.6790294647217,76.871208190918,,,,,,603.1962890625,166.726150512695,121.542915344238,4.26966285705566,337.8876953125,64.9171600341797,85.3928527832031,375.940795898438,74.7204742431641,91.9869384765625,12242,2897,5531.33251953125,1308.95849609375,0,428,193.38427734375,0,112,101,,,0.456350743770599,0.506052315235138,0.711297154426575,0.568179249763489,81,0,36.5984268188477,0,2.52935791015625,21.0263395991013,339.674333042159,163.466696979449,,,,610.757176583772,293.924057842345,,,31737,330.201649855717
2011,CE,23006,6ª Região Itapipoca,75.0603683016874,75.6824003464296,71.3171666165127,98.0702114555533,75.8981728597824,74.2763292958325,51.7963457195648,100,100,,,,,2.1249737739563,51.8409423828125,45.8657684326172,,,,,,512.911926269531,143.643844604492,116.911125183105,5.07296752929688,334.454345703125,67.7023315429688,90.1959609985352,373.563751220703,76.3967742919922,98.7162322998047,14831,2002,5286.3076171875,713.585571289062,0,256,91.2477035522461,0,123,71,,,0.253069818019867,0.438416719436646,0.468535572290421,0.468892008066177,55,0,19.6040000915527,0,1.0953289270401,18.6080263965279,253.095222170676,102.720430242757,,,,455.082142696425,184.698206045347,,,42909,374.105529071032
2011,CE,23002,2ª Região Caucaia,86.0935006914158,89.9007197815835,84.4979257525795,96.565966485721,82.9124380457871,77.9679018173236,48.0882700023602,100,100,,,,,9.58513832092285,41.1442909240723,48.4955558776855,,,,,,486.369659423828,136.086303710938,89.9141616821289,1.21341896057129,356.817810058594,81.2395401000977,84.5541915893555,398.041839599609,92.0545806884766,90.8365631103516,26279,4111,4561.49462890625,713.585205078125,0,366,63.530086517334,0,256,280,,,0.486022502183914,0.444363445043564,0.594032347202301,0.470226794481277,7,0,1.21505630016327,0,6.23341226577759,21.6094041622805,285.209628894164,138.356910102539,,,,512.825994586658,248.774981077518,,,66997,272.013320365121
2011,CE,23001,1ª Região Fortaleza,48.8766672178183,60.551555763058,39.6694931412308,100,78.2178716122701,97.0356576662724,81.3835275170487,91.6480032210171,100,,,,,8.62263965606689,47.8418273925781,40.7878532409668,,,,,,540.024841308594,112.421394348145,93.0204162597656,4.3097505569458,362.892181396484,62.7012672424316,82.4993515014648,406.334625244141,71.7433776855469,89.0485076904297,147731,26561,5501.20068359375,989.077392578125,392,5784,215.384338378906,14.5972785949707,2066,4830,,,1.79859328269958,0.76933616399765,1.74810791015625,0.675692021846771,3028,296,112.756530761719,11.0224351882935,30.7358741760254,23.8315172690832,453.375784796904,221.788597024571,,,,815.199993988478,398.790736126626,,,217049,177.37571141262
2011,CE,23007,7ª Região Aracati,80.9826410415375,86.7492068122971,80.9826410415375,98.8102692548529,94.1765810895429,100,95.554164057608,100,100,,,,,1.71350240707397,27.2104187011719,70.5962982177734,,,,,,519.164733886719,157.968063354492,108.270248413086,2.73504281044006,322.229461669922,78.1661987304688,87.1004943847656,358.549865722656,87.3881683349609,93.8768997192383,5320,599,4721.29296875,531.589172363281,0,148,131.34423828125,0,66,72,,,0.638971984386444,0.585724294185638,0.769428730010986,0.576849699020386,5,0,4.43730545043945,0,3.91015338897705,18.8447643038,325.233158545835,138.382106660406,,,,584.790978658439,248.820286174328,,,15441,314.077660889223
2011,CE,23004,4ª Região Baturité,94.333445958629,99.3985809212749,92.080940045801,94.7565543071161,100,100,100,100,100,,,,,1.67938935756683,32.9262084960938,65.0890579223633,,,,,,554.497497558594,154.556106567383,92.2941665649414,9.64332866668701,318.531066894531,57.3536491394043,74.6921691894531,353.718505859375,65.5872421264648,80.6169509887695,8242,1534,6037.21044921875,1123.64489746094,0,195,142.836212158203,0,86,110,,,0.805742740631104,0.629944324493408,0.976413726806641,0.621154427528381,26,0,19.044828414917,0,1.35145032405853,21.9154296351171,375.433698943202,176.191747189962,,,,675.05490893977,316.804549485188,,,22012,374.211808673739
2011,CE,23015,15ª Região Crateús,69.5461099811754,100,68.5136813994225,94.8645465253239,90.7656065959953,69.1401648998822,35.1236749116608,100,100,,,,,1.19492161273956,38.3868560791016,60.2439613342285,,,,,,662.175903320312,190.68244934082,143.600372314453,7.16099548339844,345.665466308594,65.1646499633789,98.0859909057617,384.371643066406,73.9571380615234,105.972373962402,15149,3929,5094.6181640625,1321.3251953125,2,430,144.609268188477,0.672601222991943,125,93,,,0.312759578227997,0.420375794172287,0.453921765089035,0.498649746179581,47,6,15.8061294555664,2.01780366897583,1.9000985622406,19.2529067195219,295.653351024544,127.921953659333,,,,531.60450571009,230.012231246089,,,50186,397.195998447511
2011,CE,23017,17ª Região Icó,93.4296187857797,100,93.4296187857797,95.1289398280802,90.3397462136717,100,85.0593532541957,97.134670487106,100,,,,,2.29079008102417,31.1827964782715,66.3861618041992,,,,,,611.449829101562,175.282287597656,142.671630859375,2.57142853736877,315.431732177734,57.5171661376953,90.5306243896484,352.0703125,65.9549179077148,98.4322357177734,10271,2592,5981.14404296875,1509.40759277344,0,336,195.663940429688,0,89,68,,,0.395986557006836,0.518276512622833,0.605917692184448,0.473728030920029,24,0,13.9759960174561,0,1.14544939994812,18.6643522752229,315.22144982296,122.711635358,,,,566.789256545384,220.643730346053,,,28501,387.886975970507
2011,CE,23008,8ª Região Quixadá,92.3875749119356,99.4150823786214,89.4466483239986,91.2443345694273,100,100,78.6773794808405,100,100,,,,,1.33333337306976,33.6612014770508,64.7650299072266,,,,,,596.838073730469,157.01237487793,113.061645507812,8.32444000244141,325.679046630859,59.3589096069336,79.5736465454102,361.218475341797,67.0555038452148,85.2207412719727,17333,3218,5520.27490234375,1024.8798828125,8,497,158.28630065918,2.54786801338196,190,109,,,0.347147017717361,0.605118691921234,0.71061635017395,0.609418213367462,49,20,15.60569190979,6.36967039108276,1.92045557498932,21.3258984413416,332.702514614571,134.523975649951,,,,598.221380604274,241.883108490834,,,49060,363.156475454023
2011,CE,23021,21ª Região Juazeiro do Norte,92.8006827003922,100,91.796267300363,79.1342481256189,78.7240062243599,100,81.7230159852879,95.4024614514076,100,,,,,0.923347473144531,37.4322128295898,61.5711555480957,,,,,,596.625061035156,157.058181762695,113.444526672363,7.22792625427246,374.842346191406,75.7394256591797,92.3157119750977,416.921417236328,85.7209548950195,99.2935104370117,24250,4381,5941.7490234375,1073.43505859375,57,1084,265.602294921875,13.9661722183228,278,469,,,1.14914643764496,0.681157171726227,1.22743058204651,0.634542047977448,261,42,63.950366973877,10.2908639907837,5.42108011245728,24.7350878840681,414.53,138.10572672809,,,,745.352673962114,248.323336564936,,,53520,311.271485006186
2011,CE,23016,16ª Região Camocim,72.1780318170917,96.3139872625043,68.5206651211128,100,92.630676949443,100,72.2793487574979,100,100,,,,,1.49434566497803,48.990306854248,49.273021697998,,,,,,482.883178710938,140.023025512695,92.9124755859375,11.3821134567261,326.282653808594,77.3428268432617,77.6913986206055,363.836944580078,88.2096786499023,83.0671844482422,7409,1472,4847.806640625,963.149108886719,0,148,96.8383560180664,0,79,57,,,0.372958540916443,0.516907453536987,0.49924099445343,0.537518322467804,8,0,5.23450565338135,0,1.03839504718781,18.5482065988897,254.730536772047,107.921261164725,,,,458.022547759751,194.049648002537,,,22712,359.300996912868
2011,CE,23022,22ª Região Cascavel,90.5203632987966,95.0099121676534,88.9901830435625,100,97.1041569360112,100,100,100,100,,,,,5.31055164337158,37.7049179077148,56.4996528625488,,,,,,494.658203125,145.89453125,98.7999114990234,1.86418104171753,316.62353515625,63.8277702331543,82.3535766601562,354.538696289062,72.9883270263672,90.7127456665039,13750,2572,4528.3291015625,847.044555664062,0,305,100.446578979492,0,144,148,,,0.48741289973259,0.474239557981491,0.593211114406586,0.52643883228302,13,0,4.28132963180542,0,4.89882898330688,22.7523736147483,320.15823462872,168.140790216998,,,,575.665925919731,302.328390201777,,,40582,298.995412934694
2011,CE,23005,5ª Região Canindé,73.3865557837168,98.8759787178476,70.3140602516374,97.0537855429942,88.7975334018499,98.4583761562179,82.1171634121274,99.9314833847208,100,,,,,1.85597622394562,50.259838104248,47.6614685058594,,,,,,604.757873535156,191.899154663086,122.755332946777,1.49130070209503,356.595825195312,73.8101348876953,86.4259262084961,394.091033935547,82.4757385253906,93.2124404907227,10277,2058,5149.21044921875,1031.14477539062,0,232,116.24178314209,0,92,86,,,0.430896252393723,0.460958808660507,0.593359172344208,0.46822389960289,15,0,7.51563262939453,0,1.18746995925903,17.5385281116068,261.330041791227,101.792066225368,,,,469.888899321453,183.028945430262,,,32977,397.870348030249
2011,CE,23013,13ª Região Tianguá,67.2165577046848,92.6154263066969,67.2165577046848,92.9060479269684,92.5446937999239,100,96.0251046025105,99.505515405097,100,,,,,0.936814844608307,29.1010570526123,69.4040298461914,,,,,,576.046325683594,212.694030761719,104.705856323242,0.62678062915802,350.990844726562,87.0617218017578,85.9437103271484,390.82373046875,99.7156143188477,92.7257461547852,17906,3971,5877.3134765625,1303.40734863281,0,378,124.071517944336,0,178,104,,,0.341360777616501,0.584252119064331,0.531981229782104,0.619701087474823,29,0,9.51871395111084,0,1.33327639102936,20.1835784096839,263.287686340041,122.68831026418,,,,473.408875195638,220.601790266807,,,46369,368.819515576613
2011,CE,23009,9ª Região Russas,90.2044922274092,92.0319810544736,90.2044922274092,95.9531013615734,89.7881996974281,100,75.642965204236,94.4024205748865,100,,,,,1.65389275550842,25.4538116455078,72.7309417724609,,,,,,576.8857421875,150.225341796875,106.281867980957,5.93445539474487,309.251861572266,57.4620246887207,76.9545288085938,342.557861328125,66.0249481201172,82.6302795410156,13030,2980,6657.9462890625,1522.69226074219,0,328,167.598342895508,0,96,80,,,0.408776432275772,0.490531712770462,0.783317863941193,0.542139768600464,100,0,51.097053527832,0,1.9692804813385,17.9230672314079,303.079948977996,112.042177216773,,,,544.958025703932,201.459330772342,,,29078,338.182752654742
2011,DF,53001,Distrito Federal,50.2124381361472,21.5220064120522,15.7052479223083,98.3860687457318,78.3519235146825,100,74.71659458229,86.4762121557023,89.5151377190986,,,,,2.87587714195251,31.4206829071045,64.7210388183594,,,,,,419.396057128906,86.8756942749023,77.7446136474609,1.14636099338531,335.814086914062,62.0202217102051,74.9584274291992,375.174011230469,70.3949966430664,81.2476272583008,155622,28221,5799.98681640625,1051.78845214844,454,5089,189.665557861328,16.9204483032227,2967,7512,,,2.79970073699951,1.10579228401184,2.98503351211548,1.01914954185486,2342,507,87.2856597900391,18.8957424163818,25.9276065826416,,,,,,,,,,,77591,66.2789496122986
2011,ES,32002,Metropolitana,59.3365275166336,49.690114617548,41.4957582258487,98.2389322916667,96.89453125,100,100,100,100,,,,,2.29979610443115,33.4572601318359,63.2855186462402,,,,,,568.110290527344,134.700408935547,124.250801086426,1.30507135391235,389.366973876953,76.3786697387695,99.9159851074219,434.577514648438,86.6532287597656,108.743659973145,106104,15772,5279.73828125,784.815246582031,193,2704,134.551132202148,9.60368633270264,1362,4455,,,2.21680951118469,0.67773163318634,2.37303113937378,0.691129505634308,1795,355,89.3192596435547,17.6648120880127,40.6675796508789,17.4256250240383,338.374595746987,242.018400812377,,,,608.420161968654,435.165276803946,,,81797,92.0095281927313
2011,ES,32003,Norte,65.7588064262162,99.6094693928457,57.3713626478131,,,,,,,,,,,3.53041982650757,34.9443016052246,60.8226203918457,,,,,,604.105102539062,175.401565551758,128.661315917969,2.07986688613892,413.463745117188,96.510383605957,102.998489379883,460.15283203125,109.811965942383,112.202430725098,26110,6316,6561.224609375,1587.15795898438,10,650,163.339569091797,2.51291632652283,170,307,,,0.771465361118317,0.42719578742981,1.10825896263123,0.44390669465065,113,0,28.3959560394287,0,12.6083068847656,19.0410880612379,363.304592193413,212.436103568453,,,,653.245963510665,381.974327167729,,,35711,209.518717672058
2011,ES,32001,Central,77.2687650314545,96.1423205239961,69.2689680764289,,,,,,,,,,,4.17016172409058,29.1431999206543,64.242057800293,,,,,,568.331359863281,144.908462524414,121.29125213623,1.09824872016907,371.667785644531,77.4652786254883,94.9352493286133,413.907196044922,86.3050765991211,102.504936218262,32406,6948,5466.7099609375,1172.08850097656,59,836,141.028503417969,9.95296764373779,407,812,,,1.36979830265045,0.686586081981659,1.54570436477661,0.680386602878571,410,53,69.1646957397461,8.9408016204834,21.5564422607422,23.163461280703,479.918417770539,316.995408959775,,,,862.925423899207,569.978953759396,,,35177,132.911777150945
2011,ES,32004,Sul,84.3058024113084,90.385084280297,77.0831060834526,100,97.8573138616232,100,100,100,98.8747905195116,,,,,4.68768453598022,43.1337814331055,51.6944160461426,,,,,,649.779357910156,191.52375793457,138.582229614258,0.886652290821075,378.948638916016,85.6553497314453,100.001953125,421.357696533203,97.0251312255859,107.965721130371,46958,11241,7311.84716796875,1750.34020996094,52,1010,157.267471313477,8.09693908691406,468,828,,,1.28928184509277,0.728724539279938,1.31505191326141,0.68804520368576,281,38,43.7546119689941,5.91699409484863,16.5559043884277,19.5655623180753,408.887077501883,259.356331070986,,,,735.206321773051,466.340035396142,,,39637,135.681780664571
2011,GO,52001,Central,82.8965049673428,49.9029292838311,56.3131263952014,100,90.6663349504499,100,94.76717668035,95.1445038769333,98.1880001658581,,,,,5.81073617935181,21.8199062347412,70.8791198730469,,,,,,595.018493652344,141.281585693359,115.096534729004,2.86787962913513,417.876037597656,84.6310119628906,99.8032760620117,467.081848144531,96.1962814331055,107.778541564941,113587,23807,6683.7783203125,1400.87072753906,337,4212,247.845916748047,19.8300266265869,1342,4481,,,2.6367461681366,0.789670526981354,2.36920285224915,0.760499179363251,2694,310,158.522521972656,18.2412700653076,22.6570110321045,21.6240937232809,573.210825676932,246.205872342805,,,,1030.67141500575,442.694630776746,,,53495,67.1628467095581
2011,GO,52011,Pirineus,64.8349677904943,70.0425032652248,61.3483718150223,100,90.3000594177065,100,97.3559120617944,100,100,,,,,2.40198349952698,49.6823196411133,47.4198036193848,,,,,,626.209594726562,149.433944702148,133.805465698242,2.73504281044006,435.209564208984,86.9598770141602,114.088157653809,485.926116943359,98.586555480957,123.845367431641,37545,8231,8037.96240234375,1762.16455078125,73,957,204.882934570312,15.6284790039062,199,732,,,1.56712961196899,0.42603662610054,1.43402004241943,0.417580097913742,294,10,62.9420928955078,2.14088749885559,12.9121208190918,18.2602145710695,410.070759159325,192.066091109623,,,,737.334660586874,345.347681919303,,,21246,97.6210678521665
2011,GO,52015,Sudoeste I,57.1102833991022,61.5662209147536,54.223835469832,100,95.3435974464889,100,98.028539241457,100,100,,,,,1.35981392860413,32.8502426147461,64.5195922851562,,,,,,523.752319335938,123.980010986328,101.46118927002,8.11594200134277,383.626434326172,78.2115631103516,91.1759643554688,426.008483886719,87.8323135375977,97.3434753417969,20391,5813,5159.33984375,1470.80773925781,9,657,166.234420776367,2.27718377113342,185,320,,,0.809665381908417,0.468087792396545,1.19994938373566,0.513251960277557,351,29,88.810173034668,7.33759260177612,18.8001766204834,18.7143840255947,449.86110298308,299.714565360425,,,,808.880360938857,538.906840799908,,,17658,94.8129857362506
2011,GO,52010,Oeste II,88.0125440265195,100,88.0125440265195,94.3286071726439,93.0775646371977,100,100,100,100,,,,,3.03555941581726,27.1465740203857,69.2107543945312,,,,,,600.90087890625,166.967880249023,133.023864746094,5.95419836044312,343.352722167969,80.19384765625,96.6152648925781,384.102264404297,90.3460388183594,105.468933105469,6426,2078,5895.25048828125,1906.36950683594,0,227,208.25114440918,0,59,52,,,0.477051079273224,0.541269481182098,0.800207316875458,0.552966415882111,14,0,12.8436832427979,0,5.39251232147217,16.5850290611128,425.792897518898,250.444575162787,,,,765.6041172407,450.316102035773,,,7045,144.456133935849
2011,GO,52003,Entorno Norte,79.4135568404487,90.4068454898935,78.4057583475436,100,91.8373071528752,100,89.6493688639551,100,100,,,,,1.39484977722168,47.854076385498,50.1341209411621,,,,,,470.580261230469,93.5235977172852,82.0976333618164,10.4316549301147,422.145874023438,81.347785949707,85.2042465209961,469.728240966797,91.0852508544922,91.6047058105469,9615,1557,4068.9111328125,658.897033691406,0,261,110.450942993164,0,109,187,,,0.791353523731232,0.461270242929459,0.716449975967407,0.48771920800209,76,0,32.1619606018066,0,3.5814037322998,17.4473101493133,311.87994309263,114.719188334854,,,,560.781003882093,206.272775866998,,,18872,201.028519978835
2011,GO,52017,Sul,79.5219328456461,99.7135782232259,75.9253123610397,99.8059508408797,91.6558861578266,100,100,100,97.3156532988357,,,,,1.43149280548096,32.7539176940918,64.9965896606445,,,,,,646.781127929688,170.071640014648,136.142135620117,4.19672107696533,400.24658203125,85.7813415527344,107.148399353027,444.921844482422,96.9662551879883,115.47492980957,13297,3387,5639.50732421875,1436.49035644531,4,436,184.915786743164,1.69647514820099,91,230,,,0.97547322511673,0.385948091745377,1.34647107124329,0.441189557313919,179,4,75.9172592163086,1.69647514820099,8.92091464996338,16.543772556486,430.149033151203,243.92856765865,,,,773.436740553077,438.599884592487,,,11182,107.669260192121
2011,GO,52004,Entorno Sul,60.5976483263978,57.9425329690566,52.1540516620582,100,88.5614809782609,100,95.6436820652174,100,100,,,,,2.93548393249512,39.6935501098633,56.5161285400391,,,,,,425.544250488281,84.5548248291016,84.0271835327148,6.69559812545776,442.136779785156,93.3855514526367,102.509880065918,494.619812011719,106.466979980469,111.625747680664,28669,6193,3781.7509765625,816.923645019531,0,300,39.5732421875,0,258,461,,,0.608108818531036,0.340329885482788,0.492818772792816,0.344320178031921,171,12,22.5567474365234,1.58292973041534,12.3678255081177,18.7282706862444,216.067623563253,108.273089758676,,,,388.504043083758,194.682259353411,,,51777,163.837243617671
2011,GO,52014,Serra da Mesa,91.6425812829341,100,91.6425812829341,100,87.0210135970334,100,100,100,100,,,,,2.36994218826294,33.2947959899902,63.9306373596191,,,,,,554.870056152344,118.492126464844,127.481185913086,5.59646558761597,371.939788818359,60.1130676269531,105.67008972168,416.786590576172,68.7623825073242,115.045600891113,7782,2213,6359.349609375,1808.43505859375,0,313,255.779556274414,0,60,76,,,0.621062159538269,0.490312248468399,0.821477293968201,0.526677072048187,65,12,53.1171607971191,9.80624485015869,6.99021816253662,17.9969114246262,435.334408139128,249.875547383852,,,,782.760391706785,449.292952018674,,,9588,182.236536811082
2011,GO,52007,Nordeste II,84.4838620218871,100,84.4838620218871,97.9054054054054,78.3783783783784,100,91.2837837837838,91.1486486486486,100,,,,,1.94174754619598,52.7259140014648,44.4361457824707,,,,,,440.026916503906,77.6518096923828,76.616455078125,16.705883026123,326.835052490234,48.1086807250977,63.9655151367188,364.067413330078,53.3622093200684,70.211555480957,6365,2384,6590.05029296875,2468.29223632812,0,171,177.046127319336,0,40,32,,,0.331314384937286,0.414142996072769,0.516643345355988,0.491794794797897,2,0,2.07071495056152,0,2.07071495056152,18.1497344728962,369.335618689138,203.549500206177,,,,664.090152653368,365.995619767751,,,11725,282.258396210254
2011,GO,52012,Rio Vermelho,91.2707770323146,98.203236678179,91.2707770323146,100,84.1774801172039,100,98.4930933444956,100,100,,,,,2.87120580673218,22.0262508392334,69.4831848144531,,,,,,577.712585449219,154.397521972656,133.947509765625,10.7964601516724,382.224182128906,85.7397232055664,109.138206481934,422.014190673828,96.595085144043,116.333526611328,13204,4396,6750.5458984375,2247.45532226562,0,614,313.907531738281,0,81,96,,,0.490800052881241,0.414112538099289,0.799722909927368,0.502175390720367,129,0,65.9512557983398,0,4.0266056060791,19.0659789277544,415.465086314124,237.749712876079,,,,747.034021716481,427.489890299642,,,16420,197.410691979554
2011,GO,52009,Oeste I,95.2959362017934,100,95.2959362017934,100,97.643362136685,100,98.2717989002357,100,100,,,,,1.74672484397888,38.2096061706543,57.1324615478516,,,,,,617.24658203125,184.136596679688,124.486709594727,10.0840339660645,339.579864501953,76.0381164550781,93.116584777832,380.055847167969,87.5357971191406,99.2074737548828,6991,2186,6043.65673828125,1889.77734375,0,349,301.707366943359,0,57,84,,,0.72617244720459,0.492759883403778,0.89020961523056,0.536848902702332,65,0,56.1919174194336,0,3.31013607978821,19.4819593377647,450.54538328353,268.953053612234,,,,810.110742700563,483.595584590149,,,8977,169.46095468413
2011,GO,52005,Estrada de Ferro,66.3653886026278,72.0763613186611,51.2067760687436,100,97.25065808716,100,100,100,100,,,,,1.45170295238495,25.2093811035156,73.2272491455078,,,,,,563.813232421875,144.463287353516,111.210868835449,6.35648775100708,367.648406982422,79.4594192504883,89.3733139038086,411.045806884766,90.4033508300781,96.5080413818359,17079,4749,6310.20068359375,1754.61926269531,13,639,236.092178344727,4.80312728881836,139,239,,,0.883036434650421,0.513565123081207,1.20567727088928,0.59632670879364,204,16,75.3721466064453,5.91154098510742,15.7202663421631,17.721609264671,449.569740990225,280.612669857038,,,,808.356472582247,504.560354680219,,,12233,95.066344369581
2011,GO,52002,Centro Sul,58.6949365534286,62.0573305152274,57.2705564539937,100,100,100,100,100,100,,,,,4.5819673538208,28.7131156921387,65.9344253540039,,,,,,505.204345703125,121.976135253906,106.43138885498,4.83870983123779,423.809448242188,89.8074493408203,106.072967529297,472.245941162109,102.481155395508,114.210556030273,51367,12120,6439.41259765625,1519.37390136719,73,1096,137.395523071289,9.15134429931641,378,710,,,0.890062272548676,0.473864138126373,0.821959972381592,0.452615469694138,217,35,27.203311920166,4.38763093948364,9.50248050689697,18.2187107003412,401.057453659976,167.281045890868,,,,721.128134267484,300.782512382548,,,39731,106.044159120297
2011,GO,52016,Sudoeste II,66.6295524019677,71.9962750774339,59.6149563738689,100,87.9958960328317,100,98.4268125854993,98.3242134062928,100,,,,,0.923482835292816,25.3298149108887,73.4498672485352,,,,,,537.353393554688,153.878463745117,101.608642578125,5.63636350631714,353.971130371094,81.7023849487305,87.3865051269531,394.642669677734,93.2963943481445,94.5286483764648,12912,4104,6307.5517578125,2004.81665039062,6,359,175.372604370117,2.93101859092712,109,195,,,0.952580988407135,0.532468378543854,0.896525263786316,0.50828742980957,199,2,97.2121124267578,0.977006137371063,16.9158840179443,18.1557419064214,482.526077863449,318.8716633874,,,,867.614171210704,573.352584750309,,,9669,103.073827154169
2011,GO,52018,São Patrício II,88.8645410577908,92.6020772013537,82.2322783086758,99.4366197183099,92.3943661971831,100,100,100,100,,,,,2.20968508720398,38.1758346557617,59.2383651733398,,,,,,523.380126953125,115.681396484375,100.67407989502,9.31899642944336,377.5205078125,73.4283905029297,82.8517761230469,422.966186523438,84.3010482788086,88.5773239135742,11154,3913,6974.64990234375,2446.81787109375,0,318,198.846939086914,0,72,99,,,0.619051814079285,0.450219482183456,0.865109264850616,0.487268805503845,59,6,36.8929862976074,3.75182890892029,8.21900653839111,16.7274935080093,340.092380367784,168.697112330239,,,,611.508853644533,303.328694581889,,,11009,159.684412443086
2011,GO,52008,Norte,72.4457164551787,99.9613042652921,72.4457164551787,100,83.7823834196891,100,92.7461139896373,100,92.7979274611399,,,,,1.71270716190338,33.149169921875,64.5856323242188,,,,,,488.141540527344,120.777290344238,87.7073135375977,12.223858833313,323.837432861328,69.0359802246094,71.8946304321289,360.940582275391,77.3120880126953,77.1708068847656,7752,2052,5573.00927734375,1475.20825195312,0,309,222.143936157227,0,70,69,,,0.496049582958221,0.503238677978516,0.814168334007263,0.587710916996002,114,0,81.9560165405273,0,4.8296537399292,16.8534173198305,440.52037322868,240.334826321136,,,,792.085103902698,432.138097229824,,,13348,224.845345671055
2011,GO,52006,Nordeste I,95.4263387726959,100,95.4263387726959,98.6431478968792,98.7788331071913,100,100,100,97.5576662143826,,,,,1.5759311914444,49.7134666442871,48.4240684509277,,,,,,487.826812744141,141.627136230469,105.658340454102,5.99078321456909,364.450164794922,85.4791870117188,101.842002868652,405.890594482422,95.0087051391602,111.300926208496,2367,637,5321.1337890625,1432.00769042969,0,88,197.828384399414,0,27,27,,,0.606973469257355,0.606973469257355,0.726682126522064,0.567070543766022,14,0,31.4726982116699,0,2.60324168205261,18.4970232767045,430.026914331465,217.66480567311,,,,773.217162744878,391.375883376104,,,5947,329.349444760637
2011,GO,52013,São Patrício I,97.6278164254802,100,97.6278164254802,100,96.9154228855721,100,100,100,96.9154228855721,,,,,1.89086985588074,28.0929222106934,69.097785949707,,,,,,646.546508789062,177.602615356445,116.779800415039,8.27845764160156,381.902496337891,82.0868759155273,88.9585800170898,424.836822509766,93.0909118652344,95.9955978393555,14396,4534,8756.0517578125,2757.70629882812,0,516,313.845703125,0,101,119,,,0.723791480064392,0.614310383796692,0.963737428188324,0.680759310722351,185,10,112.522201538086,6.0822811126709,6.18324708938599,18.0304242592272,483.648207062927,243.763431819225,,,,869.631834586965,438.302959304853,,,13593,179.955402924421
2011,MA,21001,Açailândia,62.8367811321034,100,62.8367811321034,100,81.3501791438808,83.0473316990383,63.4169338110503,100,100,,,,,1.89439737796783,64.5707397460938,33.2728729248047,,,,,,372.735992431641,108.909362792969,83.3893432617188,10.9932498931885,349.595550537109,102.891731262207,87.4952392578125,390.614990234375,116.115158081055,95.6936340332031,17750,5590,6380.00390625,2009.251953125,0,397,142.696426391602,0,90,89,,,0.319898784160614,0.323493152856827,0.362671762704849,0.336163312196732,218,0,78.3572311401367,0,3.611980676651,18.2557395033121,268.450430184052,121.332646323527,,,,482.69183403846,218.164215801366,,,35785,337.260433704456
2011,MA,21005,Caxias,99.3371383915489,99.8684743019021,99.3371383915489,100,73.3501683501683,52.8114478114478,44.3771043771044,96.986531986532,100,,,,,4.44597625732422,64.1737060546875,31.1562976837158,,,,,,482.747619628906,155.035598754883,119.075485229492,7.37877702713013,373.536468505859,101.320594787598,110.066421508789,410.649993896484,112.823616027832,116.464561462402,19727,5674,6692.3134765625,1924.88403320312,21,523,177.425872802734,7.12417459487915,182,166,,,0.563149034976959,0.617428421974182,0.597582519054413,0.651522696018219,13,6,4.4102029800415,2.03547835350037,3.02031064033508,18.2907597206661,455.922889743439,112.195256439961,,,,819.779859095376,201.734577457338,,,44353,387.983763418361
2011,MA,21006,Chapadinha,91.0337384074192,99.1219904975102,91.0337384074192,100,65.1124744376278,63.4219495569189,45.7123381049761,100,100,,,,,2.97781825065613,64.6156158447266,32.1786689758301,,,,,,383.099731445312,143.732711791992,96.4781265258789,5.13950061798096,285.388153076172,90.5090637207031,88.1872253417969,315.745300292969,102.082817077637,94.7277984619141,22099,7895,6215.94775390625,2220.6845703125,0,584,164.265960693359,0,143,118,,,0.331907242536545,0.402226597070694,0.433870285749435,0.41741555929184,0,0,0,0,0.841581761837006,20.3471154343097,264.662964661307,102.872494257533,,,,475.881717629715,184.971627317695,,,55826,404.326392585313
2011,MA,21016,São Luís,44.7007581989226,59.2893828863242,36.5335743223499,100,77.2017266699301,86.3245961461439,55.4581460549152,100,100,,,,,3.58339786529541,56.810173034668,39.3443336486816,,,,,,484.957000732422,128.772247314453,111.262138366699,2.25665712356567,397.80908203125,95.0171051025391,111.040351867676,441.731597900391,107.283645629883,119.212760925293,71330,7613,5204.1494140625,555.435180664062,193,2996,218.584503173828,14.0810441970825,1320,1614,,,1.17755472660065,0.963055849075317,1.44928967952728,1.02499783039093,843,127,61.5042495727539,9.26576519012451,20.0376167297363,23.2927418788029,455.608019771167,231.766286907919,,,,819.213701818982,416.731290090194,,,119237,209.944485032432
2011,MA,21002,Bacabal,99.0379509124074,100,99.0379509124074,98.1921379020391,66.1130964893841,53.7313432835821,47.3407609838133,100,100,,,,,4.69026565551758,71.1283187866211,23.9380531311035,,,,,,410.421478271484,133.792114257812,104.018661499023,7.80532598495483,329.373992919922,95.1789016723633,93.1389541625977,365.563354492188,106.821098327637,101.12459564209,15935,5153,6005.5703125,1942.05859375,0,798,300.749603271484,0,140,98,,,0.369341641664505,0.527630925178528,0.566260993480682,0.574363946914673,34,10,12.8138933181763,3.76879215240479,1.25048518180847,21.1788518945769,363.059203900016,115.787451268962,,,,652.804738941532,208.193584094224,,,41367,393.055689194996
2011,MA,21007,Codó,83.9622351385429,100,83.9622351385429,100,67.7839555202542,56.2509928514694,37.4583002382844,93.7092930897538,100,,,,,2.61155319213867,73.4347991943359,23.8671741485596,,,,,,420.307891845703,143.763275146484,108.155235290527,4.75059366226196,336.079071044922,100.297431945801,96.4921798706055,372.824768066406,113.294990539551,104.813026428223,15795,3742,5256.3447265625,1245.28271484375,0,306,101.832313537598,0,116,114,,,0.37937530875206,0.386031001806259,0.463486790657043,0.430125057697296,0,0,0,0,1.06890654563904,20.1522068842581,305.969257781909,90.0096376371394,,,,550.153196241404,161.843350530005,,,49687,424.270758387257
2011,MA,21014,Santa Inês,93.4237777396231,100,92.5384706185346,100,67.850348763475,68.2181357006975,59.4673430564363,100,100,,,,,4.43633317947388,72.595817565918,22.658992767334,,,,,,422.018218994141,155.14990234375,101.252975463867,8.1215124130249,355.936706542969,121.305076599121,98.9625930786133,394.840911865234,135.960556030273,106.523826599121,25609,8169,6700.2255859375,2137.30102539062,0,676,176.865661621094,0,186,137,,,0.358440756797791,0.486642181873322,0.486707597970963,0.476503819227219,20,0,5.23271179199219,0,1.27390372753143,20.8665639513183,311.082064471459,121.632119036523,,,,559.34636473948,218.702687775434,,,54746,383.509355176226
2011,MA,21003,Balsas,86.4874081972804,100,86.4874081972804,100,79.7944405512731,83.2982947909367,67.3674375145994,98.4349451062836,100,,,,,1.80288457870483,56.4663467407227,41.538459777832,,,,,,395.979583740234,112.870498657227,105.407989501953,12.0141344070435,319.363098144531,75.5871658325195,93.3228454589844,357.9052734375,86.3848114013672,102.37183380127,15390,5618,7178.00439453125,2620.27465820312,0,340,158.578384399414,0,84,79,,,0.368461549282074,0.391781896352768,0.484830111265182,0.41673469543457,41,0,19.122688293457,0,1.85956490039825,16.5525411439543,334.551833880331,168.279858618531,,,,601.546580372068,302.578444492048,,,29542,357.079096587644
2011,MA,21019,Zé Doca,98.7599310150742,99.1524812203693,98.7599310150742,100,93.4410276372129,73.8030362008564,75.5157648890619,100,100,,,,,4.51374626159668,67.8087844848633,27.4107513427734,,,,,,337.627746582031,103.993560791016,85.0217666625977,11.3423519134521,303.653106689453,85.5640335083008,81.7898254394531,337.519897460938,96.4115142822266,87.4245986938477,17605,5000,6185.15771484375,1756.64807128906,0,423,148.612426757812,0,137,107,,,0.375922679901123,0.481321573257446,0.545175731182098,0.501874327659607,5,0,1.75664806365967,0,0.399461776018143,18.1581627774892,320.114930604279,117.267383726107,,,,575.588062386548,210.854601666454,,,41818,378.90687197117
2011,MA,21008,Imperatriz,81.7380664293494,89.7552202978351,78.9177319639854,100,86.1888649646263,86.496462626884,65.6208346149903,100,100,,,,,3.01216840744019,62.158390045166,34.5302200317383,,,,,,513.355590820312,159.081314086914,119.548568725586,6.36801195144653,405.184417724609,109.261169433594,112.674873352051,450.951477050781,123.602920532227,121.609306335449,30439,7168,5785.2763671875,1362.35949707031,55,902,171.435302734375,10.4533720016479,271,345,,,0.655711531639099,0.515066146850586,0.79222309589386,0.50727367401123,406,66,77.1648941040039,12.5440464019775,6.46569585800171,19.9748853218684,409.927468331177,131.087123722235,,,,737.077014091049,235.703418783611,,,57010,272.023717534372
2011,MA,21009,Itapecuru Mirim,88.4031394623453,99.8349025809166,87.532678553294,94.7780678851175,76.617348418915,75.0072526834929,51.682622570351,96.3446475195822,100,,,,,8.91709995269775,61.5172843933105,29.4126644134521,,,,,,403.022796630859,137.956741333008,97.0703659057617,6.6252589225769,327.969757080078,94.6261215209961,95.2019577026367,362.620849609375,106.39372253418,102.377136230469,19570,6501,5443.171875,1808.17895507812,0,465,129.334442138672,0,156,108,,,0.300389677286148,0.43389618396759,0.437859684228897,0.471305847167969,0,0,0,0,0.983219921588898,19.2449970478117,272.94688448728,104.351173780401,,,,490.776759709122,187.630392030268,,,53065,374.482969575259
2011,MA,21011,Pinheiro,92.927336306697,100,92.927336306697,100,84.5477599323753,52.341504649197,38.5798816568047,100,100,,,,,5.15146589279175,71.8289337158203,18.9535064697266,,,,,,349.707885742188,119.355117797852,68.1656112670898,13.2188196182251,268.610137939453,79.5301895141602,63.1869850158691,297.054016113281,89.6405715942383,67.3841857910156,24081,7723,6289.25732421875,2017.02307128906,0,527,137.637084960938,0,161,116,,,0.302958279848099,0.420485198497772,0.468605935573578,0.454306840896606,5,5,1.30585467815399,1.30585467815399,0.700460433959961,20.5379672171814,283.667696099056,115.932318982334,,,,510.053496258664,208.454065935183,,,62552,411.122662343485
2011,MA,21004,Barra do Corda,58.0826797400778,100,58.0826797400778,100,73.2640332640333,63.2640332640333,41.995841995842,100,100,,,,,8.81490802764893,68.6976547241211,22.2152423858643,,,,,,435.380889892578,132.193374633789,116.402351379395,3.4196891784668,369.491333007812,97.8727798461914,105.253860473633,407.868591308594,110.558570861816,113.275756835938,14363,4299,6480.18212890625,1939.58813476562,0,389,175.505874633789,0,86,54,,,0.243632838129997,0.38800784945488,0.326310098171234,0.421281784772873,8,0,3.60937523841858,0,0.643822312355042,22.0721599729517,306.598022942991,112.32360689848,,,,551.283758068308,201.96536016899,,,30489,361.100224747548
2011,MA,21013,Rosário,100,100,100,100,87.2631373315101,70.5215862473139,41.1994530181676,100,100,,,,,4.98923873901367,73.8602981567383,20.9548034667969,,,,,,338.303680419922,125.033042907715,84.3079986572266,11.0876455307007,289.366119384766,94.9429016113281,84.0384674072266,318.813171386719,106.378753662109,89.3860321044922,17462,8445,6238.0771484375,3016.86865234375,0,438,156.469924926758,0,131,85,,,0.303651690483093,0.467980831861496,0.558183252811432,0.485574752092361,17,0,6.07303380966187,0,3.18619918823242,19.0774944379247,285.927939543132,113.83530791052,,,,514.117565191787,204.683499728383,,,44699,415.147085087062
2011,MA,21018,Viana,96.9388480121262,100,96.9388480121262,100,87.5557537912578,57.9170383586084,42.149866190901,100,100,,,,,4.99783658981323,67.2219848632812,27.4556465148926,,,,,,372.651794433594,132.379379272461,91.0586547851562,8.62423038482666,286.132385253906,81.4980926513672,81.8497009277344,317.924835205078,91.7699432373047,88.2869873046875,16080,5746,6152.1982421875,2198.416015625,0,434,166.048126220703,0,139,73,,,0.279297560453415,0.531813144683838,0.522152483463287,0.532769620418549,6,0,2.29559636116028,0,0.489727199077606,19.8073083331667,281.086410413704,105.940751097948,,,,505.412171896524,190.488558397246,,,45741,429.765521528521
2011,MA,21015,São João dos Patos,95.8665709137665,100,95.8665709137665,90.773949976404,70.6937234544597,63.3081642284096,35.7008022652194,99.103350637093,98.3954695611137,,,,,2.41104865074158,66.4325866699219,30.7350177764893,,,,,,421.856079101562,138.24479675293,94.6767349243164,11.8172788619995,301.388885498047,83.6517028808594,80.6983871459961,334.985107421875,92.8439102172852,87.8553237915039,18266,8328,7652.05859375,3488.7958984375,0,574,240.462158203125,0,104,99,,,0.414734393358231,0.435680568218231,0.519360542297363,0.487312912940979,6,5,2.51354169845581,2.09461808204651,0.875969290733337,21.7193878314897,328.74556408341,150.315026230978,,,,591.10651881107,270.276473929377,,,39094,410.416169798572
2011,MA,21010,Pedreiras,100,100,100,100,94.8812147930443,73.0345334313005,49.0325740876806,100,100,,,,,1.23743236064911,63.8824424743652,34.5707664489746,,,,,,438.677154541016,164.159057617188,123.234252929688,3.9832284450531,331.747894287109,111.848266601562,103.25227355957,366.608825683594,125.499626159668,111.599945068359,18431,7798,8475.1142578125,3585.7490234375,0,471,216.579605102539,0,123,76,,,0.349470287561417,0.565590023994446,0.588811457157135,0.687674760818481,54,0,24.8307819366455,0,1.04749119281769,21.0457277780091,357.372897142212,137.499633725468,,,,642.580378950946,247.233540795814,,,35070,400.358424285912
2011,MA,21012,Presidente Dutra,97.5000630205951,100,97.5000630205951,100,89.0901519883406,55.5694357693109,31.6260670414324,100,100,,,,,2.6127781867981,55.6235961914062,41.3349647521973,,,,,,437.639068603516,132.873550415039,119.867408752441,6.184739112854,327.831420898438,76.7863922119141,100.93546295166,362.611999511719,86.1462326049805,109.83512878418,19839,8245,6973.75244140625,2898.26025390625,10,585,205.637634277344,3.5151731967926,176,126,,,0.442911833524704,0.618670463562012,0.632906973361969,0.637476682662964,22,2,7.7333812713623,0.703034639358521,1.00955772399902,19.4152891566651,334.620777842641,126.985850097235,,,,601.67054622897,228.329054411806,,,46433,405.879531387238
2011,MA,21017,Timon,100,100,100,60.6000983767831,65.2729955730448,59.026069847516,38.0964092474176,90.9985243482538,100,,,,,5.60321712493896,64.7453079223633,28.9276142120361,,,,,,466.878814697266,187.170257568359,109.7060546875,2.4215247631073,369.492065429688,129.077377319336,103.943817138672,408.591827392578,144.989562988281,111.995452880859,12393,3860,5189.263671875,1616.28002929688,0,321,134.410858154297,0,134,192,,,0.803952753543854,0.561092019081116,0.584959387779236,0.536805987358093,17,8,7.11833190917969,3.34980320930481,3.79658317565918,13.5471796891185,308.45551158854,80.1488291395673,,,,554.623646927533,144.112957117963,,,33461,350.284401176769
2011,MG,31074,Patrocínio / Monte Carmelo,82.7898066227479,87.3134043238346,69.1993646877746,93.6595744680851,95.1914893617021,100,100,100,100,,,,,0.660211265087128,19.8063373565674,79.4454193115234,,,,,,599.1982421875,157.795974731445,93.2915420532227,5.96085405349731,383.552215576172,87.1250762939453,74.7585144042969,429.925842285156,100.367553710938,81.6695327758789,11488,2798,6124.189453125,1491.59838867188,10,226,120.479354858398,5.33094501495361,122,160,,,0.852951228618622,0.650375306606293,0.985691726207733,0.62172144651413,103,2,54.9087333679199,1.06618905067444,14.0704965591431,20.1178888324998,444.445299591713,232.447427029492,,,,799.142384099042,417.956025600187,,,11383,132.153460278701
2011,MG,31024,Sete Lagoas,73.0865809195128,70.494925557799,67.2230245964923,99.761951993652,98.1352906169411,100,100,100,100,,,,,2.87911653518677,34.2338790893555,61.9404449462891,,,,,,606.303466796875,150.331008911133,92.2378005981445,8.21274948120117,382.424652099609,79.5698089599609,73.1361923217773,426.251037597656,91.0547256469727,78.3867797851562,19365,3477,4591.7353515625,824.449401855469,28,377,89.3924179077148,6.63922452926636,210,382,,,0.905779898166656,0.497941851615906,1.00773942470551,0.456624537706375,101,2,23.9486312866211,0.474230319261551,23.8526000976562,23.5839743139193,429.658703753818,274.629075076352,,,,772.555095491288,493.801450934555,,,21739,112.936700973206
2011,MG,31059,Manhuaçu,92.8107081665852,100,90.8994191908258,100,99.605868184804,100,100,100,100,,,,,1.32547867298126,27.3301067352295,70.7763519287109,,,,,,644.054809570312,171.506393432617,118.967460632324,11.767463684082,383.984222412109,78.2173309326172,90.6011962890625,426.378082275391,88.4855270385742,97.4138488769531,19520,4069,5894.0224609375,1228.62585449219,20,544,164.259643554688,6.03895711898804,202,242,,,0.730713844299316,0.609934687614441,0.963742077350616,0.616426587104797,124,6,37.441535949707,1.81168723106384,6.45534324645996,21.4299551215091,391.046351832602,201.841038454205,,,,703.127503393144,362.923691233762,,,30259,197.115118339601
2011,MG,31060,Ponte Nova,93.9031169908036,97.3428312980552,92.4341361374943,100,94.792899408284,100,100,100,100,,,,,1.45860147476196,29.6010303497314,68.9403686523438,,,,,,703.800598144531,215.269271850586,112.737998962402,8.89914321899414,342.654418945312,85.3317718505859,74.0655212402344,382.096343994141,96.0026168823242,79.6181030273438,14099,2975,6541.1240234375,1380.22863769531,16,334,154.956756591797,7.4230785369873,127,206,,,0.955721318721771,0.58920681476593,1.28488850593567,0.743467688560486,134,2,62.1682815551758,0.927884817123413,12.3914375305176,18.9723950740753,459.873004912393,219.983431172226,,,,826.882430450015,395.544927150217,,,17875,179.666603342667
2011,MG,31037,Ipatinga,77.9709138499753,82.9708470773627,63.7737209706067,100,96.3224085365854,100,100,100,97.9611280487805,,,,,0.921998918056488,28.6188449859619,70.1272354125977,,,,,,540.730346679688,157.615478515625,98.3146057128906,3.22270321846008,351.293975830078,82.9264144897461,81.3133163452148,390.612091064453,94.0667724609375,87.1025924682617,22631,4847,5886.1318359375,1260.66369628906,30,553,143.830627441406,7.80274677276611,212,414,,,1.07677900791168,0.551394104957581,1.25533187389374,0.546972513198853,145,10,37.7132759094238,2.60091543197632,26.9028301239014,22.8512721799717,569.617444061689,304.56366087233,,,,1024.21027444779,547.625838957088,,,23216,129.812938566384
2011,MG,31081,Santa Maria do Suaçuí,71.7414206621389,100,63.9410037433035,100,94.5488721804511,100,100,100,100,,,,,2.69299817085266,63.1956901550293,32.1364440917969,,,,,,534.136352539062,180.243545532227,90.1217727661133,20.9876537322998,306.207824707031,72.4908065795898,72.2091445922852,341.255187988281,82.0463790893555,78.5452194213867,3164,1848,6954.76318359375,4062.07421875,0,72,158.262634277344,0,23,14,,,0.307732880115509,0.505561172962189,0.460500299930573,0.456104099750519,3,0,6.5942759513855,0,2.22886538505554,19.7999178447426,292.175665217685,191.715656658934,,,,525.351393956194,344.717577331288,,,5908,317.355370145742
2011,MG,31072,Uberaba,75.0416306228374,68.0739078719723,64.4988105536332,100,92.0973942759504,100,100,100,100,,,,,2.74659180641174,30.1122703552246,66.1988754272461,,,,,,665.854309082031,153.295867919922,131.546188354492,6.41479730606079,394.97265625,73.3950271606445,102.198226928711,438.285614013672,83.4455947875977,109.939674377441,21174,3441,5548.52392578125,901.694091796875,57,585,153.295867919922,14.9365196228027,367,960,,,2.51562428474426,0.961702227592468,2.7223117351532,0.972184002399445,315,40,82.5439224243164,10.4817686080933,27.3566284179688,21.1442084427109,480.371820117211,265.051258981852,,,,863.740671653225,476.579896796729,,,9196,52.5790449548048
2011,MG,31089,Campo Belo,95.359014647418,98.1735545033692,95.359014647418,100,95.5760368663594,100,100,100,100,,,,,0.37348273396492,36.881420135498,62.7450981140137,,,,,,746.060729980469,228.04899597168,144.465423583984,3.18118953704834,342.194702148438,74.526985168457,95.1940765380859,380.886657714844,84.5500640869141,101.895355224609,5783,1396,5967.4541015625,1440.52673339844,5,115,118.668029785156,5.15947961807251,61,84,,,0.866792559623718,0.629456520080566,0.765924751758575,0.591792285442352,26,0,26.8292942047119,0,10.4262762069702,22.1386998133497,421.579481581104,220.693107466325,,,,758.028113487655,396.820972607612,,,6205,132.959634272759
2011,MG,31062,Águas Formosas,98.1942242745882,99.1849886277483,98.1942242745882,100,85.8916478555305,100,100,100,100,,,,,2.28091239929199,30.9723892211914,66.746696472168,,,,,,633.820678710938,201.132431030273,120.003379821777,16,360.356842041016,84.3895797729492,93.1005554199219,399.667907714844,94.1332855224609,100.815948486328,3893,1701,6579.90380859375,2875.01049804688,0,155,261.979217529297,0,36,28,,,0.473252773284912,0.608467817306519,0.556917071342468,0.738612353801727,10,0,16.9018840789795,0,2.62824296951294,17.0668681968982,407.216165003441,209.808389538885,,,,732.201909309127,377.249521536421,,,8257,312.236802424367
2011,MG,31068,Pedra azul,100,100,100,100,100,100,100,100,100,,,,,2.00421929359436,27.3206748962402,70.2531661987305,,,,,,470.120666503906,105.009773254395,74.3146057128906,29.8969078063965,322.544830322266,66.0581283569336,63.8400382995605,353.170074462891,73.6566314697266,67.6689910888672,4488,1571,7250.52099609375,2538.00537109375,0,151,243.945785522461,0,40,38,,,0.613903284072876,0.646214008331299,0.775456786155701,0.647021770477295,6,0,9.69320964813232,0,4.15030956268311,15.8439127384868,318.187161781888,142.919418928037,,,,572.121805067296,256.978677198571,,,8518,304.715332844217
2011,MG,31040,Resplendor,90.9868854694638,95.5428779234948,83.9636793417733,95.2777777777778,100,100,100,100,100,,,,,0.628366231918335,21.0951519012451,77.8276443481445,,,,,,727.906066894531,267.940887451172,140.668960571289,6.13496923446655,387.196441650391,105.667999267578,102.544288635254,427.80517578125,118.438850402832,110.39933013916,6547,2000,7309.20361328125,2232.84057617188,0,134,149.600326538086,0,63,63,,,0.703344821929932,0.703344821929932,0.733488142490387,0.669293999671936,19,0,21.211986541748,0,8.14093685150146,21.5829201368739,362.904602597462,250.556657841812,,,,652.526755456002,450.517634191505,,,8002,196.891598112654
2011,MG,31008,São Lourenço,84.8114002339779,86.9774926033436,83.6135611357112,96.7326732673267,100,99.1419141914191,100,100,99.5709570957096,,,,,0.572005391120911,19.4481830596924,79.7779235839844,,,,,,721.866516113281,250.3876953125,144.920181274414,2.86796545982361,373.179107666016,108.854942321777,96.0513534545898,415.894897460938,123.548027038574,103.799247741699,18105,4854,7072.1826171875,1896.07153320312,30,674,263.278167724609,11.7186126708984,170,306,,,1.19529843330383,0.664054691791534,1.41736626625061,0.689445018768311,121,3,47.2650718688965,1.1718612909317,21.3966236114502,21.1696799965999,377.061861443794,253.223809042708,,,,677.982454047389,455.31335049539,,,16063,134.829030463497
2011,MG,31006,Poços de Caldas,68.2026891063752,56.7076740144517,56.1643647672185,100,87.3563218390805,100,98.7356321839081,98.7739463601533,95.632183908046,,,,,1.41949939727783,22.0769519805908,74.8225631713867,,,,,,672.22021484375,171.06201171875,130.523880004883,4.17495012283325,347.754272460938,73.3916931152344,87.5144195556641,387.255004882812,83.0983047485352,95.6697235107422,13498,2421,6013.0078125,1078.49255371094,37,386,171.95295715332,16.4825382232666,144,409,,,1.82198858261108,0.641482532024384,2.01788592338562,0.566531538963318,334,26,148.788314819336,11.5823240280151,40.4294357299805,26.585965349452,687.716479894708,324.633240673505,,,,1236.56024224383,583.712286186725,,,6620,58.3889066197538
2011,MG,31041,Além  Paraíba,79.2493412916062,69.3516875481708,69.1939560144109,100,91.7630057803468,100,97.2543352601156,100,100,,,,,0.704225361347198,43.6619720458984,54.9295768737793,,,,,,882.683898925781,260.233520507812,184.625122070312,6.37450218200684,451.639984130859,115.862045288086,111.693321228027,502.831634521484,130.60173034668,120.405227661133,4269,1498,7506.330078125,2633.98510742188,5,159,279.5751953125,8.791672706604,40,95,,,1.67041778564453,0.703333795070648,1.39435923099518,0.615856647491455,23,0,40.4416923522949,0,16.132719039917,24.6126025343312,426.478265110701,317.619333106621,,,,766.836454025003,571.100811118817,,,3732,148.292020637884
2011,MG,31001,Alfenas / Machado,68.6773118090893,62.2081066853834,60.5179856115108,100,98.4997114829775,100,100,100,98.7016733987305,,,,,1.29946839809418,24.246898651123,74.3059692382812,,,,,,702.797790527344,201.338363647461,125.536361694336,4.19716930389404,386.770935058594,86.9710235595703,91.3591918945312,430.590637207031,99.2266998291016,98.0446166992188,18359,4132,6297.0546875,1417.25744628906,36,540,185.217575073242,12.3478384017944,185,394,,,1.35140228271484,0.634541690349579,1.38278639316559,0.661809861660004,147,0,50.4203414916992,0,16.4006729125977,22.4766363944832,435.697965992169,226.315880357823,,,,783.414093050243,406.931094455873,,,15414,112.52711937916
2011,MG,31013,Barbacena,78.7497279990053,86.7752006146112,76.4182909011782,98.426435877262,100,100,100,100,100,,,,,1.38833796977997,34.0341148376465,64.2602157592773,,,,,,707.068054199219,204.003677368164,155.390045166016,4.41988945007324,401.177581787109,92.7731399536133,117.17000579834,444.171112060547,105.415512084961,125.146377563477,13309,2992,5776.7763671875,1298.6787109375,44,445,193.152420043945,19.098217010498,176,476,,,2.06607985496521,0.763928651809692,2.23633623123169,0.758937120437622,134,3,58.1627502441406,1.30215120315552,17.8958969116211,19.9217551273443,542.747330306942,188.79791183387,,,,975.896012182659,339.471276925284,,,16062,148.651654476539
2011,MG,31094,Almenara/Jacinto,94.659936878117,100,94.659936878117,100,100,100,100,100,100,,,,,2.59740257263184,33.8589973449707,63.0333938598633,,,,,,537.926452636719,157.067443847656,77.943244934082,19.319429397583,312.262969970703,71.6706619262695,60.4958877563477,342.004455566406,80.1007080078125,64.2283172607422,11028,3616,6511.8037109375,2135.17236328125,0,422,249.182189941406,0,88,85,,,0.501907229423523,0.519621610641479,0.729832172393799,0.551655113697052,133,0,78.5337219238281,0,3.58538913726807,18.2589807176839,330.91561782421,170.56746756994,,,,595.008420623598,306.691718438233,,,22972,311.270571576897
2011,MG,31036,Governador Valadares,69.9489838221164,73.7788551111285,64.2425853399209,100,100,100,100,100,100,,,,,0.978242516517639,39.3995628356934,59.3692016601562,,,,,,671.21142578125,189.695373535156,105.943069458008,10.2737293243408,408.257354736328,94.4413604736328,86.2930297851562,454.041107177734,106.883934020996,92.9503402709961,22559,4396,5382.81494140625,1048.93188476562,38,543,129.565521240234,9.06719970703125,291,507,,,1.20975530147552,0.694356620311737,1.37368083000183,0.622713804244995,204,10,48.6765480041504,2.38610529899597,17.8888702392578,17.0009493846307,434.811251688615,157.430107633996,,,,781.819721407191,283.069866323649,,,33564,178.598215722272
2011,MG,31092,Passos,77.8960608196863,71.3130093876951,68.751806788962,100,100,100,99.6632996632997,100,100,,,,,0.514647662639618,16.3895492553711,82.9770355224609,,,,,,673.458984375,157.354858398438,119.748031616211,9.69875049591064,385.278015136719,69.6723785400391,86.4441604614258,430.087982177734,78.6203002929688,93.7723693847656,14272,2993,7062.1650390625,1481.01599121094,32,367,181.601364135742,15.8344507217407,170,275,,,1.36077308654785,0.841205179691315,1.66694712638855,0.783805310726166,115,20,56.9050559997559,9.89653205871582,15.0887470245361,23.9652094641935,406.05694010141,272.316188546486,,,,730.117545377802,489.642726211118,,,8177,84.5437372693932
2011,MG,31095,Serro,84.8866598214991,94.1592291288208,84.8866598214991,84.4481605351171,100,100,100,100,100,,,,,1.26182961463928,41.7981071472168,56.7823333740234,,,,,,597.020751953125,157.520126342773,97.2346496582031,11.4006519317627,386.922637939453,65.9366455078125,83.4843978881836,424.412902832031,73.6626434326172,89.755989074707,3486,981,6779.19970703125,1907.74377441406,0,79,153.630737304688,0,38,32,,,0.622301757335663,0.738983333110809,0.808019936084747,0.68793511390686,19,0,36.9491653442383,0,5.42763805389404,22.1607647782945,398.343481658818,290.135638478889,,,,716.248231032202,521.683289392674,,,5536,276.930836281859
2011,MG,31090,Lima Duarte,99.5148857930839,100,99.5148857930839,71.3458755426918,100,100,100,100,100,,,,,0.703234851360321,17.7215194702148,81.4346008300781,,,,,,768.042724609375,239.317672729492,134.96403503418,7.24637699127197,355.533294677734,94.6279602050781,83.1986694335938,398.095947265625,108.061141967773,90.5500869750977,5455,1700,7589.98779296875,2365.34912109375,0,176,244.883193969727,0,50,74,,,1.02962255477905,0.695690870285034,1.07971227169037,0.628208875656128,58,0,80.7001419067383,0,6.0177264213562,19.2616271541612,447.762984935153,303.368220111004,,,,805.107804314945,545.476356487743,,,6714,199.092897529912
2011,MG,31099,Teófilo Otoni / Malacacheta,66.0575246416182,90.4337291899928,62.2029698426975,100,88.7068751551253,94.5395879870936,91.3378009431621,96.5500124100273,91.0151402333085,,,,,2.16095376014709,45.504222869873,52.136116027832,,,,,,714.853942871094,185.012542724609,104.024559020996,19.4864044189453,454.191009521484,92.2952651977539,82.8875579833984,503.873779296875,105.059707641602,88.2590560913086,15132,3730,5446.7119140625,1342.60070800781,16,462,166.295318603516,5.75914525985718,176,210,,,0.755887806415558,0.633506000041962,1.04114556312561,0.749228835105896,80,2,28.795726776123,0.719893157482147,10.2516384124756,21.3110838343829,417.802944420423,155.513231698827,,,,751.237647005058,279.623195144405,,,28805,247.911447583085
2011,MG,31035,Coronel Fabriciano/Timóteo,66.9286927774462,54.8987556820791,45.9222186509941,100,95.6428571428571,100,100,100,98.8214285714286,,,,,1.0515604019165,31.4111270904541,67.0963363647461,,,,,,569.713684082031,167.773941040039,107.662422180176,3.22834634780884,364.194519042969,89.6504440307617,87.7534103393555,405.017395019531,102.066291809082,93.6999206542969,11309,1954,5073.14306640625,876.551574707031,8,65,29.1585731506348,3.58874750137329,91,226,,,1.01382112503052,0.408220022916794,1.1534458398819,0.412481665611267,72,6,32.2987289428711,2.69156050682068,26.813325881958,19.5803560126337,297.143418811619,212.197306999991,,,,534.283747283633,381.544954961047,,,11757,111.543062963691
2011,MG,31045,Muriaé,100,89.3960828312886,99.5640137564331,100,100,100,94.6889226100152,100,98.3308042488619,,,,,6.17160081863403,4.61615657806396,89.1620635986328,,,,,,774.399536132812,256.743225097656,150.114379882812,2.07692313194275,417.706512451172,110.236183166504,107.895217895508,466.19677734375,123.643539428711,117.047981262207,13311,3939,7929.255859375,2346.4306640625,35,557,331.800415039062,20.8492183685303,149,220,,,1.31052231788635,0.887580990791321,1.54418253898621,0.916025280952454,157,9,93.5236358642578,5.36122751235962,12.220025062561,19.5333617212631,321.168074960718,189.76912056445,,,,577.481686399623,341.217575201196,,,10856,136.379216726721
2011,MG,31046,Santos Dumont,56.1398989398593,61.8369166749232,56.1398989398593,55.8252427184466,83.6569579288026,95.4692556634304,100,100,97.2491909385113,,,,,1.79533219337463,25.1346492767334,69.2998199462891,,,,,,832.180236816406,257.254791259766,183.196578979492,5.85480070114136,442.363098144531,115.62914276123,116.828773498535,493.712463378906,131.675827026367,127.921607971191,3209,929,6254.01953125,1810.52795410156,0,49,95.49609375,0,21,42,,,0.818537950515747,0.409268975257874,1.06848430633545,0.414628446102142,24,6,46.7735977172852,11.6933994293213,21.5528831481934,25.2636756491408,308.933023481814,250.292088175796,,,,555.482245259379,450.041920231083,,,3323,147.125577830794
2011,MG,31064,Araçuaí,78.77800775904,100,78.77800775904,100,84.5226130653266,100,88.1407035175879,100,97.286432160804,,,,,0.89445436000824,41.7710189819336,56.6189613342285,,,,,,621.159423828125,140.010894775391,73.3390350341797,23.6135959625244,386.980285644531,65.4751205444336,65.2603073120117,430.368408203125,73.378662109375,69.7395401000977,5328,1672,5920.46044921875,1857.92224121094,0,153,170.013229370117,0,47,56,,,0.62227064371109,0.522262871265411,0.628104388713837,0.539486408233643,11,0,12.2231731414795,0,3.47582578659058,22.0650119258702,306.544436113184,180.63689737848,,,,551.187405363111,324.797226925121,,,11402,295.091104796743
2011,MG,31075,Uberlândia / Araguari,40.3784202133035,34.7114832406159,31.7220547529904,98.5472818638648,87.92142530836,100,86.7702147099132,97.2042028323435,98.1087254454089,,,,,0.718068420886993,17.0810527801514,82.1290740966797,,,,,,572.013305664062,117.510780334473,113.326774597168,4.91118097305298,359.688751220703,62.0665473937988,86.0675811767578,401.944122314453,70.3176193237305,93.8039398193359,47725,8523,5705.1904296875,1018.86511230469,138,1243,148.59196472168,16.4969348907471,534,1818,,,2.1732919216156,0.638359665870667,2.20957326889038,0.620248913764954,551,69,65.8682022094727,8.24846744537354,29.6822910308838,24.6237252668068,522.052192927197,291.772046697121,,,,938.684770574076,524.625660852285,,,19938,51.9603266283388
2011,MG,31061,Viçosa,84.2798448719426,86.0461544368928,84.2798448719426,99.171974522293,90.2547770700637,94.5859872611465,97.7070063694268,95.9235668789809,87.0063694267516,,,,,1.52925527095795,33.444149017334,64.2952117919922,,,,,,670.481567382812,179.995056152344,95.9973602294922,8.61297512054443,368.473876953125,71.511116027832,75.3324584960938,408.684173583984,81.4471817016602,79.7599563598633,7649,1490,5736.59228515625,1117.46923828125,19,164,122.996620178223,14.249608039856,68,135,,,1.01247215270996,0.509985983371735,1.37208724021912,0.645357251167297,70,5,52.4985580444336,3.74989676475525,23.0821151733398,22.1928016787249,403.100697837933,212.007964492881,,,,724.802024001875,381.20450446538,,,9564,161.798848874775
2011,MG,31082,São Gotardo,87.0639809111592,91.1436657233228,87.0639809111592,100,100,100,100,100,100,,,,,1.07047283649445,29.0811767578125,69.0454940795898,,,,,,562.566528320312,169.421569824219,122.722038269043,6.17760610580444,340.557647705078,76.7273330688477,95.4675979614258,373.694061279297,85.7622833251953,101.540298461914,4172,1016,4530.94091796875,1103.41235351562,0,120,130.324295043945,0,56,61,,,0.662481784820557,0.608180046081543,0.789004981517792,0.62447053194046,66,0,71.6783599853516,0,6.63785028457642,22.4342163751773,404.32865902883,276.089296006724,,,,727.009980379355,496.427025862855,,,5549,110.619388825535
2011,MG,31086,Divinópolis,66.7785320620486,43.7306417518696,44.3916161622612,100,96.7457988797013,100,100,97.1192317951454,99.8666311016271,,,,,0.59958291053772,21.5328464508057,77.6850891113281,,,,,,591.118041992188,155.916290283203,106.010681152344,8.75721073150635,342.620300292969,73.5961608886719,79.7332763671875,382.621551513672,83.5049362182617,85.6492004394531,12469,2245,3865.05029296875,695.888854980469,22,355,110.040328979492,6.81940078735352,172,487,,,1.50956726074219,0.533153116703033,1.57094192504883,0.457287311553955,345,13,106.94059753418,4.0296459197998,48.3120422363281,24.7499430452039,529.134507759089,233.725552266437,,,,951.419246481229,420.254180288667,,,8994,56.7442658360504
2011,MG,31070,Araxá,66.2041453990364,78.4990220865334,59.548370939274,94.6586158848119,94.1941477008825,100,100,100,100,,,,,3.31620740890503,25.7356376647949,70.2942581176758,,,,,,650.736633300781,151.549331665039,104.117858886719,15.8222217559814,423.110534667969,88.5621185302734,85.7064514160156,470.36962890625,99.4903030395508,92.5100402832031,10167,3053,5880.923828125,1765.95458984375,21,368,212.863189697266,12.147084236145,117,188,,,1.08745324611664,0.676766097545624,0.970320641994476,0.661871433258057,99,7,57.2648239135742,4.04902791976929,23.6087245941162,19.2603705376886,408.337858957956,316.052543497102,,,,734.218790085826,568.283618575477,,,6832,87.1871129609415
2011,MG,31002,Guaxupé,63.5764300333944,54.4730510969873,51.7699019713455,95.7193816884661,96.3139120095125,100,99.7621878715814,100,100,,,,,0.609384536743164,11.9439363479614,87.3857421875,,,,,,668.345764160156,194.172027587891,132.262100219727,5.78947353363037,345.925476074219,84.1546173095703,90.8955535888672,384.476013183594,95.4571075439453,98.5812225341797,8930,1997,6282.44970703125,1404.93310546875,7,232,163.217071533203,4.92465257644653,72,145,,,1.02010667324066,0.506535708904266,1.31013357639313,0.473821967840195,75,1,52.7641372680664,0.703521847724915,15.0771760940552,21.8080875610751,325.082322331571,236.827542796568,,,,584.519765053556,425.831766799264,,,6668,103.037916451392
2011,MG,31087,Lagoa da Prata/Sto Ant do Monte,75.685314084386,73.0119446592765,75.685314084386,97.9925650557621,100,100,100,100,100,,,,,0.70175439119339,16.701753616333,82.3859634399414,,,,,,529.710571289062,137.022918701172,116.97078704834,2.99684548377991,320.502532958984,70.9685134887695,92.9986572265625,357.036285400391,80.4942245483398,100.573951721191,6830,1744,5706.50341796875,1457.12182617188,0,160,133.680908203125,0,68,91,,,0.760310113430023,0.568143844604492,0.922815978527069,0.587360501289368,45,0,37.5977554321289,0,23.1217842102051,23.1182560830761,375.90879718708,242.418677995539,,,,675.909167368518,435.885001959654,,,5010,84.0575696456312
2011,MG,31044,Leopoldina / Cataguases,94.5550135750771,81.4136487046155,87.6524320095716,100,98.5607675906183,100,98.3475479744136,100,99.4136460554371,,,,,1.65413534641266,28.1203002929688,70.0751876831055,,,,,,789.239807128906,240.76594543457,172.698944091797,2.92230939865112,382.768188476562,95.5347061157227,110.36206817627,425.908447265625,106.569244384766,120.221008300781,12820,3553,7211.7275390625,1998.69494628906,22,326,183.387145996094,12.3758201599121,108,226,,,1.27133417129517,0.607540249824524,1.43221986293793,0.62497889995575,116,6,65.2543258666992,3.3752236366272,15.7026653289795,19.2675335741236,368.42575514553,178.110939399321,,,,662.454157127908,320.255385480394,,,10025,112.142768399963
2011,MG,31027,Turmalina/Minas Novas/Capelinha,96.3743597964849,99.5544942919581,96.1187002708472,100,100,100,95.8333333333333,100,100,,,,,2.12355208396912,30.1801795959473,67.5675659179688,,,,,,500.454956054688,110.844566345215,71.9662475585938,26.7768592834473,390.454132080078,77.6449127197266,72.7295303344727,438.586059570312,88.7314224243164,78.0546951293945,8651,3406,7156.09228515625,2817.43725585938,0,185,153.031677246094,0,72,61,,,0.504590928554535,0.595582783222198,0.653279840946198,0.571180403232574,6,0,4.96318960189819,0,4.06237077713013,19.5721472515093,338.404528393817,177.914818968414,,,,608.473982870286,319.902747824266,,,13722,274.541256583444
2011,MG,31058,Unaí,65.7183053937304,76.6638925216978,61.2253794634011,100,100,100,100,100,100,,,,,1.99335551261902,28.2996082305908,69.3748092651367,,,,,,486.960968017578,103.879852294922,77.6202621459961,18.0808887481689,360.068664550781,61.423942565918,72.5827789306641,400.194946289062,69.1057968139648,77.9502258300781,12509,2699,4830.6064453125,1042.27404785156,8,239,92.2947387695312,3.08936381340027,135,200,,,0.772340953350067,0.521330118179321,0.864442586898804,0.473058819770813,275,0,106.196876525879,0,12.4868221282959,24.9829777093484,421.400095754767,296.931743531439,,,,757.705565770165,533.903140967821,,,17599,159.164642423894
2011,MG,31019,Curvelo,84.3985026958343,87.3868150234097,76.6715889968749,95.9035047792444,91.8980427856168,100,100,100,100,,,,,1.8155757188797,40.0382232666016,57.6684188842773,,,,,,639.204528808594,153.230133056641,107.372940063477,9.79877471923828,376.876373291016,68.9892730712891,82.8199844360352,419.976959228516,78.3584671020508,89.557502746582,10439,1994,5837.8447265625,1115.11279296875,15,189,105.695236206055,8.38851070404053,100,138,,,0.77174299955368,0.559234082698822,0.972228407859802,0.572515904903412,59,0,32.9948120117188,0,11.9877414703369,22.3006288489171,354.001854222789,235.729028721459,,,,636.519018243559,423.856564996579,,,13782,170.822741117374
2011,MG,31030,Formiga,86.9834379196473,98.312542756518,86.9834379196473,98.9370400654129,100,100,100,100,98.6917416189697,,,,,0.319999992847443,18,81.5999984741211,,,,,,743.0576171875,172.111343383789,154.734710693359,4.78841876983643,387.632690429688,71.7576141357422,96.2589416503906,431.751617431641,81.6480712890625,104.983055114746,7565,2052,6259.72265625,1697.94458007812,0,459,379.803405761719,0,83,120,,,0.992950081825256,0.686790466308594,1.19981467723846,0.693410098552704,124,0,102.604835510254,0,18.0567970275879,22.3952094669438,370.379697572153,250.670193334794,,,,665.967476338705,450.721778603933,,,5018,85.4105733673992
2011,MG,31021,Itabira,91.9438569505864,97.6785599838859,91.9438569505864,100,100,98.9730878186969,100,100,100,,,,,1.71115672588348,20.294319152832,77.6522903442383,,,,,,552.794311523438,161.064361572266,106.632637023926,5.48829698562622,334.765472412109,78.6920623779297,87.8785705566406,367.971893310547,88.5242919921875,93.649528503418,12864,3416,5739.423828125,1524.08825683594,12,282,125.817588806152,5.3539400100708,164,286,,,1.27602243423462,0.731705129146576,1.35041987895966,0.754347860813141,107,4,47.7392997741699,1.78464663028717,33.1310729980469,22.0906924592541,608.485482605652,420.67316661667,,,,1094.09760820025,756.398498544966,,,9820,95.0113910251516
2011,MG,31015,São João Del Rei,74.6313463451567,79.014253140709,73.9820757291639,95.2419032387045,96.3614554178329,100,100,100,100,,,,,0.529901564121246,39.4398193359375,59.992431640625,,,,,,708.206787109375,220.723007202148,135.101409912109,9.17375469207764,377.701751708984,92.3432235717773,96.0797958374023,420.178802490234,104.617492675781,104.770233154297,14508,3981,6242.20166015625,1712.86218261719,26,457,196.628494262695,11.1867408752441,130,203,,,0.87342631816864,0.559337079524994,1.16223788261414,0.541911542415619,138,0,59.3757781982422,0,16.200122833252,18.804839327392,390.127305027933,191.4800736992,,,,701.474995749893,344.293983408105,,,12937,112.87287668786
2011,MG,31023,João Monlevade,73.548790784633,54.8715397141306,62.2406670285266,94.6140035906643,95.9305804907241,95.1526032315979,100,95.7510472770796,88.5098743267504,,,,,1.38104200363159,28.8763332366943,67.608283996582,,,,,,653.464599609375,193.236709594727,107.681526184082,8.57787799835205,344.26416015625,76.74267578125,80.0713577270508,383.733703613281,86.6430206298828,86.3796234130859,8177,1852,6030.9033203125,1365.93286132812,0,198,146.03385925293,0,63,158,,,1.16532063484192,0.464653164148331,1.55013465881348,0.503189861774445,98,10,72.2793807983398,7.37544727325439,25.1274108886719,23.6917035605728,480.236113568602,302.383393314458,,,,863.496662199432,543.705572018114,,,6862,115.263415589533
2011,MG,31097,Juiz de Fora,65.7048325682046,49.4147338569012,56.3028322401663,100,87.6100998238403,100,92.6453317674692,89.3570170287728,92.5425719318849,,,,,2.95531678199768,22.115385055542,74.5050888061523,,,,,,756.033325195312,174.759750366211,137.335754394531,9.80926418304443,397.394104003906,74.8986663818359,100.912460327148,442.075408935547,84.4084777832031,108.603073120117,41225,7202,7077.0830078125,1236.36511230469,158,1472,252.697784423828,27.1238117218018,597,1896,,,3.25485730171204,1.0248681306839,3.31451272964478,1.13181829452515,582,59,99.9117584228516,10.1285123825073,36.7713050842285,23.3117575850542,585.49934685382,238.969518212427,,,,1052.76699824033,429.683181904979,,,17211,63.9265546161398
2011,MG,31016,Belo Horizonte/ Nova Lima/ Caeté ,91.1475100037136,56.9576467862707,70.8454727211828,98.8347482818482,90.3426791277259,100,98.0071817554874,93.4627000546955,91.6743953770422,,,,,1.05525660514832,27.3674011230469,70.7876358032227,,,,,,571.262451171875,127.76424407959,98.6879196166992,6.70957374572754,346.37060546875,59.9556846618652,78.036247253418,387.466979980469,68.5067138671875,84.0642623901367,170902,28608,5236.25048828125,876.517822265625,727,6209,190.236968994141,22.2744846343994,3644,12160,,,3.72569108009338,1.11648178100586,3.64394640922546,1.12271678447723,4021,619,123.199043273926,18.965482711792,45.4062767028809,18.8532287653311,647.590523902553,247.264147535084,,,,1164.41108875906,444.597480375938,,,111762,79.9533316440106
2011,MG,31085,Taiobeiras,100,100,100,91.0787172011662,100,100,100,100,100,,,,,0.619369387626648,15.7094593048096,83.6148681640625,,,,,,533.225158691406,127.673637390137,74.3511199951172,21.971830368042,363.778625488281,72.5432205200195,66.6316833496094,401.471557617188,82.3788223266602,71.2609024047852,8113,2126,6093.03662109375,1596.67150878906,10,170,127.673637390137,7.51021385192871,83,55,,,0.413061767816544,0.623347759246826,0.690751910209656,0.641372263431549,15,0,11.2653207778931,0,1.12202596664429,19.4530934567335,396.561671781136,174.106721561125,,,,713.04441766086,313.055533906742,,,17156,293.077734895722
2011,MG,31017,Betim,75.1358038143646,84.8659267829158,57.3154590409286,100,100,100,100,100,100,,,,,1.31291031837463,25.4871311187744,72.7102203369141,,,,,,509.766143798828,115.22322845459,85.3734512329102,11.1650485992432,397.4384765625,77.8942489624023,79.0675277709961,443.065887451172,88.57373046875,85.3844528198242,32861,4091,5082.349609375,632.722473144531,46,686,106.098167419434,7.11445474624634,479,626,,,0.968184471130371,0.740831255912781,1.48491036891937,0.683644950389862,101,13,15.620867729187,2.01060676574707,30.1846199035645,25.4429669802432,674.017704216037,488.598016816167,,,,1211.92892706253,878.531923688311,,,35663,121.448993570191
2011,MG,31047,São João Nepomuceno / bicas,83.7357143889154,90.8528744600003,83.7357143889154,84.4086021505376,100,100,100,100,100,,,,,2.93427228927612,20.6572761535645,75.93896484375,,,,,,878.742065429688,275.489868164062,187.898223876953,6.75241136550903,428.38720703125,97.0445785522461,120.376998901367,476.255950927734,110.117828369141,130.327926635742,6075,1983,8582.5693359375,2801.52001953125,0,107,151.166244506836,0,37,70,,,0.98893803358078,0.522724390029907,1.00589120388031,0.464447677135468,21,0,29.668140411377,0,14.2181034088135,20.164836267341,358.796909464961,268.427334733632,,,,645.140848380217,482.650306873413,,,3714,120.210081327402
2011,MG,31011,Três Pontas,57.2816985645933,62.9095228601808,54.5147195640617,99.1430454845089,100,100,100,100,95.9129861568886,,,,,0.639386177062988,18.7340145111084,80.4347839355469,,,,,,739.445190429688,224.518020629883,143.170913696289,4.51045083999634,434.231536865234,100.095932006836,109.492752075195,481.718444824219,113.863861083984,117.806442260742,8066,1486,6561.45751953125,1208.81799316406,10,185,150.492156982422,8.13471126556396,71,122,,,0.992434740066528,0.577564477920532,1.18665099143982,0.552956938743591,35,0,28.4714870452881,0,14.8743190765381,26.856569814907,404.478823412485,231.964322795451,,,,727.279985987854,417.087371865488,,,7949,147.71224202548
2011,MG,31083,Bocaiúva,96.3539881254371,100,96.3539881254371,81.1909262759924,96.8809073724008,100,98.9603024574669,100,95.0850661625709,,,,,1.23339653015137,36.337760925293,62.1442108154297,,,,,,601.269653320312,144.948928833008,88.5799026489258,20.7589282989502,433.63818359375,90.1239242553711,74.1885833740234,480.219268798828,101.522834777832,78.2710494995117,4763,869,6392.51611328125,1166.30200195312,0,83,111.395935058594,0,39,41,,,0.550269067287445,0.523426711559296,0.658980786800385,0.609993398189545,5,0,6.71059894561768,0,5.74829864501953,19.2209263475807,405.434482373302,197.340323644441,,,,728.99832473738,354.831104887301,,,8377,249.006963663358
2011,MG,31028,Bom Despacho,84.6992801760891,85.5063554700668,81.7248012056555,93.5379644588045,97.172859450727,100,99.4345718901454,94.4264943457189,99.9192245557351,,,,,0.260190814733505,25.4119682312012,74.2411117553711,,,,,,649.834899902344,187.880722045898,112.341049194336,6.25931453704834,361.753173828125,74.2515335083008,84.4838485717773,401.578002929688,84.5072326660156,90.7622985839844,7005,1679,6784.04345703125,1626.03991699219,0,195,188.849182128906,0,70,89,,,0.861927032470703,0.677920162677765,1.1355162858963,0.644750475883484,57,0,55.2020683288574,0,14.983003616333,22.7416939076936,366.165766856038,260.492062374245,,,,658.390546979799,468.382156265046,,,5792,118.80174584947
2011,MG,31034,Caratinga,97.3534125679079,98.3941469100597,95.3239806007119,100,100,100,100,100,100,,,,,1.18249905109406,33.0311393737793,65.5104446411133,,,,,,647.087829589844,184.664215087891,134.301254272461,8.56918239593506,382.078216552734,85.1757965087891,108.764808654785,425.572235107422,95.9361801147461,116.340270996094,11038,2297,5615.216796875,1168.52258300781,16,278,141.423294067383,8.13947010040283,115,157,,,0.798685491085052,0.585024416446686,0.866726338863373,0.570907473564148,44,0,22.3835411071777,0,6.50140142440796,20.6459541406528,401.042148118984,190.986348570718,,,,721.100613880769,343.406232594613,,,18718,210.689045001817
2011,MG,31007,Pouso Alegre,81.1744470947119,70.813253500787,66.1295818526992,100,100,100,100,100,100,,,,,1.4490339756012,20.3031311035156,77.6482315063477,,,,,,608.945007324219,174.012435913086,120.606582641602,4.0129451751709,337.296966552734,79.1121520996094,90.4142074584961,376.321441650391,89.8454055786133,97.3645401000977,26853,6124,5291.9091796875,1206.85412597656,26,635,125.139183044434,5.12380886077881,339,714,,,1.40707671642303,0.668065845966339,1.44821500778198,0.625400304794312,276,12,54.3912010192871,2.36483502388,21.2590770721436,21.1117796706366,337.472658131502,257.529193195967,,,,606.79841779224,463.054719252937,,,18499,76.5603199657317
2011,MG,31053,Januária,58.9986578641904,85.5738537434707,56.2781123041207,99.8912452419793,92.2784121805329,100,93.8009787928222,100,100,,,,,0.515759289264679,42.4068756103516,56.7908325195312,,,,,,525.907104492188,127.947196960449,65.2971878051758,24.3288593292236,335.737426757812,64.1219177246094,58.1596717834473,372.087524414062,71.2997512817383,62.7846183776855,4633,794,4088.13354492188,700.621215820312,0,120,105.887336730957,0,60,49,,,0.432373285293579,0.529436707496643,0.409651637077332,0.545319795608521,0,0,0,0,3.96371603012085,16.5042878500054,312.268904120723,116.12708406708,,,,561.480381833884,208.804266588236,,,14435,314.67370303267
2011,MG,31051,Francisco Sá,100,100,100,68.3315621679065,100,100,100,100,100,,,,,0.80402010679245,33.3668327331543,65.3266296386719,,,,,,550.155090332031,128.231643676758,82.730094909668,24.3107776641846,400.696075439453,84.1959075927734,74.7402191162109,444.075103759766,94.6901245117188,78.7524185180664,4738,1306,6532.919921875,1800.75830078125,0,143,197.173385620117,0,45,42,,,0.579110622406006,0.620475709438324,0.796966552734375,0.643226444721222,8,0,11.0306787490845,0,3.76559805870056,19.8769802477614,371.205169881785,210.722564512959,,,,667.451730779314,378.893269302313,,,8959,291.944555427146
2011,MG,31048,Ubá,80.9449061777054,79.367663439294,78.5183788878416,100,98.2275586049171,100,92.7672955974843,100,98.2275586049171,,,,,1.37362635135651,26.5109882354736,71.7033004760742,,,,,,697.446044921875,221.793182373047,144.967239379883,3.44827580451965,379.402709960938,97.2008895874023,103.962020874023,422.201354980469,109.739479064941,113.616401672363,24618,7295,8223.048828125,2436.71875,44,892,297.951080322266,14.6971387863159,169,289,,,0.96533477306366,0.564503729343414,1.14345407485962,0.564670741558075,159,7,53.1101150512695,2.33818125724792,29.2970752716064,19.7904083211885,284.267008496694,192.531529779263,,,,511.131100046371,346.184571787301,,,18195,126.17678556936
2011,MG,31077,João Pinheiro,71.7882466931897,74.0740197013961,60.7777794089581,100,100,99.3858751279427,100,99.3858751279427,95.0870010235414,,,,,1.17762517929077,42.0019645690918,56.5260047912598,,,,,,546.058166503906,122.317031860352,107.755485534668,5.59999990463257,418.54541015625,80.8760223388672,93.7892303466797,464.288299560547,92.8997497558594,100.053161621094,2963,491,4314.587890625,714.97216796875,0,50,72.8077621459961,0,26,39,,,0.567900538444519,0.37860032916069,0.862771928310394,0.371319562196732,12,0,17.4738616943359,0,6.99828195571899,27.3588768795939,427.130561676734,283.27494913034,,,,768.009326892368,509.347310932334,,,4821,162.790537658951
2011,MG,31049,Brasília de Minas/São Francisco,93.8680905996949,97.7643469076399,92.5139700107427,91.6849701914026,94.132412927518,100,100,100,100,,,,,1.03694105148315,36.0012969970703,62.832145690918,,,,,,516.672424316406,103.95378112793,67.2381896972656,19.3493156433105,366.673004150391,59.4287185668945,62.0942726135254,403.410705566406,67.0114593505859,65.2434692382812,14785,3220,6540.2412109375,1424.38793945312,10,271,119.878616333008,4.42356538772583,110,108,,,0.477745056152344,0.486592173576355,0.692177355289459,0.542550265789032,1,0,0.442356526851654,0,1.25894665718079,18.87327523719,384.134978408667,157.912129296361,,,,690.700391574262,283.936573522046,,,30329,326.724239561041
2011,MG,31003,Itajubá,76.3077754936518,74.2643045516453,65.0722560306878,100,100,100,100,100,96.7226546497337,,,,,1.20918989181519,22.5715446472168,76.0983505249023,,,,,,681.52880859375,217.190505981445,137.803634643555,2.41758251190186,373.809997558594,96.1161346435547,99.9209899902344,415.256225585938,108.255737304688,107.932518005371,11722,3012,5852.66015625,1503.85705566406,27,320,159.772323608398,13.4807901382446,146,308,,,1.5378086566925,0.728961229324341,1.56439578533173,0.713982582092285,117,5,58.4167556762695,2.49644255638123,26.9121494293213,22.8118192311582,319.690940094462,263.314363347958,,,,574.825699082984,473.456842240688,,,10150,114.137536286894
2011,MG,31055,Pirapora,91.8398912949203,99.6617421723669,91.8398912949203,100,99.2884250474383,98.6242884250474,99.2409867172675,100,100,,,,,0.466635555028915,23.9850673675537,75.4549713134766,,,,,,466.817810058594,103.109527587891,80.5101776123047,16.3388805389404,352.510375976562,65.6272277832031,73.026969909668,387.728454589844,73.6396789550781,78.3704223632812,7981,1698,5636.4189453125,1199.17797851562,10,195,137.714782714844,7.06229639053345,91,94,,,0.663855850696564,0.642668962478638,1.0674661397934,0.659265398979187,103,0,72.7416534423828,0,10.5058727264404,20.6317701275493,398.700095802526,217.171677479214,,,,716.889447121713,390.489205890937,,,13611,220.426072887729
2011,MG,31073,Ituiutaba,71.8490746216828,70.1741154511864,63.5800827984352,97.671102661597,95.3897338403042,100,97.861216730038,99.0969581749049,100,,,,,1.09367573261261,25.3447456359863,73.4664764404297,,,,,,702.653137207031,224.848999023438,109.24267578125,4.9056601524353,361.953918457031,96.1587524414062,76.2606430053711,403.796417236328,107.916305541992,82.3351287841797,9780,2227,5186.37548828125,1180.98754882812,10,200,106.060844421387,5.3030424118042,77,200,,,1.0606085062027,0.408334255218506,1.35399925708771,0.526061773300171,107,4,56.7425537109375,2.1212170124054,19.4902725219727,19.9161845522895,379.317072356696,284.408496700258,,,,682.037474152761,511.38550530259,,,10067,112.463592116136
2011,MG,31042,Carangola,88.8086088865926,95.6172500645828,88.8086088865926,96.1046511627907,99.2441860465116,100,90.6395348837209,100,97.7325581395349,,,,,2.25653195381165,24.4655590057373,73.1591415405273,,,,,,692.818725585938,194.558685302734,132.078460693359,10.3881282806396,384.672424316406,87.6024551391602,102.553382873535,426.374572753906,98.4305038452148,109.123237609863,10686,2962,8451.439453125,2342.61303710938,21,296,234.103134155273,16.6086673736572,89,122,,,0.964884519577026,0.703891158103943,1.08292472362518,0.729397356510162,79,6,62.4802284240723,4.74533367156982,5.34324598312378,21.3286855567798,363.686377895695,220.943085600638,,,,653.932439746585,397.270450017793,,,12328,225.444228044495
2011,MG,31010,Três Corações,83.2902767462137,72.3576710692027,70.5751283624503,99.4990607388854,100,100,100,100,100,,,,,3.10945272445679,20.8333339691162,73.3208923339844,,,,,,650.455139160156,193.719085693359,122.058776855469,7.02179193496704,406.198699951172,101.656425476074,101.112380981445,449.745880126953,116.469268798828,107.283874511719,8038,2161,6329.73193359375,1701.73559570312,15,346,272.466674804688,11.8121395111084,86,123,,,0.968595445156097,0.677229344844818,1.40682590007782,0.671126425266266,48,6,37.7988471984863,4.72485589981079,19.7609214782715,22.3215313768547,317.780008663148,228.290467408917,,,,571.389716519386,410.481534082688,,,7736,131.144292456301
2011,MG,31096,Itambacuri,100,100,100,95.8100558659218,96.927374301676,100,100,100,97.7653631284916,,,,,2.86576175689697,41.0256423950195,55.8069381713867,,,,,,772.68359375,236.718109130859,109.426292419434,16.1849708557129,458.515380859375,95.0268096923828,88.3551635742188,507.704986572266,106.961502075195,95.520263671875,3224,817,7199.8037109375,1824.51599121094,0,84,187.587936401367,0,35,22,,,0.491301715373993,0.781616389751434,0.710712611675262,0.848612070083618,20,0,44.6637916564941,0,4.53784132003784,18.6970674180332,446.599560454545,232.049500681818,,,,803.015889260368,417.240527403967,,,5562,282.393275750261
2011,MG,31080,Peçanha/São João Evangelista,84.9018787688661,100,82.343406880686,100,93.5400516795866,97.2868217054264,98.4496124031008,100,100,,,,,1.2534818649292,17.5487461090088,80.9192199707031,,,,,,599.674438476562,176.475631713867,68.5342254638672,26.5714282989502,329.391845703125,75.4336318969727,51.6065673828125,367.215362548828,83.9631195068359,54.9492530822754,3548,1114,6078.98583984375,1908.67810058594,0,66,113.081466674805,0,33,18,,,0.308403998613358,0.565407335758209,0.501584827899933,0.55855393409729,9,0,15.4202003479004,0,3.29992294311523,18.6272779960548,381.393912156507,221.109125749756,,,,685.771771062949,397.569001314756,,,6950,287.336020519236
2011,MG,31091,Cassia,77.899644113301,77.6394930175446,71.656017815147,100,100,100,100,100,100,,,,,0.57361376285553,25.6214141845703,73.2313537597656,,,,,,580.377136230469,162.912887573242,93.6749038696289,11.9298248291016,332.335632324219,73.0286636352539,73.4761962890625,372.9248046875,82.8721771240234,78.5988388061523,3337,829,6795.50341796875,1688.18469238281,0,75,152.730819702148,0,33,50,,,1.01820552349091,0.67201566696167,0.909766614437103,0.606850504875183,13,0,26.4733428955078,0,9.5283670425415,22.8593848311852,463.49553396649,321.324514557067,,,,833.395980053123,577.762975260387,,,2751,122.421494681346
2011,MG,31093,Piumhi,100,100,100,100,100,100,89.4805194805195,99.0909090909091,98.4415584415584,,,,,0.375939846038818,17.6691722869873,81.9548873901367,,,,,,654.026672363281,179.351638793945,128.108306884766,8.86597919464111,355.756286621094,75.1743316650391,98.4525451660156,393.975250244141,86.1020889282227,105.818199157715,5635,1434,7598.845703125,1933.76123046875,10,189,254.868118286133,13.4850854873657,47,64,,,0.863045454025269,0.633799016475677,1.02722644805908,0.600760579109192,28,0,37.7582397460938,0,6.47014379501343,22.1913595042602,443.231705370999,296.115480176332,,,,796.960260495167,532.435444843569,,,4570,129.94898371203
2011,MG,31067,Padre Paraíso,100,100,100,73.9712918660287,77.2248803827751,90.3349282296651,88.3253588516746,92.1531100478469,96.4593301435407,,,,,2.21285557746887,44.1517372131348,53.4246559143066,,,,,,658.616882324219,201.517105102539,85.1942291259766,18.1592044830322,475.715454101562,124.622741699219,73.3085021972656,525.333190917969,138.835006713867,78.8168106079102,4120,1670,6750.00390625,2736.04541015625,0,91,149.089889526367,0,26,25,,,0.409587621688843,0.425971120595932,0.615200638771057,0.593082904815674,0,0,0,0,1.65309572219849,19.7560605849554,314.595664998332,160.259677344011,,,,565.66405356282,288.157621973474,,,8176,320.171357421473
2011,MG,31079,Conselheiro Lafaiete,83.2037699504678,81.0029123096679,80.4519812878371,98.4056687333924,91.2754650132861,98.3170947741364,94.3755535872453,98.0513728963685,93.2683790965456,,,,,0.732127487659454,28.2515068054199,70.8441009521484,,,,,,607.427978515625,186.987045288086,108.609245300293,9.03225803375244,345.432220458984,89.7717437744141,83.3125534057617,384.895141601562,100.747589111328,89.6925354003906,11485,3535,6429.779296875,1979.03955078125,5,274,153.396560668945,2.79920721054077,103,217,,,1.21485590934753,0.576636672019958,1.20449888706207,0.552983403205872,58,1,32.4708061218262,0.559841454029083,28.596700668335,24.2824646612361,467.557156118143,231.20123446231,,,,840.699048422985,415.715287988384,,,9247,115.925406512621
2011,MG,31026,Diamantina,84.3989362087582,100,84.3989362087582,100,95.6292785676672,100,88.6255924170616,100,100,,,,,1.64369034767151,39.0774116516113,58.2184524536133,,,,,,647.902160644531,180.446426391602,91.6440505981445,16.88596534729,424.174926757812,96.9902191162109,78.9183959960938,471.095031738281,110.799003601074,84.4593887329102,9606,3074,6824.28515625,2183.828125,10,370,262.855041503906,7.1041898727417,122,106,,,0.753044128417969,0.8667111992836,0.93491142988205,0.88127475976944,30,0,21.3125705718994,0,7.26971769332886,21.4959927509813,357.153034881282,219.683545624833,,,,642.185051895997,395.005712872282,,,15026,248.975410062597
2011,MG,31066,Nanuque,85.8847291351078,91.6915530548943,85.8847291351078,98.6220472440945,82.6771653543307,87.7952755905512,88.7795275590551,90.3543307086614,93.8976377952756,,,,,3.05810403823853,36.1875648498535,60.5504570007324,,,,,,728.038024902344,210.448486328125,123.709579467773,16.40625,426.116546630859,93.8527603149414,86.7152938842773,472.65478515625,104.79239654541,95.3291778564453,3972,1133,5647.982421875,1611.06848144531,0,94,133.663223266602,0,32,53,,,0.753633081912994,0.455023735761642,0.727327048778534,0.494127362966537,25,0,35.5487289428711,0,8.25725936889648,17.6802965373549,309.214604846293,161.832130632911,,,,555.9885473918,290.984998191269,,,6310,197.251513784379
2011,MG,31020,Guanhães,95.9968954623466,99.7573213524415,95.7542168147881,100,100,100,100,100,100,,,,,1.88235294818878,26.2745094299316,71.1372528076172,,,,,,624.550659179688,182.42887878418,119.115325927734,8.93470764160156,352.156219482422,72.1996536254883,88.7874755859375,390.622467041016,80.5219116210938,95.6641082763672,6007,1865,6446.17822265625,2001.35217285156,0,248,266.131530761719,0,60,71,,,0.761908829212189,0.643866658210754,0.953995764255524,0.695912539958954,12,0,12.8773326873779,0,6.49446821212769,20.5372836061975,385.450137845159,237.863469175987,,,,693.065136231285,427.694431737696,,,8377,214.003766933231
2011,MG,31088,Oliveira/Santo Antônio do Amparo,96.7345625640923,100,95.210423662357,86.4716636197441,92.7787934186472,100,100,100,90.036563071298,,,,,1.55642020702362,18.6770420074463,79.280158996582,,,,,,645.427490234375,182.723770141602,114.939140319824,7.00152206420898,361.307281494141,72.9932174682617,87.9199066162109,401.404998779297,83.2399826049805,93.763069152832,5829,1577,5726.3271484375,1549.22241210938,9,213,209.248184204102,8.84147262573242,62,83,,,0.815380215644836,0.60907918214798,1.18623089790344,0.594588994979858,49,0,48.136905670166,0,13.5343294143677,23.5757757750037,389.369029934368,235.523979610213,,,,700.111566399575,423.487872975829,,,5927,125.236835728486
2011,MG,31071,Frutal / Iturama,78.1737708192873,73.3026194221789,63.7644517691712,90.3726708074534,97.0496894409938,100,94.9275362318841,100,98.7577639751553,,,,,1.16220307350159,29.2572002410889,69.2268829345703,,,,,,645.668823242188,148.860855102539,105.29182434082,17.1508903503418,410.984375,85.1686172485352,77.1458740234375,458.946075439453,96.2304840087891,84.1610107421875,8088,2486,4894.25439453125,1504.341796875,0,141,85.3226852416992,0,90,163,,,0.986354410648346,0.544612884521484,0.972739100456238,0.488336205482483,55,0,33.2818984985352,0,24.8730754852295,23.2035589084552,559.674647869079,402.107427288373,,,,1006.33246167472,723.016057099402,,,7828,103.522019625551
2011,MG,31004,Lavras,79.5641980254012,75.9389947925257,68.1201253563939,100,97.914597815293,100,94.9851042701092,99.6027805362463,98.5104270109235,,,,,1.15172755718231,23.1847763061523,75.563346862793,,,,,,645.750122070312,200.900039672852,121.11402130127,6.84444427490234,361.266326904297,91.2054672241211,92.363410949707,398.404907226562,101.442092895508,98.593994140625,9165,1981,5260.7109375,1137.09423828125,38,266,152.684020996094,21.8120040893555,105,236,,,1.35464024543762,0.602700114250183,1.60433030128479,0.582610070705414,83,7,47.6420059204102,4.01800060272217,26.0274600982666,26.7602883804807,533.615336643043,303.944075211096,,,,959.476076602623,546.511782485061,,,7918,87.6893974306705
2011,MG,31052,Janaúba/Monte Azul,100,100,100,100,96.0171077252072,100,100,100,100,,,,,1.14126300811768,26.1476039886475,72.5843276977539,,,,,,516.614135742188,101.629013061523,62.9658012390137,20.741268157959,355.445587158203,55.0075798034668,51.5809478759766,392.599853515625,60.9864273071289,55.7746353149414,15465,3236,5694.53857421875,1191.56335449219,10,180,66.2797927856445,3.68221044540405,168,149,,,0.548649370670319,0.618611335754395,0.634352803230286,0.635641574859619,82,10,30.1941261291504,3.68221044540405,2.82977867126465,18.6001776186794,331.207786092688,150.099685703895,,,,595.533758717721,269.889277254411,,,34383,289.367490710988
2011,MG,31038,Mantena,100,100,100,94.5368171021378,99.4061757719715,100,100,100,100,,,,,0.935672521591187,18.3625736236572,80.7017517089844,,,,,,706.800231933594,257.672607421875,175.620422363281,3.46232175827026,388.012634277344,109.578010559082,116.068153381348,430.345947265625,123.861473083496,126.053558349609,4231,1888,6090.57421875,2717.79809570312,0,155,223.124313354492,0,51,55,,,0.791731417179108,0.734151005744934,0.860108256340027,0.706800282001495,69,0,99.3263092041016,0,4.77198123931885,17.4473190957146,338.660143162769,200.087784274075,,,,608.933595326664,359.771222917127,,,7194,222.515412569432
2011,MG,31084,Montes Claros ,67.7288212869971,74.0143618840158,62.5083904304766,100,84.0070298769772,93.880811631251,94.2323054801086,87.8734622144112,93.4174788304841,,,,,1.0615359544754,32.1280479431152,66.4786834716797,,,,,,506.401885986328,105.162544250488,80.3461532592773,11.6933526992798,367.44287109375,61.9256019592285,74.4481964111328,408.754180908203,69.8617935180664,80.3127136230469,26132,4739,6420.8125,1164.40490722656,80,793,194.845565795898,19.656551361084,316,784,,,1.92634201049805,0.776433765888214,1.77990067005157,0.732022225856781,172,10,42.2615852355957,2.4570689201355,18.5579948425293,15.7404026896836,522.21493607862,99.393381142817,,,,938.977393648599,178.71594916878,,,28287,151.849798274423
2011,MG,31065,Itaobim,98.8753050177746,91.7926993918224,98.8753050177746,100,100,100,100,100,100,,,,,0.999091744422913,35.9673042297363,62.397819519043,,,,,,474.060699462891,90.1812133789062,51.1839332580566,35.9897155761719,284.676513671875,41.2389373779297,44.3078117370605,311.392791748047,45.9502944946289,47.0610122680664,5010,1275,6105.51220703125,1553.79797363281,0,124,151.114471435547,0,55,32,,,0.38997283577919,0.670265793800354,0.610246539115906,0.661125779151917,39,0,47.5279388427734,0,2.28621578216553,18.1837228120789,329.987634176587,161.277177083333,,,,593.339843938801,289.987154580184,,,10597,305.799035501636
2011,MG,31032,Pará de Minas,71.5946277119723,80.395473438889,68.4836981331539,99.1820040899796,97.6482617586912,100,98.8411724608044,100,100,,,,,1.46764504909515,26.8845901489258,71.4142761230469,,,,,,523.173400878906,138.98957824707,87.2725219726562,8.91438674926758,391.858001708984,89.5545806884766,84.6257934570312,435.679931640625,100.97518157959,90.9311676025391,9714,1658,4485.53076171875,765.597106933594,6,172,79.4226150512695,2.77055644989014,112,145,,,0.669551134109497,0.517170548439026,0.998901009559631,0.497661203145981,44,0,20.3174133300781,0,21.8647689819336,24.3534564588874,320.553566440815,229.926100436311,,,,576.376758967394,413.42251169731,,,5433,54.7697075747881
2011,MG,31025,Vespasiano,79.0461538461538,68.2304114490161,74.0014311270125,100,100,100,100,100,100,,,,,1.50803458690643,33.5228691101074,64.4499359130859,,,,,,503.263610839844,110.800834655762,87.674186706543,10.6310014724731,360.140960693359,62.4866256713867,78.8988189697266,400.480041503906,70.2143020629883,85.0517654418945,15735,2869,5431.31201171875,990.304077148438,0,199,68.6896133422852,0,138,257,,,0.887097060680389,0.476340055465698,1.28482377529144,0.477634459733963,130,11,44.8726119995117,3.79691338539124,25.3727016448975,23.5339193526835,378.468473887099,264.395602154512,,,,680.511637329289,475.400981954717,,,12913,100.112584769855
2011,MG,31078,Congonhas,89.5171977988222,86.6340761284547,89.5171977988222,100,100,100,100,100,100,,,,,1.01587307453156,15.8095235824585,83.1111145019531,,,,,,550.754821777344,144.306304931641,114.420387268066,7.9069766998291,378.91357421875,85.9082260131836,94.3110961914062,419.656707763672,96.2016525268555,100.03231048584,7162,1874,6115.51318359375,1600.17761230469,0,157,134.059707641602,0,77,150,,,1.28082513809204,0.657490253448486,1.58800983428955,0.622694492340088,69,4,58.9179573059082,3.41553378105164,30.9720611572266,21.2841216888125,699.081402693673,531.353484808937,,,,1256.99513380193,955.409115676619,,,4858,92.7254375829827
2011,MG,31018,Contagem,75.5889927811116,49.6060694484972,59.0895827254158,91.1837355120654,99.7149914497435,100,100,100,100,,,,,0.987158179283142,26.1291160583496,72.2023239135742,,,,,,473.391906738281,108.503646850586,89.1235885620117,8.97001266479492,358.315979003906,71.3468704223633,82.2449645996094,399.672882080078,81.1710968017578,88.254150390625,34435,4705,4250.65185546875,580.784606933594,43,370,45.6727523803711,5.30791473388672,357,648,,,0.799890398979187,0.440680354833603,1.38996386528015,0.482526481151581,232,18,28.6380500793457,2.22191762924194,38.9154090881348,26.3049440175788,459.04818553847,266.231942142324,,,,825.399350031494,478.702844112388,,,30701,84.2712373707247
2011,MG,31050,Coração de Jesus,100,100,100,62.2641509433962,100,100,100,100,94.5111492281304,,,,,2.12014126777649,41.1660766601562,56.360424041748,,,,,,556.345703125,123.39998626709,71.1118545532227,27.8195495605469,390.035064697266,68.8062057495117,64.3643035888672,429.046997070312,76.3597564697266,69.6110610961914,2677,581,5599.0126953125,1215.17614746094,0,32,66.9288024902344,0,34,25,,,0.522881269454956,0.711118519306183,0.793733775615692,0.714255809783936,0,0,0,0,1.56446075439453,17.4818624099816,419.401601209102,190.622977201609,,,,754.11213886859,342.752866561741,,,7260,340.260770127486
2011,MG,31012,Varginha,60.54580175514,56.9277976964467,54.4251181972003,100,100,100,100,100,100,,,,,1.00041687488556,18.0075035095215,80.9087142944336,,,,,,622.887939453125,168.963653564453,114.407989501953,7.05782318115234,365.005126953125,82.9554672241211,89.355224609375,407.483459472656,93.6049957275391,97.0183944702148,11077,1633,5867.1171875,864.945617675781,32,357,189.09098815918,16.9493312835693,126,288,,,1.52543985843658,0.667379975318909,1.95976650714874,0.734780013561249,144,11,76.2719955444336,5.82633304595947,36.7005996704102,24.1787117066083,517.837846804745,264.463936569782,,,,931.107094286782,475.523851805259,,,5258,57.2078283672086
2011,MG,31057,Patos de Minas,87.2286532289338,93.9319807592347,76.5628996460425,99.9310106933425,100,100,100,100,100,,,,,1.31533408164978,28.7642784118652,69.435791015625,,,,,,587.743408203125,163.639923095703,112.827529907227,2.79101419448853,360.195220947266,81.5665130615234,87.6429748535156,401.631378173828,93.1746215820312,93.4122772216797,12623,2316,5050.43212890625,926.626098632812,71,376,150.436706542969,28.4069309234619,196,313,,,1.25230550765991,0.784191370010376,1.7252209186554,0.815499007701874,161,25,64.4157180786133,10.0024404525757,13.8673839569092,22.7468313305461,522.334931839135,244.75911274098,,,,939.193154054272,440.093260217799,,,11553,99.7937887115017
2011,MG,31098,salinas,93.1290758474825,100,93.1290758474825,100,84.3117408906883,98.2793522267206,96.2550607287449,100,100,,,,,0.958466470241547,32.2683715820312,66.560173034668,,,,,,705.049499511719,147.366897583008,73.6834487915039,26.4344253540039,421.902069091797,80.8661041259766,57.9488830566406,466.602233886719,91.9268646240234,61.5570068359375,4519,1057,6528.931640625,1527.12561035156,0,50,72.2386779785156,0,50,29,,,0.418984323740005,0.72238677740097,0.799320936203003,0.763562798500061,26,0,37.5641136169434,0,4.64783668518066,17.6503523232459,401.144439955337,172.067201098933,,,,721.284541446326,309.388339662429,,,7991,271.061099238812
2011,MG,31022,Ouro Preto,100,70.7123901876445,79.1708100665494,92.6133909287257,89.9352051835853,98.0993520518359,96.9330453563715,97.4946004319654,99.9136069114471,,,,,1.84023416042328,23.2120456695557,74.7386016845703,,,,,,552.517822265625,156.308151245117,95.617073059082,12.8497409820557,368.573974609375,90.6039810180664,83.4093551635742,411.165405273438,102.62232208252,88.9487609863281,9834,2031,5630.52880859375,1162.86389160156,10,188,107.640777587891,5.72557306289673,109,246,,,1.40849101543427,0.624087512493134,1.78738081455231,0.674043118953705,47,0,26.9101943969727,0,35.5787124633789,24.8087682859835,612.207091668563,498.429027600329,,,,1100.78931028811,896.208738818039,,,7364,94.9360074044275
2011,MG,31031,Itaúna,80.0882901663324,73.4928045266228,70.4709684765567,100,94.104134762634,100,100,99.1577335375191,100,,,,,0.766283512115479,27.8160915374756,71.1877365112305,,,,,,657.181640625,166.429107666016,139.971145629883,5.84415578842163,394.575775146484,82.799072265625,102.407646179199,438.785980224609,93.5100936889648,111.251281738281,5397,1292,4606.24560546875,1102.69958496094,10,100,85.3482666015625,8.53482627868652,85,134,,,1.14366674423218,0.725460231304169,1.48612666130066,0.753411769866943,37,0,31.578857421875,0,24.0878410339355,23.834368918958,465.938820373703,290.832092930241,,,,837.789172480382,522.935561092209,,,3789,67.462828175896
2011,MG,31009,São Sebastião do Paraíso,96.9616138040262,97.4542574917684,94.0607677239195,100,98.8975356679637,100,100,100,100,,,,,0.536912739276886,13.8255033493042,85.637580871582,,,,,,694.908874511719,197.380218505859,103.583839416504,8.56807518005371,354.834716796875,80.2514190673828,73.3994293212891,398.203521728516,91.6885528564453,79.4474868774414,8041,1551,6558.40673828125,1265.02783203125,18,217,176.989700317383,14.6811742782593,97,135,,,1.10108804702759,0.791152119636536,1.73686444759369,0.904931247234344,92,11,75.037109375,8.97182846069336,20.7257385253906,22.9472076193463,483.63782169255,235.956433269662,,,,869.6131609962,424.265453588656,,,5540,91.2094170565338
2011,MG,31076,Manga,100,100,100,100,100,100,100,100,100,,,,,1.26315784454346,26.8421058654785,71.684211730957,,,,,,603.418823242188,129.914535522461,85.470085144043,24.6458930969238,426.864807128906,76.6054077148438,79.5607528686523,472.001861572266,85.6993408203125,84.4022979736328,3712,1203,6345.29931640625,2056.41015625,0,81,138.461532592773,0,27,20,,,0.341880351305008,0.461538463830948,0.485470086336136,0.488888889551163,2,0,3.41880345344543,0,0.909401714801788,16.4496845208038,331.753447304348,161.778290956522,,,,596.514894083528,290.888190850998,,,8149,341.933281040048
2011,MS,50004,Três Lagoas,84.9865187490349,95.9191995977401,76.4250335546555,97.7582065652522,90.9794502268481,100,91.9669068588204,96.9575660528423,99.5463037096344,,,,,0.951156795024872,29.0745506286621,69.8200531005859,,,,,,654.233764648438,156.119583129883,159.59748840332,2.00826930999756,458.985748291016,89.0024795532227,127.590278625488,511.056671142578,100.808952331543,139.476608276367,16810,3447,6495.9658203125,1332.0400390625,10,424,163.848266601562,3.86434602737427,188,285,,,1.10133862495422,0.726497054100037,1.0411514043808,0.752484798431396,206,4,79.6055297851562,1.54573845863342,17.185905456543,21.9486586881232,600.651773510883,369.621148067955,,,,1080.01207513672,664.603553579709,,,11553,96.4667243984426
2011,MS,50001,Campo Grande,54.0512055433359,95.1618258632916,49.2049934494405,100,91.3984069378329,100,89.7487863505679,89.0559457039167,91.7000518452185,,,,,1.45718669891357,28.2234058380127,70.2336883544922,,,,,,546.251525878906,133.224960327148,135.705596923828,1.4425003528595,381.485473632812,79.2461013793945,114.209846496582,425.317230224609,89.623664855957,123.69930267334,82433,12974,6014.31201171875,946.583068847656,136,2069,150.434646606445,9.88840675354004,805,2341,,,1.70211470127106,0.585306406021118,1.9503972530365,0.635457336902618,1028,96,74.7447204589844,6.98005151748657,19.0950183868408,22.9663143167543,633.572156603275,315.46858192716,,,,1139.20512646176,567.233616603008,,,69801,113.116809107498
2011,MS,50003,Dourados,77.9185036127917,90.7606608019171,75.1057690104549,100,94.9895937716796,100,87.9519001002081,100,100,,,,,3.33211541175842,38.3631706237793,56.792106628418,,,,,,572.515319824219,160.252014160156,143.259552001953,2.05479454994202,414.287963867188,95.7752456665039,122.606292724609,460.327484130859,108.215599060059,131.885162353516,51949,13853,6790.3193359375,1810.7431640625,35,1131,147.834442138672,4.57489442825317,484,691,,,0.903214871883392,0.632642507553101,1.02513575553894,0.661529719829559,695,55,90.8443298339844,7.18911981582642,12.7495765686035,20.4029054029122,528.212363930734,266.493702789678,,,,949.761170182188,479.173507269321,,,46085,145.650340835092
2011,MS,50002,Corumbá,66.7045085955238,84.8605254622121,61.5471942912747,96.8172043010753,100,100,96.7311827956989,100,100,,,,,2.86188292503357,56.1177940368652,40.937370300293,,,,,,575.0712890625,217.231597900391,160.356414794922,0.961538434028625,463.447265625,162.192764282227,152.294723510742,516.069641113281,183.754364013672,164.146224975586,8179,1735,6460.86279296875,1370.53393554688,7,142,112.170501708984,5.52953147888184,44,111,,,0.876825749874115,0.347570568323135,0.7599156498909,0.365936517715454,50,0,39.496654510498,0,15.4582004547119,18.6372875686912,514.220993932273,292.845431098307,,,,924.603750837999,526.555677819967,,,7258,151.249067870284
2011,MT,51002,Baixada Cuiabana,48.8639380700881,47.5311635336737,40.164918232066,100,82.4083908656399,100,73.0748805098248,100,91.1975570897504,,,,,1.09774899482727,33.1051483154297,64.5205078125,,,,,,549.311096191406,150.497634887695,124.264106750488,2.47486472129822,440.831207275391,110.437232971191,116.792510986328,492.622650146484,125.744140625,126.202194213867,54211,11222,5757.67626953125,1191.87329101562,139,1648,175.031829833984,14.7630004882812,769,1690,,,1.79492604732513,0.816744446754456,2.3392186164856,0.830232918262482,888,182,94.3132705688477,19.3299713134766,22.5394916534424,19.3098596315554,502.193182672541,179.098052900321,,,,902.97694147715,322.030281597622,,,47906,114.590276007253
2011,MT,51006,Médio Araguaia,86.3049601959584,99.5162278015922,77.2957746478873,95.4729183508488,87.712206952304,100,74.7776879547292,100,100,,,,,4.64778518676758,33.6964416503906,61.220043182373,,,,,,372.284210205078,113.916618347168,84.5566635131836,9.46372222900391,334.506439208984,98.3703384399414,82.5095291137695,369.301239013672,110.480117797852,87.1666412353516,5274,1727,6193.77587890625,2028.185546875,0,146,171.462127685547,0,45,46,,,0.540223121643066,0.528479158878326,0.659424543380737,0.52877277135849,75,0,88.0798568725586,0,3.88256025314331,22.9955333970789,573.134984870317,354.225585134486,,,,1030.53504816136,636.921301391416,,,4627,124.897422574417
2011,MT,51001,Alto Tapajós,91.6805358025438,100,91.6805358025438,97.9291917167669,96.3259853039412,79.4255177020708,60.7882431529726,100,100,,,,,3.4381856918335,22.6773948669434,73.6649627685547,,,,,,435.574188232422,119.415840148926,106.691200256348,10.3370790481567,350.576477050781,84.5933990478516,94.2983016967773,391.839050292969,95.263053894043,103.166076660156,5028,1355,4921.49853515625,1326.29895019531,0,166,162.483856201172,0,51,55,,,0.538350105285645,0.499197363853455,0.703770399093628,0.522444307804108,52,0,50.8985557556152,0,2.07411623001099,19.995954699325,420.840333720604,191.241407696006,,,,756.699076182088,343.864845966508,,,7403,163.499569668306
2011,MT,51013,Sul Matogrossense,80.2856896616496,95.029379981835,72.6749595044628,100,93.0654388167992,100,72.2757081065997,100,100,,,,,1.13708961009979,30.8036289215088,67.9698486328125,,,,,,515.000793457031,132.422698974609,96.4428939819336,5.82885503768921,401.650939941406,93.1745529174805,88.6920776367188,448.61083984375,105.539283752441,95.9955673217773,26977,4924,5743.35546875,1048.31091308594,28,725,154.351211547852,5.96115016937256,304,400,,,0.851592898368835,0.647210597991943,1.14816009998322,0.685479044914246,245,7,52.1600646972656,1.49028754234314,12.7240753173828,21.8663429983552,490.629322035005,291.456662975493,,,,882.184346375437,524.058579820177,,,24356,113.670153977364
2011,MT,51009,Norte Araguaia Karajá,98.7189043137986,100,98.7189043137986,83.0388692579505,81.9787985865724,62.1908127208481,69.9646643109541,100,89.3992932862191,,,,,2.06611561775208,53.3057861328125,41.735538482666,,,,,,305.316101074219,53.8793106079102,53.8793106079102,36.764705657959,254.406204223633,45.8224220275879,43.5591239929199,281.24755859375,51.3895416259766,47.2055740356445,1002,288,4498.92236328125,1293.10339355469,0,40,179.597702026367,0,13,9,,,0.404094815254211,0.58369255065918,0.520833313465118,0.628591954708099,0,0,0,0,1.89475572109222,20.2855797335416,776.205124190808,434.346356916579,,,,1395.6687449852,780.983809503473,,,1852,198.492555016123
2011,MT,51004,Centro Norte,83.6043244170832,97.8377914584182,77.0715802569768,98.5328185328185,92.4324324324324,100,84.015444015444,100,100,,,,,0.738552451133728,27.1787300109863,71.6395874023438,,,,,,535.077270507812,124.121238708496,92.8301696777344,17.153995513916,414.914978027344,84.3506088256836,85.8142166137695,458.501495361328,95.4216079711914,91.0643768310547,6019,1637,6278.03173828125,1707.44934082031,0,212,221.123550415039,0,60,40,,,0.417214274406433,0.62582141160965,0.629472017288208,0.630775809288025,32,0,33.377140045166,0,5.31843900680542,22.2708593041214,440.908880876808,284.389639562874,,,,792.783666646979,511.351598907944,,,6651,167.800767019999
2011,MT,51005,Garças Araguaia,90.5606266972345,97.3901714788464,90.5606266972345,100,82.9510229386237,77.4953502789833,49.4110353378797,89.8946063236206,100,,,,,9.60893821716309,37.3743019104004,52.011173248291,,,,,,551.945373535156,174.385131835938,117.627700805664,11.3263788223267,397.669372558594,105.016067504883,107.272926330566,436.597686767578,115.999786376953,113.948440551758,6534,1943,5374.68115234375,1598.25610351562,10,201,165.336837768555,8.2257137298584,64,107,,,0.880151331424713,0.526445686817169,1.04569387435913,0.519865095615387,97,0,79.789421081543,0,10.6062355041504,20.4261300830609,536.847364575969,240.523606117227,,,,965.287479063547,432.477535933432,,,7590,142.350236885354
2011,MT,51011,Oeste Matogrossense,58.7678973713782,70.9007425090461,52.9127753493449,94.8560336460692,71.3361371724361,98.7706243934002,67.4538984147525,86.9621481721126,95.1795535425429,,,,,2.23930478096008,41.1430473327637,56.2834205627441,,,,,,563.337524414062,178.364074707031,114.027473449707,7.05663871765137,407.520324707031,118.879112243652,99.0195007324219,451.650360107422,131.700164794922,106.843284606934,11299,2638,5910.0751953125,1379.83703613281,25,337,176.271820068359,13.0765447616577,109,157,,,0.821207046508789,0.57013738155365,0.965310573577881,0.57746022939682,46,0,24.0608425140381,0,8.58187484741211,18.7983433294757,293.027974334001,190.611158180904,,,,526.883902770726,342.731615171765,,,14647,180.034517204241
2011,MT,51007,Médio Norte Matogrossense,67.1325662347708,73.9194546509379,61.3309804679946,100,90.0992907801418,100,79.2340425531915,100,94.8085106382979,,,,,0.541464805603027,24.7933883666992,74.0951843261719,,,,,,435.165863037109,105.311988830566,101.136627197266,4.37100219726562,404.671447753906,93.5475845336914,108.489646911621,449.414276123047,106.653984069824,116.106742858887,12616,3179,5852.9345703125,1474.83178710938,0,350,162.37532043457,0,98,167,,,0.774762213230133,0.45465087890625,1.03212714195251,0.470192521810532,116,23,53.8158187866211,10.6703777313232,14.0301551818848,23.6412955207372,452.562876069673,298.587760374172,,,,813.738329709589,536.880770046193,,,10054,106.065768647693
2011,MT,51008,Noroeste Matogrossense,83.3415383697339,91.7352906074711,83.3415383697339,90.8505154639175,89.2611683848797,100,73.0240549828179,96.9501718213058,90.3780068728522,,,,,0.362647324800491,33.9075241088867,65.7298278808594,,,,,,353.780303955078,85.5920104980469,95.5777435302734,1.4112902879715,360.061309814453,87.8223342895508,104.223503112793,396.430389404297,98.9010696411133,111.50138092041,7577,2023,5404.42236328125,1442.93859863281,0,203,144.793151855469,0,61,56,,,0.399429380893707,0.435092717409134,0.572218239307404,0.46398001909256,87,0,62.0542068481445,0,1.30741798877716,20.3167707518699,414.368433908884,196.275061759902,,,,745.062167320773,352.915692747985,,,10133,173.723093965557
2011,MT,51012,Sudoeste Matogrossense,75.9271666008939,100,75.9271666008939,100,83.4920634920635,96.8783068783069,65.7142857142857,95.0793650793651,97.8306878306878,,,,,1.62954914569855,37.5339508056641,60.7278671264648,,,,,,462.010955810547,113.944900512695,113.054702758789,7.32177257537842,414.400848388672,101.307144165039,114.984886169434,453.798156738281,112.640975952148,122.716842651367,6984,2368,6217.11865234375,2107.98071289062,0,155,137.98014831543,0,53,52,,,0.462901145219803,0.471803098917007,0.566386282444,0.486046195030212,52,0,46.2901153564453,0,5.31980228424072,19.4532267105686,420.718643748292,285.443724250979,,,,756.480269470253,513.246913700267,,,7588,155.64026150072
2011,MT,51003,Araguaia Xingu,87.5902686185147,100,83.6726432218551,91.3793103448276,85.2586206896552,100,68.3620689655172,95.6896551724138,96.8965517241379,,,,,0.705467343330383,44.0035285949707,55.202823638916,,,,,,387.854736328125,99.1602783203125,90.3739242553711,13.5922327041626,357.801452636719,93.0231018066406,93.6803512573242,401.4482421875,105.894218444824,101.552017211914,4715,1319,5918.23681640625,1655.60009765625,0,107,134.305694580078,0,39,23,,,0.288694471120834,0.489525407552719,0.461283564567566,0.495801389217377,7,0,8.78635311126709,0,1.51752877235413,20.1283371064817,431.401861193474,224.793774500366,,,,775.689409193035,404.194246288288,,,6395,192.876162592797
2011,MT,51014,Teles Pires,80.6695287309558,76.0758548241166,70.892866901866,100,100,100,96.4507370054306,100,100,,,,,0.386411219835281,25.6158428192139,73.7884368896484,,,,,,354.971618652344,61.9471588134766,68.862190246582,3.65259742736816,383.204406738281,74.4778594970703,77.4992599487305,429.189483642578,83.9696731567383,84.7033386230469,15240,2065,4391.044921875,594.980834960938,22,292,84.1328811645508,6.33877897262573,215,296,,,0.852853894233704,0.619471549987793,1.04784333705902,0.650157034397125,207,4,59.642147064209,1.15250527858734,12.1038980484009,22.7774493748544,431.351666872755,312.148163369252,,,,775.599156446151,561.263281884627,,,10374,61.5795821604841
2011,MT,51010,Norte Matogrossense,77.1016884226655,100,68.2617791790671,98.2383419689119,90.2590673575129,100,80.5181347150259,96.8911917098446,90.9844559585492,,,,,1.09343934059143,42.5447311401367,56.2624244689941,,,,,,527.369934082031,97.9813003540039,66.2814636230469,46.174861907959,387.175506591797,67.588623046875,59.3787002563477,431.425384521484,75.5460052490234,64.0104598999023,3843,1243,5537.38427734375,1791.04052734375,0,139,200.285293579102,0,50,59,,,0.850131869316101,0.720450699329376,1.16352784633636,0.785291254520416,53,18,76.3677749633789,25.9362258911133,1.94521689414978,18.9097910838603,389.156118590831,229.751268488343,,,,699.728737559147,413.108152157803,,,3512,109.588836950585
2011,MT,51015,Vale do Peixoto,84.2400208713801,100,84.2400208713801,98.0994152046784,98.6111111111111,88.0116959064327,60.7456140350877,100,100,,,,,1.47167038917542,36.4238395690918,62.1044883728027,,,,,,416.498168945312,120.29923248291,80.8734359741211,7.03883504867554,349.622100830078,92.9399108886719,69.4119415283203,387.921417236328,104.136627197266,75.8154830932617,5376,1237,5434.69482421875,1250.50549316406,0,165,166.801452636719,0,43,40,,,0.404367178678513,0.434694707393646,0.645976543426514,0.470076829195023,47,0,47.5131416320801,0,1.24646174907684,23.5862685890018,412.778598639174,202.537209376874,,,,742.203537138549,364.175453129756,,,6512,163.31078988345
2011,MT,51016,Vale dos Arinos,75.8459968028351,100,70.0679879047014,100,95.1749095295537,100,96.6224366706876,100,100,,,,,0.508259236812592,41.0419311523438,57.433292388916,,,,,,475.367340087891,124.008865356445,93.9461135864258,8.30039501190186,405.417327880859,97.368766784668,92.1965408325195,453.334899902344,110.794593811035,100.818145751953,3140,948,5899.81591796875,1781.21826171875,3,111,208.560363769531,5.63676691055298,24,25,,,0.4697305560112,0.450941354036331,0.734658598899841,0.565555572509766,33,0,62.0044326782227,0,2.64364361763,22.3647921885924,485.307052240958,265.559915014709,,,,872.614549201432,477.494494375232,,,2494,104.619608303473
2011,PA,15011,Tocantins,45.3722872497237,98.2800788564822,41.9037878451,100,77.9775463716238,58.9733159778718,48.7878294825903,98.0393752033843,100,,,,,4.33159065246582,57.2981491088867,36.9512901306152,,,,,,336.567626953125,90.7117767333984,85.4875411987305,11.5710258483887,303.267791748047,75.9181289672852,83.0707168579102,336.908142089844,85.6514892578125,89.190544128418,44545,13229,7051.9306640625,2094.28637695312,0,787,124.590171813965,0,167,209,,,0.330868452787399,0.264378130435944,0.417385011911392,0.303401619195938,97,0,15.3560953140259,0,4.16466808319092,16.2545621312575,224.825311119889,82.3242284492249,,,,404.250951240136,148.024470620939,,,77926,310.77570722394
2011,PA,15003,Carajás,48.805601429278,83.2338226430292,38.6455103965922,100,64.7423843550207,57.5153566503698,45.1736241694873,100,100,,,,,2.57505178451538,60.0025863647461,37.0082817077637,,,,,,432.421356201172,99.6499938964844,88.2466125488281,9.31974792480469,431.327789306641,106.454208374023,99.4809494018555,479.947723388672,119.635238647461,106.924812316895,47510,13847,6156.529296875,1794.34777832031,28,1010,130.879699707031,3.6283483505249,373,386,,,0.50019371509552,0.483347833156586,0.590805232524872,0.491187661886215,355,1,46.0022735595703,0.129583865404129,14.6099328994751,22.1992005431115,430.497290924701,266.279368295811,,,,774.062931329873,478.788119509385,,,65783,212.8912487224
2011,PA,15007,Metropolitana II,66.4412088299382,100,64.8120282317752,100,85.0592281238059,68.9338937714941,61.367978601452,100,100,,,,,2.56829714775085,66.7102890014648,29.7562580108643,,,,,,386.262542724609,97.00927734375,71.2781600952148,22.6646251678467,342.565002441406,83.3485488891602,74.2558746337891,381.462554931641,94.385871887207,79.7112503051758,24337,10149,7197.91064453125,3001.66796875,0,482,142.55632019043,0,96,70,,,0.20703199505806,0.283929586410522,0.396318376064301,0.342711895704269,44,0,13.0134391784668,0,1.90735614299774,16.2190993369356,216.054263585568,78.2805517957509,,,,388.480020950036,140.75366945744,,,42213,307.069125747909
2011,PA,15013,Marajó I,31.0757765388554,95.0615352523988,31.0757765388554,100,72.2013758599124,62.9768605378361,39.5247029393371,95.0281425891182,99.4684177611007,,,,,8.22695064544678,62.7234039306641,27.5744686126709,,,,,,265.346313476562,77.5066528320312,70.2119140625,14.4329900741577,248.386779785156,73.0580978393555,72.6828842163086,273.552703857422,81.3541717529297,77.8230209350586,10580,3785,4823.6494140625,1725.66296386719,0,237,108.053398132324,0,49,31,,,0.141335666179657,0.223401546478271,0.185104131698608,0.261698931455612,0,0,0,0,0.647408545017242,17.4779505912921,206.761513877676,94.0865752623813,,,,371.771035247583,169.173957146054,,,26812,305.962238991938
2011,PA,15001,Araguaia,59.0111072815811,100,59.0111072815811,100,75.5494505494506,68.956043956044,52.2893772893773,100,100,,,,,1.82429814338684,62.4401588439941,35.140380859375,,,,,,361.271667480469,78.3261260986328,77.9213409423828,12.2689075469971,367.500671386719,81.0459671020508,86.3878555297852,408.025451660156,91.7196044921875,93.6819534301758,36023,12614,7290.806640625,2552.98657226562,24,911,184.380111694336,4.85743427276611,174,170,,,0.344068259000778,0.352164000272751,0.497381031513214,0.40579816699028,349,5,70.6351928710938,1.01196551322937,3.81146669387817,16.9870936550046,313.778397380455,115.896419458296,,,,564.194551706918,208.38951618912,,,40360,195.827499040869
2011,PA,15002,Baixo Amazonas,33.6820047944698,91.9527499871882,31.7901252142422,100,66.6893316107976,63.4323791391854,41.6672332902699,97.7629700142789,100,,,,,2.97778367996216,55.6879005432129,40.8525161743164,,,,,,376.023986816406,90.5216903686523,74.613525390625,20.5166606903076,317.672790527344,75.7388916015625,73.6267318725586,352.257690429688,85.6865463256836,78.8459777832031,42965,11088,6048.62255859375,1560.97119140625,28,998,137.547027587891,3.8590350151062,286,209,,,0.288049399852753,0.394172847270966,0.459018439054489,0.483585327863693,205,0,28.2536487579346,0,4.3848819732666,19.0972304416509,260.377442104242,109.839087801316,,,,468.176061350958,197.498028606543,,,80111,278.690918253157
2011,PA,15012,Xingu,48.4400784833483,92.3358541561091,48.4400784833483,100,70.2497846683893,69.7846683893195,43.8415159345392,100,100,,,,,3.47041463851929,65.226448059082,30.4355373382568,,,,,,378.840057373047,77.6465606689453,83.9083786010742,7.60330581665039,375.500579833984,78.0896224975586,90.4317855834961,416.865051269531,88.2998275756836,96.8612670898438,30676,10936,9604.3779296875,3423.96264648438,20,569,178.14875793457,6.26181936264038,128,92,,,0.288043677806854,0.400756418704987,0.386823892593384,0.450381338596344,48,0,15.0283660888672,0,1.54980027675629,15.4785494765981,292.283464966072,106.353611788026,,,,525.545225116093,191.230909540283,,,33247,263.657657684439
2011,PA,15014,Marajó II,42.4886081268066,93.2858581394843,42.4886081268066,100,60.5991902834008,46.2672064777328,35.7894736842105,100,100,,,,,17.9353828430176,64.7281341552734,16.1702136993408,,,,,,258.741668701172,50.1464347839355,58.5041732788086,28.2637958526611,266.21337890625,59.0848007202148,59.5774002075195,293.168548583984,66.6472015380859,62.9501152038574,15027,2976,5232.9892578125,1036.35961914062,0,256,89.1492156982422,0,95,52,,,0.181084349751472,0.330827176570892,0.387938380241394,0.356945097446442,22,17,7.6612606048584,5.92006540298462,0.552655518054962,17.8934007191166,226.692216967526,82.6692629457243,,,,407.607772858768,148.644865730038,,,32725,316.621555458186
2011,PA,15006,Metropolitana I,54.9526369982232,50.4961523528251,34.4489886247519,100,77.3051661880527,69.6397600295698,55.1420204145461,97.6514742259248,100,,,,,1.99386954307556,41.2406959533691,56.6515846252441,,,,,,536.3330078125,147.324432373047,115.792167663574,5.86155080795288,417.047546386719,101.516128540039,110.946304321289,464.652313232422,115.09375,118.39949798584,129677,30979,6148.88623046875,1468.92932128906,210,3599,170.653564453125,9.95755672454834,1280,3000,,,1.4225081205368,0.606936812400818,1.5656361579895,0.650335192680359,2699,392,127.978317260742,18.5874404907227,22.7003860473633,17.9746432510044,324.991021559965,123.761261638515,,,,584.355600157766,222.53102862324,,,138533,155.376409341965
2011,PA,15009,Rio Caetés,75.1975627579535,100,75.1975627579535,100,63.9612730456278,45.9367597074879,31.0433618292306,100,100,,,,,8.90325260162354,62.979564666748,27.6376152038574,,,,,,379.3779296875,91.3133010864258,79.3769226074219,28.054536819458,321.224426269531,78.6600112915039,75.7439727783203,356.989593505859,88.4951553344727,81.2164154052734,39724,9891,7902.6787109375,1967.71203613281,40,849,168.899765014648,7.95758628845215,164,153,,,0.304377675056458,0.326261043548584,0.548178195953369,0.429212301969528,399,0,79.3769226074219,0,1.55511128902435,16.7823876393504,233.255080218323,82.1278500811506,,,,419.408240069414,147.671369176526,,,67097,336.684753974051
2011,PA,15008,Metropolitana III,65.4529138653963,97.2425703598083,63.2882106579493,100,75.9156419410287,61.3843712812376,43.527700647891,100,100,,,,,2.22070384025574,54.2125053405762,43.2456436157227,,,,,,388.816864013672,97.3504791259766,80.2673416137695,19.4101715087891,342.914642333984,83.3208541870117,81.9880294799805,381.227020263672,94.0399627685547,87.845085144043,57679,17723,6748.89208984375,2073.72900390625,6,1241,145.206665039062,0.702046692371368,284,264,,,0.308900535106659,0.332302093505859,0.521532952785492,0.378490924835205,265,4,31.0070629119873,0.468031138181686,3.41452121734619,18.3724761099708,268.255422088909,98.3753956870388,,,,482.341196436455,176.885543211385,,,104694,296.44489155045
2011,PA,15010,Tapajós,44.971865738244,98.2088569233192,41.1633600755974,100,60.385032537961,66.8926247288503,49.3763557483731,100,100,,,,,3.42601776123047,67.9990081787109,27.7060585021973,,,,,,390.545196533203,100.770874023438,78.4805450439453,19.3816890716553,399.820892333984,107.101455688477,82.6752166748047,443.681060791016,121.675415039062,90.0599594116211,13404,4098,6224.5751953125,1903.037109375,0,255,118.417388916016,0,80,36,,,0.167177483439445,0.371505528688431,0.292560607194901,0.463337033987045,314,0,145.81591796875,0,1.01049506664276,16.6607435751404,279.01137303764,105.464352498107,,,,501.681115864826,189.631961841475,,,22086,275.739655244869
2011,PA,15004,Lago de Tucuruí,34.4292903821184,90.7716410382977,32.3931495530684,100,60.6714628297362,45.3742269342421,33.7624637132399,88.1989145525685,100,,,,,2.37558054924011,67.7239532470703,28.5600528717041,,,,,,365.702117919922,78.3647384643555,82.1688537597656,9.15395259857178,386.948516845703,86.7093124389648,94.5228424072266,429.357727050781,97.7024841308594,101.85945892334,21337,5858,5411.224609375,1485.63317871094,7,568,144.049102783203,1.77525293827057,109,99,,,0.251071482896805,0.276432245969772,0.380157738924026,0.289049237966537,142,17,36.0122756958008,4.31132888793945,2.08085012435913,18.3530147316721,260.797226850301,120.377280381363,,,,468.930862409901,216.446403918983,,,40692,267.314467563637
2011,PB,25011,11ª Região,95.2352730550308,100,95.2352730550308,100,100,100,100,100,100,,,,,1.96560192108154,34.8894348144531,62.8173637390137,,,,,,528.742858886719,176.247619628906,114.681671142578,10.9589042663574,297.279052734375,66.2663192749023,95.3483352661133,326.272552490234,73.1202011108398,101.802757263184,3994,1625,4821.458984375,1961.66015625,0,111,133.996475219727,0,64,44,,,0.531157195568085,0.772592306137085,0.619582831859589,0.765952825546265,4,0,4.82870197296143,0,0.845022797584534,19.3996703112122,363.681394934219,147.584830197959,,,,653.923480048468,265.367398799347,,,12514,376.275898790759
2011,PB,25007,7ª Região,94.2885792047803,98.9986425740616,94.2885792047803,71.3606911447084,79.2224622030238,94.4708423326134,92.0950323974082,97.451403887689,100,,,,,2.99644494056702,43.3722686767578,53.2249870300293,,,,,,559.905151367188,190.876754760742,113.186569213867,17.4641151428223,310.0810546875,86.6112213134766,83.7347869873047,344.277954101562,96.6806488037109,90.4025421142578,7025,1998,4704.94482421875,1338.14660644531,0,334,223.69416809082,0,114,90,,,0.60276871919632,0.763507068157196,0.811058819293976,0.79364550113678,2,0,1.33948600292206,0,1.10574567317963,19.0980307638951,452.088379698812,188.631893649396,,,,812.885153488792,339.172765122222,,,24264,385.632647351498
2011,PB,25003,3ª Região,100,98.7176629194399,99.633238856512,51.0605594835536,90.9314478942515,100,82.108822625269,100,94.6818321549339,,,,,2.72020721435547,38.1152839660645,58.3873062133789,,,,,,723.441772460938,243.396133422852,133.374847412109,12.1951217651367,374.622528076172,84.1863784790039,91.2126007080078,414.518341064453,95.3731918334961,98.4516525268555,11688,3206,6065.701171875,1663.81237792969,0,304,157.766357421875,0,105,95,,,0.493019878864288,0.544916689395905,0.699828743934631,0.608230829238892,17,4,8.82246112823486,2.07587313652039,2.37116622924805,18.4114276427029,322.202480793532,137.45496312041,,,,579.341617293528,247.153220059251,,,28428,333.72563124381
2011,PB,25002,2ª Região,100,99.068787111129,100,86.3112078346028,78.8900979325354,72.6006528835691,70.8596300326442,95.9521218715996,98.215451577802,,,,,1.64628410339355,31.726245880127,65.6161804199219,,,,,,691.407653808594,277.744934082031,139.529083251953,8.8319091796875,361.412384033203,105.025856018066,93.2159729003906,404.165649414062,120.453216552734,101.345916748047,14337,3573,4706.890625,1173.02917480469,6,393,129.023361206055,1.96982228755951,199,207,,,0.679588675498962,0.65332442522049,0.864177465438843,0.660875380039215,90,0,29.5473346710205,0,2.20061993598938,17.6545281005684,323.02052758195,142.175997764937,,,,580.812520150192,255.641956209025,,,45140,339.731989702389
2011,PB,25015,15ª Região,98.904577277408,98.5071841761523,98.904577277408,44.9826989619377,86.6782006920415,76.6868512110727,75.3892733564014,100,100,,,,,2.50530791282654,34.8195343017578,62.4203834533691,,,,,,565.68408203125,190.808807373047,97.0899963378906,12.038140296936,296.534393310547,69.5400543212891,75.8354721069336,330.115020751953,80.6638336181641,81.2535781860352,5943,825,4006.98510742188,556.244750976562,0,154,103.832359313965,0,71,72,,,0.485449999570847,0.478707611560822,0.605295479297638,0.494889289140701,0,0,0,0,1.29318487644196,17.0451007234773,317.473407579902,143.742313654433,,,,570.838427258688,258.458296972071,,,21554,344.726398995187
2011,PB,25001,1ª Região Mata Atlântica,89.9210425179607,99.8175963589912,85.8945389073105,100,84.7361874157769,79.8693894474966,80.2840261221105,100,100,,,,,2.29334425926208,38.1153793334961,54.3981246948242,,,,,,633.336791992188,164.773880004883,123.805290222168,3.12459659576416,436.477661132812,94.7253341674805,105.669868469238,487.694396972656,108.085052490234,114.329193115234,77334,16318,6323.88232421875,1334.38220214844,178,2503,204.679412841797,14.5557079315186,1341,2279,,,1.8636212348938,1.09658443927765,2.01543402671814,1.06685972213745,889,112,72.6967620849609,9.15864753723145,17.8882293701172,18.8841314910359,485.853670286062,180.367523789961,,,,873.597405017787,324.312875190633,,,116997,226.799345629003
2011,PB,25005,5ª Região,100,100,100,82.6993865030675,77.6073619631902,88.2208588957055,90.7361963190184,89.5705521472393,84.9693251533742,,,,,1.22107970714569,33.4832916259766,64.8457565307617,,,,,,735.955505371094,258.038726806641,130.836532592773,14.320987701416,324.799163818359,87.2647552490234,87.4126434326172,359.936737060547,98.8044815063477,94.3003234863281,7485,2084,6800.77392578125,1893.49548339844,0,141,128.110778808594,0,59,54,,,0.490637004375458,0.536066353321075,0.711877942085266,0.627379357814789,0,0,0,0,1.82444286346436,18.1116304212626,472.136700356994,224.707639575316,,,,848.933375356994,404.039369930227,,,17681,360.524789651358
2011,PB,25010,10ª Região,100,100,100,90.5292479108635,88.6908077994429,68.6350974930362,78.4958217270195,100,100,,,,,0.919681191444397,33.2311477661133,65.4199905395508,,,,,,656.472290039062,161.284698486328,120.309669494629,8.10092926025391,336.004089355469,60.3812561035156,79.0444946289062,374.736175537109,67.9231719970703,84.7092437744141,3750,1094,3269.28442382812,953.759216308594,14,231,201.387924194336,12.2053289413452,105,83,,,0.723601639270782,0.915399610996246,1.2410204410553,0.849795997142792,86,2,74.9755859375,1.74361836910248,4.00596332550049,16.6682698305117,412.606991789091,133.216915005992,,,,741.894976540812,239.532926004631,,,17001,342.505676615939
2011,PB,25006,6ª Região,99.46069917613,99.7702070808283,99.46069917613,99.475138121547,80.6077348066298,89.7790055248619,89.4475138121547,93.4254143646409,92.4585635359116,,,,,2.21565723419189,34.4756278991699,62.8360404968262,,,,,,622.430114746094,188.641525268555,119.965576171875,8.65921783447266,374.117248535156,86.3438568115234,97.6188201904297,415.584991455078,97.6855850219727,104.819793701172,9581,1976,4164.45703125,858.883972167969,6,448,194.72673034668,2.60794734954834,265,140,,,0.608521044254303,1.15184342861176,1.08936131000519,0.976241588592529,42,0,18.2556304931641,0,2.97132134437561,19.0020718459586,410.768260128026,179.405528296454,,,,738.588813994619,322.583142931386,,,31996,328.59531612806
2011,PB,25016,16ª Região,98.2581901935838,95.6777169201899,88.1919118399435,100,81.8255625144978,79.1811644630016,84.5859429366736,98.7125956854558,95.4882857805614,,,,,6.45785474777222,38.759220123291,54.1056976318359,,,,,,659.96630859375,218.226852416992,126.103401184082,7.7803201675415,396.842681884766,99.2056655883789,100.223213195801,440.595001220703,112.193367004395,107.050048828125,30679,6495,5791.50634765625,1226.11022949219,128,1709,322.620849609375,24.1635265350342,373,817,,,1.54231262207031,0.704140245914459,1.67974269390106,0.651848912239075,378,30,71.3579177856445,5.66332674026489,15.3615846633911,18.4475736633446,445.153931794636,123.841963834849,,,,800.416552210649,222.676136571597,,,54172,236.285435439457
2011,PB,25014,14ª Região,100,100,100,55.350236355823,93.6398796733992,87.795444778685,93.2101418134938,100,100,,,,,1.34037363529205,43.2168960571289,51.0966682434082,,,,,,563.680053710938,194.301406860352,118.091316223145,6.09013414382935,358.947479248047,95.2708740234375,90.0297317504883,397.695831298828,106.861183166504,96.404426574707,8631,1997,5925.849609375,1371.09509277344,0,141,96.8074188232422,0,83,70,,,0.480604201555252,0.569859266281128,0.622039139270782,0.573292136192322,1,0,0.686577439308167,0,1.74665296077728,18.1921418141603,300.010689785333,149.776681858534,,,,539.439292327977,269.30849473001,,,21397,342.368369991382
2011,PB,25004,4ª Região,99.2806696311797,100,99.2806696311797,75.1367781155015,90.516717325228,94.7112462006079,88.0243161094225,100,98.6626139817629,,,,,1.12211215496063,30.561056137085,68.1848220825195,,,,,,620.67578125,185.289978027344,102.228958129883,14.5588235855103,304.390197753906,63.0570182800293,73.1027374267578,336.902954101562,70.4366760253906,78.7120742797852,6438,1909,5876.33935546875,1742.4560546875,0,306,279.304107666016,0,67,63,,,0.575037896633148,0.611548244953156,0.764435291290283,0.622044920921326,8,0,7.30206823348999,0,1.05241060256958,20.1616820547874,382.301969854663,192.867812232837,,,,687.404519557466,346.789230137668,,,17774,363.530139740209
2011,PB,25008,8ª Região,100,100,100,100,88.1586737714624,83.7773830669035,99.7631734754293,95.9739490822972,100,,,,,1.70603668689728,35.2362213134766,62.2703399658203,,,,,,529.6201171875,145.557861328125,109.606819152832,3.47682118415833,316.014129638672,55.2155952453613,81.6664733886719,350.067413330078,61.6970748901367,89.1154861450195,7572,2825,6639.54248046875,2477.11401367188,0,197,172.740341186523,0,93,63,,,0.552418351173401,0.81547474861145,0.750368297100067,0.726473987102509,0,0,0,0,1.8817298412323,25.5236135858234,417.769360264853,217.901653548928,,,,751.17726044641,391.801751703037,,,16689,343.019542947139
2011,PB,25009,9ª Região,98.0675235606146,100,98.0675235606146,100,79.1914893617021,84.8510638297872,82.5106382978723,97.2765957446808,97.2340425531915,,,,,1.88225865364075,35.7228660583496,61.954345703125,,,,,,624.76025390625,176.676391601562,126.114395141602,8,332.146636962891,61.4597015380859,91.0788955688477,365.811279296875,68.9030838012695,97.8417739868164,9116,3058,5297.96728515625,1777.22497558594,7,376,218.520797729492,4.06820631027222,154,136,,,0.790394365787506,0.895005404949188,0.873356759548187,0.820470035076141,14,0,8.13641262054443,0,2.07885336875916,17.2649756850404,371.662325194294,153.980240498531,,,,668.273726616998,276.866774402117,,,25879,357.278650618245
2011,PB,25013,13ª Região,100,100,100,94.9152542372881,92.0096852300242,89.4673123486683,67.6755447941889,100,96.9733656174334,,,,,0.705052852630615,18.2138652801514,80.846061706543,,,,,,612.606018066406,206.984039306641,163.584167480469,5.44959115982056,309.031127929688,73.1254043579102,107.657905578613,341.045043945312,81.9011764526367,117.612373352051,3112,864,5194.6318359375,1442.21142578125,0,77,128.530410766602,0,33,35,,,0.584229171276093,0.550844609737396,0.719019174575806,0.55919075012207,0,0,0,0,18.7454090118408,20.3500348663574,411.268288010625,191.172082006573,,,,739.487897581696,343.740193738701,,,9004,352.803609205041
2011,PB,25012,12ª Região,100,100,100,51.2402813772677,78.4154017030729,72.3805997778601,77.4157719363199,99.4446501295816,98.2599037393558,,,,,3.38183259963989,42.4695243835449,52.0251655578613,,,,,,674.190979003906,221.46223449707,103.233695983887,12.4037637710571,372.861206054688,96.3540878295898,76.4604797363281,413.082580566406,107.733551025391,81.1291961669922,9254,2784,5337.0087890625,1605.60119628906,0,342,197.239791870117,0,99,86,,,0.495983123779297,0.57095730304718,0.730133295059204,0.628629744052887,0,0,0,0,2.18982315063477,18.5055976485255,330.172529158379,151.79233349418,,,,593.672297486387,272.93277122726,,,27313,361.790819999329
2011,PE,26010,Recife,62.0855172117376,73.7565932085315,56.359144352028,100,90.8521129205875,100,92.6368971144831,100,100,,,,,1.69765985012054,42.0201263427734,53.4109916687012,,,,,,638.158203125,154.515319824219,144.181167602539,1.55319392681122,426.133758544922,87.8305435180664,114.81086730957,478.094360351562,99.9463348388672,125.310722351074,240073,34529,5963.81884765625,857.758728027344,545,8272,205.490463256836,13.5387210845947,3558,7796,,,1.93665814399719,0.88386732339859,2.14747714996338,0.955299615859985,2949,687,73.2581405639648,17.0662403106689,29.2247581481934,16.2831271569214,327.288903777722,169.158035077303,,,,588.487346124175,304.157464518961,,,390276,221.796655956031
2011,PE,26001,Afogados da Ingazeira,93.1590883947339,100,93.1590883947339,100,91.2054329371817,100,84.8556876061121,99.2529711375212,98.3701188455009,,,,,1.61734342575073,33.4824485778809,64.7625579833984,,,,,,689.361511230469,236.075332641602,172.475128173828,4.6129789352417,359.220306396484,91.5419006347656,112.204216003418,399.184509277344,103.296859741211,121.756843566895,16421,5418,8850.6689453125,2920.21948242188,0,360,194.034515380859,0,97,129,,,0.695290327072144,0.522815227508545,0.926784336566925,0.536559343338013,85,4,45.8137054443359,2.15593910217285,1.29032957553864,16.8696777338046,326.852761987189,147.934554470182,,,,587.703134004906,265.996226438965,,,30304,385.61635862313
2011,PE,26009,Petrolina,58.4806527525057,98.6407123780517,54.7195506000511,100,84.9145196243679,100,97.2549963881531,100,100,,,,,0.838222980499268,41.2764930725098,56.783618927002,,,,,,448.839782714844,82.8559112548828,86.6220932006836,18.3119449615479,364.187713623047,60.358226776123,80.5787887573242,404.204315185547,68.402587890625,86.2092056274414,23974,3750,5311.197265625,830.774536132812,64,540,119.631538391113,14.1785526275635,266,450,,,0.996929466724396,0.589296102523804,1.05436372756958,0.63498866558075,223,29,49.403392791748,6.4246563911438,14.4563636779785,18.1898173340893,317.788240691077,115.253869882158,,,,571.404518256363,207.234169061703,,,54935,299.153525651661
2011,PE,26003,Caruaru,62.2655096502611,89.8405840178047,60.8639442466948,85.0996056224087,93.9023157043179,100,97.6185660835272,100,100,,,,,1.55237996578217,42.1609954833984,55.628662109375,,,,,,675.355163574219,209.332015991211,140.751007080078,6.98937129974365,419.284240722656,101.34260559082,110.835983276367,467.349517822266,115.003433227539,120.205963134766,57774,9188,4507.62109375,716.862670898438,26,1651,128.813690185547,2.02856206893921,607,823,,,0.642117917537689,0.473591238260269,0.803018033504486,0.506516396999359,161,14,12.5614814758301,1.09230268001556,7.26123809814453,18.8524697735806,268.564410362336,124.46048434736,,,,482.896778024812,223.788277834956,,,175916,325.390125348104
2011,PE,26008,Palmares,88.6325566832781,99.9754742087823,88.6325566832781,100,82.3583273985146,93.4988299928782,85.1968664157086,100,100,,,,,3.2497386932373,53.427375793457,42.3197479248047,,,,,,623.177673339844,221.296493530273,136.156463623047,4.14746522903442,483.018585205078,146.536376953125,127.149963378906,537.454528808594,165.281295776367,137.078735351562,35925,7403,6068.7607421875,1250.57861328125,0,1042,176.023620605469,0,203,259,,,0.437525123357773,0.342925101518631,0.636058509349823,0.394363880157471,61,31,10.3046455383301,5.23678731918335,3.12754440307617,16.8852368636835,281.676570343795,129.941429694207,,,,506.47331893524,233.643384269021,,,87749,356.765179593239
2011,PE,26004,Garanhuns,87.9797920803644,98.9773390959,87.2205349842308,100,88.6421589460264,100,94.3688907777306,100,100,,,,,1.57108330726624,38.2992744445801,58.8881568908691,,,,,,653.842590332031,197.915817260742,130.806427001953,13.9170770645142,407.695861816406,99.6032028198242,100.104148864746,453.801208496094,112.536582946777,108.733612060547,24752,3449,4692.34912109375,653.842590332031,2,676,128.152389526367,0.379149079322815,210,284,,,0.538391709327698,0.398106515407562,0.709435343742371,0.448059409856796,65,14,12.3223447799683,2.65404343605042,4.47244262695312,18.1528759238615,277.621230727198,131.731653047898,,,,499.18154698374,236.862325633127,,,77938,361.573976952988
2011,PE,26005,Goiana,91.1453361826091,99.3866570663249,91.1453361826091,77.4349667271627,95.5232909860859,100,96.4307320024198,100,100,,,,,2.43390679359436,45.5937881469727,50.8392791748047,,,,,,658.534851074219,229.391784667969,145.302947998047,4.15851259231567,434.076599121094,115.292488098145,119.217964172363,482.176818847656,129.979339599609,128.580429077148,16980,2617,5470.607421875,843.143676757812,0,418,134.671020507812,0,156,250,,,0.805448710918427,0.502600014209747,0.771861493587494,0.490196079015732,49,0,15.7867946624756,0,4.17802333831787,19.9783851203586,299.263728080149,152.213162225847,,,,538.096205206885,273.689449442174,,,44091,326.87346205635
2011,PE,26007,Ouricuri,92.6158857582061,100,91.517876205523,98.7690938751298,79.7122942310544,100,86.1337683523654,100,94.3348657867418,,,,,1.13846158981323,42.7230758666992,55.707691192627,,,,,,521.876525878906,151.474365234375,105.913711547852,8.95691585540771,363.692077636719,76.208381652832,92.0121154785156,402.887298583984,85.1372756958008,98.3288803100586,21835,5360,6459.84912109375,1585.74719238281,0,540,159.758117675781,0,186,175,,,0.51773464679718,0.550277948379517,0.622021198272705,0.554863631725311,57,0,16.8633556365967,0,1.93070638179779,17.1417838162214,263.076421075896,120.329171672338,,,,473.029006116089,216.359901241463,,,56032,415.113548510872
2011,PE,26002,Arcoverde,84.6535041635956,96.7415225220987,84.6535041635956,97.4410871765216,80.4828682955038,100,86.7572647101345,100,100,,,,,2.31749701499939,37.5869064331055,59.6900329589844,,,,,,559.642517089844,144.399398803711,108.236328125,16.7645721435547,375.584899902344,77.7877731323242,88.6386871337891,416.725006103516,87.6014785766602,95.5414581298828,21467,5208,5428.76025390625,1317.0439453125,6,693,175.251815795898,1.5173317193985,186,186,,,0.470372825860977,0.470372825860977,0.71320915222168,0.54029655456543,114,9,28.8293018341064,2.27599763870239,2.95576214790344,20.5619948972095,292.734738937126,158.941530787754,,,,526.35664590835,285.787506275261,,,59012,366.595231180262
2011,PE,26011,Salgueiro,94.3180097895746,100,94.3180097895746,100,96.2881293642043,100,91.2532157295112,100,95.4428518926865,,,,,0.682593882083893,40.8418655395508,57.830867767334,,,,,,555.188537597656,138.445755004883,111.740478515625,9.49367046356201,356.061187744141,61.7071723937988,87.7343292236328,391.63134765625,68.2993927001953,93.7617111206055,10898,2745,7658.791015625,1929.1044921875,0,373,262.133331298828,0,73,106,,,0.744936525821686,0.513022363185883,1.00970530509949,0.577325820922852,72,0,50.5994644165039,0,2.3135199546814,18.1092082831182,295.020486232611,162.903726659974,,,,530.466572472632,292.911799542627,,,20822,366.87083910891
2011,PE,26012,Serra Talhada,78.157397522769,100,75.4371781185372,100,100,100,100,100,100,,,,,3.02308964729309,46.2270889282227,50.5593910217285,,,,,,643.993041992188,184.1220703125,154.158813476562,6.06877946853638,392.382781982422,89.8602523803711,112.498115539551,438.031646728516,102.122703552246,121.596160888672,20405,6146,8860.875,2668.90161132812,6,565,245.351348876953,2.60550117492676,107,99,,,0.4299076795578,0.464647680521011,0.805751204490662,0.49222257733345,160,12,69.4800262451172,5.21100234985352,2.53819227218628,16.9642599837241,311.456389216984,154.347720886655,,,,560.019425675979,277.52752872609,,,34414,359.428922157501
2011,PE,26006,Limoeiro,94.6676060466406,99.8131834563179,94.1378804974476,80.6348115045262,88.804858485161,100,89.2975822161109,100,100,,,,,1.45348834991455,42.6841087341309,55.1598854064941,,,,,,660.997375488281,210.020492553711,157.257568359375,2.99011969566345,415.757476806641,102.02375793457,118.954963684082,462.6435546875,115.376411437988,129.877532958984,31001,5157,5328.02392578125,886.31396484375,10,991,170.319396972656,1.71866190433502,266,337,,,0.57918906211853,0.457164078950882,0.729529023170471,0.474436640739441,21,0,3.60918998718262,0,2.66031670570374,19.4231845190323,283.723252077601,133.656276443792,,,,510.153389625038,240.322927265096,,,84492,337.045318620223
2011,PI,22009,Vale do Rio Guaribas,100,100,100,95.8205728697532,87.2815708881283,100,77.6977121239416,100,94.6496126823996,,,,,1.5625,50.7718391418457,47.1197280883789,,,,,,518.53857421875,174.560211181641,125.304466247559,4.27974939346313,323.168975830078,81.1119613647461,95.0423355102539,359.137084960938,92.1304092407227,102.908050537109,30769,12817,8327.19921875,3468.74145507812,0,1023,276.860626220703,0,208,200,,,0.541271984577179,0.562922894954681,0.726048707962036,0.618876874446869,112,68,30.3112316131592,18.403247833252,2.61109614372253,18.43686866885,360.024256778776,150.52075725104,,,,647.347700965633,270.646392067799,,,62481,396.831054391583
2011,PI,22004,Entre Rios,99.9690610765203,100,98.1924298196372,100,88.0056077677969,100,84.630562334493,97.211693234332,96.6353393218755,,,,,6.47034645080566,46.2997207641602,45.6316184997559,,,,,,546.959716796875,177.428405761719,124.149856567383,2.59146332740784,388.627960205078,103.514129638672,110.979476928711,431.651947021484,116.756988525391,119.35912322998,73898,15688,6161.46826171875,1308.0341796875,126,2738,228.288986206055,10.5056295394897,880,1724,,,1.43743693828583,0.733726501464844,1.52496302127838,0.751486003398895,762,82,63.5340423583984,6.83699703216553,14.4154739379883,28.3209458876666,577.833777177884,244.500139419956,,,,1038.98379110116,439.627608860092,,,126091,246.052957951421
2011,PI,22002,Chapada das Mangabeiras,100,100,100,86.3570391872279,88.0986937590711,100,80.2612481857765,100,98.3164005805515,,,,,2.55319142341614,54.5288772583008,41.5197563171387,,,,,,432.981353759766,126.675598144531,99.1599960327148,7.31414890289307,304.991790771484,67.7677536010742,80.85986328125,340.058410644531,77.3890380859375,87.6405944824219,12110,3970,6287.05517578125,2061.07421875,0,352,182.7451171875,0,101,75,,,0.38937172293663,0.524353921413422,0.534737169742584,0.543822467327118,0,0,0,0,1.26987087726593,16.9866810137292,293.943482568491,147.838426626845,,,,528.530047828049,265.823382145251,,,30880,402.184853857674
2011,PI,22006,Serra da Capivara,97.6580596569512,100,97.6580596569512,100,86.5499573014518,100,69.7267292912041,96.5414175918019,95.602049530316,,,,,1.12561905384064,48.8968925476074,48.9419174194336,,,,,,444.512023925781,161.76643371582,107.844291687012,3.73250389099121,274.843536376953,71.4757690429688,82.2802276611328,306.496612548828,80.9508819580078,88.6210021972656,13435,3979,9287.744140625,2750.720703125,0,406,280.671661376953,0,78,59,,,0.407872647047043,0.539221465587616,0.549763917922974,0.546480178833008,0,0,0,0,1.18075668811798,17.8653064384929,305.397871889031,149.775192173502,,,,549.125806177667,269.305816176657,,,25923,423.225518235456
2011,PI,22007,Tabuleiros do Alto Parnaíba,99.6283443412068,100,99.6283443412068,96.2371721778791,78.4492588369441,100,66.8187001140251,99.6579247434436,100,,,,,2.61904764175415,53.8095245361328,43.5714302062988,,,,,,384.673889160156,130.397933959961,86.9319534301758,4.51977396011353,303.035186767578,82.0099258422852,79.8118591308594,337.259033203125,93.1207046508789,86.8767318725586,2595,922,5639.71044921875,2003.78149414062,0,45,97.7984466552734,0,21,17,,,0.369460791349411,0.456392765045166,0.587877333164215,0.480299055576324,0,0,0,0,3.88368511199951,17.4067688420337,411.928224280472,262.252641584509,,,,740.67450714765,471.54779547594,,,5918,309.760038728761
2011,PI,22010,Vale do Sambito,100,100,100,74.949083503055,89.5451459606246,100,80.3122878479294,97.5560081466395,96.2661235573659,,,,,4.19734907150269,44.2562599182129,51.4727554321289,,,,,,613.910949707031,228.693542480469,160.272933959961,3.05343508720398,345.096466064453,89.9712371826172,117.04638671875,384.516754150391,102.525260925293,126.575225830078,6981,2548,6543.072265625,2388.16040039062,0,193,180.892837524414,0,53,43,,,0.403025507926941,0.496752351522446,0.620237529277802,0.55158257484436,0,0,0,0,2.59810853004456,14.4283377055803,326.837324564775,149.486520694823,,,,587.675376486571,268.786765544543,,,18035,395.438515354585
2011,PI,22011,Vale dos Rios Piauí e Itaueiras,100,100,100,100,91.3345983554712,100,80.5186590765338,100,100,,,,,2.05096340179443,56.0596656799316,41.7650718688965,,,,,,531.879089355469,169.758880615234,122.149444580078,3.88788437843323,324.642578125,74.5796890258789,95.9930953979492,357.872039794922,83.2259902954102,103.440063476562,13328,3795,6409.4794921875,1825.02807617188,0,415,199.57487487793,0,134,120,,,0.577084004878998,0.64441043138504,0.851920247077942,0.642607092857361,34,5,16.3507137298584,2.40451669692993,3.59715700149536,16.4474080676497,414.326341447398,171.501673039718,,,,744.986482258843,308.371482375534,,,32596,374.934615781668
2011,PI,22001,Carnaubais,100,100,100,69.1210485736315,79.7609868928296,100,83.2690824980725,89.1287586738628,86.7771781033154,,,,,2.65700483322144,47.6650581359863,48.7922706604004,,,,,,541.434631347656,193.900497436523,133.190444946289,2.63157892227173,325.879669189453,81.9170074462891,101.147468566895,361.870483398438,92.5335693359375,109.900787353516,11620,3503,7198.478515625,2170.07495117188,0,298,184.608139038086,0,89,74,,,0.458422899246216,0.551346480846405,0.648296713829041,0.565594732761383,46,0,28.4965591430664,0,2.06104469299316,18.0189504130033,296.39997058598,128.173332427214,,,,532.946977633832,230.464227089135,,,27193,402.883922297647
2011,PI,22003,Cocais,97.6952362155649,99.588908048365,97.6952362155649,94.0269749518304,86.0308285163777,100,76.0115606936416,100,100,,,,,2.91726446151733,52.303524017334,44.6357421875,,,,,,524.833312988281,178.828338623047,119.050033569336,9.16988372802734,325.512786865234,83.5262069702148,93.4925155639648,361.413055419922,94.6465377807617,100.674682617188,23810,7923,6031.02392578125,2006.87951660156,0,569,144.126525878906,0,194,166,,,0.420474588871002,0.491398006677628,0.552506148815155,0.526479780673981,4,0,1.01319169998169,0,1.27434194087982,17.7411932413121,277.226777426228,99.4941365532382,,,,498.472293557859,178.897114137717,,,63923,396.672846408213
2011,PI,22008,Vale do Canindé,98.1261723385522,100,98.1261723385522,80.9692671394799,72.3404255319149,96.2765957446808,73.936170212766,82.210401891253,92.3167848699764,,,,,2.37410068511963,52.8057556152344,44.7482032775879,,,,,,597.780456542969,189.312698364258,131.493057250977,5.46021842956543,367.564727783203,85.5437774658203,99.5635147094727,408.580017089844,96.578010559082,107.725090026855,7537,2718,7028.81640625,2534.73852539062,0,257,239.671737670898,0,53,39,,,0.363704174757004,0.494264662265778,0.585890173912048,0.566539227962494,25,0,23.3143711090088,0,2.12906837463379,19.3460537084688,310.502285613614,163.473935281738,,,,558.303883563205,293.937072794135,,,18868,414.424959571904
2011,PI,22005,Planície Litorânea,85.3866109607017,100,85.3866109607017,100,66.5614430665163,83.337091319053,57.2266065388952,87.5084554678692,87.869222096956,,,,,2.25581383705139,68.4186019897461,29.069766998291,,,,,,562.151184082031,170.4375,110.455207824707,14.5087833404541,371.299377441406,90.8559875488281,96.7739562988281,415.410919189453,105.048057556152,102.966079711914,21891,6679,8006.53955078125,2442.81567382812,22,813,297.351257324219,8.04640579223633,123,133,,,0.486441820859909,0.449867248535156,0.657153606414795,0.450873047113419,90,11,32.9171142578125,4.02320289611816,3.92372012138367,19.1586418413037,297.929452345627,125.42310554801,,,,535.697088167036,225.519135157507,,,32791,284.584430288098
2011,PR,41018,18ª RS Cornélio Procópio,85.8931408517399,71.2472506317462,79.4539765711782,100,97.2425828970332,100,98.6387434554974,100,97.2076788830716,,,,,0.773014783859253,22.2066059112549,76.9149703979492,,,,,,811.776000976562,236.04216003418,175.507354736328,5.15021467208862,424.302124023438,101.485748291016,117.528221130371,470.798461914062,113.615013122559,128.079986572266,18859,6376,8213.134765625,2776.76171875,18,634,276.108367919922,7.83903837203979,163,191,,,0.831809103488922,0.709868490695953,0.884613692760468,0.70518684387207,178,6,77.5193786621094,2.61301279067993,9.5083179473877,19.7133503316456,356.283180178141,246.4008323015,,,,640.620994942473,443.045181826196,,,14255,141.020793013273
2011,PR,41002,2ª RS Metropolitana,60.9196001285425,43.3022957743508,39.7800322348904,100,90.774588390447,100,89.0395433658225,100,98.5225329184611,,,,,0.712717115879059,16.7618293762207,82.1521224975586,,,,,,577.206359863281,137.225479125977,108.890991210938,5.95002603530884,402.424591064453,81.3501968383789,89.3174896240234,451.939025878906,93.2538757324219,97.452880859375,219755,26974,6603.0185546875,810.492736816406,512,5737,172.38069152832,15.3841581344604,2495,7627,,,2.29169869422913,0.749677240848541,1.98979961872101,0.763333678245544,2988,374,89.7809829711914,11.2376461029053,37.7733955383301,19.5138425620863,465.947812184366,268.188008602449,,,,837.805340357547,482.219982477529,,,101771,68.3072904485189
2011,PR,41011,11ª RS Campo Mourão,92.8966704077815,85.1280209502432,81.8687616909839,100,98.6806743220132,100,100,100,100,,,,,0.233263358473778,9.82038688659668,89.8063888549805,,,,,,718.691284179688,228.861938476562,144.032806396484,3.48360657691956,405.59423828125,101.625411987305,96.8899612426758,453.416412353516,115.96321105957,105.447334289551,25915,8305,7633.1494140625,2446.201171875,33,681,200.585556030273,9.72000503540039,238,258,,,0.7599276304245,0.701018512248993,0.963605940341949,0.746084034442902,188,3,55.3745727539062,0.883636832237244,13.1941699981689,19.3168043610607,432.092128640507,243.310868378952,,,,776.930556244865,437.489219960668,,,20019,129.72692632982
2011,PR,41012,12ª RS Umuarama,78.407873492976,76.0260588776727,74.7812080334375,100,95.2657299938913,100,95.2046426389737,100,100,,,,,0.281928390264511,13.3634052276611,86.3546676635742,,,,,,745.649169921875,199.971221923828,149.056045532227,8.60959911346436,396.107055664062,83.1442184448242,102.031326293945,442.872314453125,94.6923065185547,110.55785369873,18284,5095,6745.892578125,1879.80322265625,40,418,154.221343994141,14.7580242156982,163,269,,,0.992477118968964,0.601389467716217,1.26217997074127,0.630259871482849,191,18,70.4695663452148,6.64111089706421,10.5427627563477,19.1264692219509,464.584923674611,240.509441045931,,,,835.354775633503,432.452066187533,,,8835,74.3778121251091
2011,PR,41014,14ª RS Paranavaí,95.1731761238025,87.5702376565954,85.0443687054778,100,97.3248758963045,100,99.2553778268064,99.5587424158853,91.7264202978489,,,,,0.402576476335526,17.7133655548096,81.8035430908203,,,,,,711.218383789062,222.583618164062,145.0166015625,3.05584836006165,385.398864746094,91.3946685791016,99.1804351806641,430.043701171875,104.117630004883,108.154502868652,21120,5179,7914.083984375,1940.67431640625,16,618,231.576889038086,5.99551820755005,170,191,,,0.715714991092682,0.63702380657196,0.921810925006866,0.730891168117523,123,10,46.0905456542969,3.74719905853271,11.9112215042114,23.7809291293375,421.840129204007,317.086729050247,,,,758.496775352158,570.143153391798,,,12601,101.797917665022
2011,PR,41017,17ª RS Londrina,75.7445191887217,52.1416511815551,64.0664687173966,100,93.1804146449052,100,92.7745919717689,98.0767534186149,97.0092633436259,,,,,0.858224630355835,8.37189769744873,90.5427017211914,,,,,,665.587280273438,187.555328369141,134.031814575195,1.75908863544464,382.109344482422,85.7829360961914,99.179931640625,426.225830078125,97.3380661010742,107.605598449707,58369,10493,6508.57177734375,1170.04650878906,114,1569,174.955001831055,12.7118358612061,882,1593,,,1.77631187438965,0.983494699001312,1.77288293838501,1.01346230506897,783,102,87.3102416992188,11.3737478256226,26.1210384368896,22.2182576331339,512.318515713111,241.737526856854,,,,921.182967715409,434.660246640157,,,27230,66.2431091746273
2011,PR,41008,8ª RS Francisco Beltrão,85.0371480265203,90.46055261576,80.9711492050707,100,89.8005439709882,89.0299184043518,86.7860380779692,98.2320942883046,95.9202175883953,,,,,0.486618012189865,13.8464937210083,85.4014587402344,,,,,,620.633239746094,171.129425048828,119.096832275391,3.21378660202026,372.826446533203,74.7046279907227,85.7857208251953,414.973815917969,85.1125640869141,93.1131210327148,27257,7371,7879.18017578125,2130.73486328125,16,795,229.810623168945,4.62511968612671,250,249,,,0.719784259796143,0.722674965858459,1.0431090593338,0.805493474006653,289,50,83.5412216186523,14.453498840332,9.85988807678223,18.793292766557,425.273508304491,252.352392472404,,,,764.67022068367,453.746485200211,,,18798,126.971522281597
2011,PR,41010,10ª RS Cascavel,48.7848477980232,57.1571883283897,38.4392522443509,100,92.431901151362,100,100,100,100,,,,,0.560952246189117,17.7042007446289,81.5159378051758,,,,,,612.710510253906,166.753982543945,126.648590087891,2.34888815879822,408.089904785156,90.8855819702148,99.7881774902344,456.16455078125,102.65625,109.441986083984,38216,9155,7333.33740234375,1756.76940917969,69,1031,197.840454101562,13.2405347824097,347,711,,,1.36435067653656,0.665864586830139,1.35331690311432,0.681695640087128,567,75,108.80265045166,14.391884803772,15.8264684677124,22.4347706864346,341.916692006193,265.079080428009,,,,614.789088025225,476.629921618302,,,24309,104.689031146903
2011,PR,41015,15ª RS Maringá,72.9612873668537,55.3632104542653,59.3241923960055,100,100,100,100,100,100,,,,,0.667273283004761,15.4281673431396,83.8641204833984,,,,,,606.532409667969,174.162017822266,107.267967224121,3.00195789337158,342.894927978516,78.118408203125,78.5853881835938,385.056213378906,89.9391021728516,85.8569793701172,53165,11268,7014.638671875,1486.71020507812,79,1257,165.849731445312,10.4233322143555,653,1130,,,1.49093234539032,0.861574172973633,1.55571532249451,0.867610454559326,627,73,82.7269515991211,9.63168716430664,30.8219261169434,21.1225716355238,425.79852698022,229.468281904207,,,,765.614239388794,412.599323346423,,,20232,53.7336452238125
2011,PR,41001,1ª RS Paranaguá,63.0467384095979,57.7809429070959,49.764499306686,100,82.3132530120482,88.2409638554217,78.0963855421687,100,93.4698795180723,,,,,2.27217197418213,33.2030296325684,64.3537750244141,,,,,,663.486328125,175.101898193359,135.987274169922,9.31129455566406,458.045959472656,106.88842010498,108.962135314941,512.033508300781,120.594245910645,119.26350402832,13232,2559,4837.052734375,935.460876464844,4,252,92.1204147338867,1.46222877502441,165,209,,,0.764014542102814,0.6031693816185,1.01122260093689,0.613770544528961,119,21,43.5013084411621,7.67670106887817,19.0173816680908,18.9645927238093,305.771324030486,233.130695733393,,,,549.797298113669,419.184588443617,,,15123,124.851211296391
2011,PR,41006,6ª RS União da Vitória,55.82187430051,57.8043424340135,44.9506651582889,96.6426858513189,85.0119904076739,100,91.0871302957634,92.3661071143085,94.1247002398081,,,,,0.391474545001984,23.4449768066406,76.1635513305664,,,,,,671.489135742188,199.265426635742,129.109848022461,6.14574193954468,449.082702636719,112.655044555664,99.7979583740234,500.197021484375,127.104484558105,109.861122131348,12890,3410,7599.205078125,2010.34057617188,20,244,143.848419189453,11.7908535003662,76,166,,,0.978640854358673,0.448052436113358,0.982915043830872,0.462938398122787,66,7,38.9098167419434,4.12679862976074,8.8289909362793,24.407951719219,350.2294029653,282.185487371578,,,,629.735898488267,507.388385800082,,,8823,118.155901975863
2011,PR,41016,16ª RS Apucarana,98.5814417301684,92.3065838165616,97.3997901847988,100,93.7724298078953,100,100,100,100,,,,,0.438779771327972,11.5963230133057,87.9440002441406,,,,,,697.374267578125,223.126174926758,124.861068725586,1.00361299514771,397.497467041016,97.7100067138672,91.9678726196289,445.522491455078,111.462348937988,100.232215881348,27604,6663,7727.9482421875,1865.35717773438,72,733,205.208892822266,20.1569442749023,329,428,,,1.19821834564209,0.921060383319855,1.19793844223022,1.03962242603302,225,9,62.9904518127441,2.51961803436279,12.0625314712524,17.7643723803996,358.217126188542,185.663218531529,,,,644.098359259049,333.834888642287,,,12434,69.5846510920515
2011,PR,41003,3ª RS Ponta Grossa,59.4234555479675,53.897296611598,45.024614962213,99.1868178900064,88.9578429274556,100,94.3505242884656,98.5127327198802,89.7175262144233,,,,,0.546389520168304,14.3775444030762,84.8296585083008,,,,,,660.510009765625,178.758010864258,134.363906860352,6.64451837539673,464.306732177734,110.232536315918,112.993835449219,517.730346679688,125.343841552734,123.060333251953,41927,10461,7077.23046875,1765.80505371094,49,1114,188.041946411133,8.27114486694336,346,657,,,1.10900866985321,0.584044098854065,1.21889674663544,0.594594061374664,411,37,69.376335144043,6.24555826187134,18.1313629150391,19.8281386981235,312.182606832963,219.757890091013,,,,561.325213536807,395.139389196461,,,24654,91.6144985309201
2011,PR,41022,22ª RS Ivaiporã,77.1855286104911,92.434888077108,75.0324752219439,100,100,100,99.3746446844798,100,100,,,,,0.992829561233521,20.628791809082,78.2129058837891,,,,,,723.188293457031,215.675247192383,122.429512023926,9.84251976013184,407.151275634766,94.9472122192383,80.4904403686523,454.156433105469,106.758369445801,86.3721160888672,11202,4040,7973.578125,2875.669921875,30,457,325.292358398438,21.3539848327637,103,73,,,0.51961362361908,0.733153462409973,0.748813092708588,0.773370146751404,61,12,43.4197692871094,8.54159355163574,4.28432130813599,18.5637505618944,385.778092974803,246.449803806671,,,,693.654821496091,443.133235868914,,,12501,203.623240983501
2011,PR,41020,20ª RS Toledo,56.4635030390899,55.4090224725367,38.9650365248425,100,98.8455674145066,100,100,100,100,,,,,0.436854660511017,21.5845909118652,77.8594131469727,,,,,,638.403259277344,175.980545043945,121.83268737793,4.41051721572876,380.141021728516,80.8260726928711,88.578857421875,426.792175292969,93.0681762695312,95.5884704589844,26030,8876,7047.34423828125,2403.08203125,18,718,194.390823364258,4.87330770492554,179,305,,,0.825754880905151,0.484623372554779,1.0830249786377,0.471289455890656,503,25,136.181869506836,6.76848268508911,24.9881553649902,19.4634029350296,333.235247508044,257.687638790139,,,,599.179269989017,463.339615031996,,,10952,63.3779797491301
2011,PR,41019,19ª RS Jacarezinho,88.4114616106519,82.9884470589081,84.7330742041847,100,100,100,100,100,100,,,,,0.727762818336487,23.5309982299805,75.6603775024414,,,,,,838.689453125,276.866027832031,164.290267944336,4.19463109970093,465.465698242188,127.270301818848,117.981735229492,521.866516113281,145.736282348633,127.605476379395,21268,6200,7482.06689453125,2181.15551757812,19,785,276.162445068359,6.68418645858765,158,225,,,0.791548371315002,0.555842876434326,0.938424587249756,0.60720556974411,159,7,55.9360847473145,2.46259498596191,6.34927320480347,20.2789902500746,324.338327805774,237.133470086574,,,,583.18201311952,426.381844534637,,,16747,125.303066135172
2011,PR,41005,5ª RS Guarapuava,76.0550479515723,79.6356587389757,69.6479016936087,100,93.8896094538118,100,88.2980256521112,100,96.1233607148004,,,,,0.642214953899384,29.0566577911377,70.1298675537109,,,,,,659.079833984375,211.189498901367,125.78197479248,3.60148096084595,465.159545898438,124.589714050293,105.659477233887,517.742309570312,141.312927246094,114.704109191895,33134,8468,7350.37060546875,1878.52172851562,29,860,190.780426025391,6.43329334259033,243,324,,,0.718754172325134,0.539065599441528,0.835829019546509,0.547828197479248,218,7,48.3606185913086,1.55286395549774,7.06264686584473,18.2724751774562,293.07461254412,190.572409183837,,,,526.967761392832,342.661941882555,,,37291,197.371627833482
2011,PR,41007,7ª RS Pato Branco,74.5497271741002,71.3626883059173,63.7844134943733,100,85.2736051502146,100,91.5504291845494,100,100,,,,,0.59171599149704,12.1839694976807,87.1436233520508,,,,,,601.805053710938,176.128524780273,97.2416915893555,7.78715133666992,382.369110107422,92.362678527832,74.9231033325195,428.842620849609,105.114059448242,81.2505416870117,20979,5752,8192.9052734375,2246.322265625,52,551,215.181427001953,20.307502746582,178,274,,,1.07004916667938,0.695141434669495,1.28005611896515,0.682058691978455,148,15,57.7982749938965,5.85793352127075,13.3514013290405,19.3321053468182,477.189722109291,262.443286460202,,,,858.019046538002,471.890587717454,,,14282,128.28350648746
2011,PR,41013,13ª RS Cianorte,79.2667429598478,65.0530424831324,71.9159183616156,100,97.7833753148615,100,99.2443324937028,100,100,,,,,0.298359036445618,9.89557456970215,89.8060684204102,,,,,,593.403137207031,189.861785888672,127.255035400391,1.72018349170685,335.359375,81.9212417602539,93.90478515625,375.178955078125,93.2116622924805,102.964950561523,10828,2763,7368.54296875,1880.244140625,15,238,161.960952758789,10.2076234817505,103,142,,,0.966321647167206,0.700923442840576,1.04440999031067,0.677275776863098,57,11,38.7889671325684,7.48559045791626,16.5669727325439,21.4322282186564,460.773880421551,293.539576779938,,,,828.502264888192,527.803798197077,,,3287,44.5060010494815
2011,PR,41021,21ª RS Telêmaco Borba,89.8647945316386,78.1253975780988,76.2494072471981,93.4031413612565,89.4240837696335,100,91.4485165794066,94.5898778359511,92.565445026178,,,,,0.577589511871338,25.5294570922852,73.8159408569336,,,,,,660.6640625,213.843551635742,138.998306274414,5.87734222412109,454.000732421875,128.985336303711,115.949752807617,508.467010498047,145.279174804688,126.42822265625,12942,5284,7283.0615234375,2973.55102539062,10,254,142.937530517578,5.6274619102478,88,101,,,0.568373680114746,0.49521666765213,0.692177832126617,0.508722543716431,89,0,50.0844116210938,0,8.20090007781982,18.0526915754797,300.585314939357,220.311736448813,,,,540.472506799976,396.135242002652,,,12446,166.168540181459
2011,PR,41004,4ª RS Irati,73.6683192306259,72.902921186367,62.1357836010984,98.7275120666959,93.6375603334796,100,100,99.5612110574814,100,,,,,0.522420525550842,11.4932518005371,87.7666549682617,,,,,,673.730529785156,214.09391784668,133.052719116211,5.38599634170532,423.851745605469,115.388359069824,95.6521835327148,474.185913085938,130.677825927734,104.366195678711,12471,3596,7542.2744140625,2174.80712890625,20,287,173.573318481445,12.0957012176514,88,100,,,0.604785084724426,0.532210826873779,0.819181382656097,0.553378343582153,99,2,59.873722076416,1.20957016944885,6.58187580108643,18.0572057874412,301.892492912073,199.536442076655,,,,542.822900251132,358.779872758838,,,9411,124.862005581801
2011,PR,41009,9ª RS Foz do Iguaçu,74.8687611723402,78.2149976208542,53.3643693977546,100,90.5176584421867,100,95.9683921948073,100,95.5974842767296,,,,,1.52509021759033,25.2541809082031,72.728759765625,,,,,,555.083068847656,142.922561645508,89.8298492431641,2.71985483169556,418.164581298828,91.14599609375,80.2625122070312,469.664001464844,104.819610595703,87.15966796875,27219,4041,6848.9599609375,1016.81353759766,34,534,134.367340087891,8.55522441864014,263,444,,,1.11721158027649,0.661771714687347,1.4381582736969,0.705805957317352,316,38,79.5132598876953,9.5617208480835,16.7619476318359,27.5085592655,534.825634490921,309.449422772305,,,,961.652273107597,556.410765733169,,,19207,104.260688990338
2011,RJ,33001,Baia da Ilha Grande,92.9223819301848,77.217659137577,78.729363449692,100,93.434199257779,96.4601769911504,74.9928632600628,98.3157293748216,84.7273765343991,,,,,1.10253584384918,22.7673645019531,75.3307571411133,,,,,,525.294372558594,149.801773071289,120.15763092041,3.08502626419067,392.839080810547,100.028060913086,108.086097717285,437.544006347656,112.709968566895,117.596473693848,10971,1823,4336.3466796875,720.550537109375,8,285,112.647773742676,3.16204285621643,223,592,,,2.33991169929504,0.88141942024231,2.14495205879211,0.856320738792419,149,15,58.8930473327637,5.92883014678955,21.8592014312744,27.5826735042637,1031.13987739996,765.339582211542,,,,1854.05848756189,1376.13177355178,,,9712,85.4935076321774
2011,RJ,33007,Noroeste,90.640213515585,88.3372261756535,80.8702395991433,100,98.5111662531017,100,91.5136476426799,100,100,,,,,0.969425797462463,30.4499130249023,68.2823791503906,,,,,,796.928344726562,232.980163574219,165.780044555664,5.20059442520142,394.661376953125,90.1631698608398,107.207763671875,437.599456787109,101.873550415039,116.079376220703,31478,10530,9318.6142578125,3117.2568359375,66,1091,322.975036621094,19.5383625030518,220,527,,,1.56010854244232,0.651278734207153,1.72766482830048,0.597548246383667,331,22,97.9878463745117,6.51278734207153,13.8343439102173,22.3359337405887,635.464234725418,279.995871814434,,,,1142.6072095141,503.451310532994,,,21637,130.363105549679
2011,RJ,33002,Baixada Litorânea,62.758262410356,51.3159075958104,54.1302117902613,100,89.9856792144026,100,67.1133387888707,100,97.9541734860884,,,,,1.81800317764282,37.5294799804688,58.1662750244141,,,,,,646.577270507812,164.855331420898,146.647842407227,7.53110694885254,408.857025146484,85.4864044189453,113.538208007812,454.223297119141,96.4715728759766,122.330207824707,26545,4106,3746.64794921875,579.534240722656,58,1056,149.047286987305,8.18630886077881,428,1042,,,1.47071278095245,0.604093134403229,1.7825688123703,0.512279450893402,343,56,48.4121398925781,7.90402269363403,16.5314044952393,23.3550107836546,578.118205146211,284.568232045228,,,,1039.49521161775,511.672720139875,,,39995,125.902591190945
2011,RJ,33003,Centro-Sul,95.1257393902007,89.8055744306421,93.4066278170414,100,100,100,77.7750551335457,100,100,,,,,1.89550423622131,31.6646423339844,65.6622085571289,,,,,,808.045654296875,269.755889892578,193.075546264648,3.17580342292786,455.714691162109,126.620994567871,132.959655761719,507.306793212891,142.225143432617,144.121383666992,19592,5383,5985.34228515625,1644.50268554688,35,808,246.84342956543,10.6924753189087,293,578,,,1.76578593254089,0.895112931728363,2.05058765411377,0.862195372581482,199,7,60.794361114502,2.13849496841431,14.8222150802612,19.3679272909239,600.636145374518,238.590606002123,,,,1079.98397470194,429.001872399883,,,19528,134.190085800762
2011,RJ,33004,Médio Paraíba,79.6546510553758,71.0401043974869,66.7873801586309,100,91.2589634201688,100,72.5968957066352,98.6293909412726,94.5538712898248,,,,,1.45683455467224,16.897481918335,81.3309326171875,,,,,,721.393005371094,207.791320800781,157.241317749023,3.40082263946533,419.535491943359,100.521507263184,115.229309082031,467.344116210938,113.810752868652,124.849578857422,54646,13277,6235.5654296875,1515.0166015625,74,1474,168.195724487305,8.44401836395264,636,1842,,,2.10187602043152,0.725729167461395,2.28909921646118,0.685620069503784,1117,257,127.459037780762,29.3258476257324,33.0990676879883,21.7640141288698,581.89613547363,340.655876957723,,,,1046.28818310735,612.522058213755,,,36493,92.7770679695139
2011,RJ,33005,Metropolitana I,43.7026325730913,40.7193721445348,31.3828275574992,100,81.9244761350407,100,70.058207217695,100,100,,,,,2.6929829120636,36.0191802978516,58.9387893676758,,,,,,784.305053710938,206.891525268555,174.853652954102,6.52445268630981,439.727478027344,100.304145812988,126.070487976074,500.499053955078,116.560157775879,137.373657226562,326376,54798,3227.28247070312,541.85546875,662,14916,147.492904663086,6.54601097106934,9845,23470,,,2.32076859474182,0.973496675491333,2.39246821403503,0.972315013408661,14400,2878,142.390579223633,28.4583377838135,39.6444244384766,20.0213857078097,418.228053796734,238.882047937019,,,,752.002022105436,429.525904497632,,,424871,95.8945596947311
2011,RJ,33009,Serrana,58.0955536805053,52.2046165004175,47.2351360514734,100,84.5112285336856,100,79.1859313077939,97.1268163804491,95.0627476882431,,,,,1.86725509166718,29.7317943572998,67.5946350097656,,,,,,866.178833007812,229.588287353516,172.378692626953,4.230055809021,491.11572265625,102.467933654785,118.093902587891,544.3818359375,116.471542358398,127.917755126953,48537,11092,5199.9658203125,1188.33093261719,71,2137,228.94548034668,7.60651826858521,492,2017,,,2.16089391708374,0.527099549770355,2.18475794792175,0.505378127098083,782,76,83.7788314819336,8.14218807220459,23.3745079040527,23.2607376810267,553.425318300637,272.000233178731,,,,995.095749001795,489.074617321029,,,41481,97.4262790875648
2011,RJ,33008,Norte,41.9992472353823,37.1140438395775,20.5039938344993,100,99.1841491841492,100,34.8215886677425,99.8027613412229,100,,,,,1.90285861492157,21.1226005554199,75.2715301513672,,,,,,685.429077148438,167.418014526367,141.233612060547,9.71940517425537,444.917358398438,94.8923721313477,112.136451721191,495.830841064453,107.417465209961,121.247283935547,48351,8004,5601.95751953125,927.34521484375,100,1733,200.785766601562,11.5860223770142,750,1764,,,2.04377436637878,0.868951678276062,2.19844770431519,0.691019356250763,852,226,98.7129058837891,26.1844100952148,28.7005462646484,25.8584034054199,1042.83088176088,513.33740243776,,,,1875.07969558474,923.014994214532,,,48247,116.771213623166
2011,RJ,33006,Metropolitana II,76.2480860816196,50.6898351930101,64.2025756664507,100,88.7069957795114,100,70.5247900413523,100,100,,,,,1.62415885925293,23.1120719909668,73.8722305297852,,,,,,728.912475585938,184.799667358398,160.464111328125,9.19666862487793,406.825500488281,88.0792694091797,111.296577453613,455.193817138672,100.151153564453,120.981010437012,87358,25423,4383.3095703125,1275.63452148438,57,2985,149.77653503418,2.86005449295044,1454,4344,,,2.17966270446777,0.729564785957336,2.28690218925476,0.723367989063263,2060,578,103.363372802734,29.0019569396973,33.116569519043,19.4445758362797,350.727730794061,149.835085768891,,,,630.6319252648,269.413508868323,,,93857,100.516411205433
2011,RN,24004,4ª Região de Saúde - Caicó,92.5769124121653,94.2328371533108,92.5769124121653,100,91.0519951632406,100,86.8440145102781,99.3954050785973,95.7920193470375,,,,,0.874210774898529,32.27294921875,66.7557067871094,,,,,,627.772277832031,192.121368408203,116.656890869141,8.34645652770996,312.588653564453,67.4623718261719,86.2019271850586,346.712158203125,76.9857177734375,92.4826202392578,19350,4898,6376.58447265625,1614.08312988281,4,860,283.403747558594,1.31815695762634,155,203,,,0.668964624404907,0.510785818099976,0.69944703578949,0.517953276634216,66,5,21.7495899200439,1.64769613742828,3.47762751579285,19.3034326762526,350.891757651523,174.692726277163,,,,630.926856528667,314.109209592587,,,38483,290.845566923394
2011,RN,24008,8ª Região de Saúde - Açu,100,100,100,100,88.6069394096323,100,96.4785085447954,100,100,,,,,1.91754555702209,49.328857421875,48.561840057373,,,,,,482.722045898438,161.131134033203,102.721099853516,2.78164124488831,312.756256103516,79.3987197875977,87.0343704223633,346.538818359375,89.8709030151367,93.0882873535156,7594,1166,5098.4580078125,782.828796386719,0,212,142.332504272461,0,91,104,,,0.698234915733337,0.610955595970154,0.748588442802429,0.633614659309387,5,0,3.35689878463745,0,8.30429649353027,21.5031296530309,454.510750507815,221.594665124415,,,,817.240738271119,398.442033595208,,,19492,301.318938122632
2011,RN,24003,3ª Região de Saúde - João Câmara,100,100,100,63.7083333333333,87.0625,98.6458333333333,79.1666666666667,100,100,,,,,2.10862612724304,53.1842384338379,44.2172508239746,,,,,,490.633911132812,160.647384643555,114.191520690918,3.66524124145508,325.314758300781,80.3848342895508,93.5679931640625,363.486572265625,91.4842987060547,102.040382385254,14482,2141,4340.4765625,641.690368652344,0,406,121.68440246582,0,168,188,,,0.56346470117569,0.503521680831909,0.78180730342865,0.543233931064606,1,0,0.299715280532837,0,4.69683790206909,21.01849177242,405.469382346901,238.773414096094,,,,729.06107722488,429.330573583545,,,45664,328.61988639086
2011,RN,24006,6ª Região de Saúde - Pau dos Ferros,99.3624125021694,99.4491872102345,99.3624125021694,97.293746715712,87.1781397792958,63.7414608512874,83.5785601681555,99.973725696269,92.5380977404099,,,,,1.17680025100708,33.2866363525391,65.4805297851562,,,,,,607.698059082031,177.026840209961,137.508316040039,3.71599197387695,321.953704833984,62.4597358703613,88.5934906005859,358.490539550781,70.8481597900391,95.9441452026367,20197,7330,8144.4443359375,2955.82397460938,0,900,362.925170898438,0,155,160,,,0.645200312137604,0.625037789344788,0.867290377616882,0.691473305225372,20,0,8.06500434875488,0,2.12311220169067,20.7356469517656,454.69316939476,246.766335289802,,,,817.568739634508,443.702380652994,,,38519,354.225981369792
2011,RN,24002,2ª Região de Saúde - Mossoró,93.7227079232847,93.1764086602279,85.2169634274729,100,80.9068158398351,99.9705579272781,84.5576328573532,96.717208891506,94.6562638009716,,,,,3.4948742389679,45.7906188964844,50.1553268432617,,,,,,571.160461425781,138.972793579102,110.204544067383,5.2692756652832,382.506317138672,69.8014221191406,88.2792510986328,426.478240966797,79.7002944946289,95.855583190918,22780,4208,5041.08349609375,931.206237792969,36,730,161.544815063477,7.96659326553345,305,388,,,0.858621716499329,0.674947500228882,1.07150685787201,0.640259623527527,175,13,38.7264976501465,2.8768253326416,14.3343353271484,24.7086386785329,448.392280257904,222.850227030325,,,,806.239319408,400.699617904897,,,44541,223.094516434742
2011,RN,24001,1ª Região de Saúde - São José de Mipibu,100,100,100,74.4871573866575,88.1916910877435,66.5230132735735,77.6590243061541,100,100,,,,,3.3327693939209,52.309253692627,43.8166122436523,,,,,,505.028228759766,183.420959472656,100.398834228516,2.56690335273743,332.182800292969,86.3839797973633,86.2238998413086,368.008880615234,97.5001373291016,93.0126647949219,16865,2465,4651.720703125,679.898742675781,0,418,115.293167114258,0,211,223,,,0.615080773830414,0.581982254981995,0.814361453056335,0.571707963943481,1,0,0.275820970535278,0,2.9521119594574,19.9728636715391,345.015708905595,170.456247449744,,,,620.361327748822,306.491737220985,,,50201,330.176020167604
2011,RN,24005,5ª Região de Saúde - Santa Cruz,98.255428900651,100,98.255428900651,80.2777777777778,84.0625,71.7361111111111,84.3055555555556,100,100,,,,,2.21554636955261,46.4513702392578,50.8824615478516,,,,,,570.911743164062,193.963607788086,117.632911682129,2.65567755699158,305.879608154297,67.8220672607422,87.1989440917969,339.321411132812,77.2516632080078,94.3284072875977,10211,1798,5338.44287109375,940.017700195312,0,393,205.465484619141,0,115,103,,,0.53849732875824,0.601234912872314,0.881985425949097,0.668154954910278,0,0,0,0,5.56011581420898,21.5480314126933,382.27430215982,200.801874653512,,,,687.354771191043,361.055205195283,,,29072,356.697845228335
2011,RN,24007,7ª Região de Saúde - Metropolitana,62.2300380756276,50.7282184764866,45.5973108824909,100,76.5854178889541,93.6849965331484,75.7000373353246,89.2314256760361,100,,,,,2.75194835662842,42.2090835571289,54.2811088562012,,,,,,526.604248046875,128.44401550293,114.479179382324,2.00431704521179,351.245666503906,67.4412689208984,95.2192153930664,392.919372558594,76.7185516357422,103.389511108398,57220,8267,4645.74365234375,671.205261230469,199,2345,190.392684936523,16.1569900512695,979,2469,,,2.00460362434387,0.794858992099762,2.53096413612366,0.800095796585083,840,165,68.2003631591797,13.3964996337891,29.4107570648193,22.2356600223803,436.090946287885,204.738186150718,,,,784.120697914128,368.132956624588,,,83636,150.843809522826
2011,RO,11005,Zona da Mata,75.8179841911846,100,75.8179841911846,100,96.2018990504748,100,100,100,98.1509245377311,,,,,1.11524164676666,45.3531608581543,53.438663482666,,,,,,384.498413085938,114.408187866211,95.5815277099609,9.60451984405518,307.317077636719,82.2207717895508,87.1610107421875,342.11962890625,92.4353866577148,95.536994934082,11014,4723,7975.2646484375,3419.93603515625,0,262,189.71484375,0,53,50,,,0.362051248550415,0.383774310350418,0.727360963821411,0.484786599874496,27,0,19.5507659912109,0,12.4618034362793,24.1308553165929,482.061223365254,246.909925789322,,,,866.778331722047,443.960565977994,,,11669,204.369465016085
2011,RO,11001,Vale do Jamari,54.816138825516,90.9268507374207,54.816138825516,94.7329559438838,89.1951759783411,100,88.4568053162688,100,94.8314053654935,,,,,2.25798082351685,37.6589660644531,58.6555938720703,,,,,,383.411560058594,86.2997970581055,69.9844131469727,8.28667449951172,359.969848632812,74.5015563964844,75.0870590209961,403.200622558594,86.1800155639648,81.2152557373047,13552,4504,5818.58154296875,1933.80249023438,5,303,130.093734741211,2.14676117897034,93,127,,,0.54527735710144,0.399297565221786,0.751366436481476,0.447921723127365,190,7,81.5769271850586,3.0054657459259,4.28407669067383,19.7364785933025,347.281647255311,185.795032872645,,,,624.435636503302,334.071899646599,,,17451,186.076089000735
2011,RO,11003,Central,61.5309826478542,91.4971283523175,60.6576990140628,100,95.9223300970874,100,95.8834951456311,100,100,,,,,3.53703713417053,43.6666679382324,52.537036895752,,,,,,452.682281494141,105.25505065918,96.6977310180664,12.9804658889771,362.469757080078,75.3084106445312,93.703483581543,403.404235839844,84.8354797363281,100.841903686523,22921,7461,6538.07861328125,2128.20581054688,6,566,161.448120117188,1.71146428585052,127,194,,,0.553373456001282,0.362259924411774,0.871848404407501,0.421020209789276,197,15,56.1930770874023,4.27866077423096,6.23457908630371,21.1258835948636,349.034504461668,190.351510841314,,,,627.587391034535,342.264751883583,,,27671,183.157776702712
2011,RO,11006,Cone Sul,67.9315660127677,77.782948216441,62.4783689851237,98.2781456953642,93.1567328918322,100,100,100,100,,,,,3.03430080413818,24.3183822631836,72.3394927978516,,,,,,404.546051025391,106.570190429688,93.9500350952148,5.89254760742188,343.527374267578,87.8058242797852,85.8316421508789,384.022888183594,99.0912399291992,92.5738525390625,10531,3703,7383.4912109375,2596.24609375,10,298,208.933670043945,7.01119709014893,78,104,,,0.729164481163025,0.546873331069946,0.889019787311554,0.628203213214874,77,0,53.9862174987793,0,7.84903478622437,21.311885076663,487.636517184778,280.375091935321,,,,876.80308302233,504.133173681917,,,8026,128.090164429121
2011,RO,11002,Café,50.9306355150634,90.4961526279507,46.589532912265,82.0191599115696,76.9712601326455,100,77.855563743552,79.2557111274871,77.523949889462,,,,,0.958221554756165,35.4158668518066,63.319278717041,,,,,,434.29150390625,129.864639282227,86.3750839233398,9.04033374786377,345.606506347656,91.9126663208008,86.8015060424805,382.652038574219,104.143135070801,92.0680999755859,11091,3382,6699.203125,2042.80102539062,0,409,247.044830322266,0,126,168,,,1.01475620269775,0.76106721162796,1.51775527000427,0.800630569458008,362,27,218.655807495117,16.3085823059082,7.09785747528076,21.0366794938567,360.899703117361,202.170177250757,,,,648.921812053791,363.51550481086,,,12174,175.304751544132
2011,RO,11004,Madeira-Mamoré,74.4729155551803,73.6845438459796,62.7221853326015,100,82.5957129145782,100,83.9394262557321,100,100,,,,,9.65232849121094,51.0730018615723,39.0403900146484,,,,,,466.581817626953,111.510116577148,97.0211410522461,5.26729536056519,459.842010498047,112.306915283203,107.993560791016,510.471801757812,126.334327697754,115.624389648438,27424,4801,5029.693359375,880.526428222656,57,1189,218.068313598633,10.4540739059448,403,738,,,1.35352742671967,0.739121317863464,1.68255567550659,0.873052716255188,509,91,93.3530426025391,16.6898365020752,18.7947731018066,19.1609576640155,332.075976070125,223.66517616148,,,,597.094822383052,402.164950966557,,,31689,144.868255567839
2011,RO,11007,Vale do Guaporé,50.0701465821682,100,50.0701465821682,100,100,100,100,100,100,,,,,1.28939831256866,37.535816192627,60.8882522583008,,,,,,331.064514160156,67.1389541625977,60.193546295166,7.692307472229,326.191223144531,67.3757019042969,70.486328125,362.6044921875,79.5195388793945,74.1789855957031,2890,1019,6690.744140625,2359.1240234375,0,95,219.937957763672,0,13,11,,,0.254664987325668,0.30096772313118,0.357688575983047,0.358846127986908,0,0,0,0,1.5025235414505,20.0241438073832,509.432260991759,349.825819320726,,,,915.993288622713,629.010228093722,,,4296,245.658133005235
2011,RR,14001,Centro Norte,81.2463407978849,48.0524434860242,72.7026833707312,100,71.483345315121,91.5049125329499,72.8372873232686,94.2727054876588,96.3215911814043,,,,,4.58390474319458,54.6982154846191,39.8033828735352,,,,,,352.017822265625,82.3492965698242,85.1451034545898,3.68231058120728,364.581756591797,84.7203903198242,98.5020294189453,404.856079101562,95.5651473999023,106.926498413086,26701,5237,6786.44580078125,1331.05944824219,20,785,199.519119262695,5.0832896232605,294,486,,,1.23523938655853,0.747243583202362,1.47955501079559,0.857741594314575,16,3,4.06663179397583,0.762493431568146,6.64004707336426,15.5932613701005,307.812160952332,136.156931713263,,,,553.466859440516,244.819272744934,,,35188,247.330842176191
2011,RR,14002,Sul,93.4347861819576,100,93.4347861819576,88.2079131109387,82.2342901474011,100,82.467028704422,100,100,,,,,3.6013400554657,55.6113891601562,40.1172523498535,,,,,,275.963562011719,72.2761764526367,64.3915023803711,0.952380955219269,281.591857910156,75.4247817993164,71.1760864257812,313.547393798828,85.8382034301758,77.8930740356445,3749,1003,4926.60693359375,1318.05456542969,0,93,122.212440490723,0,38,16,,,0.210257962346077,0.499362647533417,0.433985561132431,0.530901372432709,0,0,0,0,0.563754141330719,15.2783011199699,223.877055392413,88.3542526516218,,,,402.545923999468,158.866857573181,,,10386,346.782663568077
2011,RS,43022,Região 22 - Pampa,69.1799166388248,65.7879602802075,53.4639799757913,100,97.5021533161068,100,99.6554694229113,100,100,,,,,1.96817421913147,30.4857616424561,67.5460662841797,,,,,,824.404052734375,208.513122558594,190.824356079102,4.42132616043091,409.055328369141,84.3465957641602,120.611473083496,455.898651123047,96.2277069091797,130.966903686523,11829,3339,6340.62158203125,1789.78234863281,52,328,175.815689086914,27.8732204437256,105,197,,,1.05596625804901,0.562824606895447,1.2671594619751,0.618839085102081,219,36,117.389137268066,19.2968444824219,6.66437959671021,16.2729247598646,311.541086124899,180.821408142379,,,,560.171716383024,325.128989623229,,,12510,152.55950827074
2011,RS,43018,Região 18 - Araucárias,78.8723377677847,67.1069889451002,66.8821435263256,100,100,100,93.928035982009,100,100,,,,,0.295639306306839,13.0820398330688,86.4005889892578,,,,,,688.180236816406,206.988739013672,113.041816711426,3.44062161445618,318.163238525391,63.9362525939941,76.4468460083008,356.238128662109,73.5032348632812,81.8379211425781,9185,2200,7015.466796875,1680.35131835938,0,362,276.494171142578,0,77,110,,,0.840175688266754,0.588122963905334,1.02176821231842,0.600534677505493,141,0,107.695243835449,0,6.95665454864502,18.0171462389457,427.139220431993,326.710906079243,,,,768.024895913635,587.448067591607,,,6318,106.258138800216
2011,RS,43001,Região 01 - Verdes Campos,59.2892721730726,39.9349131015562,33.1593046205942,100,83.9821573398216,100,96.7558799675588,93.1265206812652,99.8175182481752,,,,,2.28977489471436,30.8132648468018,66.4429550170898,,,,,,753.363159179688,216.518692016602,138.487609863281,2.42612743377686,355.216583251953,70.8059844970703,88.4569244384766,395.217651367188,80.3798980712891,95.2866668701172,23121,5368,5417.88818359375,1257.87048339844,32,741,173.636734008789,7.4984827041626,418,907,,,2.12535119056702,0.979489326477051,2.18053531646729,0.964960992336273,544,38,127.47420501709,8.90444850921631,15.8056297302246,17.750580779751,274.349595236158,189.574446180647,,,,493.298927483401,340.867537634507,,,20510,109.716601294205
2011,RS,43013,Região 13 - Diversidade,95.4594628564759,83.8102805122749,77.2726252519403,100,92.4942263279446,100,92.0323325635104,98.0369515011547,92.0708237105466,,,,,0.868908226490021,21.7982616424561,77.2194900512695,,,,,,695.564270019531,200.804092407227,132.258270263672,4.10612773895264,311.382720947266,65.2595748901367,76.064697265625,346.090118408203,73.7631301879883,82.4005889892578,15083,3150,6627.4140625,1384.09826660156,25,547,240.349761962891,10.9849071502686,207,302,,,1.32697677612305,0.909550249576569,1.59808421134949,0.891205489635468,192,13,84.3640823364258,5.71215152740479,16.1350708007812,22.1395785833738,464.659434180657,312.87362174627,,,,835.488750508468,562.567704583005,,,11458,112.302154258261
2011,RS,43014,Região 14 - Fronteira Noroeste,85.8129932623285,85.7843504470483,81.3711536004019,100,93.75,100,100,96.6810344827586,98.5775862068966,,,,,0.293009638786316,13.2691507339478,86.2285461425781,,,,,,771.213806152344,233.097198486328,143.411102294922,5.50561809539795,346.160888671875,74.7205352783203,86.29541015625,385.053131103516,84.5185089111328,92.7472076416016,17129,4932,7421.41650390625,2136.86889648438,26,617,267.325225830078,11.2649202346802,165,225,,,0.974848926067352,0.714889168739319,1.34832429885864,0.745651066303253,250,6,108.316543579102,2.59959697723389,11.8026037216187,17.661342287418,486.751870095883,245.788797195563,,,,875.212428369541,441.944701757762,,,12199,117.058373999312
2011,RS,43003,Região 03 - Fronteira Oeste,46.5510345391129,24.6351911026626,16.3212468658475,95.2600092038656,83.1569259088817,100,84.5988648565731,98.6807792606228,89.4769136370609,,,,,2.00545477867126,37.5100288391113,60.1957321166992,,,,,,765.478210449219,220.127853393555,138.505035400391,6.8232045173645,407.847473144531,92.9553909301758,98.0074996948242,453.301177978516,106.266891479492,105.239707946777,31154,7683,6587.7646484375,1624.63232421875,73,760,160.708129882812,15.4364385604858,174,428,,,0.905040502548218,0.367937028408051,1.05364263057709,0.354985237121582,341,46,72.1072006225586,9.72707080841064,6.26655960083008,17.4305743654951,274.227138622256,170.309151537119,,,,493.078742298695,306.227248928691,,,34760,170.893961773672
2011,RS,43017,Região 17 - Planalto,78.8284884253025,54.4783476148514,55.0434198243334,100,90.4358603594299,100,96.364387523239,100,98.8225573228672,,,,,1.16191899776459,24.4752616882324,74.212890625,,,,,,685.882934570312,184.954330444336,130.765518188477,2.70771503448486,368.061340332031,73.3624801635742,92.2926712036133,410.994476318359,83.8925247192383,99.4965362548828,29313,5325,7457.4501953125,1354.72058105469,88,1135,288.752624511719,22.3878707885742,418,928,,,2.3609025478363,1.06342387199402,2.83244705200195,1.03136849403381,494,34,125.677360534668,8.64985847473145,20.0862445831299,17.7496078165255,374.818367943805,263.54908985031,,,,673.948502634383,473.878896196198,,,10638,61.3747702645452
2011,RS,43015,Região 15 - Caminho das Águas,89.9183697470906,88.7914766682882,81.2581857449095,100,85.188770571152,100,87.5121006776379,100,99.5159728944821,,,,,0.280636101961136,11.9738073348999,87.7455596923828,,,,,,730.841064453125,225.197967529297,120.491439819336,10.7271413803101,340.516967773438,68.4469680786133,75.3814849853516,378.310241699219,78.4760971069336,81.6548538208008,14703,4259,7736.181640625,2240.93017578125,10,572,300.965515136719,5.26163482666016,119,136,,,0.715582311153412,0.626134514808655,0.936965644359589,0.634158551692963,185,0,97.3402404785156,0,7.16582059860229,18.2050163072114,408.50060711947,261.065400148143,,,,734.511422168827,469.413055941447,,,14260,170.288047541212
2011,RS,43019,Região 19 - Botucaraí,73.6101860581789,70.7055679056129,50.9562404311083,100,85.9065716547902,100,92.3990498812352,100,100,,,,,1.2536872625351,23.8200588226318,74.5575256347656,,,,,,735.799011230469,213.619064331055,131.392684936523,4.03225803375244,364.876068115234,75.0659484863281,83.5266571044922,404.972442626953,85.6917877197266,89.0425872802734,8358,2047,7085.0322265625,1735.23107910156,0,285,241.592987060547,0,54,77,,,0.652724921703339,0.457755148410797,0.788568019866943,0.461569756269455,145,0,122.915733337402,0,6.26700687408447,18.2388114245241,367.869267857761,255.370274315294,,,,661.453555752943,459.172838663891,,,7771,146.418831528551
2011,RS,43026,Região 26 - Uva Vale,68.1683398866966,50.8904517399327,48.0071684165227,100,99.4089199355185,100,100,100,95.0026867275658,,,,,0.56876939535141,13.4953460693359,84.7983474731445,,,,,,605.67236328125,147.557571411133,108.666435241699,2.92728996276855,326.441711425781,50.3076400756836,75.9965515136719,363.089813232422,57.8420181274414,81.0683670043945,10866,2832,6214.576171875,1619.70178222656,5,213,121.820793151855,2.85964298248291,90,131,,,0.749226450920105,0.514735758304596,1.48501265048981,0.550767242908478,134,1,76.6384353637695,0.57192862033844,46.871265411377,17.6075133656405,367.947390765417,268.071056825956,,,,661.594025967689,482.009695358782,,,2610,34.0960160582307
2011,RS,43010,Região 10 - Capital e Vale do Gravataí,49.2203751780147,16.9768433654483,23.1009101502447,93.7875159904222,72.3652704431397,100,84.567192573884,83.4814839111753,83.1600354249352,,,,,2.80951619148254,29.622917175293,67.1500244140625,,,,,,757.776672363281,189.652359008789,146.129180908203,2.61437916755676,413.530364990234,83.094123840332,94.337028503418,463.580505371094,94.7151718139648,103.00505065918,145259,29632,6366.7001953125,1298.77014160156,620,5223,228.924026489258,27.1745910644531,2642,7094,,,3.10929918289185,1.15798830986023,3.4740195274353,1.20135796070099,2674,277,117.201385498047,12.1409063339233,39.2636909484863,20.5019386989374,499.018587069769,259.521165459805,,,,897.268806188329,466.636418655417,,,70989,72.3345900619236
2011,RS,43021,Região 21 - Sul,54.7445082738261,36.772941601046,34.5926982079786,97.2189580885233,77.1249510379945,100,87.7007442224834,87.4167645906776,84.9197023110067,,,,,10.1086854934692,27.546407699585,60.1904411315918,,,,,,864.742065429688,247.945159912109,164.525451660156,7.65319776535034,424.457214355469,90.9119262695312,103.082870483398,473.776733398438,103.540573120117,111.937171936035,54741,13043,6333.53564453125,1509.07556152344,116,2013,232.904159545898,13.4212036132812,662,1581,,,1.82921755313873,0.765934228897095,2.10290598869324,0.765124320983887,457,13,52.8749160766602,1.50410044193268,13.7915592193604,17.0832570861664,322.773010884551,160.808366537536,,,,580.367468568265,289.144201853261,,,46461,121.342113505947
2011,RS,43029,Região 29 - Vales e Montanhas,72.6884109192501,70.946754951602,54.3534186369691,100,87.6333656644035,100,100,97.623666343356,92.9194956353055,,,,,0.879507482051849,17.2383460998535,81.7941970825195,,,,,,669.677307128906,182.979614257812,125.886238098145,1.88679242134094,307.749938964844,58.392650604248,68.4654846191406,343.956359863281,66.5931777954102,74.1137008666992,13931,3246,6519.4091796875,1519.05847167969,17,531,248.496612548828,7.95563554763794,186,305,,,1.42733466625214,0.870440125465393,1.5637503862381,0.89021223783493,206,9,96.4035873413086,4.21180725097656,21.0459327697754,17.5328787142756,399.471105606695,309.465136019127,,,,718.275774333708,556.439019202243,,,4425,47.9174038391683
2011,RS,43009,Região 09 - Carbonífera/Costa Doce,54.0857682045943,36.8818897637795,28.9417583132687,100,82.3452484742807,100,88.7314734088928,98.1691368788143,97.3408892763731,,,,,1.41519248485565,24.9531745910645,73.0280990600586,,,,,,702.987670898438,215.055404663086,145.060958862305,5.80808067321777,399.187225341797,98.1761856079102,100.357795715332,446.416748046875,111.860076904297,109.204368591309,22504,4661,5707.08349609375,1182.0439453125,0,377,95.6083526611328,0,165,424,,,1.07527697086334,0.4184450507164,1.08662569522858,0.450145453214645,130,0,32.9683990478516,0,15.054892539978,20.0012183914193,307.543339335636,230.706994763747,,,,552.983500188295,414.826611943459,,,19544,114.088500360646
2011,RS,43007,Região 07 - Vale dos Sinos,40.7662384058642,26.6267515249348,25.2893075935801,100,86.8829194120628,100,96.6041561074506,94.1510390268626,95.955397871262,,,,,1.16390919685364,26.3370532989502,72.1816101074219,,,,,,625.72509765625,156.399108886719,132.218994140625,5.81706047058105,405.851501464844,84.8843002319336,105.507186889648,454.000122070312,97.1180572509766,114.680778503418,46283,7748,5952.8125,996.529907226562,47,811,104.308952331543,6.04503154754639,341,1114,,,1.43280112743378,0.438586324453354,1.33585560321808,0.42987248301506,265,42,34.0836906433105,5.40194320678711,29.0708141326904,22.0148337918429,403.117136681248,229.083243396355,,,,724.83158214199,411.90699834846,,,27353,84.0204090168149
2011,RS,43016,Região 16 - Alto Uruguai Gaúcho,69.7384040829412,75.4876220679855,66.7745457381268,100,95.4995871180842,100,100,100,95.458298926507,,,,,0.693909049034119,26.0601387023926,73.1688537597656,,,,,,690.171020507812,191.666946411133,118.570022583008,5.41871929168701,312.095764160156,59.0348052978516,69.6619415283203,348.268920898438,68.1562042236328,74.9409332275391,17496,3108,7435.48779296875,1320.84448242188,25,567,240.964874267578,10.6245536804199,174,304,,,1.29194569587708,0.739468932151794,1.07594859600067,0.767836511135101,280,12,118.995002746582,5.09978580474854,13.0329275131226,18.5664359832513,448.967307810758,329.046035499109,,,,807.273257420018,591.646786519416,,,9102,89.0793509481123
2011,RS,43004,Região 04 - Belas Praias,80.5876773133096,47.5558097941392,47.6303918090121,100,79.3530997304582,100,85.8760107816712,95.7951482479784,95.2021563342318,,,,,1.96585619449615,30.884635925293,66.7873764038086,,,,,,649.473205566406,183.16682434082,152.405990600586,2.47578048706055,375.174621582031,87.0423736572266,99.2428741455078,417.770751953125,98.3051986694336,110.375839233398,8703,1217,6084.3544921875,850.81689453125,12,155,108.36205291748,8.38932037353516,113,225,,,1.57299757003784,0.789994359016418,1.70408070087433,0.785275340080261,24,1,16.7786407470703,0.69911003112793,6.23186683654785,20.9191703142713,451.577436009297,351.669843733238,,,,811.966442550564,632.325907361126,,,6102,98.7295848879261
2011,RS,43027,Região 27 - Jacuí Centro,64.2422002956098,63.2924539607718,46.8052171134103,92.854140395124,84.6994535519126,100,94.9558638083228,94.0731399747793,92.9802437999159,,,,,1.72339510917664,26.6264533996582,71.1762161254883,,,,,,956.858154296875,283.041961669922,168.943740844727,7.67656087875366,438.963012695312,100.382659912109,99.9719161987305,492.989990234375,115.747459411621,108.730445861816,14922,4564,7307.18359375,2234.9541015625,15,398,194.897415161133,7.34537982940674,94,221,,,1.08221924304962,0.460310459136963,1.21455860137939,0.469614624977112,164,1,80.3094863891602,0.489691972732544,6.13877868652344,17.6034702959458,359.328286142622,202.341179651192,,,,646.096299198192,363.82297856769,,,12093,128.293354768885
2011,RS,43005,Região 05 - Bons Ventos,78.2618118768964,55.3985892737518,51.8550262048311,100,89.0319900290818,100,90.9015371832156,100,100,,,,,2.25330233573914,28.7101783752441,68.6868667602539,,,,,,738.003845214844,213.507568359375,167.857833862305,4.445876121521,380.431579589844,88.1553268432617,103.123054504395,425.636749267578,99.9093322753906,112.225517272949,13754,2714,6540.27392578125,1290.55578613281,19,271,128.865371704102,9.03484153747559,113,216,,,1.02711880207062,0.537335276603699,1.34631025791168,0.530440270900726,50,0,23.7758979797363,0,7.0272045135498,20.919236336651,470.66310917583,357.490880023353,,,,846.283759823238,642.792520064834,,,9450,101.540560915078
2011,RS,43008,Região 08 - Vale do Caí e Metropolitana,53.8859807720702,24.0069144772215,24.2166889070279,100,78.502024291498,100,88.9271255060729,98.3906882591093,99.665991902834,,,,,1.97921824455261,31.6575946807861,65.0569000244141,,,,,,701.024230957031,191.422592163086,148.447402954102,4.00309419631958,435.570159912109,101.634117126465,109.598434448242,485.790649414062,114.639854431152,118.447410583496,51460,10676,6976.35009765625,1447.32824707031,97,1068,144.787048339844,13.1501350402832,398,1322,,,1.79221427440643,0.539562225341797,1.53660011291504,0.50414502620697,424,50,57.4810028076172,6.77842044830322,32.6768646240234,21.593351178578,497.857087152818,308.416601953045,,,,895.180351627969,554.55368479968,,,20017,59.8253241716242
2011,RS,43020,Região 20 - Rota da Produção,85.6205265373851,86.3152289669862,77.2618074646457,97.1267316572601,91.0210364289379,100,86.4545920985121,96.2544894817855,95.895330938943,,,,,0.847035348415375,24.3647232055664,74.688591003418,,,,,,707.794311523438,219.998413085938,134.205154418945,6.66666650772095,354.134796142578,83.4573364257812,85.5594635009766,395.617919921875,95.4769668579102,92.557487487793,12149,3398,7377.0244140625,2063.30786132812,0,409,248.349899291992,0,110,95,,,0.576851844787598,0.667933702468872,0.734575271606445,0.694499254226685,160,0,97.1539916992188,0,3.72039079666138,19.8505722617564,474.672962903276,326.603764341277,,,,853.49374510283,587.25541957847,,,12118,173.19601838876
2011,RS,43025,Região 25 - Vinhedos e Basalto,65.787287674372,44.2901234567901,38.8269456618258,100,99.3033786137234,100,100,100,94.8450017415535,,,,,0.842601954936981,14.7623863220215,84.0916748046875,,,,,,610.137939453125,152.534484863281,106.004470825195,2.98165130615234,287.028900146484,50.9589729309082,64.3483352661133,319.241241455078,57.5017623901367,69.1264343261719,18097,3308,6331.23095703125,1157.30297851562,20,433,150.067932128906,6.93154430389404,175,524,,,1.81606459617615,0.606510102748871,2.13985443115234,0.618813574314117,230,6,79.7127532958984,2.0794632434845,35.8588981628418,19.2574501006857,455.802240777897,339.197836288613,,,,819.562924183361,609.900403541073,,,2640,18.6125593143056
2011,RS,43012,Região 12 - Portal das Missões,71.0462287104623,72.7099362135858,51.2001052147038,100,100,100,99.1173416407061,100,100,,,,,2.00845670700073,25,69.8731536865234,,,,,,796.161865234375,239.558853149414,130.433654785156,4.62287092208862,393.097534179688,90.0565795898438,84.400520324707,439.551116943359,102.121994018555,91.1180877685547,11102,3187,7168.685546875,2057.88159179688,8,330,213.084686279297,5.16568946838379,131,213,,,1.37536478042603,0.845881640911102,1.15081882476807,0.814241826534271,246,6,158.844955444336,3.87426710128784,8.85592937469482,19.1572316561037,399.844058426581,298.283394356359,,,,718.946368456122,536.333499582678,,,8215,111.629863150254
2011,RS,43024,Região 24 - Campos de Cima da Serra,79.2224340006108,68.1012604909281,52.3382791192359,100,94.7577442414615,100,100,100,97.4583002382844,,,,,5.9264817237854,28.957239151001,64.3660888671875,,,,,,816.63720703125,213.930145263672,161.476119995117,9.319899559021,455.463897705078,103.29857635498,109.096710205078,503.937042236328,114.685752868652,117.888778686523,6944,1668,7141.9755859375,1715.55517578125,8,146,150.162506103516,8.22808265686035,64,106,,,1.09022092819214,0.658246576786041,1.103848695755,0.717900216579437,56,2,57.5965766906738,2.05702066421509,12.6475915908813,18.9785584434441,414.150875105042,310.876318382353,,,,744.670982035782,558.976419505909,,,4957,111.634622648382
2011,RS,43030,Região 30 - Vale da Luz,58.8195727507258,42.7462132500064,24.6370765183186,100,92.8847641144625,100,100,100,97.9118329466357,,,,,0.530856013298035,24.4857330322266,74.9170532226562,,,,,,753.905944824219,230.635696411133,161.196990966797,2.96052622795105,366.350128173828,81.1441497802734,102.712593078613,407.192932128906,90.7603988647461,111.416168212891,8309,2225,6868.64501953125,1839.29895019531,14,228,188.476486206055,11.5731172561646,64,155,,,1.2813093662262,0.529056787490845,1.26890969276428,0.523063540458679,88,3,72.7453079223633,2.47995376586914,17.0000820159912,19.7451175974584,339.61242872353,292.405522299775,,,,610.645868477194,525.764692368287,,,2137,40.1527499160061
2011,RS,43011,Região 11 - Sete Povos das Missões,81.5083424163662,82.0987395545122,67.2864089880104,100,91.9526267840875,100,100,99.2104464014576,98.8156696021865,,,,,1.34128165245056,29.8658714294434,68.5245895385742,,,,,,789.811218261719,243.785873413086,131.348663330078,7.87984323501587,367.909729003906,82.7819747924805,83.330192565918,409.378784179688,94.0236282348633,89.3409881591797,19412,5464,6674.71240234375,1878.76721191406,27,498,171.234649658203,9.28380584716797,193,284,,,0.976518869400024,0.663620173931122,1.26019072532654,0.627000749111176,175,3,60.1728172302246,1.03153395652771,7.99163770675659,17.9267299022907,385.699497116761,232.960579629318,,,,693.513500884906,418.87870830694,,,22358,177.635364033994
2011,RS,43002,Região 02 - Entre Rios,78.846989522476,68.8965606038659,56.7621070928492,94.9517446176689,89.2353377876763,100,93.7639198218263,97.6243504083148,97.1789161098738,,,,,0.60514372587204,30.2571868896484,68.9863815307617,,,,,,838.2958984375,258.606384277344,162.123260498047,5.37735843658447,367.662872314453,78.1265716552734,88.6774597167969,411.181945800781,88.8975143432617,96.9575881958008,9014,2889,7128.67822265625,2284.75170898438,0,285,225.390869140625,0,70,108,,,0.854112803936005,0.55359160900116,1.03086674213409,0.537972450256348,141,0,111.509170532227,0,5.39277315139771,17.6747476200499,349.77732495077,230.797426397004,,,,628.923031972045,414.989214070348,,,9371,162.58658834253
2011,RS,43006,Região 06 - Vale do Paranhana e Costa Serra,52.6739968101173,28.3499649489289,32.1373625598103,97.384671267708,82.0559389756629,100,94.9872865964402,96.9487831456593,100,,,,,4.33700656890869,23.2136516571045,71.5961608886719,,,,,,676.627075195312,189.729904174805,138.525680541992,7.16216230392456,417.561004638672,96.2706298828125,100.316429138184,464.950042724609,110.34334564209,108.831901550293,16021,4089,7324.48828125,1869.41101074219,8,371,169.613952636719,3.65744376182556,96,200,,,0.91436094045639,0.438893258571625,1.02591300010681,0.539358675479889,105,2,48.0039482116699,0.91436094045639,10.5192651748657,19.5730282712048,285.184284640031,202.605467861113,,,,512.78042392208,364.298186451224,,,7044,74.7185447770107
2011,RS,43028,Região 28 - Vinte e Oito,57.1680961492612,59.4300001833976,33.4838212729018,100,88.5457608085345,100,100,97.2206625491297,96.8837731611454,,,,,1.13207542896271,19.8113212585449,78.5983810424805,,,,,,758.281982421875,221.587509155273,161.127471923828,3.41712498664856,382.113250732422,79.0647506713867,95.8950347900391,426.666687011719,90.0709075927734,104.676460266113,23929,6103,7126.837890625,1817.6728515625,20,461,137.300857543945,5.9566535949707,177,437,,,1.30152881145477,0.527163803577423,1.8968962430954,0.508176982402802,254,9,75.6494979858398,2.6804940700531,15.904860496521,20.5808568610229,440.263857732718,238.695505539344,,,,791.623871878892,429.190488786068,,,15153,99.4500560911154
2011,RS,43023,Região 23 - Caxias e Hortênsias,55.5266579973992,23.1043483319166,29.7939453986268,100,94.3848404625888,100,100,100,100,,,,,0.990873515605927,16.2320728302002,82.4641494750977,,,,,,582.292785644531,148.381393432617,107.798446655273,2.02240204811096,345.987182617188,71.0331344604492,79.4014587402344,386.582885742188,80.0175704956055,86.4429702758789,26204,3835,4747.47998046875,694.8017578125,71,558,101.095016479492,12.8633441925049,550,1546,,,2.80094790458679,0.996456265449524,2.4523241519928,0.962123811244965,614,78,111.240753173828,14.1315612792969,54.1916389465332,18.2396749334045,486.496313810447,261.93348294867,,,,874.752921070437,470.973926895523,,,8875,35.8155332116077
2011,SC,42008,Meio Oeste,96.343091022333,90.738722306255,89.0859951953021,100,97.4414570685169,100,100,100,100,,,,,0.941850960254669,28.9516792297363,69.9017181396484,,,,,,598.232482910156,169.136642456055,98.9802856445312,6.81818199157715,364.040161132812,82.1703338623047,71.9053115844727,407.130279541016,93.7058029174805,78.2274475097656,12366,2855,6725.220703125,1552.68530273438,10,409,222.433715820312,5.43847703933716,104,221,,,1.20190346240997,0.565601646900177,1.28443241119385,0.591298460960388,160,5,87.0156326293945,2.71923851966858,30.8851127624512,17.8747780402299,445.154087512868,325.035211642554,,,,800.416832202449,584.435056882782,,,5578,64.2884777014427
2011,SC,42003,Xanxerê,99.9566261491426,94.3296624244925,92.4614131412189,100,93.0007733952049,100,100,100,100,,,,,0.67745578289032,36.9966125488281,61.9119300842285,,,,,,575.096435546875,156.844482421875,95.245491027832,4.32043218612671,366.705474853516,80.4860153198242,76.6595153808594,409.400604248047,92.7025375366211,82.4338226318359,14162,3247,7330.796875,1680.77233886719,20,357,184.796951293945,10.3527708053589,138,181,,,0.936925768852234,0.714341163635254,1.0640059709549,0.762093305587769,97,3,50.2109375,1.55291557312012,10.3149833679199,19.6949964465213,460.863655281384,322.745105311669,,,,828.663686092523,580.317292481211,,,8312,101.862917072628
2011,SC,42004,Alto Vale do Itajaí,90.6021735257438,93.4348833066096,90.4277272997209,100,100,100,100,100,100,,,,,0.889248192310333,28.0517387390137,70.8164901733398,,,,,,600.889404296875,167.75732421875,105.20987701416,4.632972240448,355.643768310547,74.7733383178711,76.4100494384766,398.371307373047,85.5082397460938,83.9285278320312,18536,3995,6701.6162109375,1444.37609863281,25,735,265.736297607422,9.038649559021,162,282,,,1.01955962181091,0.585704445838928,1.12504065036774,0.618333995342255,184,30,66.5244598388672,10.8463792800903,8.73856639862061,18.7540450497516,482.431077541909,261.798875308956,,,,867.443354276617,470.731893353447,,,5419,44.4530973114466
2011,SC,42002,Oeste,95.5614254599379,92.3289617992802,82.5858473515918,100,96.2774566473989,100,99.8150289017341,100,100,,,,,0.546075105667114,18.7940845489502,80.3185424804688,,,,,,530.605163574219,164.256378173828,88.8846206665039,2.43350315093994,343.719818115234,87.1847381591797,68.169792175293,383.93359375,98.9758071899414,74.308967590332,21762,3885,6534.8212890625,1166.61059570312,22,510,153.145797729492,6.60628938674927,210,479,,,1.4383692741394,0.630600333213806,1.70299625396729,0.653647243976593,197,3,59.1563186645508,0.900857627391815,16.1241493225098,19.2694695387921,564.58619092509,284.696306894177,,,,1015.16374469423,511.903007287081,,,8662,57.7986267487861
2011,SC,42007,Grande Florianópolis,90.7072778698185,67.4039475101088,79.3581122132948,100,96.8747588548499,100,100,93.6723512616714,94.2125163978702,,,,,1.65355479717255,31.9201641082764,64.4085083007812,,,,,,487.481658935547,90.4791870117188,109.92887878418,2.36651682853699,308.342803955078,41.1768264770508,80.3537979125977,344.603271484375,47.4835739135742,87.7531814575195,58979,8827,5623.15283203125,841.580383300781,131,2235,213.088500976562,12.4897508621216,1001,2369,,,2.25864267349243,0.954369485378265,2.26760482788086,0.921500504016876,599,86,57.1096229553223,8.19937801361084,32.2743759155273,19.7041762832284,374.366540241085,243.604361409988,,,,673.136086195543,438.016940066504,,,15790,33.5370678074822
2011,SC,42010,Alto Uruguai Catarinense,89.0437568404039,76.1022563366602,76.3668123536788,98.8957055214724,98.3435582822086,100,100,100,100,,,,,0.759345769882202,17.0560741424561,82.067756652832,,,,,,542.481323242188,148.595809936523,79.6302871704102,2.75229358673096,280.82177734375,53.9820213317871,54.4110832214355,310.453399658203,61.923282623291,57.7634429931641,9847,2160,7001.06640625,1535.72692871094,20,344,244.578735351562,14.2196941375732,116,168,,,1.19445431232452,0.824742257595062,1.32900822162628,0.881087779998779,140,2,99.5378570556641,1.42196941375732,26.8446502685547,18.39031117946,530.321898334249,334.829756933399,,,,953.554254177254,602.046304615815,,,2542,40.7682938620178
2011,SC,42001,Extremo Oeste,96.8896921005426,99.9637660089377,94.3036587384308,100,100,100,100,100,100,,,,,0.300638854503632,18.7899284362793,80.5712127685547,,,,,,579.369201660156,168.104843139648,98.7561111450195,4.24242401123047,313.555725097656,73.4421844482422,68.0756607055664,349.989349365234,84.109489440918,73.3099365234375,16308,4149,7157.8427734375,1821.06274414062,0,516,226.480682373047,0,152,177,,,0.776881396770477,0.667152404785156,1.0189436674118,0.704789459705353,178,10,78.1270599365234,4.38916063308716,9.4924373626709,18.5306420855894,433.626557091727,292.989548773195,,,,779.689561260473,526.814811041551,,,7507,78.9991365313178
2011,SC,42013,Serra Catarinense,88.391478420056,95.29272842879,83.5703156114841,100,100,100,100,100,100,,,,,2.09669470787048,38.5298461914062,59.102123260498,,,,,,649.768310546875,177.147003173828,139.309783935547,6.93488597869873,393.280853271484,82.9156188964844,108.774513244629,436.365600585938,93.7262954711914,118.025260925293,20468,5154,7040.4755859375,1772.84594726562,36,709,243.878112792969,12.3830919265747,194,356,,,1.22455012798309,0.667311072349548,1.33298826217651,0.653982043266296,174,4,59.8516082763672,1.37589907646179,19.0228366851807,18.1284335809445,426.819439051154,221.978228600983,,,,767.449907596041,399.131706388237,,,14220,101.517782869576
2011,SC,42006,Médio Vale do Itajaí,78.7770377456375,57.5806146898212,65.3949842414137,100,97.72565742715,100,100,100,100,,,,,0.767690241336823,26.4241218566895,72.441032409668,,,,,,540.39501953125,148.091094970703,99.5959701538086,4.58076620101929,354.476104736328,79.5186004638672,83.1445693969727,396.948669433594,91.2631988525391,90.3696517944336,41541,7681,6013.541015625,1111.91369628906,50,821,118.849258422852,7.23807907104492,501,1257,,,1.81965315341949,0.72525554895401,1.68889725208282,0.716497480869293,594,38,85.9883804321289,5.50094032287598,28.702169418335,20.5081916299157,479.849369616456,257.136703531029,,,,862.801270698527,462.348996576015,,,5847,18.5090728207144
2011,SC,42011,Nordeste,59.4259841341117,63.2817519256675,42.7357719364904,100,92.5591262669914,100,100,98.55425473403,95.7491946255991,,,,,0.367206245660782,29.0092926025391,70.4586334228516,,,,,,527.402038574219,132.072662353516,105.746994018555,3.32771682739258,370.744567871094,80.3752212524414,94.1749572753906,414.102142333984,91.4669952392578,101.460998535156,48774,6819,5417.75634765625,757.446166992188,85,1117,124.074989318848,9.44169616699219,588,1506,,,1.67284631729126,0.653143167495728,1.81716549396515,0.677858233451843,419,36,46.5420074462891,3.99883580207825,32.5423049926758,23.1396795587819,550.348453287025,315.190699237085,,,,989.563339850909,566.733964934623,,,11428,27.4971086355442
2011,SC,42014,Extremo Sul Catarinense,90.7708729702226,92.9886951904783,85.0078536347949,97.0639032815199,97.020725388601,100,100,100,99.5682210708117,,,,,0.970054805278778,45.5925750732422,52.7203712463379,,,,,,596.6953125,160.338317871094,148.501266479492,6.85302066802979,376.708648681641,84.5900268554688,109.774322509766,419.226867675781,95.5943756103516,119.224800109863,12248,3424,6590.0126953125,1842.27661132812,10,304,163.566619873047,5.38048076629639,96,170,,,0.914681732654572,0.516526162624359,0.95974326133728,0.555669128894806,115,0,61.8755264282227,0,10.4289855957031,17.7448693835103,303.144892457496,209.393251330917,,,,545.074798425088,376.503075263841,,,7219,81.2811724443551
2011,SC,42016,Laguna,96.0886057829946,99.473649680313,95.8992389540987,100,96.353262217812,100,99.8759612999256,96.0307615976185,94.4926817166956,,,,,1.01486897468567,27.7554874420166,71.0408325195312,,,,,,665.588256835938,198.241241455078,142.626052856445,2.8301887512207,386.330230712891,88.2551574707031,102.329788208008,432.049407958984,100.366119384766,111.546524047852,24420,5771,7301.736328125,1725.56591796875,30,621,180.537948608398,8.72164058685303,239,429,,,1.24719452857971,0.694823980331421,1.34436810016632,0.707397699356079,290,17,84.3091888427734,4.94226264953613,20.0899410247803,18.0407831975637,332.454302578634,201.350804146422,,,,597.775078757133,362.04221714944,,,8490,54.9353872075894
2011,SC,42009,Alto Vale do Rio do Peixe,58.7925848963745,77.9322287235012,54.4178924919342,100,88.6595547309833,100,95.9183673469388,96.8923933209647,96.6604823747681,,,,,0.931899666786194,33.9546012878418,64.9223403930664,,,,,,588.654479980469,147.163619995117,103.691558837891,10.2300243377686,411.203491210938,86.3831024169922,88.9133605957031,457.923095703125,97.8035507202148,95.6819610595703,19352,4092,6895.6669921875,1458.09582519531,31,435,155.002853393555,11.0461797714233,150,281,,,1.00128281116486,0.534492611885071,1.06043326854706,0.572530627250671,212,2,75.541618347168,0.712656795978546,25.0267238616943,19.2164373249815,359.101817235577,258.703529876837,,,,645.689092951515,465.166255173662,,,10344,83.831531367854
2011,SC,42005,Foz do Rio Itajaí,79.1798964655737,77.6560396281976,64.702896515973,100,100,100,100,100,100,,,,,0.885922312736511,24.0533981323242,74.6844635009766,,,,,,528.696350097656,148.991561889648,98.066032409668,1.98503088951111,380.291412353516,93.8283233642578,82.8264007568359,422.639526367188,105.765960693359,88.9087219238281,30511,4707,5249.28564453125,809.818969726562,57,772,132.819259643555,9.80660343170166,298,816,,,1.40389275550842,0.512696087360382,1.68467128276825,0.508868098258972,353,44,60.7321243286133,7.57000970840454,21.9310054779053,19.5759363368741,500.363407054092,300.336414515964,,,,899.686882494781,540.024967186133,,,9498,36.5102264275352
2011,SC,42015,Carbonífera,90.1522808867144,88.3101197315189,76.6796062345346,100,95.1930654058314,100,99.8029944838456,100,95.5673758865248,,,,,0.861100733280182,44.4028434753418,54.4926986694336,,,,,,582.75146484375,136.982437133789,153.62516784668,1.27416515350342,390.759216308594,76.6091613769531,123.62459564209,435.238983154297,87.037467956543,134.229553222656,25213,5725,6455.58544921875,1465.84020996094,31,656,163.272613525391,7.71562671661377,282,523,,,1.30170094966888,0.701873183250427,1.43386220932007,0.725144505500793,205,15,51.0226936340332,3.73336791992188,21.0238609313965,20.5140091658503,508.335503164035,226.596008369793,,,,914.021244670326,407.434783363246,,,7707,43.0036735745212
2011,SC,42012,Planalto Norte,70.981084133258,69.3455674760023,59.8975155279503,100,95.7565284178187,100,98.6175115207373,94.7004608294931,93.4715821812596,,,,,0.812857925891876,27.0090522766113,72.0118255615234,,,,,,652.964965820312,187.192504882812,127.832046508789,5.41226196289062,436.240539550781,101.454605102539,104.483665466309,485.667785644531,115.433547973633,112.948463439941,25545,5023,7052.85009765625,1386.82580566406,43,609,168.141937255859,11.8720903396606,204,448,,,1.23690617084503,0.563234090805054,1.17899525165558,0.593466460704803,197,11,54.390739440918,3.03704643249512,15.762547492981,23.04227441416,404.629241152208,250.907750008429,,,,727.550447147515,451.148921396763,,,12398,78.7430922435997
2011,SE,28007,Propriá,99.702907544828,100,99.702907544828,94.0105220558478,100,100,100,100,100,,,,,1.46076798439026,53.2554244995117,44.2404022216797,,,,,,607.112426757812,210.973190307617,123.228988647461,8.18278408050537,424.270812988281,122.168395996094,111.224411010742,474.856811523438,138.402725219727,121.052017211914,7287,1751,4701.41162109375,1129.70654296875,0,181,116.777206420898,0,68,78,,,0.503238797187805,0.438721001148224,0.685501575469971,0.474205791950226,0,0,0,0,3.18266272544861,16.149993337637,333.291925633692,178.862792254331,,,,599.281181050959,321.607267216115,,,23952,369.622816460464
2011,SE,28001,Aracaju,90.9135166857844,88.0893376370475,84.9114359644677,100,88.9078366018138,97.4575614293466,85.8383071079761,100,98.4962406015038,,,,,1.43996286392212,47.7200584411621,50.5922431945801,,,,,,516.268798828125,131.388092041016,99.798210144043,4.94505500793457,388.369018554688,86.1841659545898,93.8628463745117,431.410980224609,97.8091888427734,100.972442626953,32559,4099,4198.1005859375,528.517944335938,183,1658,213.779632568359,23.5957012176514,700,1996,,,2.57360768318176,0.902567803859711,2.57692790031433,0.95278924703598,884,161,113.981422424316,20.7590599060059,28.368480682373,17.2915003193603,532.689251320306,176.733978864583,,,,957.810913232979,317.779518313947,,,57288,168.701419920777
2011,SE,28002,Estância,87.141043151184,99.6583337333258,85.8319769953441,100,100,100,100,100,100,,,,,1.51774787902832,57.4051399230957,39.6083221435547,,,,,,545.715942382812,164.608001708984,112.290733337402,5.14419317245483,418.713073730469,103.554565429688,98.7216491699219,468.020111083984,118.215461730957,107.246528625488,10799,1189,4593.2861328125,505.733642578125,0,368,156.526473999023,0,94,95,,,0.404076486825943,0.399823069572449,0.685973048210144,0.468516051769257,19,12,8.08152961730957,5.10412406921387,2.54227924346924,15.9946308148156,277.005074546629,120.592601133265,,,,498.073656947397,216.83356503685,,,34970,362.3723762479
2011,SE,28003,Itabaiana,82.6103787178219,97.5289791178305,82.6103787178219,96.1355214399153,93.5150873478031,100,99.5500264690312,100,98.147167813658,,,,,3.02864933013916,48.1036834716797,48.8130950927734,,,,,,561.015075683594,164.413818359375,97.0585403442383,7.38255023956299,370.929504394531,81.4564437866211,80.3602447509766,412.286346435547,93.4612197875977,86.8654632568359,9989,886,4178.9560546875,370.663208007812,0,215,89.9464950561523,0,76,112,,,0.468558460474014,0.317950397729874,0.817990124225616,0.399111419916153,53,0,22.1728553771973,0,2.66032433509827,16.9225471946741,334.917125822105,136.824151689877,,,,602.203399723088,246.018978902969,,,32413,323.955568309722
2011,SE,28005,Nossa Senhora da Glória,92.4632800194645,100,92.4632800194645,97.7207977207977,95.5840455840456,93.3404558404558,89.494301994302,100,98.0413105413105,,,,,1.94139194488525,52.6373634338379,44.6886444091797,,,,,,460.697509765625,129.493362426758,86.5364227294922,12.972972869873,347.029144287109,78.6715698242188,80.7253494262695,384.823516845703,88.6574096679688,84.6970367431641,4881,521,3038.73583984375,324.35595703125,0,138,85.9138641357422,0,77,63,,,0.392215460538864,0.479374438524246,0.630346298217773,0.493537783622742,0,0,0,0,1.65913367271423,17.125868074473,357.158563154293,196.274930990342,,,,642.194992100737,352.915457615567,,,26738,387.638915477364
2011,SE,28006,Nossa Senhora do Socorro,100,91.3369468795658,99.3063165309956,95.0377562028047,93.0061129090255,100,91.675656238763,98.9931679252068,92.089176555196,,,,,1.42102384567261,56.9320449829102,40.8999824523926,,,,,,495.226287841797,144.427841186523,98.9188461303711,5.42437791824341,441.591461181641,115.857360839844,107.497772216797,494.168975830078,132.274261474609,117.06941986084,14348,1523,4534.46533203125,481.320770263672,0,280,88.4897003173828,0,120,128,,,0.404524356126785,0.379241585731506,0.800752818584442,0.53947114944458,5,0,1.58017325401306,0,8.43180465698242,17.5640040255597,305.3593436332,157.290714041758,,,,549.056529795966,282.819227318733,,,41556,302.055322758956
2011,SE,28004,Lagarto,60.2594733779819,99.8304014657275,53.0051127149383,100,100,100,100,100,97.316384180791,,,,,1.7018940448761,56.3546524047852,41.5042533874512,,,,,,592.29931640625,212.052810668945,104.61808013916,7.54076099395752,381.121612548828,103.311378479004,92.7105331420898,425.61474609375,116.065612792969,100.540031433105,9733,1627,3916.33764648438,654.667785644531,0,233,93.7538986206055,0,94,98,,,0.394329696893692,0.378234624862671,0.639679253101349,0.457100540399551,15,15,6.03565883636475,6.03565883636475,3.30432200431824,15.6005916897977,248.613173845139,85.6180467478592,,,,447.023119937476,153.946976293465,,,36207,345.371852930971
2011,SP,35091,Adamantina,63.3992532368829,74.3044891532268,36.3661165979406,98.5236985236985,100,100,94.4055944055944,100,100,,,,,0.303260058164597,9.70432186126709,89.9924163818359,,,,,,775.56298828125,195.024612426758,116.410034179688,14.0350875854492,352.249237060547,69.4245147705078,75.3612365722656,391.737457275391,79.3364562988281,80.166633605957,12293,3872,9292.3935546875,2926.880859375,4,302,228.284622192383,3.02363729476929,131,123,,,0.929768443107605,0.990241229534149,1.1561633348465,0.95641428232193,123,0,92.9768447875977,0,12.2668962478638,22.4186990507906,472.135973091874,306.89686265838,,,,848.932067685651,551.821091870328,,,4562,75.2321462813229
2011,SP,35156,José Bonifácio,73.6387622931159,53.9436097603524,35.044375149916,64.2009132420091,98.4474885844749,100,93.7899543378995,100,94.337899543379,,,,,2.70506119728088,27.6614303588867,69.458984375,,,,,,651.42138671875,172.033981323242,113.290672302246,7.5684380531311,342.393493652344,70.8014144897461,77.4332427978516,380.374145507812,78.9901351928711,84.5900726318359,9486,2757,9950.697265625,2892.05908203125,0,210,220.28742980957,0,68,93,,,0.975558578968048,0.713311672210693,0.799328625202179,0.671876609325409,108,0,113.290672302246,0,22.4798069000244,21.0161368196195,475.035413567872,406.699763952661,,,,854.145455647388,731.273385670221,,,2493,60.505639784442
2011,SP,35142,Mantiqueira,38.7177779891563,40.4736992295254,23.6278892799391,95.0090744101633,97.610405323654,100,90.8953418027828,100,100,,,,,0.842959702014923,16.4533252716064,82.0168609619141,,,,,,772.082641601562,219.278854370117,117.931480407715,10.7398567199707,402.846984863281,90.9388732910156,78.912467956543,449.158569335938,102.751823425293,85.3678207397461,19864,4576,7320.5966796875,1686.42016601562,6,284,104.664192199707,2.21121525764465,176,346,,,1.27513420581818,0.648623168468475,1.41333508491516,0.647609651088715,246,10,90.6598281860352,3.68535876274109,31.8083324432373,25.6382422686579,421.213526211447,309.124206770786,,,,757.370101248916,555.826005603992,,,6891,56.665355147229
2011,SP,35074,Circuito das Águas,85.4214972516336,58.7890973359493,72.7741475199844,100,100,100,96.7830253251198,100,96.7145790554415,,,,,0.661813378334045,12.9715423583984,86.101921081543,,,,,,729.961364746094,214.832870483398,168.5732421875,3.54457569122314,346.471313476562,70.2351837158203,102.74633026123,387.214813232422,80.8064651489258,112.576698303223,7997,1529,6270.140625,1198.83020019531,7,158,123.881729125977,5.48843097686768,116,272,,,2.13264751434326,0.90951144695282,1.80392968654633,0.869328260421753,76,1,59.588680267334,0.7840616106987,32.3370513916016,22.8247029843087,548.943054126513,368.662262798992,,,,987.036338132646,662.879413712282,,,2676,46.0813274160843
2011,SP,35061,Vale do Jurumirim,65.1956666726752,49.4118283252519,43.2222362420463,100,100,100,95.1446006898382,100,100,,,,,0.98859316110611,19.6197719573975,79.264892578125,,,,,,728.306945800781,189.841384887695,111.671409606934,13.3205556869507,419.182800292969,92.5970077514648,82.8578491210938,468.506164550781,104.319328308105,90.2331161499023,22097,4904,7711.259765625,1711.3642578125,9,408,142.381042480469,3.14075827598572,150,216,,,0.753781974315643,0.523459732532501,0.887613236904144,0.548236787319183,127,1,44.3195877075195,0.348973155021667,9.18601989746094,24.0079087249373,471.724291042503,343.289047247113,,,,848.191835817462,617.256674565272,,,13783,104.908587054367
2011,SP,35103,Piracicaba,47.5139367224887,27.4067268289658,25.2459946601732,100,96.787317620651,100,90.3900112233446,100,99.0460157126824,,,,,0.76780891418457,18.2141342163086,80.932746887207,,,,,,687.633666992188,136.583526611328,112.459213256836,15.6423110961914,391.908386230469,64.5763473510742,85.6337280273438,436.948486328125,73.073974609375,92.8201751708984,26560,3460,4817.607421875,627.594970703125,57,568,103.027145385742,10.3389921188354,396,867,,,1.57261514663696,0.718287885189056,1.90935790538788,0.597983717918396,657,49,119.170486450195,8.88790512084961,44.9426918029785,21.8591255246996,536.704643948949,338.908352319618,,,,965.030857827499,609.379891997012,,,13945,56.8003774735378
2011,SP,35062,Bauru,46.3069613479427,29.7770676482634,21.5625995459441,100,100,100,94.101048105348,100,96.5869389948938,,,,,1.18883740901947,18.0953578948975,80.5030670166016,,,,,,695.945617675781,171.01123046875,138.89567565918,8.10494232177734,380.196441650391,78.0772094726562,99.5542984008789,424.951873779297,88.9767913818359,108.359039306641,37124,7126,6052.0693359375,1161.70263671875,79,1293,210.788864135742,12.8788251876831,605,949,,,1.54708921909332,0.986289739608765,1.63520324230194,0.971413910388947,618,66,100.748275756836,10.7595243453979,33.6416091918945,23.6512960282327,388.539998911955,330.933795116186,,,,698.620913155291,595.041104610715,,,17576,65.9248460516643
2011,SP,35161,Itapetininga,52.705034791836,34.7384464741836,30.3445510512872,100,98.6159169550173,100,100,100,100,,,,,0.82843804359436,16.5988845825195,79.755989074707,,,,,,657.315734863281,183.928771972656,122.405555725098,9.48976230621338,407.245880126953,99.4410018920898,97.7197265625,454.18017578125,111.961585998535,105.796089172363,25094,3808,5360.63720703125,813.473571777344,16,387,82.6718139648438,3.41795635223389,247,445,,,0.950619101524353,0.527647018432617,1.01919186115265,0.529516160488129,134,3,28.6253833770752,0.640866816043854,19.1939601898193,23.9046641517506,438.790041319322,288.382185425668,,,,788.973851362514,518.530463488915,,,19582,91.0992589193028
2011,SP,35112,Alta Sorocabana,68.659508468021,56.1754591832708,51.4690444304707,99.6602251008707,100,100,91.8241664897006,100,100,,,,,0.904691755771637,22.8066482543945,75.5522842407227,,,,,,694.848022460938,185.564697265625,116.487731933594,7.0066032409668,348.039520263672,70.818962097168,80.4622344970703,387.439910888672,79.4496917724609,87.1209716796875,33711,7370,8592.818359375,1878.58764648438,49,781,199.07421875,12.4899320602417,463,841,,,2.14368009567261,1.18017113208771,2.15591502189636,1.15888726711273,550,49,140.193115234375,12.4899320602417,27.8150768280029,19.1226084142119,352.309720406529,263.02197390112,,,,633.476448430394,472.931106453076,,,13119,70.821761464869
2011,SP,35051,Norte - Barretos,57.2341423815659,47.0891392908477,40.6582112561721,98.9841986455982,98.2223476297968,100,89.7009029345372,100,100,,,,,0.734255850315094,11.2397623062134,87.9130172729492,,,,,,749.137939453125,183.226806640625,135.97737121582,9.72556591033936,405.775207519531,82.0263214111328,94.7935485839844,454.976684570312,93.6193618774414,103.151611328125,20318,4405,7328.35107421875,1588.80725097656,45,715,257.888122558594,16.2307224273682,314,618,,,2.22901916503906,1.13254368305206,2.460036277771,1.18511319160461,182,8,65.6442489624023,2.8854615688324,26.3446254730225,21.6154419447758,521.478799927425,333.208241288273,,,,937.65377159786,599.130710999029,,,9591,78.2692326202348
2011,SP,35133,Vale das Cachoeiras,55.8625992530521,74.4774503342435,50.5664877757901,100,96.4901477832512,100,84.9753694581281,100,90.7019704433498,,,,,0.54978621006012,14.6609649658203,82.8955383300781,,,,,,722.708801269531,182.004318237305,119.061157226562,9.33893013000488,356.38623046875,67.0554962158203,83.1350784301758,399.168640136719,77.1338272094727,90.6018447875977,12288,3388,9318.62109375,2569.29443359375,7,180,136.503234863281,5.30845928192139,88,197,,,1.49395215511322,0.66734915971756,1.64467453956604,0.673036813735962,77,1,58.3930549621582,0.75835132598877,20.1304359436035,25.2330607320167,542.108056789908,339.834397004698,,,,974.746555628695,611.044982297432,,,4806,84.747809552452
2011,SP,35023,Consórcios do DRS II,80.2046446265814,74.0637089143774,73.5814406566514,96.9240233774223,97.9083358966472,100,93.4789295601353,99.2002460781298,98.6158105198401,,,,,1.13357841968536,15.9926471710205,82.6899490356445,,,,,,657.775573730469,160.686828613281,114.446014404297,14.5869951248169,355.313934326172,67.1560668945312,84.8202743530273,396.019714355469,76.859260559082,92.3986129760742,15520,2533,5980.478515625,976.066528320312,14,261,100.573768615723,5.39476156234741,188,221,,,0.851601660251617,0.724439442157745,1.2343407869339,0.740142047405243,223,6,85.9308471679688,2.31204080581665,19.8939552307129,25.6399013690787,495.637512031599,361.783894042776,,,,891.189407060241,650.511646494123,,,7862,64.1808054231047
2011,SP,35163,Sorocaba,47.3668825846429,11.3565964708307,12.3332637673221,100,94.8012817447032,100,95.0978047730642,100,100,,,,,0.728822886943817,11.7665929794312,86.5694885253906,,,,,,637.730590820312,165.532379150391,125.416763305664,11.0205707550049,403.547302246094,90.5838394165039,102.521797180176,451.094085693359,103.093482971191,110.989562988281,72657,10989,4604.55078125,696.414733886719,125,1898,120.283485412598,7.92172574996948,856,2406,,,1.52477371692657,0.542479753494263,1.63333308696747,0.515213191509247,818,130,51.8397750854492,8.2385950088501,35.20947265625,22.68988957453,441.59071467081,319.062031295782,,,,794.009649426408,573.694878986069,,,39837,56.8871870775027
2011,SP,35157,Votuporanga,69.7483853094394,60.9084637489068,42.3410161278933,98.2716049382716,100,100,91.3086419753086,100,100,,,,,0.509967565536499,13.67640209198,85.7209091186523,,,,,,739.385131835938,183.531585693359,135.150772094727,6.3300142288208,357.191436767578,66.8126907348633,81.6705551147461,399.356384277344,77.0106430053711,88.1742172241211,14538,3316,7645.22119140625,1743.81298828125,17,212,111.486236572266,8.93993377685547,201,251,,,1.31995499134064,1.05701577663422,1.50269782543182,1.08436143398285,305,13,160.392929077148,6.8364200592041,25.5587463378906,20.78758907581,422.74997635219,333.498960252243,,,,760.132741397548,599.653443146683,,,6291,68.7958166750037
2011,SP,35093,Marília,87.7205308784722,76.3616346808146,65.0243144110602,97.4640017193209,95.7876638727703,100,85.7081452826134,98.1302385557705,97.7004083387062,,,,,0.928074240684509,12.4446315765381,86.5429229736328,,,,,,700.823669433594,184.794296264648,114.255981445312,9.41446590423584,338.970062255859,68.4626770019531,76.1538925170898,377.796569824219,77.9105224609375,82.4452133178711,23700,3958,6356.49462890625,1061.56140136719,64,677,181.575820922852,17.1652183532715,397,811,,,2.1751549243927,1.06477987766266,2.77741265296936,1.06685853004456,204,17,54.7141304016113,4.55951118469238,26.1034679412842,21.7185503035916,547.663742897102,292.391630307902,,,,984.736050950364,525.739713637462,,,13934,81.0723471920946
2011,SP,35072,Região Metropolitana de Campinas,57.3989907578624,18.5093003148735,24.2830317361721,100,97.0753596410189,100,88.5891513791738,100,100,,,,,0.815555095672607,16.4638557434082,82.2312545776367,,,,,,579.828796386719,131.228759765625,120.562553405762,6.91312599182129,350.104797363281,64.7151260375977,93.0265121459961,392.794158935547,74.1953964233398,100.959381103516,134474,17354,4626.86328125,597.101196289062,302,2815,96.8560485839844,10.3909511566162,2686,7050,,,2.42570209503174,0.924175322055817,2.55642342567444,0.926024675369263,2407,305,82.8179397583008,10.4941720962524,46.3746070861816,22.5370440467427,616.391152510801,455.218463983684,,,,1108.31253161536,818.513254450016,,,67400,51.3366189423868
2011,SP,35031,Central do DRS III,53.5397269863493,35.5890794539727,31.3626181309065,100,95.2588555858311,100,93.1607629427793,99.9182561307902,100,,,,,0.516866147518158,12.295973777771,87.0783462524414,,,,,,691.74365234375,192.094741821289,135.715438842773,3.26988768577576,373.036254882812,88.6610488891602,96.5023880004883,417.345275878906,101.285438537598,105.108978271484,12358,1917,4172.068359375,647.180358886719,19,425,143.480255126953,6.4144115447998,291,548,,,1.85005128383636,0.98241776227951,1.92980945110321,0.929161250591278,360,55,121.53621673584,18.5680332183838,47.3299179077148,28.3474345934587,605.732099663627,400.313011963797,,,,1089.14684145652,719.789578291182,,,6397,47.529400822223
2011,SP,35104,Rio Claro,47.2713957423167,33.3063966261774,27.5890805323367,100,100,100,97.6751909664563,100,100,,,,,0.731552183628082,16.5394401550293,82.4427490234375,,,,,,714.079833984375,172.532073974609,110.82649230957,13.4735641479492,375.931915283203,71.4726028442383,88.2694549560547,417.946563720703,81.5790405273438,93.2364883422852,8027,898,3258.62353515625,364.550140380859,18,120,48.7149391174316,7.30724096298218,159,324,,,1.31530344486237,0.645472943782806,1.68939352035522,0.657753169536591,248,20,100.677543640137,8.11915683746338,39.8731803894043,20.6991609917136,556.477827608063,348.941579515791,,,,1000.58436496345,627.420305764743,,,5013,46.4590265738645
2011,SP,35022,Lagos do DRS II,73.6556966544,93.4022436991112,62.9122941482185,97.3055193394176,97.3489787049109,100,92.7422859626249,100,100,,,,,0.651890456676483,20.4693603515625,78.0964813232422,,,,,,731.591857910156,185.825347900391,105.894989013672,13.2219905853271,377.755767822266,77.9233703613281,74.0969009399414,420.843994140625,87.9203643798828,80.2870483398438,16813,4139,8559.67578125,2107.20849609375,10,385,196.007553100586,5.09110546112061,183,223,,,1.13531649112701,0.931672275066376,1.27684926986694,0.936254262924194,157,2,79.9303512573242,1.01822102069855,16.782320022583,21.2389670428568,515.354746919451,414.123579237257,,,,926.64231456223,744.621902239286,,,6836,74.2866433637321
2011,SP,35063,Polo Cuesta,55.8419194775997,37.1920265209827,36.4609810758755,99.4450317124736,95.5866807610994,100,88.6363636363636,99.1014799154334,100,,,,,0.808344185352325,17.2359848022461,81.9556732177734,,,,,,679.814331054688,181.858963012695,149.421127319336,3.35025382041931,360.183013916016,79.7060089111328,102.99755859375,403.985595703125,89.7349319458008,112.570983886719,20763,4067,7164.96728515625,1403.45434570312,52,529,182.549133300781,17.9443378448486,365,949,,,3.27484178543091,1.25955450534821,4.33726739883423,1.25109994411469,159,7,54.8682632446289,2.41558384895325,23.7362174987793,23.9834729624128,420.517971179922,330.60471408568,,,,756.119446766405,594.449394900832,,,9438,68.9020900735791
2011,SP,35172,Circuito da Fé e Vale Histórico,60.2569512303456,46.8586213023008,45.9696189037932,95.1063829787234,90.5073649754501,100,91.3256955810147,99.1653027823241,96.2520458265139,,,,,1.68289065361023,24.9133815765381,73.0902481079102,,,,,,740.763061523438,195.742340087891,145.353225708008,13.430233001709,434.306304931641,100.550476074219,109.178741455078,486.655731201172,113.880363464355,118.50691986084,28132,5364,6057.8916015625,1155.07360839844,54,693,149.229309082031,11.6282577514648,283,728,,,1.56766140460968,0.60940682888031,1.55576395988464,0.599447429180145,241,19,51.896484375,4.09142398834229,25.7163219451904,22.9902075156809,429.713403269122,263.427743067759,,,,772.653448879455,473.660706562513,,,20852,103.729735000435
2011,SP,35153,Jales,84.7892358869967,84.1159823246115,70.4006752395611,100,100,100,100,100,100,,,,,0.373134315013885,8.02238845825195,91.4179077148438,,,,,,772.477355957031,234.260055541992,125.842178344727,13.2832078933716,358.666931152344,89.0744781494141,83.355598449707,402.814910888672,101.617744445801,89.6540374755859,11165,2863,10807.9072265625,2771.43188476562,10,107,103.577789306641,9.68016719818115,96,116,,,1.12289941310883,0.92929607629776,1.40943241119385,0.94793039560318,130,4,125.842178344727,3.87206697463989,13.8774881362915,19.9044999509913,469.226792533386,351.807925830313,,,,843.701166403941,632.574188209995,,,4031,78.1311625399749
2011,SP,35162,Itapeva,80.2032448767035,88.6821722483827,72.7739148293213,99.4218260660082,97.036858588292,100,89.0628764153216,100,95.1096121416526,,,,,0.486854910850525,14.435248374939,84.9805221557617,,,,,,651.529846191406,179.054550170898,109.005264282227,15.7432804107666,419.924133300781,94.4123153686523,92.2355270385742,466.531524658203,106.872314453125,98.0085067749023,21194,4985,7574.615234375,1781.61059570312,18,384,137.239410400391,6.43309736251831,207,223,,,0.796989321708679,0.739806234836578,0.897238433361053,0.750974774360657,91,2,32.5228805541992,0.714788615703583,7.14109563827515,21.4267804863495,461.974267541142,253.945597474823,,,,830.660641240633,456.611174387297,,,23277,185.327352142752
2011,SP,35021,Central do DRS II,86.5759418863234,61.9426551368596,58.4309019906521,100,100,100,100,100,100,,,,,1.11607146263123,11.6071424484253,86.9140625,,,,,,741.109130859375,148.152267456055,107.114784240723,17.3627395629883,388.107055664062,62.9729614257812,81.7132186889648,434.566040039062,72.3230209350586,87.3882293701172,17141,3037,5961.21630859375,1056.19348144531,37,505,175.626510620117,12.8676853179932,262,474,,,1.64845478534698,0.91117125749588,1.82121217250824,0.912475407123566,284,17,98.768180847168,5.91217994689941,23.8055648803711,21.2657407997683,440.22513775226,311.285200058557,,,,791.554250763484,559.711616115787,,,7853,57.0505951890537
2011,SP,35083,Alta Mogiana,72.4382538029115,63.3405359802343,60.8655228519038,100,92.7461139896373,100,85.4922279792746,100,100,,,,,0.641940057277679,15.2639083862305,83.8088455200195,,,,,,697.6142578125,160.217636108398,107.646217346191,19.3779907226562,399.934020996094,85.2140274047852,80.9437103271484,440.114807128906,93.5176391601562,87.6950836181641,8155,2004,6805.07666015625,1672.271484375,9,164,136.852554321289,7.5102014541626,79,156,,,1.30176818370819,0.659228801727295,1.38604938983917,0.632525861263275,112,1,93.4602813720703,0.834466814994812,27.3129329681396,19.7686043612716,494.253229630645,304.565438480778,,,,888.700374688471,547.629035216008,,,4696,85.8057836655273
2011,SP,35101,Araras,60.8400476265767,50.2805644201077,48.9818044535367,96.7345936656027,100,100,97.7903265406334,100,98.919715197643,,,,,1.40710711479187,18.101598739624,79.7996673583984,,,,,,657.718444824219,142.074661254883,113.41047668457,10.7058267593384,375.357299804688,64.145263671875,88.0606384277344,418.976043701172,73.5111541748047,95.3241729736328,17539,2830,5464.578125,881.735290527344,33,375,116.837715148926,10.2817192077637,249,501,,,1.56095194816589,0.775802433490753,1.50502562522888,0.768636405467987,280,15,87.2388305664062,4.673508644104,41.9933433532715,22.5588177074097,450.199424532257,299.441573800602,,,,809.488685719543,538.415983710956,,,9399,68.8155909370819
2011,SP,35095,Tupã,72.1625397437133,73.8325786042329,66.7911166779073,91.6331994645248,92.1017402945114,100,86.4123159303882,94.5113788487282,98.7282463186078,,,,,0.786838352680206,17.8111591339111,81.1158828735352,,,,,,857.035522460938,207.410415649414,126.011611938477,17.7168941497803,393.903167724609,74.8878860473633,78.8918838500977,440.150695800781,86.0727157592773,85.6165466308594,14975,3978,11720.6455078125,3113.50439453125,13,492,385.078979492188,10.1748504638672,92,146,,,1.14271402359009,0.720066368579865,1.39434587955475,0.850382745265961,103,3,80.6161270141602,2.34804248809814,15.0697364807129,20.5554746215439,409.555809649968,282.778549775209,,,,736.408746916561,508.45475168041,,,4420,72.1147602686514
2011,SP,35151,Catanduva,61.7518648718168,44.868387207408,35.7462059504416,97.641375390736,94.9701619778346,100,85.9619210002842,99.8294970161978,99.6305768684285,,,,,0.453514724969864,6.97278928756714,92.4886627197266,,,,,,807.374877929688,219.34846496582,133.732879638672,7.3571720123291,392.377868652344,82.2169799804688,92.2995223999023,437.299560546875,93.7426452636719,99.7663040161133,23322,6008,7739.2509765625,1993.71484375,39,415,137.714996337891,12.9418907165527,230,446,,,1.48002135753632,0.763239741325378,1.62047410011292,0.797336637973785,348,23,115.481491088867,7.63239717483521,29.8957672119141,22.9013614784219,451.303696660988,353.898275809199,,,,811.474240887883,636.332777326052,,,7524,54.6297126705538
2011,SP,35011,Alto do Tietê,39.6018528842353,22.7950260892678,16.0601320174386,98.4261362332806,95.4642439259412,100,90.0016059834354,100,100,,,,,1.51874911785126,27.050760269165,70.3485488891602,,,,,,550.01318359375,125.404167175293,142.11506652832,5.83979988098145,431.023834228516,88.3226852416992,128.959106445312,482.500244140625,100.418167114258,140.485290527344,134507,19616,4865.2255859375,709.526428222656,218,2890,104.533615112305,7.88523435592651,1804,4066,,,1.47070467472076,0.652521252632141,1.30980801582336,0.642122149467468,1057,193,38.232536315918,6.98096418380737,35.4479637145996,23.0564864788002,408.488137027614,287.31106338143,,,,734.489000109363,516.604514390388,,,117009,98.3201158297578
2011,SP,35092,Assis,68.9191721541164,40.6958856111879,46.2749985836496,99.4293387042632,100,100,93.9577039274924,96.2067807989258,92.9842228935885,,,,,0.691016793251038,11.9447183609009,87.1339263916016,,,,,,765.110290527344,189.156982421875,125.539161682129,15.8536586761475,391.874176025391,81.1027984619141,85.3544692993164,438.872589111328,90.7954635620117,93.1231155395508,16657,2781,7039.88427734375,1175.35681152344,24,372,157.221405029297,10.1433162689209,233,417,,,1.76240122318268,0.984746992588043,1.58299136161804,0.926317274570465,236,9,99.7426147460938,3.80374383926392,12.852427482605,23.7930196829693,520.285031277927,346.966155114223,,,,935.507295697452,623.868360525751,,,8994,80.2372110045243
2011,SP,35071,Bragança,45.4044713251971,29.8088346473701,24.0126723548259,100,96.6185276505812,100,93.8182458612187,100,100,,,,,1.09001410007477,25.7911396026611,72.5035171508789,,,,,,743.64306640625,197.179840087891,181.4609375,2.39353442192078,385.1123046875,73.1716995239258,121.108421325684,429.542297363281,83.681884765625,131.877944946289,20465,3767,4730.6982421875,870.781311035156,24,406,93.8511352539062,5.54785013198853,250,854,,,1.97411000728607,0.577901065349579,1.86766064167023,0.549641668796539,339,40,78.3633804321289,9.24641704559326,34.841423034668,22.6040187865101,400.226770867225,312.571553651453,,,,719.634511029619,562.02456593878,,,13248,66.2046197626827
2011,SP,35155,São José do Rio Preto,55.7578098669256,39.7059344061977,32.20316811509,100,93.003559592488,100,87.9587578249662,98.8584755124586,97.8887934208911,,,,,0.617894232273102,13.4577360153198,85.8749389648438,,,,,,692.354858398438,183.183074951172,136.125518798828,2.85162949562073,340.841552734375,71.3345642089844,89.0932998657227,381.046417236328,80.6312255859375,96.5521392822266,52252,9907,7756.630859375,1470.66027832031,160,1265,187.784927368164,23.7514533996582,731,2021,,,3.00010538101196,1.08514451980591,3.43123149871826,1.10963821411133,960,78,142.508712768555,11.5788335800171,38.1129188537598,23.3006758685738,474.666985215636,328.751457058863,,,,853.482996820518,591.117114775202,,,15147,47.3401756818182
2011,SP,35064,Jaú,56.9897588702206,46.0087137241155,30.171269749856,98.7211018199705,97.4913920314806,100,92.4987702902115,100,100,,,,,1.20333993434906,13.0402746200562,85.5599212646484,,,,,,751.372741699219,171.439971923828,131.830383300781,12.9175052642822,396.521179199219,76.2993087768555,95.0651397705078,443.131072998047,87.1124877929688,103.059196472168,27065,7244,8183.4619140625,2190.31958007812,30,890,269.103302001953,9.07089805603027,387,406,,,1.22759485244751,1.17014586925507,1.49662256240845,1.16001665592194,288,9,87.0806198120117,2.72126936912537,13.6683320999146,24.072715256388,389.22328129124,315.667713190932,,,,699.849500587976,567.591667938066,,,8761,59.2252558022778
2011,SP,35121,Vale do Ribeira,85.101584261202,74.514376786589,73.2207218733322,93.2300357568534,90.2741358760429,100,85.2681764004768,100,96.0190703218117,,,,,0.965018093585968,38.2870941162109,60.1206283569336,,,,,,664.651733398438,186.899917602539,111.071952819824,10.6588106155396,403.98779296875,83.7246398925781,85.8431777954102,451.704040527344,95.7840728759766,92.7393188476562,14714,1884,5238.181640625,670.703735351562,9,314,111.783950805664,3.20399856567383,260,297,,,1.05731952190399,0.925599575042725,1.34274244308472,1.00089359283447,42,0,14.9519929885864,0,9.98935604095459,25.9321311979545,485.285530043788,349.279317902102,,,,872.575850850987,628.02758197958,,,21931,174.008668981951
2011,SP,35131,Horizonte Verde,39.8527314827759,31.3351006910996,15.7842162920563,97.6038338658147,94.4976925807597,100,88.3031593894214,99.1835285764998,96.893858714945,,,,,0.91842246055603,25.9139213562012,72.1772003173828,,,,,,593.670959472656,156.499893188477,105.312911987305,7.75577545166016,372.891174316406,80.8697280883789,88.4166030883789,415.223602294922,91.8725051879883,95.1847152709961,21828,3289,5345.9775390625,805.521362304688,17,370,90.6180877685547,4.16353368759155,185,476,,,1.16578948497772,0.45309042930603,1.24942755699158,0.447212517261505,308,32,75.4334335327148,7.83724021911621,43.5610961914062,23.4596823210503,454.447083486391,329.524069477223,,,,817.126260706983,592.506323594734,,,15242,82.8499266869864
2011,SP,35014,Rota dos Bandeirantes,31.3742889008915,20.9520252149372,1.00834028941997,97.4462320067739,93.9237933954276,100,91.0177815410669,100,95.8848433530906,,,,,2.29768586158752,25.2745456695557,71.097526550293,,,,,,528.254943847656,103.92179107666,143.817810058594,2.75994873046875,419.145690917969,73.8749618530273,128.021530151367,467.599060058594,83.9538803100586,139.704544067383,96857,13564,5473.3837890625,766.500915527344,138,1608,90.8679962158203,7.79837274551392,1361,3509,,,1.98293399810791,0.769100368022919,1.65743672847748,0.726661384105682,524,98,29.6112117767334,5.53797483444214,43.9643440246582,24.9636696214859,573.65431751199,478.53327099962,,,,1031.46884299682,860.434837332409,,,66151,82.9332906774691
2011,SP,35052,Sul - Barretos,60.6696939333859,57.5251739257112,53.8476844252102,99.2476851851852,100,100,91.087962962963,100,100,,,,,0.741585850715637,18.8819160461426,80.1483154296875,,,,,,688.27783203125,186.581344604492,105.038391113281,7.73092365264893,354.184417724609,78.2091217041016,71.9813995361328,396.110565185547,89.8951644897461,77.6330032348633,8742,2114,6041.08935546875,1460.86279296875,0,216,149.265075683594,0,109,166,,,1.14712977409363,0.753235816955566,1.3554790019989,0.851018249988556,113,6,78.0877456665039,4.14625215530396,34.8630714416504,23.1381255540071,481.013262213713,312.695402680281,,,,864.894027458159,562.247254778683,,,4917,72.877741967958
2011,SP,35094,Ourinhos,50.7814030525922,51.7747422037792,29.3139681917755,97.4592220828105,93.9460476787955,100,96.4868255959849,98.6198243412798,100,,,,,0.725833058357239,18.0468482971191,80.8973922729492,,,,,,774.745727539062,199.725646972656,115.176559448242,16.4253902435303,404.702362060547,88.8181533813477,82.6225662231445,450.743286132812,99.9209976196289,89.4899368286133,17961,3967,7747.888671875,1711.25622558594,26,269,116.039306640625,11.2156953811646,151,262,,,1.13019692897797,0.651373088359833,1.20557940006256,0.627647578716278,248,11,106.980476379395,4.74510192871094,23.9765682220459,21.372580706381,508.899390526885,300.567564454561,,,,915.035151875385,540.440590240723,,,7602,71.6259638863916
2011,SP,35041,Baixada Santista,47.8103953042299,36.294028853411,24.8777744126682,100,94.0955448201825,100,84.2148726206697,100,100,,,,,1.85221993923187,22.7473278045654,74.9552841186523,,,,,,730.36181640625,188.695663452148,181.966888427734,2.54149794578552,419.888336181641,88.6872024536133,129.643646240234,467.347320556641,100.716438293457,140.208114624023,77981,12048,4523.41748046875,698.8642578125,189,1769,102.613777160645,10.9632587432861,1152,3189,,,1.84983241558075,0.66823673248291,1.98566949367523,0.690525770187378,1329,219,77.0908508300781,12.7034587860107,40.0100364685059,20.8453642370149,582.190760470726,409.640835358439,,,,1046.8179385639,736.561628829003,,,61559,84.5470742009428
2011,SP,35032,Centro Oeste do DRS III,52.5378822386201,32.8558197443139,33.2513437186845,97.2809667673716,98.6102719033233,100,84.773413897281,98.5498489425982,99.0332326283988,,,,,0.426569163799286,14.6861667633057,84.0341262817383,,,,,,698.095642089844,197.989303588867,128.326400756836,8.50840377807617,373.596862792969,85.8380584716797,93.6025543212891,416.070404052734,97.3260955810547,101.607109069824,10009,2216,7339.537109375,1624.97888183594,8,150,109.99405670166,5.86634969711304,69,120,,,0.879952490329742,0.505972683429718,1.01396191120148,0.499006390571594,102,5,74.7959594726562,3.66646862030029,21.8484859466553,23.5001076825994,404.557205114881,296.510967399408,,,,727.42092153286,533.146557330572,,,3956,65.6120838178384
2011,SP,35073,Jundiaí,34.2710426434472,19.3388233408327,6.91260068353169,99.9610478138085,100,100,91.7323984808647,100,100,,,,,0.849911272525787,17.0822830200195,81.9930877685547,,,,,,587.83984375,115.615837097168,137.061813354492,1.37979423999786,353.87353515625,55.55615234375,101.765678405762,396.412750244141,63.3999633789062,110.891136169434,31709,5095,4359.1708984375,700.431274414062,53,524,72.0364990234375,7.28613471984863,367,1160,,,1.59470117092133,0.504530489444733,1.18750250339508,0.479922562837601,450,80,61.8634071350098,10.9979391098022,53.5392074584961,23.1210105798113,585.458370632937,465.816887841238,,,,1052.69332025369,837.569929629163,,,15930,51.8904268128124
2011,SP,35171,Alto Vale do Paraíba,32.7937597017649,20.9287447018367,13.2928277171606,100,96.6211409873382,100,89.1947645468772,100,100,,,,,1.1449089050293,15.6290225982666,78.4296493530273,,,,,,563.586059570312,112.895156860352,96.1882553100586,15.313102722168,363.379333496094,61.1139335632324,79.9853668212891,406.547485351562,69.4150924682617,86.192253112793,50074,7276,4950.185546875,719.286499023438,116,954,94.3099670410156,11.4674587249756,675,2087,,,2.06315398216248,0.667287468910217,2.15884804725647,0.725267350673676,1014,159,100.241409301758,15.7183275222778,46.4797859191895,25.1441838963918,580.978648608029,448.380529563191,,,,1044.63848033891,806.21819087273,,,30170,70.8927477667512
2011,SP,35143,Rio Pardo,34.3578190533253,29.7778310365488,25.6436189334931,100,95.7869634340223,100,87.4006359300477,100,98.489666136725,,,,,0.9765625,10.546875,88.0859375,,,,,,777.096862792969,209.092727661133,142.35107421875,8.10810852050781,395.293487548828,84.7586517333984,91.8055419921875,440.295227050781,95.9732131958008,101.26628112793,18352,3813,8565.3349609375,1779.62182617188,13,533,248.764343261719,6.06742286682129,165,377,,,1.75955271720886,0.770096004009247,1.82046031951904,0.74477618932724,156,4,72.8090744018555,1.86689937114716,27.4681568145752,23.0766523331282,428.734880320231,301.956921507884,,,,770.893999149667,542.93874717697,,,8552,83.7310023811969
2011,SP,35065,Lins,42.8441555929515,66.8446198185651,17.7953151898489,100,100,100,98.3059292476333,100,100,,,,,1.49184143543243,24.7086238861084,73.4731903076172,,,,,,808.213195800781,156.02571105957,151.03288269043,19.7683391571045,420.97998046875,69.638069152832,110.474769592285,466.596343994141,78.0440139770508,118.704452514648,10249,2056,6396.43017578125,1283.15551757812,20,446,278.349884033203,12.4820566177368,145,210,,,1.31061601638794,0.904949128627777,1.72002744674683,0.858453452587128,141,16,87.9985046386719,9.98564529418945,38.5346069335938,19.1189043130337,374.790069073783,277.732586870855,,,,673.897619372759,499.381772780274,,,4941,68.2188917735324
2011,SP,35012,Franco da Rocha,36.0226010527841,34.6549476022601,26.6576520017385,100,97.3706327290191,100,90.7191739704646,100,100,,,,,1.24280786514282,24.2347526550293,74.234748840332,,,,,,510.662750244141,121.224479675293,141.799270629883,1.48820328712463,439.444671630859,94.5456008911133,138.190078735352,490.875305175781,107.55037689209,151.216171264648,23117,3544,4284.93310546875,656.91064453125,46,494,91.5671157836914,8.52649211883545,343,698,,,1.29380249977112,0.635779738426208,1.15584945678711,0.588049948215485,163,39,30.2134399414062,7.22898244857788,27.8803329467773,20.0823665581393,347.849162799028,227.822096336603,,,,625.456067420302,409.639371558491,,,23422,104.438202919219
2011,SP,35114,Extremo Oeste Paulista,88.7978319080936,78.4022199188045,73.9623823097521,87.9093198992443,92.1074727120067,100,78.5054575986566,89.7565071368598,79.4290512174643,,,,,0.982142865657806,23.125,75.5357131958008,,,,,,720.005004882812,231.617340087891,102.708137512207,12.6637554168701,360.723754882812,91.5629348754883,71.537109375,401.584655761719,104.216789245605,77.1581268310547,8797,2460,9219.6279296875,2578.18383789062,4,147,154.062210083008,4.19216918945312,39,71,,,0.744109988212585,0.40873646736145,0.930137515068054,0.523759126663208,32,0,33.537353515625,0,15.1033372879028,20.6589551958651,410.01049220708,275.237903817402,,,,737.226296574601,494.896165744403,,,4268,92.9983660691777
2011,SP,35174,Vale do Paraíba/Região Serrana,54.1890929060996,34.1349648329047,36.7064072491417,96.5292275574113,96.3856993736952,100,95.1852818371608,100,99.2432150313152,,,,,1.70398008823395,18.4079608917236,79.2661666870117,,,,,,632.820434570312,141.665878295898,136.989852905273,8.894362449646,399.240509033203,74.1806335449219,105.910781860352,446.880767822266,85.3636016845703,115.624366760254,26936,3691,4664.92919921875,639.228271484375,44,863,149.459228515625,7.62016916275024,425,1060,,,1.83576798439026,0.736039042472839,2.06779360771179,0.744914829730988,499,61,86.4196472167969,10.5643253326416,33.4612007141113,21.6966457504237,428.585800443278,341.383946041809,,,,770.625943556775,613.831175138109,,,18558,72.4344019486633
2011,SP,35033,Norte do DRS III,38.1751492014236,16.6847001340601,11.2066090956726,91.5966386554622,89.5483193277311,100,84.9789915966387,100,100,,,,,0.655737698078156,22.1311473846436,77.1038284301758,,,,,,666.957214355469,139.334625244141,116.882598876953,10.099009513855,370.126892089844,69.2011032104492,87.291618347168,414.685516357422,79.5248413085938,94.2577133178711,10799,2402,7131.15966796875,1586.16955566406,20,230,151.88134765625,13.2070741653442,89,133,,,0.878270387649536,0.587714791297913,1.43461835384369,0.568234324455261,130,28,85.8459777832031,18.4899024963379,36.47265625,24.0738606528867,406.52118403752,317.260411126022,,,,730.952287034981,570.45544538417,,,4915,62.3456314111298
2011,SP,35173,Litoral Norte,95.088349380188,97.0668502620848,86.9465077241384,98.5420041657024,90.6271696366582,100,92.8257347836149,100,98.102291136311,,,,,0.67129111289978,19.2660541534424,79.4137420654297,,,,,,545.868591308594,101.628089904785,90.4116134643555,18.0572853088379,397.078918457031,62.6545600891113,79.3873901367188,441.262878417969,70.213249206543,85.7664337158203,18259,2625,6206.111328125,892.219848632812,23,352,119.642433166504,7.81754541397095,238,361,,,1.22701466083527,0.808946013450623,1.45083451271057,0.814384281635284,78,1,26.5116748809814,0.339893281459808,16.8835182189941,27.9598584409581,726.266368747881,544.956232112467,,,,1305.87552156656,979.867765414677,,,12177,94.0155042559701
2011,SP,35102,Limeira,39.9967553146744,24.0121735786476,19.6934373234951,92.362878963203,92.7794492015737,100,90.3031705623698,100,100,,,,,1.12385857105255,24.5609931945801,74.1044235229492,,,,,,626.485046386719,136.192413330078,118.226600646973,9.75948238372803,369.726715087891,63.8240127563477,88.6834564208984,412.213623046875,72.3317337036133,95.6660461425781,16262,1874,4712.25732421875,543.031005859375,52,255,73.8916244506836,15.0680961608887,180,606,,,1.75601279735565,0.52158796787262,2.04571151733398,0.512822389602661,224,23,64.9087219238281,6.66473484039307,44.482177734375,17.4794679671435,470.320356995098,262.176749005122,,,,845.667468470586,471.411335540641,,,11461,72.5606330309288
2011,SP,35013,Mananciais,34.4826433285579,25.5167690309403,18.8754181872709,97.9481515926529,91.5949779121135,100,83.3062078586375,100,97.9597767960939,,,,,1.5347695350647,27.4528408050537,69.9185180664062,,,,,,538.979248046875,118.552085876465,134.501678466797,2.4900758266449,446.490997314453,92.00537109375,125.807601928711,499.239135742188,104.481063842773,136.996231079102,62034,8217,6033.02734375,799.132507324219,72,1022,99.3931350708008,7.00225639343262,593,1267,,,1.23220264911652,0.576713621616364,1.07786118984222,0.583837449550629,368,16,35.7893104553223,1.55605697631836,29.731969833374,22.8457951409137,361.71957348615,275.776310133915,,,,650.39599382997,495.864256323351,,,37441,84.0979414577538
2011,SP,35132,Aquífero Guarani,39.5903388154716,32.2727126300635,17.9530321915585,100,92.7515633882888,100,87.3791927231381,100,98.0102330869812,,,,,0.97870409488678,21.295877456665,74.6986846923828,,,,,,617.748657226562,143.537826538086,116.855270385742,2.79598927497864,334.413024902344,61.8948402404785,81.3932495117188,374.608489990234,71.4254837036133,88.5257415771484,47993,8180,5716.85546875,974.389526367188,147,1426,169.863006591797,17.5104236602783,959,2829,,,3.36986303329468,1.14234662055969,3.54654550552368,1.01786780357361,727,105,86.5991668701172,12.5074453353882,39.5114936828613,25.2332195190185,526.119528121741,376.759039583915,,,,945.998111377283,677.437960083152,,,18720,49.5155112535091
2011,SP,35081,Três Colinas,30.918738880384,16.0117299019405,17.6111444412264,95.703544575725,92.1231650554959,100,85.4636591478697,97.8517722878625,96.5807375581812,,,,,0.594895422458649,19.5547885894775,79.5048904418945,,,,,,631.070983886719,182.2705078125,139.765716552734,3.28843116760254,390.937896728516,96.6503601074219,108.173377990723,436.442474365234,109.683723449707,116.940147399902,19930,2920,4983.060546875,730.082153320312,48,321,80.2590255737305,12.001350402832,167,565,,,1.41265892982483,0.417546987533569,1.41234636306763,0.405608117580414,287,41,71.7580718994141,10.2511529922485,31.2937698364258,24.7557824567318,342.921776508344,264.406625545571,,,,616.596297204865,475.420802749357,,,12257,69.4056972145112
2011,SP,35034,Coração do DRS III,61.0437670701689,41.5357251239168,36.3699969653033,99.2122631466894,91.6116670215031,100,88.162657015116,98.573557589951,93.9322972109857,,,,,0.533049046993256,13.4541578292847,85.5437088012695,,,,,,676.18701171875,158.12956237793,119.343070983887,11.2715606689453,364.412963867188,70.4161148071289,84.9607315063477,404.917694091797,80.346923828125,91.6794891357422,19195,3920,5206.34130859375,1063.23828125,25,344,93.3045806884766,6.78085613250732,205,536,,,1.45381557941437,0.556030213832855,1.6657851934433,0.581594049930573,329,12,89.2360687255859,3.25481104850769,35.1929168701172,23.8623596080322,505.193370170209,326.05542491016,,,,908.371479324289,586.269468594892,,,9335,53.6969441060485
2011,SP,35015,Grande ABC,51.4931831579475,47.3508306262464,31.9127920831818,95.0634307777165,91.9222283507998,100,85.603971318257,98.3673469387755,96.5747380033094,,,,,1.0572224855423,19.0686511993408,79.3938217163086,,,,,,585.174133300781,118.666641235352,152.706924438477,1.29701685905457,363.25048828125,58.835147857666,114.45849609375,407.203216552734,67.530891418457,125.026123046875,125807,19565,4774.25439453125,742.472900390625,256,2340,88.8007431030273,9.71495342254639,1887,5980,,,2.26935243606567,0.716098308563232,1.77149903774261,0.709276974201202,2732,398,103.676765441895,15.1037168502808,52.2831840515137,24.875902433386,623.511401262172,429.772733232659,,,,1121.11521524769,772.760128123341,,,72767,62.3296991505195
2011,SP,35111,Alta Paulista,77.5805553345533,61.707375288408,57.6744371071684,100,100,100,94.9929478138223,100,100,,,,,0.808457732200623,15.3606967926025,83.5198974609375,,,,,,867.720764160156,236.020050048828,138.064025878906,15.1111106872559,408.750793457031,80.5850372314453,96.2956008911133,455.502624511719,91.1438446044922,102.439712524414,11203,2463,8640.9560546875,1899.73010253906,10,218,168.145004272461,7.71307373046875,131,143,,,1.10296952724457,1.01041269302368,1.07211720943451,0.990744292736053,99,0,76.3594284057617,0,12.8322410583496,22.3848355315732,515.306865815809,339.51419543324,,,,926.556221134417,610.469238448994,,,5099,84.0696617382202
2011,SP,35141,Baixa Mogiana,26.8394574158786,53.823458394938,23.8625876936206,100,100,100,96.2143428419088,100,100,,,,,1.5691157579422,21.0709838867188,76.6625137329102,,,,,,727.77685546875,199.794448852539,117.827491760254,8.3589973449707,403.62890625,88.7391662597656,84.8712768554688,449.729248046875,100.796440124512,91.8879852294922,20697,2979,6626.8359375,953.826354980469,25,413,132.235748291016,8.00458526611328,271,437,,,1.39920151233673,0.86769700050354,1.82872748374939,0.844643831253052,411,22,131.59538269043,7.04403495788574,37.3484344482422,23.8559252696776,580.325941243376,357.545248681806,,,,1043.46486882815,642.890278550244,,,5995,42.543985145152
2011,SP,35154,Fernandópolis,83.5156292372498,81.6770017898143,69.1392620179705,100,100,100,88.9830508474576,100,100,,,,,0.665004134178162,14.9625930786133,83.9567718505859,,,,,,828.333740234375,186.221374511719,107.165130615234,20.9968185424805,384.162902832031,68.2402648925781,70.2470092773438,428.374847412109,77.7081069946289,75.8340835571289,10349,1903,9090.58984375,1671.60034179688,16,140,122.976379394531,14.054443359375,141,173,,,1.51963675022125,1.23854780197144,1.44870567321777,1.21834456920624,159,0,139.666030883789,0,16.6852588653564,21.4877341267362,568.154459888228,431.067989543898,,,,1021.57973102355,775.089085629548,,,3644,68.0493213745852
2011,SP,35115,Pontal do Paranapanema,100,100,100,99.7814207650273,100,100,94.207650273224,100,98.5792349726776,,,,,0.558659195899963,20.6703910827637,78.212287902832,,,,,,578.059753417969,141.624633789062,117.057098388672,6,352.671173095703,70.105598449707,85.4798202514648,398.369781494141,82.3024444580078,94.3745040893555,7052,1630,10191.193359375,2355.59350585938,0,111,160.411575317383,0,53,74,,,1.06941056251526,0.765929162502289,1.17779672145844,0.858418703079224,15,0,21.6772403717041,0,14.2058181762695,20.1524078129225,541.632357028565,353.023311455494,,,,973.891215631301,634.759532878953,,,4845,149.088633640122
2011,SP,35113,Alto Capivari,98.7020396519755,89.6519754671231,96.5554129225503,97.6010101010101,100,100,93.1818181818182,98.3585858585859,94.3181818181818,,,,,0.396825402975082,16.137565612793,83.201057434082,,,,,,751.658325195312,206.099868774414,131.626800537109,7.83410120010376,393.140319824219,91.5126113891602,98.7863693237305,436.217559814453,102.391334533691,106.343070983887,5320,1311,9213.8759765625,2270.56225585938,5,97,167.997360229492,8.65965843200684,51,40,,,0.692772626876831,0.883285105228424,0.921820640563965,0.847780525684357,28,0,48.4940872192383,0,19.9553165435791,23.146845086926,561.600852232333,416.991174996445,,,,1009.79590599178,749.778031269641,,,2469,88.6360816018175
2011,SP,35082,Alta Anhanguera,69.6240693607001,49.6964788828245,46.900818009827,100,100,100,97.7493606138107,100,100,,,,,0.591132998466492,20.1970443725586,78.8177337646484,,,,,,622.162658691406,150.44905090332,116.942924499512,9.39809894561768,381.018005371094,73.2616119384766,91.1292343139648,422.211730957031,83.5584716796875,97.3607406616211,10631,2969,6984.38330078125,1950.58178710938,8,227,149.13508605957,5.25586175918579,87,163,,,1.07088184356689,0.571574985980988,1.06135559082031,0.563362717628479,138,0,90.6636199951172,0,39.6916122436523,20.0831365233323,440.518095167407,332.936877977355,,,,792.081007796115,598.642781610546,,,4281,58.9742106095158
2011,SP,35152,Santa Fé do Sul,96.2976349138223,99.4510831507375,96.2976349138223,98.1443298969072,100,100,91.9587628865979,95.6701030927835,83.0927835051546,,,,,0.392927318811417,10.0196466445923,89.1944961547852,,,,,,790.764892578125,184.000701904297,109.524223327637,12.4653739929199,346.057342529297,55.6123695373535,66.3774642944336,385.76416015625,63.278491973877,70.9678268432617,4346,757,9519.845703125,1658.19677734375,6,39,85.4288940429688,13.1429071426392,54,56,,,1.22667133808136,1.18286168575287,1.4062911272049,1.19874262809753,43,0,94.1908340454102,0,11.0882329940796,20.6547505594297,531.75647262507,384.693451152333,,,,956.133714731763,691.704562931766,,,1430,62.5372569083792
2011,SP,35016,São Paulo,58.1695539602202,34.4739322502513,30.8242064715316,100,89.4192910557143,100,78.6770665087914,95.6735660460865,99.2757663369296,,,,,1.26071608066559,21.2927856445312,77.2272186279297,,,,,,617.439025878906,133.915618896484,152.379913330078,1.48895823955536,354.873687744141,62.5558204650879,108.929916381836,405.958221435547,74.0022277832031,119.674629211426,586084,84626,5045.04736328125,728.4658203125,1838,17188,147.955368041992,15.8216171264648,13080,31421,,,2.70473909378052,1.12593448162079,2.6390962600708,1.02478325366974,16543,2718,142.403167724609,23.3967113494873,54.3467407226562,18.2515340028912,509.109568823281,383.591958614189,,,,915.4130665142,689.724005653271,,,204706,35.5869105930235
2011,TO,17007,Cantão,98.9960574977322,100,98.9960574977322,93.0940728656879,92.5502990755846,100,100,100,92.9309407286569,,,,,1.05429625511169,45.5983123779297,52.8202438354492,,,,,,503.351470947266,141.646636962891,97.8036346435547,3.35008382797241,363.728515625,85.1753311157227,89.3548889160156,401.557556152344,93.5691070556641,95.57861328125,8454,1245,7127.861328125,1049.70275878906,0,104,87.6860198974609,0,75,75,,,0.632351100444794,0.632351100444794,0.932928621768951,0.760929107666016,10,0,8.43134784698486,0,2.51844358444214,18.7742108496317,339.243489768664,194.631466591996,,,,609.982491552633,349.960398672019,,,11366,219.523146616234
2011,TO,17002,Bico do Papagaio,96.4153767255905,100,96.4153767255905,95.6174200661521,76.6813671444322,100,85.6394707828004,97.0507166482911,91.8412348401323,,,,,1.41824245452881,68.2703018188477,30.1167964935303,,,,,,504.401458740234,192.007797241211,111.75057220459,3.12185287475586,382.943298339844,128.423065185547,101.289260864258,426.261535644531,144.064636230469,109.402404785156,15724,3982,7987.1181640625,2022.68542480469,0,221,112.258529663086,0,105,128,,,0.650185167789459,0.533354997634888,0.712155938148499,0.532085120677948,0,0,0,0,1.36640477180481,18.7730361907564,335.25006309803,161.218740841445,,,,602.802043220236,289.882082307617,,,25851,335.251308339666
2011,TO,17005,Ilha do Bananal,97.5516771011857,100,84.450817856435,93.9103791650709,94.0635771734967,100,100,100,92.8379931060896,,,,,2.09580826759338,36.9760475158691,60.7035942077637,,,,,,496.43701171875,165.100769042969,100.42211151123,1.94285714626312,356.812744140625,98.8458786010742,91.0274353027344,398.003692626953,111.31746673584,99.5152130126953,11561,3009,6559.20947265625,1707.17590332031,10,238,135.030868530273,5.67356586456299,166,166,,,0.941811919212341,0.941811919212341,1.32860720157623,0.8923100233078,132,14,74.8910675048828,7.94299221038818,5.69172096252441,19.0285912944497,391.98592476489,228.602492713482,,,,704.816918387144,411.042576456224,,,13633,172.038051074891
2011,TO,17003,Sudeste,88.8076989694293,100,88.8076989694293,100,94.1661382371592,100,96.8928344958782,97.5903614457831,96.1318960050729,,,,,3.14341855049133,51.9973793029785,44.3352966308594,,,,,,485.012084960938,158.156112670898,95.9480438232422,3.26086950302124,374.377197265625,94.8987197875977,91.2663955688477,414.623321533203,107.605407714844,97.7516784667969,8173,2116,8617.3994140625,2231.05541992188,0,189,199.276702880859,0,71,59,,,0.622080683708191,0.748605608940125,0.759676516056061,0.748605608940125,0,0,0,0,3.29070138931274,19.9618762550033,375.758961945168,242.251631059807,,,,675.639753578895,435.584640393,,,11259,298.605141281809
2011,TO,17006,Capim Dourado,74.9008541793777,99.9088123723373,71.9165318195082,100,89.4867256637168,100,98.5132743362832,100,89.787610619469,,,,,1.53846156597137,44.9366035461426,52.5781898498535,,,,,,357.231079101562,84.5573577880859,82.6571884155273,2.65957450866699,350.126525878906,71.4377365112305,98.6097106933594,388.231628417969,80.9707412719727,106.273101806641,22721,3409,7195.609375,1079.61059570312,44,457,144.729263305664,13.9345455169678,329,494,,,1.56446945667267,1.04192399978638,2.18384408950806,1.01769685745239,139,47,44.0204963684082,14.8846282958984,14.6148052215576,17.1225337982576,448.840874960724,250.531205042904,,,,807.045922696718,450.471868356161,,,19505,140.607366207542
2011,TO,17001,Médio Norte Araguaia,89.3104892442414,100,88.168284789644,100,82.6333268216449,100,90.3106075405353,100,89.2947841375269,,,,,1.16723692417145,47.8567123413086,50.4930572509766,,,,,,460.783782958984,134.119674682617,103.253776550293,3.5087718963623,375.260864257812,93.4294815063477,99.0414962768555,416.531860351562,105.750274658203,106.760787963867,19042,3296,6997.00537109375,1211.11901855469,44,551,202.465591430664,16.1678524017334,317,291,,,1.06928288936615,1.16482019424438,1.3980598449707,1.19191980361938,90,10,33.0706062316895,3.67451167106628,4.30395555496216,19.6869384020758,331.729277803857,168.263806222656,,,,596.471435704595,302.549581210286,,,23428,192.885573233808
2011,TO,17004,Cerrado Tocantins Araguaia,94.9707602339181,100,94.9707602339181,99.1574109536576,83.4163155878974,100,88.4718498659517,99.6170049789353,95.6721562619686,,,,,1.92685806751251,52.2611083984375,45.6154136657715,,,,,,501.426025390625,158.519592285156,112.754524230957,2.51322746276855,362.989379882812,90.9082412719727,94.1304931640625,407.507171630859,104.640914916992,103.420860290527,12162,2875,8066.59130859375,1906.87805175781,0,227,150.560455322266,0,124,82,,,0.543874800205231,0.822444796562195,0.775353193283081,0.76938384771347,12,0,7.95914316177368,0,3.40651321411133,17.3870731740295,348.713756742106,195.704973234856,,,,627.010665175266,351.890635438409,,,15795,252.932140667402
2011,TO,17008,Amor Perfeito,99.3855829704886,100,98.5670053217223,100,86.1645299145299,100,93.2692307692308,95.8867521367521,87.8205128205128,,,,,1.14942526817322,39.8641586303711,58.6206893920898,,,,,,543.161071777344,150.616592407227,118.610565185547,3.63951468467712,393.393280029297,75.2798156738281,106.37183380127,433.148956298828,82.653190612793,114.979354858398,9836,2500,9259.154296875,2353.38427734375,0,146,137.437637329102,0,112,78,,,0.734255850315094,1.05431616306305,1.0001882314682,1.07314312458038,0,0,0,0,2.79770302772522,16.7773830003435,345.042701348896,189.514694215035,,,,620.409861967796,340.760099602655,,,10898,255.847486570192
2012,AC,12002,Baixo Acre e Purus,80.7330108916984,98.8709724052191,66.0496631710249,100,75.3808653260207,88.0255941499086,77.4629291082673,100,95.8561852528946,18.7893560836888,,,,4.50405359268188,53.7784004211426,40.0460395812988,,,,,,440.777038574219,115.881385803223,86.5221786499023,7.71945285797119,404.651275634766,99.5018310546875,94.4147491455078,450.027130126953,112.267807006836,101.695251464844,32855,5815,6388.05859375,1130.62121582031,48,929,180.627197265625,9.33272933959961,482,618,,,1.20158886909485,0.937161564826965,1.52483189105988,0.988297164440155,136,7,26.4427337646484,1.36102306842804,7.85621356964111,15.4130550588831,240.817166464072,143.226578789828,,,,409.118600101131,243.324254130825,,,41619,234.190996078708
2012,AC,12001,Alto Acre,89.9334359111587,100,89.9334359111587,69.8319941563185,75.1643535427319,90.7231555880204,76.4791818845873,95.763330898466,91.745799853908,13.2213294375457,,,,7.13743352890015,56.0364456176758,35.9149589538574,,,,,,443.773010253906,108.58275604248,89.6987991333008,16.6666660308838,374.187866210938,79.6052703857422,86.2041931152344,410.181915283203,87.40625,91.5047988891602,4633,1366,7290.78125,2149.62377929688,0,75,118.02473449707,0,58,40,,,0.629465281963348,0.912724614143372,0.900922179222107,1.10471153259277,0,0,0,0,0.632612586021423,15.7535111382526,281.302054297305,131.047066861563,,,,477.897420476691,222.632768788769,,,6268,293.027064513653
2012,AC,12003,Juruá e Tarauacá/Envira,93.3519798775456,97.3008633086415,93.3519798775456,100,70.5778092874867,72.6869904289259,54.3778801843318,84.686281460475,80.2020560085076,12.9563984402694,,,,13.7451305389404,60.4155082702637,25.6167678833008,,,,,,345.036895751953,72.8359298706055,74.7035217285156,13.6671180725098,346.324310302734,68.8570709228516,83.0952301025391,383.818145751953,78.1409378051758,88.5086898803711,14136,3700,6600.05615234375,1727.51892089844,0,324,151.274627685547,0,139,108,,,0.504248738288879,0.64898681640625,0.890255868434906,0.778200566768646,27,10,12.606219291687,4.66897010803223,1.02623963356018,15.6663564155022,242.555483556448,96.4101916383101,,,,412.071785979892,163.788999005733,,,22882,391.651387917915
2012,AL,27010,10ª Região de Saúde,80.6152394927156,100,80.6152394927156,72.1622505724567,69.1854759568204,87.4059535492313,75.6624141315015,89.2705266601243,87.7330716388616,28.9826627412496,,,,3.64298725128174,43.5336990356445,52.1311492919922,,,,,,487.739654541016,150.269653320312,124.16349029541,13.3159265518188,364.574279785156,87.9347076416016,109.22193145752,403.603454589844,97.8288269042969,117.887832641602,8334,2404,5306.556640625,1530.71301269531,0,153,97.4205856323242,0,81,77,,,0.490286588668823,0.515756011009216,0.512413144111633,0.530082583427429,0,0,0,0,3.34604692459106,18.2068048648111,372.058116164019,194.130912912835,,,,632.080751867817,329.804425878015,,,24383,459.245067084296
2012,AL,27005,5ª Região de Saúde,88.8889888691928,96.5937210369557,84.4348663313327,97.016107736995,77.6076049643517,94.2698706099815,86.3216266173752,83.8658568787959,87.9588064430948,21.5209928703459,,,,6.71728992462158,47.1962623596191,45.882007598877,,,,,,513.305847167969,168.776000976562,106.411743164062,3.65335607528687,443.297760009766,132.267562866211,105.218368530273,496.499359130859,150.72526550293,113.898010253906,11607,2668,5061.9716796875,1163.55139160156,7,264,115.134017944336,3.05279588699341,107,107,,,0.466641664505005,0.466641664505005,0.649809420108795,0.45290407538414,13,0,5.66947793960571,0,2.76278042793274,16.7394573791096,372.618867239852,139.799519085635,,,,633.033398635148,237.50210328822,,,31057,353.450220101769
2012,AL,27007,7ª Região de Saúde,95.1462925851703,100,92.2124248496994,86.9244326944261,79.8193434677242,91.4298303591099,89.8105309539546,87.0345891165455,88.5437320995814,32.6613791584049,,,,11.689263343811,43.7522888183594,44.4607315063477,,,,,,532.044738769531,156.058654785156,86.7209548950195,16.0792942047119,393.655822753906,98.4862747192383,77.0155487060547,439.029418945312,111.103164672852,82.6415634155273,27596,5513,5389.98046875,1076.78515625,56,698,136.331588745117,10.9377775192261,345,457,,,0.892600774765015,0.673845231533051,1.06643331050873,0.679362952709198,151,20,29.4929370880127,3.90634918212891,3.86669969558716,21.4909480797784,465.606879455293,154.360588151182,,,,791.008537793028,262.23955983894,,,74637,394.351304137042
2012,AL,27004,4ª Região de Saúde,94.0395930594182,100,94.0395930594182,82.9404714342789,74.9500599280863,91.5701158609668,80.663204155014,84.938074310827,86.6160607271274,26.3284059129045,,,,3.09623432159424,54.4769859313965,41.5481185913086,,,,,,541.260681152344,182.047729492188,103.927627563477,4.51030921936035,438.965515136719,130.908554077148,96.9954681396484,486.52783203125,145.07975769043,104.802680969238,7847,1664,5473.2890625,1160.64147949219,0,206,143.685180664062,0,75,75,,,0.523125648498535,0.523125648498535,0.719297766685486,0.534983158111572,0,0,0,0,2.38894033432007,16.6286933785405,406.617821638576,146.760760272358,,,,690.793419786229,249.328391634251,,,25125,477.027770016256
2012,AL,27001,1ª Região de Saúde,58.0089848232996,42.1865214108949,44.3193166930163,100,68.0075168876022,93.5496978008025,76.2303824470517,92.528823200772,96.9881659810046,31.0833460307786,,,,3.81438422203064,48.161205291748,46.4250030517578,,,,,,606.922912597656,180.005569458008,124.031234741211,1.90953409671783,470.995819091797,124.373748779297,114.803695678711,526.554260253906,141.109176635742,124.211845397949,60658,8928,4985.7431640625,733.830932617188,125,2034,167.183258056641,10.2742910385132,717,2035,,,1.67265450954437,0.589333295822144,2.02154898643494,0.60055285692215,767,115,63.0430488586426,9.45234775543213,22.6646747589111,20.2765581530889,447.726484539104,197.006086508987,,,,760.631956900662,334.68899043783,,,123719,253.649912618985
2012,AL,27008,8ª Região de Saúde,100,100,100,98.4557438794727,84.4444444444444,86.4406779661017,78.4180790960452,86.9303201506591,91.789077212806,25.5743879472693,,,,3.00240182876587,48.7990379333496,46.8374710083008,,,,,,694.2275390625,225.671752929688,138.973007202148,6.70339775085449,444.222503662109,117.133773803711,107.973747253418,494.824127197266,131.719146728516,117.329177856445,9333,2051,5949.7021484375,1307.49365234375,16,149,94.9861373901367,10.1998529434204,69,84,,,0.535492300987244,0.439868688583374,0.930258512496948,0.540910959243774,33,2,21.0371971130371,1.27498161792755,32.6095695495605,18.2565311068923,454.448362031222,136.462419444426,,,,772.051595915627,231.832783473293,,,26008,439.340342259931
2012,AL,27003,3ª Região de Saúde,96.2963135399886,100,93.3212592999544,100,82.5384997516145,95.3800298062593,85.7675111773472,96.2990561351217,96.0506706408346,21.7337307501242,,,,5.57154083251953,52.733455657959,41.2764854431152,,,,,,595.963256835938,173.652145385742,105.918716430664,14.3401985168457,493.331390380859,136.361206054688,101.181510925293,547.7353515625,153.488876342773,109.518508911133,11849,2017,5386.39892578125,916.901550292969,0,244,110.919174194336,0,107,112,,,0.509137213230133,0.486407846212387,0.76484227180481,0.510728240013123,4,0,1.81834709644318,0,1.80607330799103,17.2779076685158,402.730443205846,142.414257613978,,,,684.189244320611,241.944220858379,,,35420,432.844189159008
2012,AL,27009,9ª Região de Saúde,88.1905427624348,100,88.1907625755058,89.0385508592661,79.3311658151417,91.1751045053414,85.9730608453321,92.1272642823967,95.2392011147236,31.6999535531816,,,,3.3292829990387,51.4702301025391,43.9854202270508,,,,,,545.041931152344,171.690353393555,126.305877685547,8.40534210205078,387.963684082031,97.8377075195312,99.5592193603516,430.105590820312,110.814720153809,108.908660888672,11322,1456,4847.57666015625,623.394409179688,10,250,107.038879394531,4.28155517578125,116,75,,,0.321116626262665,0.496660381555557,0.596848785877228,0.489809900522232,7,0,2.99708843231201,0,1.59916079044342,18.0721274309,476.784889466537,137.730289435736,,,,809.998595166694,233.986737876008,,,40126,501.221592455253
2012,AL,27006,6ª Região de Saúde,98.1175859910536,100,98.1175859910536,84.9856733524355,85.5873925501433,94.5272206303725,92.5501432664756,90.458452722063,92.1776504297994,29.541547277937,,,,4.23875427246094,55.5363311767578,39.9077262878418,,,,,,540.008850097656,170.398376464844,94.3897705078125,8.83164691925049,421.810455322266,108.663055419922,92.284065246582,467.255737304688,124.54711151123,98.3057708740234,10891,2445,5410.52099609375,1214.64733886719,39,400,198.715301513672,19.3747425079346,114,140,,,0.69550359249115,0.56633859872818,0.766544282436371,0.627195179462433,10,0,4.96788263320923,0,2.53610420227051,21.4702530161263,492.34348284546,178.488018221157,,,,836.430722228855,303.229081305379,,,30475,403.035044783747
2012,AL,27002,2ª Região de Saúde,99.3648382092906,100,99.3648382092906,95.5114822546973,83.0549756437022,100,88.0306193458594,89.7355601948504,95.4766875434934,24.0083507306889,,,,2.69891333580017,57.6586036682129,38.9765167236328,,,,,,484.943206787109,163.71484375,115.96467590332,4.60358047485352,412.468414306641,122.576187133789,113.859039306641,458.242218017578,137.725341796875,123.419921875,7915,1294,4908.3447265625,802.450744628906,0,124,76.8963623046875,0,71,66,,,0.409287095069885,0.440293699502945,0.622457444667816,0.477501600980759,0,0,0,0,1.3853747844696,17.6955690522159,343.958082248196,143.183613213837,,,,584.342267492987,243.25126092789,,,25320,424.204219265446
2012,AM,13008,Triângulo,72.402713027713,100,68.7605218855219,100,60.4446012702893,85.4269583627382,72.4064925899788,87.4382498235709,95.4128440366973,24.8764996471418,,,,5.58739233016968,60.6733512878418,32.9512901306152,,,,,,285.395416259766,84.5025482177734,72.5446395874023,8.3798885345459,290.994995117188,96.4789505004883,72.2332382202148,321.409393310547,109.268920898438,77.1024475097656,5508,1455,4390.94384765625,1159.91711425781,0,186,148.278060913086,0,72,41,,,0.326849490404129,0.573979616165161,0.449019461870193,0.645727038383484,13,1,10.3635206222534,0.797193884849548,1.88616073131561,17.3374602318134,347.474062401716,168.51953501125,,,,590.315483188165,286.293860466057,,,14820,415.02391069218
2012,AM,13009,Alto Solimões,54.4874017441376,99.5576017450153,54.4874017441376,100,65.622788393489,93.241330502477,75.7430997876858,93.0113234253362,100,31.8648266100495,,,,2.99287414550781,58.4164695739746,34.1884384155273,,,,,,307.638336181641,81.2952499389648,86.4296875,13.0737133026123,290.959228515625,77.4886093139648,82.3548812866211,317.966064453125,85.6497192382812,87.0909118652344,5459,1222,2335.74072265625,522.856811523438,0,288,123.22647857666,0,124,64,,,0.273836612701416,0.530558466911316,0.316516637802124,0.554947018623352,0,0,0,0,0.511304318904877,14.9592644981155,193.018489233897,108.474674059699,,,,327.914555546391,184.285063433597,,,27490,420.325976263756
2012,AM,13002,Rio Negro e Solimões,71.1488286399393,100,67.6282941445688,95.7800069180214,52.2656520235213,72.2587340020754,61.916291940505,82.1342096160498,100,18.2462815634728,,,,8.05100917816162,61.0582427978516,28.7780742645264,,,,,,308.899475097656,72.5274887084961,58.9990463256836,14.1119222640991,298.452239990234,65.8535232543945,63.9612312316895,333.764434814453,75.4028701782227,68.0488357543945,9696,2190,3643.66088867188,822.980285644531,0,319,119.877044677734,0,134,103,,,0.387063801288605,0.503558754920959,0.456772863864899,0.545835137367249,0,0,0,0,1.41973495483398,22.4409206657157,399.595265231115,213.666287785331,,,,678.862964458908,362.992613155681,,,30693,376.37524899222
2012,AM,13003,Rio Madeira,72.0390575350277,100,69.6692344699377,88.8039867109635,59.202657807309,80.9966777408638,71.2292358803987,94.21926910299,100,17.6079734219269,,,,6.04261255264282,48.5853996276855,44.498779296875,,,,,,296.442138671875,59.7436141967773,58.605640411377,16.1228408813477,276.666076660156,49.0628318786621,57.2077903747559,308.238830566406,55.3576850891113,61.7004928588867,6147,1577,3497.56201171875,897.292175292969,0,257,146.229614257812,0,76,53,,,0.301562994718552,0.43242996931076,0.350353628396988,0.451775521039963,0,0,0,0,0.667990505695343,22.8665617886173,341.941518144867,167.37303588034,,,,580.916374334779,284.34610015336,,,17729,322.48832686383
2012,AM,13001,Manaus,56.5414815649599,44.9913205676344,37.1466719721813,100,72.7492085980564,92.139109645142,79.6537754853563,94.3328979700263,100,26.4272906382131,,,,6.45714664459229,51.1086654663086,31.7160472869873,,,,,,460.177429199219,85.8589630126953,89.4530563354492,12.2167587280273,430.215454101562,77.3668823242188,97.7172546386719,481.09130859375,88.1942749023438,105.653129577637,115330,22476,5117.37158203125,997.295104980469,202,3474,154.146789550781,8.96305465698242,1521,2783,,,1.23486042022705,0.674891352653503,1.25651371479034,0.6451735496521,1036,221,45.9689331054688,9.80611419677734,23.6646823883057,22.5866294285036,318.010416452765,251.521735359228,,,,540.260390515572,427.304339537301,,,162676,194.53438247709
2012,AM,13005,Baixo Amazonas,74.0817311005444,100,71.3252015712218,100,64.3106636531744,79.8438463118964,70.9471953975755,89.0692418327512,94.5551674542839,16.2523114855147,,,,5.70751667022705,59.1858711242676,34.697395324707,,,,,,339.638153076172,94.1965179443359,58.3753089904785,24.8697910308838,273.953735351562,69.0396347045898,57.8723335266113,305.125122070312,78.5086669921875,62.0978546142578,9270,1497,4099.53857421875,662.029052734375,0,323,142.84260559082,0,119,65,,,0.287454187870026,0.526262283325195,0.422336518764496,0.578225135803223,0,0,0,0,0.76374363899231,30.0905225159821,372.065380696029,202.717952995545,,,,632.093093409784,344.392745594728,,,27443,417.761041028894
2012,AM,13006,Regional Purus,74.1342625944479,100,70.7919382130711,100,57.1060541004723,80.0343495062259,64.1477028767711,79.4761700300558,97.7672820953199,14.8561614426793,,,,1.74840080738068,60.0852890014648,36.3752670288086,,,,,,294.387176513672,72.1775741577148,64.8787155151367,25.6198348999023,290.250885009766,68.8570556640625,69.3814086914062,319.255187988281,77.073616027832,73.8104019165039,4705,1362,3815.67944335938,1104.56018066406,0,177,143.544158935547,0,50,35,,,0.283844381570816,0.405491977930069,0.310404121875763,0.466315776109695,0,0,0,0,0.424955606460571,20.3200521885705,320.949616315554,198.589059390408,,,,545.253727788565,337.378265703187,,,16994,445.503045105108
2012,AM,13007,Regional Juruá,69.7703812934485,100,69.7703812934485,100,46.4682681964862,62.136966654715,51.2011473646468,75.8336321262101,74.7221226245966,14.5930441018286,,,,12.8617362976074,51.554126739502,35.1911392211914,,,,,,310.224456787109,68.0387802124023,71.2787246704102,27.4151439666748,319.504364013672,66.9990615844727,68.2252578735352,347.764831542969,74.2081451416016,72.2196960449219,3901,1267,3159.75341796875,1026.25158691406,0,212,171.716918945312,0,54,39,,,0.315894335508347,0.437392175197601,0.345863819122314,0.440834611654282,0,0,0,0,1.91966569423676,16.998409705923,253.402962014369,155.293719481772,,,,430.500311099151,263.824834631792,,,16968,449.75432220866
2012,AM,13004,Médio Amazonas,93.3966075650901,99.2038838809667,87.435671565673,98.6533041027247,79.2045098653304,91.3874099592859,80.4885687441278,100,98.1208894456624,20.0438459129345,,,,3.87984991073608,52.1276588439941,40.7384223937988,,,,,,340.717681884766,81.0321044921875,69.5472412109375,24.7191009521484,292.329223632812,60.0063362121582,68.0368118286133,324.993103027344,68.848762512207,72.2630157470703,6123,1716,3906.76831054688,1094.89050292969,0,235,149.941299438477,0,101,65,,,0.41473126411438,0.644428551197052,0.519052088260651,0.565470099449158,0,0,0,0,1.30608439445496,17.3641805240678,351.325205592428,168.27963096781,,,,596.858099456379,285.886293149108,,,17703,357.106836410015
2012,AP,16002,Área Norte,75.9602169981917,74.4936708860759,68.745027124774,92.953667953668,81.5637065637066,91.988416988417,85.6177606177606,86.5830115830116,82.8185328185328,9.55598455598456,,,,10.4591836929321,72.1938781738281,15.561224937439,,,,,,267.583465576172,47.4198532104492,52.5005493164062,23.4177207946777,306.370910644531,64.7626876831055,52.222282409668,338.614685058594,75.3446578979492,58.3524436950684,1947,422,3297.37329101562,714.684936523438,0,113,191.372970581055,0,24,17,,,0.287906229496002,0.406455874443054,0.389520198106766,0.469964593648911,0,0,0,0,1.58009719848633,16.133211839388,277.519786053429,109.664346147246,,,,471.471814230003,186.306169263314,,,5559,301.180428279867
2012,AP,16001,Área Central,87.1553546085268,77.5307681829965,58.8807016156317,100,74.2446496013428,87.5891733109526,76.6680654637012,98.0486781368024,96.0449013848091,20.0902224087285,,,,4.57365894317627,60.7185745239258,34.387508392334,,,,,,373.979461669922,65.3896789550781,82.9231872558594,9.15609455108643,384.853515625,69.6669845581055,93.4988098144531,426.414642333984,78.8187408447266,99.4656600952148,25274,3479,5213.4345703125,717.63623046875,26,765,157.80158996582,5.3631911277771,359,518,,,1.06851267814636,0.74053293466568,1.19779658317566,0.770082056522369,158,24,32.5917015075684,4.95063781738281,11.9526968002319,15.8258066090268,268.233282326052,138.129443685941,,,,455.695192236798,234.664851610449,,,28245,174.650343130938
2012,AP,16003,Área Sudoeste,78.4384114875477,91.6702622782946,68.5145233944875,100,65.7457081545064,83.3154506437768,70.0643776824034,80.6062231759657,82.4839055793991,6.49141630901288,,,,4.91143321990967,64.0633392333984,29.8443374633789,,,,,,341.510040283203,70.5823593139648,75.4688262939453,12.2416534423828,361.605834960938,75.7924194335938,89.8504409790039,400.478515625,84.075325012207,95.6957473754883,9447,1567,5129.16552734375,850.788879394531,0,164,89.0423583984375,0,64,61,,,0.331194132566452,0.34748238325119,0.675961792469025,0.383452236652374,24,8,13.0305891036987,4.34352970123291,4.65192031860352,15.6035642844841,233.679305356113,90.9019720491627,,,,396.99225633967,154.431214756171,,,19613,340.192476411002
2012,BA,29023,Seabra,83.9654439881037,100,80.5664919983005,100,81.7939946788293,93.3485366780692,81.832003040669,89.0535917901938,97.3394146712277,10.7943747624477,,,,3.84018611907959,37.1605911254883,58.2622184753418,,,,,,439.774688720703,110.220603942871,74.2189025878906,19.2695217132568,263.403656005859,54.1187744140625,58.7950859069824,290.475524902344,59.4625015258789,63.1810836791992,14941,7111,8275.4072265625,3938.58666992188,0,318,176.131423950195,0,81,67,,,0.37109449505806,0.448636651039124,0.591674208641052,0.516901433467865,10,0,5.53872394561768,0,1.63336968421936,18.9034640258364,327.297406452414,167.330571892843,,,,556.037838625263,284.273959087278,,,29610,450.529200838398
2012,BA,29017,Paulo Afonso,83.0037933465373,96.1147571251133,81.7449394071637,100,88,96.0246913580247,94.8641975308642,100,100,2.98765432098765,,,,5.48654222488403,41.3561058044434,51.9409942626953,,,,,,506.372680664062,154.042175292969,120.857559204102,2.34627842903137,337.526397705078,79.7384567260742,103.196998596191,372.671417236328,89.1075134277344,110.535453796387,10464,1742,4286.9609375,713.674133300781,0,251,102.831344604492,0,147,174,,,0.712854743003845,0.602239370346069,0.761607468128204,0.651811420917511,26,0,10.6518526077271,0,6.46198701858521,20.5416037833901,493.772185860615,184.628814073864,,,,838.857912059643,313.661534438412,,,36566,408.098940562054
2012,BA,29001,Alagoinhas,82.6864699930189,96.8455607238385,82.6864699930189,78.5628582855619,78.2828956139181,91.374483402213,81.749100119984,94.2274363418211,99.5467271030529,7.57232369017464,,,,3.66385173797607,48.8695182800293,45.341869354248,,,,,,564.545104980469,162.043563842773,86.3330993652344,13.8556280136108,378.657043457031,86.4937896728516,78.0736312866211,420.122955322266,97.2807769775391,82.8729629516602,24095,4754,4653.6826171875,918.182495117188,10,636,122.836364746094,1.93138933181763,323,388,,,0.74937903881073,0.623838722705841,0.767196118831635,0.643973469734192,103,5,19.893310546875,0.965694665908813,7.66491174697876,18.7508936729769,331.331920721816,160.948849369807,,,,562.891979690958,273.432201320612,,,71329,355.529632790897
2012,BA,29019,Ribeira do Pombal,70.8111539776334,96.613761781511,69.5121355667334,79.7738147020444,76.9899956502827,88.4949978251414,74.8586341887777,92.8447150935189,91.2570682905611,6.43758155719878,,,,4.66010093688965,47.7540245056152,47.3216438293457,,,,,,501.612091064453,115.327377319336,88.3556518554688,24.7836837768555,297.638732910156,50.2832679748535,73.303092956543,327.106567382812,56.3477172851562,77.2096710205078,15417,5310,4779.57568359375,1646.20532226562,7,399,123.697914123535,2.17013883590698,158,109,,,0.337921619415283,0.489831358194351,0.524786114692688,0.55044025182724,29,0,8.99057579040527,0,1.01531493663788,18.6481394267096,272.158055602534,143.002475151886,,,,462.362896919836,242.94352974984,,,53826,447.104450278014
2012,BA,29025,Serrinha,74.4695242112478,99.7681691459002,72.6653792667093,96.5633864281039,75.3436613571896,97.3379882173249,80.8095134191578,93.0176740126555,100,6.18590442941305,,,,7.73506259918213,44.7660942077637,46.479850769043,,,,,,506.288421630859,120.119728088379,76.9415588378906,27.5408782958984,301.890716552734,58.9863624572754,66.6478042602539,332.641693115234,66.9179000854492,70.4242248535156,37714,12530,6121.8857421875,2033.91918945312,0,1017,165.083465576172,0,285,225,,,0.365228921175003,0.462623298168182,0.644750773906708,0.51842212677002,120,0,19.478874206543,0,2.33356928825378,18.0116343179374,293.519618289186,120.360849510593,,,,498.653551571483,204.478206357864,,,104120,450.882631896614
2012,BA,29015,Jequié,81.028935031755,95.9401374644991,73.0811410115812,95.8699808795411,81.3256851497769,91.8036966220523,88.1963033779477,95.9719566602932,100,3.36520076481836,,,,4.90581369400024,45.8734245300293,48.1501541137695,,,,,,633.981140136719,191.163009643555,92.7150497436523,18.7090740203857,375.644012451172,89.4408187866211,75.975212097168,416.881103515625,100.955924987793,81.4120788574219,46927,17928,9276.8427734375,3544.12670898438,10,1303,257.585723876953,1.97686672210693,397,275,,,0.543638348579407,0.784816086292267,1.05989706516266,0.852474331855774,204,0,40.3280792236328,0,4.49124336242676,17.9991477626896,354.538733416365,165.488365704644,,,,602.317486027608,281.144278475717,,,74737,372.626939982348
2012,BA,29026,Teixeira de Freitas,95.3063137657987,100,94.3569647479823,100,77.2418572418572,91.3374913374913,80.9009009009009,96.3548163548164,100,9.45252945252945,,,,1.63362193107605,48.4920425415039,48.0871276855469,,,,,,572.407348632812,151.608093261719,92.585090637207,12.3331985473633,413.285034179688,89.5812377929688,81.5227737426758,459.757873535156,101.071624755859,87.5922775268555,28102,6980,6504.5654296875,1615.60986328125,22,734,169.893646240234,5.0921802520752,307,304,,,0.703646719455719,0.710590600967407,0.837084949016571,0.755436480045319,157,2,36.3396492004395,0.462925463914871,8.46783256530762,18.2221757141453,447.386158451228,166.589480894118,,,,760.053784942681,283.014937081506,,,47766,283.358379678023
2012,BA,29012,Itabuna,77.2048421291888,99.7213698726766,68.8032228609945,80.8393490762266,63.3060075859538,76.9729597455035,69.2034748562339,74.2322280680289,78.2699131285942,3.98874342346752,,,,3.71447443962097,56.4970245361328,39.0085906982422,,,,,,721.390258789062,179.913681030273,108.565277099609,18.6848430633545,463.424407958984,96.0379486083984,88.4742126464844,513.958801269531,108.418411254883,95.2533493041992,34681,9916,6687.65966796875,1912.13732910156,21,1216,234.485580444336,4.04950428009033,481,449,,,0.865822553634644,0.927529275417328,1.31565499305725,1.01064050197601,171,32,32.9745330810547,6.17067289352417,8.20101737976074,16.3431341713603,337.499544869515,137.992919272602,,,,573.370010781125,234.432913507011,,,68789,333.962397931237
2012,BA,29022,Santo Antônio de Jesus,90.4165508937668,98.8487542835973,88.5688154116884,84.9953689410312,81.4603272615005,94.643408459401,89.796233405372,94.9367088607595,95.862920654523,6.69959864155604,,,,4.23923778533936,47.3710136413574,47.7653617858887,,,,,,614.693542480469,199.561187744141,101.246299743652,10.3448276519775,387.326690673828,100.938735961914,83.6736679077148,431.468017578125,113.337852478027,90.5863571166992,28757,7801,6484.49853515625,1759.06994628906,10,963,217.149627685547,2.25492882728577,281,292,,,0.658439159393311,0.633634984493256,0.996171116828918,0.660863220691681,77,20,17.3629512786865,4.50985765457153,3.35285353660583,18.6647754604227,355.639153467348,148.581871325016,,,,604.186963679021,252.422234217949,,,64255,363.268013981975
2012,BA,29006,Feira de Santana,78.100007495149,99.6951047423936,69.7270007652455,100,81.9848447812271,100,88.810804204351,100,100,2.352725494989,,,,34.2504692077637,31.3902168273926,31.3418388366699,,,,,,585.125671386719,152.0029296875,97.9414291381836,13.5817680358887,386.766204833984,80.4769287109375,85.799072265625,429.641754150391,91.076545715332,91.7350006103516,57719,10468,5200.626953125,943.193054199219,61,1604,144.524429321289,5.49625301361084,827,986,,,0.888410747051239,0.74514776468277,1.37708175182343,0.813355326652527,328,34,29.5536231994629,3.06348538398743,11.0147619247437,24.6048989747521,378.115882371672,164.372046695449,,,,642.372147896615,279.24779045946,,,133511,308.51975725596
2012,BA,29010,Irecê,83.4983256089443,97.5973817231927,83.4983256089443,100,76.9380134428678,91.4264376400299,85.1530993278566,92.9350261389096,97.7744585511576,9.90291262135922,,,,2.56410264968872,47.7999382019043,49.2402648925781,,,,,,451.906372070312,108.893104553223,86.8669967651367,10.5695505142212,311.341857910156,57.6890106201172,73.1986694335938,344.335540771484,64.8944854736328,77.8664703369141,30449,14744,7535.64990234375,3648.90893554688,20,823,203.679595947266,4.9496865272522,233,158,,,0.391025215387344,0.576638460159302,0.78576272726059,0.629043281078339,74,5,18.3138389587402,1.23742163181305,1.36116373538971,19.9108152946939,373.427622580417,157.605540629823,,,,634.407373994192,267.752333014328,,,67327,442.37474828853
2012,BA,29028,Vitória da Conquista,72.2191224635831,100,67.2731685942962,96.0104250200481,82.0569366479551,90.2766639935846,88.1415396952686,95.3388131515638,94.5870088211708,8.79109863672815,,,,1.45853292942047,45.970401763916,49.4517211914062,,,,,,602.616821289062,149.647262573242,98.9902648925781,17.5064258575439,369.659912109375,72.3751449584961,79.6877288818359,409.685180664062,81.2411422729492,84.8733749389648,40120,10431,6215.16357421875,1615.91162109375,36,1246,193.023284912109,5.57691669464111,434,559,,,0.865971207618713,0.672328293323517,1.21104288101196,0.698431313037872,328,23,50.8119049072266,3.56303000450134,7.67925930023193,20.4260494100889,406.565971126675,146.347127241812,,,,690.705332175388,248.625680241633,,,82123,326.754864234299
2012,BA,29011,Itaberaba,84.7888301455429,96.8209189818122,84.3715936230582,89.8096844133944,70.3204047217538,88.4365213201638,84.5097566851361,89.2796916405685,97.085039749458,1.44543483497952,,,,4.27114915847778,52.3835754394531,42.9870491027832,,,,,,579.120483398438,177.053405761719,91.9238891601562,19.5307102203369,358.18896484375,87.9599609375,78.6050872802734,398.685791015625,99.6859741210938,84.6118545532227,15591,5891,6231.24072265625,2354.45043945312,0,450,179.851089477539,0,131,93,,,0.37169224023819,0.523566484451294,0.684932887554169,0.544748961925507,39,0,15.5870943069458,0,1.84327375888824,19.178549625412,362.132720766059,158.758913267782,,,,615.218731895211,269.711770565917,,,42528,455.505042423778
2012,BA,29024,Senhor do Bonfim,70.7206468121948,100,66.4686106873427,91.5923824959481,73.2779578606159,87.8849270664506,77.4108589951378,83.1239870340357,90.2350081037277,4.3354943273906,,,,4.4388222694397,41.3983459472656,53.7718505859375,,,,,,519.739868164062,121.044677734375,78.3029098510742,28.8815784454346,324.173461914062,62.0444679260254,66.504508972168,359.50390625,70.349006652832,70.6750335693359,21657,5149,7405.26708984375,1760.61877441406,0,482,164.812240600586,0,86,93,,,0.317998737096786,0.294063329696655,0.540768802165985,0.523073732852936,73,0,24.9611911773682,0,5.43675231933594,18.5517912311693,337.923360412967,130.757642607406,,,,574.090021004584,222.141072754659,,,46881,412.814533132623
2012,BA,29002,Barreiras,66.8942390074213,97.0619355187152,62.283873786956,96.6040462427746,95.1156069364162,100,100,100,100,5.20231213872832,,,,1.34805679321289,35.2789344787598,63.215259552002,,,,,,414.087524414062,81.5842514038086,85.8531951904297,10.7101945877075,330.826995849609,58.8743171691895,82.6666564941406,366.963287353516,66.9649276733398,88.433837890625,22874,5296,5424.87841796875,1256.01806640625,24,672,159.373886108398,5.69192457199097,295,302,,,0.716233849525452,0.699632406234741,0.868789315223694,0.797165870666504,134,1,31.7799129486084,0.237163528800011,4.15700244903564,19.9282462627309,506.049235707757,241.705204572164,,,,859.715102269892,410.627267082616,,,51054,327.585119034959
2012,BA,29003,Brumado,87.4902431178133,99.6159591420428,85.7994658340794,93.5854025583145,90.8013544018059,94.5447705041385,90.7637321294206,95.9367945823928,100,8.10759969902182,,,,2.48921990394592,29.6942367553711,67.5617370605469,,,,,,556.424865722656,171.797103881836,100.853546142578,8.66281700134277,292.607299804688,62.3527984619141,74.944221496582,322.469970703125,69.780647277832,80.7199935913086,23181,7503,5730.11279296875,1854.66711425781,0,611,151.033126831055,0,287,223,,,0.55123382806778,0.70943546295166,0.776423990726471,0.764744281768799,117,0,28.9212379455566,0,2.1072952747345,20.3257350175838,405.19456928185,169.533184368273,,,,688.375489950395,288.015925433549,,,58389,366.496151344615
2012,BA,29009,Ilhéus,64.1241586608937,79.1937340488895,55.3942913926496,71.8828290614762,55.7140104066294,68.992098670264,60.6475236076315,73.4438234727308,81.1524378492966,2.42821352861823,,,,7.49581241607666,67.4623107910156,24.8953094482422,,,,,,612.772521972656,175.876892089844,84.2096099853516,16.3793106079102,422.85400390625,101.445594787598,72.2094116210938,467.288238525391,113.822296142578,76.6492538452148,22208,5293,6900.837890625,1644.72863769531,14,473,146.978393554688,4.35031175613403,282,256,,,0.795485615730286,0.876277148723602,1.07662451267242,0.893289983272552,110,0,34.181022644043,0,7.40236663818359,16.400463626572,293.318839153172,125.744243071938,,,,498.312452636295,213.623926615061,,,44194,352.775208120141
2012,BA,29008,Ibotirama,67.3677952819737,97.9430918474883,63.5901315967249,91.4482306684142,82.0117955439056,86.4023591087811,85.2228047182176,89.8427260812582,84.2070773263434,1.01572739187418,,,,1.6416347026825,53.684944152832,44.2193489074707,,,,,,468.463562011719,131.608489990234,78.3383941650391,14.938684463501,295.460571289062,62.9776763916016,68.6915817260742,325.673492431641,71.4311218261719,71.8241729736328,10647,3578,5560.458984375,1868.63171386719,0,247,128.997222900391,0,102,66,,,0.344688922166824,0.532701075077057,0.519252955913544,0.593805015087128,28,0,14.6231660842896,0,0.944760978221893,19.5214868049899,305.969799314364,157.2779120406,,,,519.804870253685,267.195732537111,,,30983,462.265459201422
2012,BA,29018,Porto Seguro,85.8292342959831,99.6443341128224,85.8292342959831,93.0105853051058,78.4869240348692,89.0566625155666,86.2702366127024,98.645703611457,100,6.10211706102117,,,,3.83252811431885,44.9597434997559,50.499195098877,,,,,,531.626586914062,147.782699584961,101.129180908203,5.83289527893066,432.072631835938,105.473999023438,98.8392181396484,480.281158447266,119.755416870117,106.22673034668,21948,4676,6131.44580078125,1306.29846191406,5,515,143.871627807617,1.39681196212769,309,275,,,0.768246531486511,0.863229751586914,1.05354535579681,0.90436589717865,69,9,19.2760047912598,2.51426148414612,8.3333797454834,15.8250610972556,380.979180381799,133.593824171118,,,,647.236537303632,226.959394670889,,,39281,285.056279743161
2012,BA,29021,Santa Maria da Vitória,74.146171241289,99.8528913688287,71.9292783808471,100,100,100,100,100,100,4.96436470877365,,,,2.6196928024292,47.0867195129395,50.0903358459473,,,,,,430.116912841797,108.954010009766,75.0944519042969,20.6547145843506,286.664276123047,60.2569923400879,65.7824249267578,315.259643554688,67.3478698730469,69.6358947753906,15290,6641,5125.8671875,2226.34936523438,0,497,166.615814208984,0,153,97,,,0.325185805559158,0.512921929359436,0.618272125720978,0.572176158428192,26,0,8.71632099151611,0,1.71610939502716,19.7410651278566,371.997760526549,177.950793784096,,,,631.978215099893,302.316403389357,,,46943,421.44191735561
2012,BA,29013,Itapetinga,80.014780799907,99.021809983683,80.014780799907,89.2970783916691,69.8004049754122,89.4995660977726,81.8339600809951,93.7518079259473,98.4958056118021,2.11165750650853,,,,3.69508290290833,52.1966819763184,43.4681396484375,,,,,,591.024719238281,169.329391479492,91.5844116210938,17.6997241973877,364.314178466797,82.1224136352539,75.3933029174805,402.055541992188,91.9703216552734,79.6379699707031,16136,6729,6568.02685546875,2738.984375,0,552,224.687088012695,0,134,116,,,0.472168505191803,0.545436024665833,0.784980177879333,0.588684260845184,44,0,17.909839630127,0,3.13096570968628,18.6911227916274,312.073169293137,155.621096762671,,,,530.173741452854,264.381008167228,,,31950,325.193605632902
2012,BA,29005,Cruz das Almas,89.1501227388641,99.5781596320217,85.0270502156867,87.0765027322404,77.1584699453552,96.0655737704918,85.5464480874317,91.8306010928962,96.5573770491803,5.38251366120219,,,,6.67276048660278,45.6733703613281,47.1054229736328,,,,,,592.933654785156,191.443923950195,96.8845825195312,10.0653591156006,386.222290039062,98.6083450317383,78.3651809692383,428.152893066406,111.224006652832,84.2879180908203,13178,2462,5106.97998046875,954.119323730469,19,428,165.866394042969,7.36322784423828,166,166,,,0.643313586711884,0.643313586711884,0.836985886096954,0.629362225532532,25,0,9.68845748901367,0,3.48396944999695,17.5940261417202,357.410973745601,131.539111264877,,,,607.197067329493,223.46869141184,,,36835,364.896520619672
2012,BA,29007,Guanambi,81.4938767013981,96.7913684040105,77.6360251176668,100,91.5668746837578,95.3955135773318,95.5979085849216,95.682239838084,96.0364311013662,8.6523865744645,,,,1.49685323238373,34.0704193115234,64.2456207275391,,,,,,489.354736328125,130.629028320312,84.2478866577148,12.5,275.560913085938,51.1880073547363,63.7847709655762,304.986358642578,57.847095489502,68.4035110473633,28090,9329,6293.9443359375,2090.28857421875,20,832,186.420852661133,4.48127031326294,276,243,,,0.544474363327026,0.618415355682373,0.693140506744385,0.637628793716431,74,0,16.5807018280029,0,1.50570690631866,17.7732676627789,348.006292274622,144.448983704154,,,,591.219675957029,245.400968987365,,,64404,380.123112301305
2012,BA,29014,Jacobina,83.1386520112082,99.6936509152179,80.9598761927147,100,78.4105329949239,89.4828680203046,85.1522842639594,94.5748730964467,94.9397208121827,0.87246192893401,,,,4.29585361480713,45.3305931091309,50.0186767578125,,,,,,555.089172363281,134.833206176758,82.9146728515625,27.8268966674805,339.760070800781,70.4111709594727,70.1199340820312,375.664581298828,78.6078720092773,74.7631530761719,30536,9961,7887.48388671875,2572.93774414062,0,934,241.253280639648,0,183,148,,,0.382285714149475,0.472691118717194,0.724728465080261,0.516344010829926,68,0,17.5644779205322,0,2.70208835601807,18.482691026115,336.584336805665,141.371859462763,,,,571.815185403096,240.173315242992,,,64068,421.869513791025
2012,BA,29027,Valença,77.9917836172355,99.5597883740887,73.0660080947587,100,65.4694937256599,86.0450021635656,74.9891821722198,92.3626135871917,92.1246213760277,7.57247944612722,,,,4.47500562667847,60.4889755249023,34.7522392272949,,,,,,463.704132080078,129.267059326172,76.8973236083984,15.0822019577026,368.072204589844,96.112060546875,72.2493743896484,407.802825927734,108.638862609863,76.70361328125,20812,6862,6898.22021484375,2274.43725585938,0,435,144.182479858398,0,128,119,,,0.394430249929428,0.424261093139648,0.709311544895172,0.443071126937866,27,0,8.94925785064697,0,2.03811049461365,17.1526698325673,285.409431000797,147.371904450047,,,,484.875345811891,250.3666500529,,,43117,380.276020604673
2012,BA,29004,Camaçari,67.1729388756162,83.5918864445943,55.1527876103715,100,77.0053475935829,91.3435828877005,82.3418003565062,91.2210338680927,96.7691622103387,6.91844919786096,,,,5.52070283889771,50.5532112121582,43.0135726928711,,,,,,502.799713134766,114.818168640137,91.7112350463867,4.48877811431885,453.657592773438,98.9676284790039,98.7889633178711,504.901763916016,111.08332824707,105.830276489258,23145,2778,4145.8134765625,497.605133056641,8,399,71.4702835083008,1.43298804759979,307,701,,,1.25565576553345,0.549909174442291,1.26129817962646,0.530832529067993,227,0,40.6610374450684,0,22.1262321472168,17.2536482694463,454.743405107524,306.816910651297,,,,772.552837634058,521.244007709641,,,55429,253.412468045975
2012,BA,29016,Juazeiro,74.3128588325779,100,73.7104116922941,87.7042223636749,74.4960746870359,89.4759176745173,80.0763844684914,91.5977084659453,90.971780182474,1.73986844897093,,,,4.07348251342773,55.5454139709473,39.4796905517578,,,,,,501.781036376953,103.951522827148,84.0209732055664,19.5093460083008,355.186889648438,62.7499046325684,73.9642868041992,395.117309570312,71.2272567749023,79.1069564819336,32919,7251,6432.2939453125,1416.82800292969,27,797,155.731887817383,5.27573537826538,303,407,,,0.79526823759079,0.592054724693298,0.759315073490143,0.603876292705536,109,11,21.29833984375,2.14937376976013,6.62378358840942,19.0257967823159,384.300360692226,138.843934187879,,,,652.878812143237,235.878682660081,,,78141,417.07152139259
2012,BA,29020,Salvador,34.3216665819274,36.2355628806753,22.8231304654837,100,73.7409345038956,93.9780407301794,81.3907537553046,91.402653973101,96.3109324831039,8.77921728001437,,,,4.95131683349609,47.4289932250977,46.5652618408203,,,,,,569.204833984375,126.367042541504,107.65168762207,4.21120834350586,411.009490966797,76.6547241210938,96.7135772705078,458.830139160156,87.1898727416992,103.84481048584,162454,21818,4992.419921875,670.495178222656,455,6454,198.339706420898,13.9827346801758,3847,7058,,,2.16901397705078,1.18223249912262,2.40323257446289,1.1696480512619,3016,436,92.6855545043945,13.3988399505615,25.9598846435547,16.6156455481013,346.229165626686,180.863283707878,,,,588.20055744035,307.264363777407,,,240190,175.854237882994
2012,CE,23019,19ª Região Brejo Santo,98.4767785052753,100,98.4767785052753,99.0988091406501,98.8413260379788,100,100,100,100,31.9600901190859,,,,0.951755821704865,18.6741065979004,80.2756805419922,,,,,,573.797668457031,181.947402954102,113.243309020996,3.05532622337341,312.1943359375,68.5970993041992,79.5041580200195,348.114959716797,78.9154434204102,85.8281936645508,16467,6446,7802.41650390625,3054.25244140625,8,505,239.27978515625,3.79057097434998,116,100,,,0.473821371793747,0.549632787704468,0.673063278198242,0.561478316783905,77,0,36.484245300293,0,1.70765221118927,20.9936213817456,367.591051187462,156.614809403255,,,,624.491760615225,266.06920311773,,,35477,438.449803871389
2012,CE,23003,3ª Região Maracanaú,93.2839155850272,80.6060387446369,79.3649839382298,91.2144702842377,96.776178171527,100,98.4619170665682,100,99.0402362495386,37.0124277101021,,,,1.82865726947784,39.7294578552246,57.1017036437988,,,,,,495.927490234375,125.593299865723,85.551887512207,5.31705379486084,366.844421386719,78.8272476196289,77.9978408813477,408.946166992188,89.7122268676758,84.5944366455078,22059,2844,4308.65087890625,555.501281738281,0,417,81.4500885009766,0,242,246,,,0.480496913194656,0.472683936357498,0.870900630950928,0.633923888206482,93,0,18.1651268005371,0,11.4110202789307,24.1970293327586,408.510792373024,204.552001408593,,,,694.009343087217,347.508567154632,,,60712,286.899159339442
2012,CE,23012,12ª Região Acaraú,87.9080953363212,100,85.0952613122808,100,98.7118454214506,98.9078689442733,96.499579949594,100,99.5239428731448,27.2192663119574,,,,2.30747032165527,20.3057403564453,77.0695114135742,,,,,,473.155822753906,126.17488861084,92.8025436401367,4.34782600402832,316.808227539062,57.1155853271484,74.7380065917969,352.692321777344,66.2087936401367,80.5587463378906,9306,1701,4254.2880859375,777.621337890625,0,234,106.974365234375,0,113,76,,,0.347438097000122,0.5165855884552,0.565844118595123,0.594073414802551,21,0,9.60026359558105,0,0.861280739307404,20.9222497040566,318.789236395322,145.259661974573,,,,541.583509333506,246.778211166549,,,34607,449.592496890846
2012,CE,23018,18ª Região Iguatú,96.7681082850651,100,90.4573138121153,87.7499425419444,92.8062514364514,92.3925534359917,91.5191909905769,96.943231441048,98.8278556653643,25.9250746954723,,,,0.823468863964081,22.0792579650879,77.0200729370117,,,,,,615.143249511719,191.180297851562,116.867691040039,5.4723801612854,325.518493652344,64.6195602416992,79.1120071411133,362.959197998047,72.8863525390625,85.9328842163086,15798,3982,5017.0537109375,1264.58459472656,0,548,174.031234741211,0,183,116,,,0.368387281894684,0.581162691116333,0.692552208900452,0.599105715751648,55,0,17.4666385650635,0,1.71744692325592,18.5217046022348,348.1987948203,125.796826676037,,,,591.546713988246,213.713259658933,,,48783,387.252229417561
2012,CE,23014,14ª Região Tauá,100,100,100,95.125,88,92.9375,91.8125,90.3125,100,24.25,,,,0.488145053386688,6.34588575363159,92.9567642211914,,,,,,581.027954101562,168.515655517578,126.386741638184,6.34441089630127,308.457824707031,58.257137298584,75.2008438110352,343.299255371094,66.3979949951172,81.0518951416016,7087,2013,6220.15869140625,1766.78137207031,0,141,123.753684997559,0,62,51,,,0.447619706392288,0.544165134429932,0.724310159683228,0.638955175876617,0,0,0,0,1.35690212249756,18.1344261853005,340.375934929482,128.172738481389,,,,578.256641962603,217.749640146429,,,17001,384.016295571565
2012,CE,23011,11ª Região Sobral,85.4908791983089,98.892357577181,84.3398509877606,97.6721836625734,92.2477309129738,94.6396155899626,90.6887346502936,94.9706353443673,95.0560597971169,16.0064068339562,,,,0.536633431911469,23.8309059143066,75.5010375976562,,,,,,545.6982421875,138.022033691406,110.864921569824,9.51405143737793,338.390563964844,59.5247001647949,90.3083038330078,375.230895996094,67.349365234375,96.9519424438477,33514,5240,5353.78515625,837.078063964844,66,1205,192.496017456055,10.5433502197266,465,401,,,0.640588402748108,0.74282693862915,1.00269651412964,0.778091251850128,300,50,47.92431640625,7.98738622665405,3.44767546653748,20.2362506036567,489.894051863621,173.288368190614,,,,832.269441747699,294.395518595767,,,87707,371.229109326004
2012,CE,23020,20ª Região Crato,95.540688495436,98.3619349492188,95.540688495436,91.0164176351227,95.8494742667405,100,93.2300313595278,100,98.3951300498063,28.1128942999447,,,,0.929614901542664,27.50901222229,71.4665145874023,,,,,,596.776550292969,151.707824707031,128.936859130859,7.08622407913208,355.367614746094,67.6650924682617,95.2813568115234,392.634063720703,76.2972259521484,101.956985473633,23488,6134,6946.02978515625,1813.98791503906,11,729,215.58479309082,3.25299429893494,234,206,,,0.609197080135345,0.692000567913055,0.822490036487579,0.672778367996216,210,5,62.1026153564453,1.47863376140594,4.45305347442627,19.8555721276925,400.293958725217,147.569949728661,,,,680.049958344784,250.703104502276,,,52596,417.203036957548
2012,CE,23010,10ª Região Limoeiro do Norte,82.8541216495793,100,82.8541216495793,95.8025520483546,96.9778374748153,96.9778374748153,98.1867024848892,100,99.5298858294157,30.3223640026864,,,,0.931565761566162,23.3608016967773,75.4926528930664,,,,,,607.861694335938,140.933853149414,107.614028930664,3.92592597007751,341.093505859375,48.7237777709961,73.5430755615234,380.804412841797,55.0893135070801,79.1438064575195,11622,2491,5233.013671875,1121.61730957031,0,428,192.714660644531,0,120,95,,,0.427754521369934,0.540321469306946,0.64489620923996,0.608762204647064,76,0,34.2203598022461,0,2.76059246063232,22.2901310149676,402.857302399839,184.782115023925,,,,684.404762411029,313.921973804111,,,31743,354.09085076728
2012,CE,23006,6ª Região Itapipoca,74.0404618830505,73.6573714998152,71.2569858724095,87.7232601108602,78.3001437076576,83.5967973722028,78.3617327037569,92.4861424758776,92.8762061178403,20.4064873742558,,,,2.03896689414978,46.1486167907715,51.585865020752,,,,,,493.197326660156,126.125679016113,119.413108825684,7.0200572013855,317.378082275391,58.1236763000488,93.4590682983398,353.145416259766,66.1451034545898,101.170837402344,14820,2078,5235.8056640625,734.143310546875,0,269,95.0358734130859,0,121,74,,,0.261436998844147,0.427484810352325,0.486308127641678,0.495493739843369,42,0,14.8383150100708,0,1.2471250295639,19.5313090463676,280.330916172147,116.707737074137,,,,476.247576837621,198.272019863938,,,44135,438.78384948679
2012,CE,23002,2ª Região Caucaia,84.1172645496911,92.8180619989722,83.0684491866437,91.6804342695303,91.4562190228936,100,90.4885532216191,100,98.4658956809063,27.7200849657777,,,,9.44918727874756,37.9136924743652,51.6313896179199,,,,,,482.724853515625,123.903388977051,86.6120758056641,1.63759350776672,348.28564453125,68.6044921875,78.3904876708984,387.901397705078,78.1894378662109,85.0173950195312,23501,3759,4038.6318359375,645.981750488281,0,546,93.8297500610352,0,270,330,,,0.56710284948349,0.4639932513237,0.630343437194824,0.515376210212708,31,0,5.32733011245728,0,7.43867111206055,21.5616026780436,314.126251800087,144.672721249049,,,,533.66167486503,245.781071421512,,,70509,312.797412416968
2012,CE,23001,1ª Região Fortaleza,46.355747458803,58.3879722179925,36.6591190516965,100,79.5314426633785,94.4663932157327,82.946224112333,92.9338936561061,98.3970406905055,26.4349882986487,,,,10.1399478912354,45.7062606811523,40.8808174133301,,,,,,566.005676269531,107.470832824707,97.0453872680664,4.72893524169922,380.583435058594,57.1980323791504,83.8701629638672,425.789886474609,65.3788375854492,90.3913650512695,137440,23718,5081.111328125,876.846618652344,392,5840,215.902877807617,14.4921102523804,2216,5074,,,1.87584102153778,0.819247901439667,1.92274630069733,0.736361920833588,3110,348,114.975677490234,12.8654451370239,32.2199554443359,23.3250819857175,521.437633032346,242.343626152769,,,,885.858087272479,411.71186643725,,,220173,197.11447603262
2012,CE,23007,7ª Região Aracati,87.3302391100195,85.733764357437,83.7273351152207,92.9242329367564,90.8578584846587,99.2485911083281,96.4934251721979,100,96.1177207263619,11.3337507827176,,,,1.67832171916962,29.5104904174805,68.6014022827148,,,,,,526.246215820312,149.852355957031,94.3188323974609,4.85762166976929,329.436950683594,70.0311584472656,85.3501892089844,366.02734375,79.7385177612305,89.8319931030273,4657,569,4105.07275390625,501.564636230469,0,145,127.815238952637,0,73,77,,,0.678743004798889,0.643483638763428,0.797082304954529,0.646789193153381,5,0,4.40742206573486,0,4.13768768310547,21.4923494786334,379.070000715756,176.84881104053,,,,643.993077031335,300.444270916398,,,16068,351.14011781043
2012,CE,23004,4ª Região Baturité,94.3493035587587,83.6132790619515,94.3493035587587,94.2883895131086,94.8970037453184,94.2883895131086,100,100,100,22.6123595505618,,,,1.06100797653198,30.0265254974365,68.5411148071289,,,,,,539.368835449219,136.484390258789,94.8822021484375,10.5548038482666,316.194641113281,54.3095932006836,70.4332733154297,352.396759033203,61.4741439819336,74.8813705444336,6696,1174,4887.1630859375,856.859252929688,0,192,140.133712768555,0,83,108,,,0.788252115249634,0.605786383152008,1.0068461894989,0.605056464672089,24,0,17.5167140960693,0,1.34294807910919,23.2572799935001,422.920031875529,198.64002459394,,,,718.488859976918,337.464849284536,,,22684,438.696924343809
2012,CE,23015,15ª Região Crateús,77.4349461534498,100,76.0643066934611,88.5512367491166,90.5771495877503,100,90.2709069493522,99.4110718492344,93.8280329799764,28.3863368669022,,,,1.7580144405365,34.5139617919922,63.5470542907715,,,,,,637.312866210938,182.425354003906,132.703521728516,6.43120718002319,328.618194580078,61.5093193054199,85.9004974365234,362.678558349609,69.9778060913086,91.9419860839844,15608,3723,5243.63671875,1250.77270507812,2,388,130.351821899414,0.671916604042053,136,88,,,0.295643299818039,0.456903278827667,0.463370472192764,0.528378367424011,37,0,12.430456161499,0,2.03355550765991,19.9652893445912,335.870731560954,139.240087304499,,,,570.602858296072,236.55169783951,,,50542,443.999510821936
2012,CE,23017,17ª Região Icó,92.4377985314037,100,90.3103538414011,87.3925501432665,81.4162914449447,87.0650839132214,84.690953745395,100,88.5386819484241,32.7875562832583,,,,1.88585603237152,31.2158813476562,66.3523559570312,,,,,,646.955444335938,195.482940673828,153.59375,4.04676246643066,335.342590332031,69.6863174438477,100.325584411621,373.787780761719,78.3420104980469,108.064483642578,7826,1865,4553.12353515625,1085.04675292969,0,337,196.064743041992,0,92,61,,,0.354894638061523,0.535250902175903,0.586303412914276,0.51285183429718,21,0,12.2176837921143,0,1.21245968341827,21.1732947029568,370.526271062792,145.587735271614,,,,629.478336381464,247.335567147383,,,29259,443.465608540801
2012,CE,23008,8ª Região Quixadá,87.7568498705613,98.574552155041,87.7568498705613,88.298310671611,98.4342810053564,95.6736711990111,92.274412855377,100,97.5896168108776,28.6155747836836,,,,1.18860733509064,32.2269554138184,66.4050216674805,,,,,,577.996215820312,143.865280151367,101.402847290039,9.48464870452881,329.792022705078,58.4636459350586,75.3445053100586,365.225250244141,66.3963470458984,80.8680419921875,15947,2656,5053.34716796875,841.643615722656,8,642,203.439453125,2.53507113456726,188,103,,,0.326390415430069,0.59574168920517,0.674645781517029,0.61031836271286,78,20,24.7169437408447,6.33767795562744,2.05911159515381,21.7931606468491,365.062737979801,146.849199458789,,,,620.196468982476,249.47863888065,,,50073,418.266574259797
2012,CE,23021,21ª Região Juazeiro do Norte,93.0035866252301,100,92.0084103618052,90.7766303579007,85.8112887254209,93.7897863912859,89.2063941151507,95.8551421700382,94.4688074692319,24.9115857971425,,,,0.753352403640747,33.328311920166,65.8731384277344,,,,,,602.988891601562,141.192398071289,131.211547851562,4.68308448791504,391.246307373047,67.0854187011719,108.57234954834,434.202728271484,76.4008560180664,117.332374572754,22928,3963,5581.4814453125,964.733520507812,57,1039,252.929138183594,13.8758039474487,312,512,,,1.2463880777359,0.759517729282379,1.27620887756348,0.672976493835449,318,51,77.4123840332031,12.4151935577393,6.69933557510376,21.9503679425705,449.827702920854,129.838185090419,,,,764.201667214384,220.579028080994,,,55777,357.622755794222
2012,CE,23016,16ª Região Camocim,84.0645590682196,96.8419301164725,80.0712146422629,88.3033419023136,91.2596401028278,100,92.5449871465296,100,100,21.8508997429306,,,,1.82370817661285,47.8506278991699,50.2822418212891,,,,,,495.294708251953,151.846923828125,98.4072341918945,9.60526275634766,323.706481933594,81.2512130737305,80.4959945678711,360.305450439453,91.534782409668,85.7820358276367,6445,1250,4200.2294921875,814.629455566406,0,148,96.4521255493164,0,73,68,,,0.44315841794014,0.475743591785431,0.625961244106293,0.504744410514832,8,0,5.21362829208374,0,1.22194421291351,18.5468093858003,284.14121978822,115.069844738584,,,,482.720811716418,195.48944323422,,,23576,429.56258651643
2012,CE,23022,22ª Região Cascavel,91.6359888087174,92.4519082743203,88.292660071485,96.6137319009809,96.6837926202709,100,100,100,97.9682391405885,36.851938346567,,,,5.06149482727051,36.6367073059082,57.7578048706055,,,,,,522.605529785156,130.569976806641,94.4271697998047,3.86292839050293,356.122497558594,66.3096389770508,81.1833038330078,397.696746826172,75.35009765625,87.6803436279297,12229,2072,3981.89599609375,674.665832519531,0,286,93.1247253417969,0,146,175,,,0.569819152355194,0.475391954183578,0.692981481552124,0.557527303695679,13,0,4.2329421043396,0,5.37746429443359,24.2794463875515,359.78946811351,190.842847385891,,,,611.23783527156,324.218408962462,,,42254,341.334153315882
2012,CE,23005,5ª Região Canindé,79.5375510951132,99.5886970491937,74.9618693185285,100,98.4926344638575,97.7389516957862,95.5806783144913,100,99.7259335388832,26.0020554984584,,,,2.51617550849915,46.0460090637207,51.1502532958984,,,,,,563.352172851562,175.985244750977,116.160232543945,3.27433633804321,329.947906494141,70.1022491455078,84.1181259155273,365.986053466797,79.4818344116211,90.3828582763672,9468,1699,4720.193359375,847.0224609375,0,232,115.661689758301,0,98,85,,,0.423760503530502,0.488570928573608,0.519729793071747,0.477852284908295,15,0,7.47812652587891,0,1.28125238418579,14.8166221007806,294.92340874781,90.2117355259238,,,,501.038418047989,153.258588218485,,,34187,470.915951413685
2012,CE,23013,13ª Região Tianguá,60.3317931527396,92.726589422751,57.6540935584212,94.6367440091289,94.6557626473944,97.261316089768,93.9710916698364,95.6447318372005,91.8790414606314,43.7999239254469,,,,0.984924614429474,28.5628147125244,70.1507568359375,,,,,,559.522644042969,201.832473754883,105.318077087402,1.04895102977753,339.002807617188,78.6541595458984,89.1193923950195,375.196807861328,89.7068405151367,95.0751037597656,16453,3177,5364.70068359375,1035.8994140625,0,393,128.142425537109,0,174,94,,,0.306498408317566,0.567348122596741,0.504907250404358,0.630930244922638,20,0,6.52124309539795,0,1.4320650100708,21.5334398608605,301.098530205895,137.44990739386,,,,511.529186141812,233.51040344292,,,48193,443.890339695828
2012,CE,23009,9ª Região Russas,77.2876515285755,91.5738125267097,77.2876515285755,94.4780635400908,91.1119515885023,97.6928895612708,94.4402420574887,93.7216338880484,94.1376701966717,32.7912254160363,,,,1.51888346672058,26.0262718200684,72.1674880981445,,,,,,594.677429199219,140.523086547852,110.483734130859,3.68150687217712,345.376159667969,53.6404838562012,77.179557800293,382.856079101562,60.3219375610352,83.2630767822266,12854,3272,6544.5068359375,1665.91149902344,0,331,168.52587890625,0,100,56,,,0.285119324922562,0.509141623973846,0.632226645946503,0.578766763210297,100,0,50.9141654968262,0,2.10988283157349,19.0659022011877,322.282372537734,125.569802448395,,,,547.517915877399,213.327573557044,,,30953,378.560009353055
2012,DF,53001,Distrito Federal,53.8483377567101,20.0258850872242,23.000026436812,100,85.8911905303893,92.906897336672,81.7527885272024,93.6535397222855,92.8454359207831,31.5069428636467,,,,5.22104978561401,28.2157382965088,65.7470626831055,,,,,,415.07177734375,84.2770462036133,76.6054840087891,0.831269919872284,325.851928710938,58.1173934936523,73.2030487060547,364.551147460938,66.4670257568359,78.9137954711914,148632,28150,5455.69091796875,1033.27478027344,404,4992,183.23649597168,14.8292360305786,3323,7710,,,2.83003497123718,1.2197413444519,3.21851325035095,1.10272252559662,2482,676,91.1043701171875,24.8132762908936,29.374698638916,,,,,,,,,,,99950,73.4242340007887
2012,ES,32002,Metropolitana,57.3434239570332,50.2348212418503,39.1025303426882,93.9290364583333,93.8248697916667,100,100,100,100,35.3385416666667,,,,2.18847990036011,32.2495460510254,64.1888122558594,,,,,,566.448913574219,132.540802001953,118.516876220703,1.06475067138672,381.662475585938,74.1729278564453,92.891975402832,425.984497070312,84.0858612060547,101.31233215332,105570,17642,5176.59375,865.070251464844,219,2893,141.857391357422,10.7385997772217,1573,4632,,,2.27128744125366,0.77131587266922,2.39750289916992,0.786884367465973,1687,338,82.7215423583984,16.57373046875,40.4254837036133,18.023614032521,389.117211747471,269.40221839916,,,,661.062046708915,457.681070141016,,,86620,102.8734630434
2012,ES,32003,Norte,69.2676584624671,100,63.6027107136132,,,,,,,,,,,8.62917423248291,30.3339195251465,60.1933212280273,,,,,,617.666320800781,164.429092407227,133.831848144531,1.65122830867767,406.154266357422,88.7901229858398,106.460395812988,452.889099121094,100.576644897461,114.874053955078,25442,6042,6328.90283203125,1502.99633789062,10,633,157.4638671875,2.4875807762146,199,352,,,0.875628411769867,0.495028555393219,1.12575471401215,0.506595849990845,78,0,19.4031295776367,0,12.8187522888184,20.7701811476498,408.825972317222,253.451960440732,,,,694.544794855227,430.583553369189,,,36367,225.60282525588
2012,ES,32001,Central,80.0254706437835,98.9782286640041,72.008628830343,,,,,,,,,,,0.75989705324173,28.2387542724609,68.2313995361328,,,,,,568.93017578125,140.694229125977,118.74193572998,0.555393159389496,366.162933349609,73.4493179321289,89.9389495849609,409.257598876953,83.2597961425781,98.1362228393555,34441,7340,5727.71826171875,1220.68041992188,59,840,139.696395874023,9.81200885772705,436,852,,,1.41692054271698,0.725090801715851,1.55773949623108,0.706048846244812,412,53,68.5177536010742,8.81417751312256,21.7064914703369,24.3729016326692,574.782371934123,343.649081738408,,,,976.484205097479,583.817313820244,,,37491,149.535744412002
2012,ES,32004,Sul,85.3007559602099,86.5738848948424,76.0922795009641,100,93.320564998803,100,100,100,100,34.6899688771846,,,,2.77617788314819,40.0529899597168,53.7034912109375,,,,,,638.188659667969,174.585647583008,135.77165222168,1.30845654010773,375.091949462891,82.8499908447266,98.7273788452148,418.657043457031,93.8973770141602,107.07975769043,47141,11294,7289.7626953125,1746.47509765625,52,1050,162.369293212891,8.04114627838135,547,863,,,1.33452093601227,0.845866680145264,1.34971404075623,0.821975231170654,262,36,40.5150032043457,5.5669469833374,18.2580394744873,19.8333098091062,494.278825354413,304.521909206154,,,,839.718629937449,517.345083923378,,,40796,152.047900679863
2012,GO,52001,Central,72.6336097694121,47.957932176366,57.394154080348,100,95.559149147904,100,92.6690716092383,96.6786913795248,100,44.2385039598623,,,,4.52626371383667,26.0887756347656,69.0274200439453,,,,,,612.502136230469,135.268371582031,128.548400878906,1.60786914825439,416.513336181641,74.9534072875977,108.210922241211,465.414031982422,84.9831161499023,116.989585876465,106856,21686,6190.25146484375,1256.28698730469,358,3962,229.521759033203,20.7392196655273,1419,4650,,,2.69378137588501,0.822037816047668,2.42133283615112,0.792116522789001,3341,402,193.546737670898,23.2881736755371,24.4560012817383,22.0863603360911,661.69629705559,276.04501547375,,,,1124.14022105801,468.966361301178,,,53274,73.8360547130052
2012,GO,52011,Pirineus,64.8768179689517,70.5947488434588,62.2901922681337,100,92.4390968508616,99.0047534165181,92.2459893048128,97.4747474747475,100,41.3992869875223,,,,2.30683708190918,44.8721504211426,52.6681480407715,,,,,,639.435302734375,158.434814453125,128.899688720703,0.890795111656189,438.382110595703,88.3940963745117,108.028190612793,488.876190185547,100.454872131348,116.222244262695,32775,6613,6914.3818359375,1395.1123046875,73,812,171.303680419922,15.4004535675049,232,771,,,1.62654113769531,0.489439100027084,1.54484486579895,0.465178102254868,276,37,58.226375579834,7.80570936203003,13.211480140686,19.5471655534997,501.459312741998,231.892813117507,,,,851.91739047926,393.957226842058,,,22848,113.481934163204
2012,GO,52015,Sudoeste I,59.2261503870025,60.9324325724529,55.1851602408016,100,93.8603079233947,100,100,100,100,40.3304543747653,,,,1.42713224887848,35.4936180114746,61.9879112243652,,,,,,561.774108886719,151.142227172852,109.089561462402,2.37780714035034,400.418395996094,90.5688552856445,99.8730316162109,445.054382324219,102.724159240723,106.774444580078,21338,5448,5278.3515625,1347.66418457031,18,708,175.136978149414,4.45263528823853,189,350,,,0.865790128707886,0.46752667427063,1.28811025619507,0.554105699062347,336,29,83.115852355957,7.17368984222412,20.0534324645996,21.4625755914857,558.619567176879,384.207065113269,,,,949.025597585883,652.720314486202,,,18986,109.627589734101
2012,GO,52010,Oeste II,90.6593817828007,100,90.6593817828007,94.9958298582152,86.0717264386989,98.1651376146789,95.4962468723937,91.9099249374479,100,41.2844036697248,,,,2.25303292274475,28.4228763580322,69.1507797241211,,,,,,606.99267578125,190.197113037109,130.134872436523,0.299850076436996,323.205535888672,74.445198059082,90.0664520263672,359.456390380859,84.6433563232422,96.2034072875977,6655,1963,6056.2763671875,1786.39685058594,0,205,186.556976318359,0,57,51,,,0.464117348194122,0.518719375133514,0.814935505390167,0.562628567218781,21,0,19.1107139587402,0,6.05263614654541,17.6127207857065,480.712774198946,278.201720070275,,,,816.671585828769,472.630335835542,,,7366,153.036565638732
2012,GO,52003,Entorno Norte,80.1853381361539,90.3222877108621,80.1853381361539,100,94.4460028050491,100,99.0743338008415,100,100,47.5175315568022,,,,1.61922168731689,43.170539855957,54.2439270019531,,,,,,483.1982421875,107.700813293457,82.7508239746094,10.3270225524902,432.45654296875,91.5556411743164,85.3175048828125,480.437744140625,103.376396179199,91.0957794189453,10104,1643,4201.5791015625,683.214050292969,0,255,106.037483215332,0,132,196,,,0.815033197402954,0.54889988899231,0.793825685977936,0.550563275814056,78,0,32.4349937438965,0,4.45482158660889,19.9094689271414,388.205941200072,149.050798425856,,,,659.513910684647,253.218883401486,,,21013,231.827858882773
2012,GO,52017,Sul,83.2812033588143,99.5691165591621,75.3903258880482,100,93.72574385511,98.738680465718,98.6416558861578,95.8602846054334,96.862871927555,35.1875808538163,,,,1.80238175392151,34.5027351379395,63.5339546203613,,,,,,656.183959960938,164.676132202148,146.612167358398,3.71318817138672,390.664306640625,81.5962371826172,109.576469421387,433.406127929688,91.7339935302734,118.038757324219,13273,3399,5575.88330078125,1427.89331054688,4,443,186.100830078125,1.68036866188049,104,240,,,1.00822114944458,0.436895847320557,1.41875624656677,0.505790948867798,202,4,84.8586196899414,1.68036866188049,14.8452167510986,19.13664979205,490.061091333829,286.505646559683,,,,832.553221161004,486.73768055092,,,11578,118.048554261539
2012,GO,52004,Entorno Sul,59.63063460162,56.889577242282,51.6197647287182,100,81.538722826087,100,98.9385190217391,100,100,40.0475543478261,,,,3.83159875869751,36.6445922851562,58.6644592285156,,,,,,428.270751953125,86.5804214477539,83.3642120361328,3.90507650375366,436.410064697266,93.5836410522461,98.8963241577148,487.099700927734,105.906852722168,107.05541229248,30031,5358,3863.44213867188,689.298522949219,0,291,37.4367065429688,0,256,462,,,0.594355940818787,0.329340070486069,0.476256638765335,0.336351424455643,157,12,20.1978092193604,1.54378163814545,10.6329250335693,18.9110426974324,262.713355209351,118.598437816792,,,,446.317518345007,201.484086729448,,,56352,190.27303089242
2012,GO,52014,Serra da Mesa,91.8667022038613,99.0721460578701,91.8667022038613,100,90.6674907292954,89.4932014833127,97.8986402966625,100,100,26.3288009888752,,,,1.79900741577148,25.4962787628174,72.5806427001953,,,,,,598.083190917969,149.317932128906,132.27619934082,1.89959299564362,387.159240722656,77.8168869018555,105.17650604248,432.511962890625,86.8128204345703,114.451881408691,6738,1814,5467.95751953125,1472.07995605469,0,312,253.191268920898,0,65,68,,,0.551827132701874,0.5274817943573,0.76850038766861,0.550609827041626,65,12,52.7481803894043,9.73812580108643,7.77751636505127,16.5541105316187,498.859960161672,257.622614090013,,,,847.501411733033,437.668978414065,,,9531,189.160230011521
2012,GO,52007,Nordeste II,88.4805295044355,97.4338912443566,83.8494803286142,93.1081081081081,78.2432432432432,80.1351351351351,79.3243243243243,82.7027027027027,100,28.2432432432432,,,,2.85071277618408,44.4111022949219,52.3630905151367,,,,,,474.127777099609,118.787956237793,110.595680236816,4.31965446472168,359.577514648438,74.2467041015625,99.5376205444336,396.016754150391,82.3452224731445,107.527397155762,5196,1902,5320.880859375,1947.71276855469,0,170,174.085800170898,0,43,29,,,0.296969890594482,0.440334647893906,0.54325008392334,0.484368115663528,2,0,2.04806804656982,0,2.38292741775513,17.2443783288833,417.687217923717,196.81863223669,,,,709.598955864228,334.370528799107,,,12243,330.977231503246
2012,GO,52012,Rio Vermelho,90.5109109171624,98.927383721838,90.5109109171624,100,84.8890749267476,90.9585600669736,89.242360820427,100,100,34.4077019673504,,,,3.76602554321289,29.0064105987549,65.625,,,,,,657.934997558594,175.959365844727,139.747436523438,4.72868204116821,413.010681152344,83.5071868896484,109.294174194336,458.008056640625,94.0395736694336,117.557975769043,13199,4071,6731.84814453125,2076.32055664062,0,555,283.065063476562,0,88,97,,,0.494726330041885,0.448823869228363,0.793602228164673,0.509772121906281,122,0,62.2233085632324,0,4.5142502784729,19.4050061669295,490.338937697939,262.25316001246,,,,833.025247790986,445.535703586991,,,16458,209.193422410571
2012,GO,52009,Oeste I,95.306732290385,100,95.306732290385,100,88.5310290652003,99.057344854674,95.28672427337,95.5223880597015,98.9787902592302,39.5915161036921,,,,2.26939964294434,42.8989753723145,53.879940032959,,,,,,681.686279296875,218.278198242188,140.321701049805,2.54129600524902,377.360778808594,90.4192886352539,94.1678237915039,420.497497558594,102.697235107422,101.579200744629,6341,2072,5492.46875,1794.73193359375,0,326,282.375762939453,0,63,83,,,0.718932151794434,0.54569548368454,0.833918035030365,0.574929177761078,65,0,56.3019180297852,0,3.73498249053955,19.7980182338277,537.706116964207,296.216103860698,,,,913.496230639488,503.234547263808,,,9119,182.99010011999
2012,GO,52005,Estrada de Ferro,65.3039546997498,70.7812629939595,50.5617170548789,100,94.793799356537,100,100,100,100,38.7247733255338,,,,1.21379315853119,27.4482765197754,71.2275848388672,,,,,,579.723815917969,143.754119873047,116.958641052246,4.93441581726074,377.420776367188,75.7562866210938,93.8349075317383,419.749969482422,85.3588256835938,101.153709411621,16615,4102,6016.30908203125,1485.33850097656,17,612,221.605850219727,6.15571784973145,154,248,,,0.898010611534119,0.557635605335236,1.2750483751297,0.670430123806,211,9,76.4033203125,3.25890946388245,16.8489246368408,20.2462829376215,549.974172005239,344.276560345572,,,,934.338139785942,584.883322415584,,,13138,111.775788747643
2012,GO,52002,Centro Sul,65.4981777116164,64.5177352291977,61.7791694471536,100,89.970174691095,100,99.89774179804,100,100,45.7775884107371,,,,2.95266366004944,36.8301811218262,58.3815040588379,,,,,,528.525573730469,117.49095916748,122.759063720703,2.24849319458008,434.567047119141,87.0555572509766,117.553329467773,485.410034179688,98.8017501831055,125.984504699707,48426,11308,5932.86474609375,1385.388671875,73,1070,131.090026855469,8.94352436065674,443,801,,,0.981337428092957,0.542737185955048,0.883509993553162,0.519183874130249,222,35,27.1981163024902,4.28799152374268,11.0936460494995,17.5303754989995,425.626091810165,175.714579789681,,,,723.08612132877,298.517352215579,,,41301,118.903801908691
2012,GO,52016,Sudoeste II,71.0583875993768,72.9165834365387,62.2493108545404,100,84.3707250341997,97.2298221614227,92.4418604651163,87.7564979480164,100,32.0451436388509,,,,0.850228905677795,22.007848739624,76.8149108886719,,,,,,561.822021484375,163.744705200195,113.324783325195,1.53846156597137,375.435150146484,78.727783203125,99.4754180908203,415.222045898438,88.545166015625,107.375495910645,12011,3455,5767.5595703125,1659.0556640625,6,310,148.858825683594,2.88113856315613,110,194,,,0.931568145751953,0.52820873260498,0.894713580608368,0.533971011638641,176,2,84.5133972167969,0.960379540920258,19.3406028747559,18.9270094055957,594.45288735172,360.330943074359,,,,1009.9019794575,612.157734302119,,,10214,116.664957087306
2012,GO,52018,São Patrício II,91.672421289547,90.6679198956495,83.3282181129952,99.1079812206573,89.0610328638498,98.7793427230047,96.7605633802817,92.5821596244132,96.5727699530516,35.7746478873239,,,,2.2935779094696,41.8807334899902,55.6422004699707,,,,,,565.138305664062,140.056015014648,117.941917419434,4.02173900604248,399.011169433594,83.5364608764648,100.449478149414,445.125946044922,94.5857696533203,109.340995788574,11030,3923,6775.51708984375,2409.82348632812,0,323,198.412704467773,0,74,106,,,0.65113765001297,0.454567790031433,0.863832354545593,0.495571047067642,60,6,36.8568496704102,3.6856849193573,7.68219566345215,18.5031132511593,383.897880944719,194.131942756545,,,,652.195048799922,329.806175455187,,,10957,168.744953512895
2012,GO,52008,Norte,67.3762908070422,99.8984163177011,67.3762908070422,96.6839378238342,80.4663212435233,89.0155440414508,91.0362694300518,99.2746113989637,98.1347150259067,33.1088082901554,,,,1.55913972854614,33.924732208252,64.247314453125,,,,,,551.984558105469,139.077041625977,96.5612640380859,7.04960823059082,349.637786865234,74.7236709594727,78.7242965698242,390.615753173828,86.1309814453125,84.5156326293945,7496,2089,5401.666015625,1505.34692382812,0,308,221.946792602539,0,70,64,,,0.461188137531281,0.504424512386322,0.776993930339813,0.586573660373688,113,0,81.4285278320312,0,5.34762048721313,18.6939490997481,509.758044957249,267.080718871625,,,,866.015910764874,453.737129388013,,,13745,247.792358407394
2012,GO,52006,Nordeste I,95.0611918105913,98.2019901635594,89.3171680201304,91.1804613297151,77.4762550881954,88.6024423337856,92.6729986431479,91.5875169606513,92.2659430122117,26.0515603799186,,,,2.09205031394958,47.8382148742676,49.6513252258301,,,,,,476.222412109375,169.919738769531,73.7809371948242,3.75586843490601,330.762023925781,105.077537536621,60.9500694274902,365.154937744141,117.372344970703,65.3529739379883,1723,424,3852.25927734375,947.973266601562,0,88,196.749160766602,0,25,21,,,0.469515055418015,0.558946490287781,0.661233723163605,0.566771745681763,14,0,31.30100440979,0,4.17868423461914,17.8289693675302,456.1716411249,227.00549288398,,,,774.979234093341,385.654273852679,,,6011,367.32095329897
2012,GO,52013,São Patrício I,97.6837896222386,99.0374914116999,97.5333783122985,90.1492537313433,90.6467661691542,99.6517412935323,97.2636815920398,93.7313432835821,97.910447761194,37.6616915422886,,,,0.700350165367126,27.5137577056885,71.1855926513672,,,,,,627.479064941406,188.911911010742,122.701622009277,1.74249756336212,362.187530517578,81.2563323974609,94.670280456543,402.939605712891,93.3511123657227,100.826103210449,14224,4671,8640.1376953125,2837.3232421875,0,492,298.857421875,0,117,124,,,0.753217875957489,0.710697531700134,0.953367292881012,0.786930441856384,179,10,108.730644226074,6.07433795928955,7.53643083572388,19.0590368510265,551.969134682119,272.908045701565,,,,937.727334790613,463.637037397072,,,14241,202.052332464572
2012,MA,21001,Açailândia,65.1765152427564,100,64.5330822375264,94.7011125777862,79.6530265887234,90.8919479539883,82.7456156892325,97.8691306807467,100,21.8555534603055,,,,2.90551829338074,66.7433090209961,30.2466564178467,,,,,,386.141632080078,108.646865844727,76.2309188842773,8.48708534240723,367.946472167969,98.6935195922852,82.432014465332,407.227996826172,110.698486328125,88.5344161987305,17499,4891,6233.48046875,1742.26831054688,0,397,141.419036865234,0,106,90,,,0.320597320795059,0.377592384815216,0.374653577804565,0.398520261049271,218,0,77.6557922363281,0,3.85215473175049,20.2508577791138,327.126574428664,144.253379571343,,,,555.747616132261,245.068661742974,,,36843,363.806507731796
2012,MA,21005,Caxias,91.6917671550743,99.7337215695903,91.6917671550743,100,80.7407407407407,99.8989898989899,82.7441077441078,98.4006734006734,97.2222222222222,25.5050505050505,,,,6.34210014343262,56.3327751159668,37.1199417114258,,,,,,494.543151855469,170.136352539062,105.32250213623,7.98634815216064,374.85986328125,109.976181030273,98.3438034057617,414.351226806641,123.724014282227,104.635139465332,20755,5870,7006.30908203125,1981.54833984375,21,563,190.053100585938,7.08901453018188,205,170,,,0.573872566223145,0.692022860050201,0.579780101776123,0.731350004673004,13,6,4.38843727111816,2.02543258666992,2.93383932113647,17.1650488003687,451.56471688621,105.071459118335,,,,767.152639241408,178.503421895754,,,44956,440.929231374477
2012,MA,21006,Chapadinha,91.1940390938161,100,91.1940390938161,100,74.8193592365372,86.7211997273347,73.9740967961827,94.3558282208589,88.9434219495569,18.8820722563054,,,,5.75504970550537,61.4459762573242,32.7508811950684,,,,,,351.452667236328,120.776992797852,81.4477615356445,7.93650770187378,265.748718261719,75.0659561157227,75.4253692626953,296.246307373047,85.4919509887695,81.5761489868164,19403,6877,5412.09228515625,1918.20642089844,0,602,167.916275024414,0,141,113,,,0.315191686153412,0.393292278051376,0.455214887857437,0.450612545013428,0,0,0,0,0.826192736625671,20.4539960832793,305.595935364825,105.696724351464,,,,519.169721614119,179.565670242189,,,58947,510.946724369485
2012,MA,21016,São Luís,45.0264200939431,53.7919188820495,35.3253439502764,100,79.5069200302612,91.3889012505007,81.0511325708691,100,100,27.942681678608,,,,4.55095529556274,53.8032684326172,41.5766258239746,,,,,,474.800476074219,116.166885375977,108.929069519043,2.24085354804993,386.301208496094,86.195930480957,108.54549407959,430.66552734375,98.1072158813477,116.86336517334,69626,6684,5039.39892578125,483.775360107422,229,2931,212.140274047852,16.5745887756348,1496,1699,,,1.22970426082611,1.08277666568756,1.4974490404129,1.12462937831879,878,122,63.5479888916016,8.8301305770874,22.8257427215576,21.5485450496873,490.563784112781,231.776321309931,,,,833.407234058114,393.759321659721,,,123914,229.90397283984
2012,MA,21002,Bacabal,98.8812748637524,100,98.8812748637524,100,76.9602690771495,81.6901408450704,89.4050872398571,100,100,18.7723355055707,,,,4.71180248260498,66.3769454956055,28.8426342010498,,,,,,430.685913085938,131.65071105957,98.9261093139648,10.9170303344727,334.081695556641,86.1163482666016,86.5897903442383,372.037200927734,98.3251419067383,94.8066177368164,16274,5432,6121.3818359375,2043.21899414062,0,812,305.429656982422,0,153,104,,,0.391190677881241,0.575501680374146,0.547384858131409,0.663895726203918,24,0,9.0274772644043,0,1.37292885780334,19.0297884679697,352.003380172316,121.77650990447,,,,598.010234243204,206.883238387207,,,42621,444.091191490552
2012,MA,21007,Codó,79.2848419052789,96.9660062423667,77.2492875559777,97.9507545671168,71.3264495631454,82.8594122319301,66.703733121525,86.7672756155679,95.4249404289118,32.3590150913423,,,,3.60555243492126,70.4524993896484,25.4732284545898,,,,,,436.562530517578,146.183807373047,110.715171813965,6.15034151077271,340.002502441406,98.5272521972656,97.2028884887695,376.432220458984,110.091812133789,104.470924377441,15253,3717,5056.103515625,1232.12060546875,0,458,151.81901550293,0,188,162,,,0.537001729011536,0.623187184333801,0.619623780250549,0.699759662151337,20,20,6.62965106964111,6.62965106964111,1.05643486976624,25.1423217010841,367.070852875686,112.96551526277,,,,623.608007981583,191.914447556223,,,50516,471.039319704649
2012,MA,21014,Santa Inês,86.759250629136,99.8151871429903,84.3225969668322,100,65.5294863665187,74.1027266962587,64.4388078630311,81.7882054533925,89.2454026632847,22.4603677869372,,,,3.59862613677979,69.2399597167969,27.0120944976807,,,,,,429.145416259766,153.731506347656,101.098007202148,6.98239231109619,357.568450927734,114.132385253906,93.5816268920898,397.436920166016,127.804161071777,101.31086730957,23216,6974,6049.20458984375,1817.15856933594,0,676,176.139831542969,0,180,126,,,0.328307956457138,0.46901136636734,0.475916266441345,0.480541229248047,20,0,5.21123743057251,0,1.23297882080078,19.4678559860807,341.097602326814,101.972822702991,,,,579.482665670425,173.239221626805,,,56348,434.171473541948
2012,MA,21003,Balsas,77.8447032933677,99.2179200182122,74.7713993018668,94.3237561317449,85.0969399672974,99.6496145760336,87.2693295958888,98.9254846998365,100,29.7126839523476,,,,2.25284910202026,59.2896881103516,38.457462310791,,,,,,408.819000244141,102.783485412598,103.246475219727,11.5515289306641,335.134552001953,70.8163681030273,98.3441467285156,372.709289550781,80.9120178222656,106.395385742188,15353,5616,7108.26513671875,2600.14453125,0,340,157.416152954102,0,101,79,,,0.365761071443558,0.467618584632874,0.452802926301956,0.493198692798615,41,0,18.982536315918,0,2.34503769874573,16.7328409709106,400.128006970396,172.971871047682,,,,679.768026825475,293.857829069918,,,29651,403.920629267312
2012,MA,21019,Zé Doca,98.1686795046673,100,98.1686795046673,100,83.1451926819774,96.632931101596,92.4094978590891,97.275204359673,94.4530945893344,32.3277539898793,,,,10.0453796386719,57.8795394897461,31.5387783050537,,,,,,355.318450927734,130.411285400391,76.01513671875,9.32286548614502,313.129486083984,103.618087768555,74.2746276855469,348.801208496094,116.603874206543,80.5919799804688,16319,4511,5690.32568359375,1572.95532226562,0,423,147.497253417969,0,125,102,,,0.355667144060135,0.435866594314575,0.511445879936218,0.503164410591125,5,0,1.7434663772583,0,0.429241418838501,18.9960800034797,339.684466137127,123.48858816753,,,,577.081921952002,209.791847738157,,,44396,455.176558379054
2012,MA,21008,Imperatriz,78.9881319582366,89.0244303359292,76.5062279661886,100,83.2769404285861,94.0941248846509,82.6412385932534,98.4312519224854,94.0223520967907,33.6204244847739,,,,1.37330961227417,61.8618316650391,36.4398765563965,,,,,,510.476409912109,149.906311035156,120.37931060791,6.93362998962402,402.965087890625,107.18920135498,114.226440429688,446.407928466797,119.62801361084,122.78296661377,29215,5501,5529.68798828125,1041.20532226562,115,960,181.704620361328,21.7666988372803,355,369,,,0.698427140712738,0.671928524971008,0.816014587879181,0.6759033203125,336,37,63.5966148376465,7.00319862365723,6.89360809326172,19.9936765022939,430.235970253471,141.086441980142,,,,730.917735009197,239.688426218472,,,58733,303.467210614095
2012,MA,21009,Itapecuru Mirim,80.4204253957735,99.8623148248656,80.4204253957735,88.7293298520453,74.8912097476066,83.8410211778358,71.5114592399188,86.321438932405,85.5381491151726,21.6565129097766,,,,12.4525918960571,58.3754730224609,29.0139064788818,,,,,,360.217834472656,128.157073974609,84.6112289428711,7.49808740615845,298.755859375,97.9686965942383,80.2315368652344,331.026611328125,109.288986206055,86.3017501831055,18442,6055,5082.7373046875,1668.79797363281,0,465,128.157073974609,0,167,110,,,0.303167283535004,0.460263043642044,0.408517897129059,0.486032247543335,0,0,0,0,1.07073163986206,21.2379045707834,306.923553980199,116.048977018805,,,,521.425181544011,197.15286795464,,,55011,465.843926371828
2012,MA,21011,Pinheiro,89.9391133245292,100,89.9391133245292,100,90.0084530853762,91.2426035502959,64.4463229078614,100,100,22.3161453930685,,,,6.03144025802612,73.1472549438477,19.6984272003174,,,,,,344.853576660156,113.56519317627,82.380241394043,12.2079877853394,270.799041748047,75.9498062133789,73.8888320922852,299.917602539062,85.9463195800781,78.7346878051758,21961,7376,5707.10595703125,1916.8349609375,0,526,136.694030761719,0,159,109,,,0.283263295888901,0.413200587034225,0.454325735569,0.465825200080872,0,0,0,0,0.815746307373047,20.8115849496985,306.230992156594,120.184002591664,,,,520.248604608418,204.177765301412,,,64675,473.921857853217
2012,MA,21004,Barra do Corda,56.0852089663738,100,56.0852089663738,100,71.3513513513514,88.2744282744283,71.1434511434511,90.6652806652807,100,23.6382536382536,,,,10.9518480300903,66.0246353149414,22.933931350708,,,,,,392.511810302734,113.362426757812,105.745193481445,3.76712322235107,322.396484375,85.5921859741211,94.5621109008789,357.469360351562,95.2945556640625,102.048927307129,14476,4450,6486.30224609375,1993.92407226562,0,444,198.9443359375,0,79,59,,,0.264362961053848,0.353977531194687,0.34075939655304,0.386910885572433,8,0,3.58458280563354,0,1.00502741336823,18.9210271146271,284.763637148771,91.3493550052779,,,,483.778221879349,155.19126310074,,,32441,419.707117767101
2012,MA,21013,Rosário,100,100,100,100,78.3551474897441,81.558898222309,66.7317835514749,92.6548153936316,95.4873998827896,22.3090447352999,,,,6.09053516387939,70.2057647705078,23.6831283569336,,,,,,322.283935546875,104.361976623535,80.3056564331055,7.6838641166687,274.154876708984,77.639274597168,76.0030212402344,302.694671630859,87.3537673950195,81.9951934814453,18535,8068,6557.1162109375,2854.21166992188,0,444,157.073623657227,0,141,133,,,0.470513314008713,0.498814880847931,0.741323828697205,0.556213974952698,17,0,6.01408004760742,0,2.58287048339844,21.7916876559243,303.155867226954,131.586802630587,,,,515.024347447589,223.549713147387,,,47000,515.25419196121
2012,MA,21018,Viana,96.1692949689761,95.8317052967194,93.0512792460497,100,87.9348795718109,92.7520071364853,78.1891168599465,100,100,15.8340767172168,,,,7.82080507278442,67.1475601196289,24.9303970336914,,,,,,354.511474609375,111.830871582031,78.3576812744141,12.4463520050049,270.993041992188,73.6540451049805,66.2519226074219,301.239318847656,83.0599670410156,70.7080535888672,13754,4506,5231.70654296875,1713.97924804688,0,418,158.997634887695,0,125,70,,,0.266263961791992,0.475471377372742,0.529199659824371,0.518644213676453,6,0,2.28226256370544,0,0.572467565536499,24.6436479274355,317.203291808528,124.494454459078,,,,538.889185508032,211.500690239418,,,48495,507.322126340506
2012,MA,21015,São João dos Patos,97.2765884788594,100,97.2765884788594,81.6658801321378,77.6545540349221,89.853704577631,71.0712600283152,98.6786219915054,93.2279377064653,19.0891930155734,,,,3.55751752853394,55.7777214050293,40.4829902648926,,,,,,415.147247314453,110.984085083008,94.2947540283203,11.0552759170532,308.131591796875,70.5419769287109,79.8030166625977,342.188995361328,79.4153213500977,87.3506240844727,18526,8033,7729.666015625,3351.63598632812,0,606,252.843444824219,0,134,102,,,0.425578087568283,0.55909276008606,0.585900008678436,0.63200432062149,6,5,2.50340056419373,2.08616709709167,0.879945278167725,21.6292540911135,382.446582593219,140.687167619201,,,,649.729472285536,239.010108430737,,,40544,478.679296298312
2012,MA,21010,Pedreiras,97.2898505750369,100,97.2898505750369,100,95.0526573597845,73.4019103600294,49.3264756306637,100,100,0,,,,2.40549826622009,61.2542953491211,36.0538368225098,,,,,,436.921966552734,152.072738647461,118.074600219727,5.67823362350464,327.518280029297,99.3225860595703,102.42626953125,360.842498779297,111.32479095459,110.279823303223,18537,8238,8516.533203125,3784.8193359375,0,471,216.393539428711,0,129,67,,,0.307820945978165,0.592670202255249,0.531795144081116,0.73681765794754,54,0,24.8094501495361,0,1.0920752286911,20.8194778979458,439.13734132801,136.693904361706,,,,746.040064228777,232.226047735523,,,35885,446.274338450792
2012,MA,21012,Presidente Dutra,97.4074299569158,100,97.4074299569158,100,89.6939412866958,100,87.2371434520092,100,100,20.8619612742036,,,,2.16497087478638,54.6871604919434,42.9530220031738,,,,,,446.536529541016,140.550354003906,103.747894287109,5.49450540542603,332.323120117188,87.3105163574219,87.2979202270508,369.606903076172,98.4810104370117,95.079460144043,19278,6745,6756.93212890625,2364.1201171875,10,643,225.37126159668,3.50499629974365,192,102,,,0.357509642839432,0.672959327697754,0.680056929588318,0.707132995128632,14,2,4.90699481964111,0.70099925994873,0.958266019821167,20.3014120765053,369.480599965567,142.730337971869,,,,627.701870435349,242.48120231796,,,47320,455.666496753389
2012,MA,21017,Timon,100,100,100,62.4938514510576,68.3718642400394,89.7442203639941,72.0118052139695,88.6374815543532,85.3172651254304,14.1662567634038,,,,4.3158164024353,59.3805541992188,33.917236328125,,,,,,484.840911865234,167.717498779297,100.713737487793,4.12017154693604,364.168029785156,102.898460388184,89.2837829589844,404.583801269531,117.069984436035,96.0188369750977,10508,2192,4373.14013671875,912.250061035156,0,218,90.7255935668945,0,154,205,,,0.85315352678299,0.640905618667603,0.640177309513092,0.603658139705658,0,0,0,0,4.40851497650146,16.745285770876,332.085986649135,93.1599190856681,,,,564.173044496672,158.267187682193,,,33315,384.420366759814
2012,MG,31074,Patrocínio / Monte Carmelo,93.4337401728706,89.4784563262824,76.3649394084177,97.8297872340426,93.4468085106383,99.1489361702128,93.6170212765958,98,94.8936170212766,16.8936170212766,,,,1.04821801185608,21.8448638916016,76.9811325073242,,,,,,575.864562988281,148.473373413086,100.749794006348,7.09023952484131,359.138763427734,79.3336486816406,78.9366226196289,400.252593994141,89.5276412963867,84.7100372314453,11904,2649,6312.23974609375,1404.66418457031,10,235,124.61157989502,5.30262041091919,137,180,,,0.954471707344055,0.72645902633667,1.10983848571777,0.741571485996246,102,2,54.0867309570312,1.0605241060257,14.6161432266235,19.7764319447049,503.538106468602,239.676583551654,,,,855.449004075645,407.18089071239,,,10796,135.412536443005
2012,MG,31024,Sete Lagoas,73.8353887192175,77.1214288475664,68.9933119418564,99.9801626661377,91.073199761952,94.8819678635191,94.2868478476493,93.2949811545328,99.6429279904781,33.6044435627852,,,,2.48013949394226,33.5981407165527,63.2241821289062,,,,,,629.699829101562,157.542526245117,104.401313781738,6.08663177490234,383.6630859375,75.4814224243164,85.0363006591797,425.353302001953,86.4628295898438,90.9132766723633,23494,4273,5524.33447265625,1004.7451171875,28,340,79.9469528198242,6.58386659622192,225,365,,,0.858254075050354,0.5290607213974,0.987050950527191,0.499492108821869,120,2,28.2165718078613,0.470276206731796,25.3591728210449,23.6348295906729,577.566842801859,295.060202294121,,,,981.214676932842,501.270813375081,,,21349,122.074688515993
2012,MG,31059,Manhuaçu,96.6690859437949,100,94.8238745748325,100,98.1826144077075,100,99.408802277206,100,97.7008977446902,26.0345960148894,,,,1.27199494838715,29.4678821563721,69.1541213989258,,,,,,651.4716796875,183.132583618164,118.285636901855,10.1843318939209,382.578857421875,83.6098709106445,85.9659423828125,427.195861816406,94.7098693847656,92.9462814331055,20814,4505,6248.72412109375,1352.47924804688,20,544,163.318237304688,6.00434732437134,245,251,,,0.753545582294464,0.735532522201538,0.996496498584747,0.718119919300079,124,6,37.2269515991211,1.80130410194397,6.81493377685547,23.8065700770641,443.159654525879,235.926889387108,,,,752.873477182027,400.810623800229,,,31784,232.108383353634
2012,MG,31060,Ponte Nova,94.4854728119558,96.0946237370997,91.2331947544511,95.34516765286,90.1775147928994,91.9132149901381,90.8086785009862,90.6508875739645,90.6508875739645,26.0749506903353,,,,1.48453605175018,27.5463924407959,70.7628860473633,,,,,,784.127685546875,239.051971435547,112.084678649902,8.12574100494385,399.405212402344,90.3753356933594,82.4762878417969,441.380462646484,100.890754699707,87.1278839111328,13787,3064,6412.0810546875,1425.01025390625,16,321,149.291213989258,7.44130659103394,132,206,,,0.958068251609802,0.613907814025879,1.29153180122375,0.781802296638489,134,2,62.3209419250488,0.930163323879242,12.4567470550537,19.5475788683596,537.783201268953,248.906362493086,,,,913.6271873454,422.861144305626,,,18105,201.024999898474
2012,MG,31037,Ipatinga,70.7348031162224,86.1767979225184,59.2079601462717,100,93.7881097560976,98.0373475609756,93.0830792682927,97.2560975609756,97.9801829268293,36.3185975609756,,,,1.5157185792923,31.1190128326416,67.2717056274414,,,,,,542.708618164062,143.931289672852,108.335372924805,3.184410572052,344.377838134766,72.3247604370117,90.4792633056641,381.510467529297,81.8892593383789,97.143424987793,22629,4587,5836.955078125,1183.17712402344,30,528,136.19303894043,7.73824119567871,245,428,,,1.10398900508881,0.631956338882446,1.23418498039246,0.603131413459778,145,10,37.401496887207,2.57941365242004,30.7277812957764,21.2195216014944,602.004676643998,281.758509448748,,,,1022.73153604135,478.672881359773,,,24243,151.797232049478
2012,MG,31081,Santa Maria do Suaçuí,82.0671636748575,100,67.0668258294106,100,94.7368421052632,99.2481203007519,100,100,92.1052631578947,32.1428571428571,,,,2.84697508811951,58.7188606262207,38.2562294006348,,,,,,548.417785644531,187.965774536133,79.6090316772461,17.7419357299805,323.994689941406,78.5661544799805,58.2238693237305,361.653961181641,90.0162658691406,62.9584121704102,3239,1883,7162.6015625,4163.99462890625,0,72,159.218063354492,0,28,16,,,0.353817909955978,0.619181334972382,0.569425702095032,0.569425702095032,3,0,6.63408613204956,0,2.1605007648468,18.5961011790337,323.101226156805,188.46562099785,,,,548.909046963446,320.179795161465,,,6062,386.381769320924
2012,MG,31072,Uberaba,74.9934556022716,67.1014461783388,59.8077816895765,100,87.5694147800085,100,87.71892353695,92.3750533959846,100,30.6279367791542,,,,0.704363167285919,26.8049297332764,70.9841537475586,,,,,,683.01416015625,156.265365600586,137.896423339844,6.78030300140381,401.884460449219,73.1504058837891,103.458862304688,447.183898925781,82.7025375366211,112.023323059082,22585,3770,5843.13427734375,975.364929199219,57,650,168.166366577148,14.7468967437744,379,1019,,,2.63633108139038,0.980539262294769,2.82985186576843,0.997743964195251,288,40,74.5106353759766,10.3486995697021,30.2865028381348,21.3079312705256,535.354134307626,287.518779537748,,,,909.50050281804,488.458868254389,,,9835,60.2970800581905
2012,MG,31089,Campo Belo,98.7685712484502,100,98.7685712484502,92.5345622119816,94.2857142857143,100,97.3271889400922,96.036866359447,90.5990783410138,31.889400921659,,,,0.649350643157959,28.8497219085693,70.5009307861328,,,,,,754.763549804688,233.421417236328,131.620895385742,4.35967302322388,346.943572998047,82.5267868041992,74.1740036010742,385.633056640625,94.0143356323242,80.8351974487305,6314,1491,6492.61181640625,1533.177734375,9,118,121.338005065918,9.25459384918213,70,89,,,0.915176510810852,0.719801723957062,0.866332828998566,0.70129257440567,28,2,28.7920703887939,2.05657649040222,10.5306997299194,23.8711085275561,533.100368334537,249.462126247239,,,,905.671633001971,423.805318229872,,,5970,140.594516802237
2012,MG,31062,Águas Formosas,99.3754301445286,100,99.3754301445286,88.9390519187359,89.0519187358916,89.5033860045147,91.7607223476298,90.5191873589165,99.8871331828442,33.1828442437923,,,,1.45808017253876,34.2648849487305,64.0340194702148,,,,,,717.602355957031,187.420852661133,119.881805419922,14.5882349014282,417.978515625,82.0715179443359,87.4254302978516,460.963623046875,91.7408599853516,93.3917007446289,4185,2094,7066.2724609375,3535.6689453125,0,155,261.713806152344,0,37,30,,,0.506542861461639,0.624736189842224,0.572815537452698,0.805403113365173,10,0,16.8847618103027,0,2.71675801277161,18.2209017709992,415.939938150706,227.273449987974,,,,706.630543498883,386.109499852065,,,8473,378.340705881072
2012,MG,31068,Pedra azul,100,100,100,91.8954248366013,98.0392156862745,100,100,100,100,42.0915032679739,,,,2.3560209274292,24.6073303222656,72.6439819335938,,,,,,577.737854003906,133.200668334961,64.1930923461914,24.4444446563721,390.151580810547,74.1946563720703,55.4343185424805,432.778747558594,85.3864212036133,57.4151496887207,4145,1675,6652.00927734375,2688.08569335938,0,151,242.328918457031,0,39,35,,,0.561689555644989,0.625882625579834,0.726986765861511,0.677237153053284,6,0,9.62896347045898,0,3.44556427001953,14.4562099734544,316.863473653223,136.278376672227,,,,538.311876464708,231.520117551563,,,8920,381.463839144134
2012,MG,31040,Resplendor,94.8368916815326,98.7489915804066,87.8148825688282,95.462962962963,89.7222222222222,100,100,99.537037037037,100,21.0185185185185,,,,0.870322048664093,27.5892086029053,71.3664093017578,,,,,,714.820251464844,268.057586669922,137.379516601562,3.59375,362.81103515625,105.083251953125,91.1629104614258,402.728485107422,120.087440490723,96.8038101196289,7484,2398,8358.9287109375,2678.34204101562,0,132,147.431671142578,0,65,68,,,0.759496510028839,0.725989282131195,0.72654777765274,0.697508156299591,19,0,21.2212257385254,0,8.59124565124512,21.0259945730585,382.220937098845,250.607638224636,,,,649.346128481052,425.751401490766,,,8600,231.137206743076
2012,MG,31008,São Lourenço,87.5027346096171,85.898562888066,84.8178451673979,91.1551155115512,88.4158415841584,92.046204620462,94.2904290429043,93.4983498349835,98.7458745874587,27.953795379538,,,,1.06913757324219,19.1019248962402,79.7932968139648,,,,,,737.892517089844,226.115783691406,143.608825683594,3.95569610595703,375.942626953125,94.5988845825195,97.4939880371094,416.542724609375,106.048057556152,104.191734313965,19678,5167,7658.35888671875,2010.91271972656,30,636,247.520904541016,11.6755142211914,196,328,,,1.27652287483215,0.762800276279449,1.47452008724213,0.821177840232849,130,3,50.5938949584961,1.16755139827728,22.2469139099121,20.7330535624623,430.206889493874,270.446547585081,,,,730.86833039311,459.455256345688,,,16298,148.006047176992
2012,MG,31006,Poços de Caldas,70.838703821367,54.1644730870473,58.8617590995734,100,87.4329501915709,95.2873563218391,91.3026819923372,91.6475095785441,91.9540229885057,32.8735632183908,,,,0.65597665309906,22.5218658447266,74.7084579467773,,,,,,697.798767089844,189.585601806641,128.600021362305,4.62317943572998,350.907165527344,70.0415573120117,84.0063705444336,392.233917236328,81.2641448974609,91.5906677246094,13983,2574,6179.43017578125,1137.513671875,42,392,173.234405517578,18.5608291625977,177,423,,,1.86934065818787,0.782206356525421,2.04478454589844,0.723098933696747,358,47,158.208969116211,20.770450592041,40.8731536865234,25.8634959479829,696.922858262715,338.454679118968,,,,1183.9857944407,574.992665813499,,,7014,72.1857936369134
2012,MG,31041,Além  Paraíba,85.3483918311825,75.4684899142668,75.3074045569258,100,93.4971098265896,100,98.8439306358381,94.364161849711,100,15.8959537572254,,,,2.25035166740417,28.4106884002686,69.1983108520508,,,,,,908.148742675781,268.755828857422,219.571746826172,2.70793032646179,483.170349121094,103.992362976074,155.034530639648,529.862731933594,116.640892028809,164.682601928711,4222,1481,7416.25537109375,2601.48608398438,5,161,282.808410644531,8.78287029266357,39,95,,,1.66874527931213,0.68506383895874,1.48869645595551,0.64510178565979,22,0,38.6446266174316,0,16.5100383758545,22.9357604748749,468.964852904379,296.93068150134,,,,796.713319627474,504.448526351328,,,3805,171.589589826349
2012,MG,31001,Alfenas / Machado,76.6395260699927,67.7386678403141,67.0770939651469,96.7397576457011,94.7201384881708,96.9417195614541,97.6918638199654,96.3935372186959,97.5187536064628,41.3733410271206,,,,1.48486578464508,22.3015422821045,75.9280395507812,,,,,,712.832336425781,209.616409301758,124.950500488281,4.59770107269287,373.156433105469,84.0237274169922,90.7238159179688,415.311187744141,95.3157348632812,97.7694091796875,19228,4456,6564.33935546875,1521.25524902344,36,546,186.401565551758,12.2902126312256,215,393,,,1.341681599617,0.733998835086823,1.39186656475067,0.743387162685394,153,0,52.2334060668945,0,16.9990711212158,25.2462943235112,505.458893981015,270.152668312528,,,,858.712184644158,458.955991785977,,,15698,127.866066926221
2012,MG,31013,Barbacena,70.5136762261749,84.5349022242654,68.5247887124721,96.6955153422502,96.0267505900866,100,100,100,100,10.7395751376869,,,,1.61960136890411,34.0116271972656,64.1195983886719,,,,,,747.867858886719,221.638488769531,157.695999145508,4.5060658454895,403.592864990234,95.6063690185547,111.87215423584,449.976593017578,108.278205871582,121.861267089844,12944,3090,5592.37548828125,1335.01538085938,41,452,195.283813476562,17.7137966156006,225,475,,,2.05220818519592,0.972098588943481,2.33454895019531,1.03496098518372,147,6,63.510440826416,2.59226298332214,18.7139778137207,20.2934903040299,601.935991164033,202.80778053535,,,,1022.61484790063,344.545351481905,,,17019,171.654468805332
2012,MG,31094,Almenara/Jacinto,94.4751680111567,99.1602447733202,94.4751680111567,100,95.956607495069,100,100,100,100,33.0374753451676,,,,1.4832535982132,32.0574150085449,65.9808578491211,,,,,,570.657165527344,166.834686279297,100.808235168457,19.1115703582764,320.625183105469,76.5077438354492,75.0433731079102,353.880187988281,86.6695861816406,80.7536163330078,11070,3597,6526.0068359375,2120.51000976562,0,420,247.599166870117,0,92,89,,,0.524674415588379,0.542360067367554,0.735133767127991,0.578763067722321,129,0,76.0483169555664,0,3.47935795783997,18.8620497344226,380.211414412901,182.380581999472,,,,645.932197820642,309.842066032222,,,24133,368.83037334921
2012,MG,31036,Governador Valadares,73.8658341027261,74.9693862675543,66.0070946110112,100,96.7256805634875,100,100,100,100,30.0399771559109,,,,1.54886949062347,38.721736907959,59.4445419311523,,,,,,663.599487304688,179.274108886719,117.693214416504,8.67072772979736,405.605804443359,87.8705825805664,93.0036926269531,450.482727050781,98.3365707397461,99.9106369018555,22877,4732,5439.32861328125,1125.099609375,38,594,141.231857299805,9.0350341796875,318,519,,,1.23399555683136,0.756089746952057,1.44180130958557,0.696410953998566,215,10,51.1192741394043,2.37764072418213,19.6595211029053,16.8798943841479,528.022146725512,163.921055592812,,,,897.044362171603,278.481612319927,,,35256,210.713152043883
2012,MG,31092,Passos,78.6534409935384,67.7094988961805,70.3823550165825,100,100,100,100,100,100,31.6498316498317,,,,2.27188086509705,17.8770942687988,79.7392959594727,,,,,,649.497497558594,161.759796142578,121.442756652832,8.02422428131104,355.341094970703,72.0425262451172,89.6250610351562,396.346832275391,82.0511322021484,96.3990097045898,14306,3160,7033.8466796875,1553.6806640625,38,374,183.884994506836,18.6835021972656,187,295,,,1.45042967796326,0.919424951076508,1.71507167816162,0.887466311454773,108,14,53.1004791259766,6.88339519500732,14.3676128387451,25.3435772165399,482.067442433716,305.351778993567,,,,818.972999718602,518.754930117808,,,8563,95.9920794520096
2012,MG,31095,Serro,84.9649796209093,94.258240671125,84.9649796209093,86.1204013377926,100,90.6354515050167,100,100,100,22.2408026755853,,,,0.967741906642914,29.5161285400391,69.1935501098633,,,,,,575.34033203125,144.322662353516,91.6643905639648,21.6949157714844,357.112426757812,68.2852935791016,75.698127746582,399.33642578125,80.4228973388672,82.6730117797852,3575,919,6972.3447265625,1792.33142089844,0,79,154.074188232422,0,39,34,,,0.663104116916656,0.760619401931763,0.824004352092743,0.717225074768066,19,0,37.0558166503906,0,6.22342729568481,21.1883227178552,506.40737804032,344.902428489306,,,,860.323541825453,585.946595032615,,,5407,309.240432999694
2012,MG,31090,Lima Duarte,99.5794868890525,100,99.5794868890525,70.767004341534,100,100,100,100,100,8.39363241678726,,,,2.04978036880493,19.1800880432129,78.4773025512695,,,,,,731.870544433594,213.287979125977,125.463516235352,8.1904764175415,352.197143554688,78.3523941040039,85.4701995849609,388.936981201172,87.7870864868164,90.4842147827148,5191,1398,7236.45703125,1948.86669921875,0,176,245.350875854492,0,53,73,,,1.01764857769012,0.738840699195862,1.11244320869446,0.699459135532379,58,0,80.8542709350586,0,6.53943729400635,20.4555718559898,516.311253702575,332.559933814255,,,,877.149002427001,564.978222148924,,,6815,223.798202301567
2012,MG,31099,Teófilo Otoni / Malacacheta,72.730903681121,87.7624530057969,66.4356958073476,100,84.5371059816332,88.0863737900223,92.6284437825763,96.1280714817573,95.0856291883842,27.0042194092827,,,,3.32143831253052,40.5984077453613,56.0527038574219,,,,,,692.597412109375,173.239212036133,86.2601928710938,20.238712310791,421.601501464844,82.9023132324219,72.1228103637695,466.167816162109,93.9278945922852,76.5403823852539,14734,3317,5295.65673828125,1192.18774414062,16,500,179.708724975586,5.75067949295044,225,235,,,0.844631016254425,0.808689296245575,1.20782232284546,0.946525871753693,80,2,28.753396987915,0.718834936618805,10.6879968643188,20.457386420608,503.814745370286,156.734409631415,,,,855.91897937621,266.272389122428,,,28888,287.675361126751
2012,MG,31035,Coronel Fabriciano/Timóteo,86.1635737324452,72.8539056860649,57.5048198605667,100,89.7857142857143,100,96.8928571428571,95.3928571428571,99.9285714285714,37.9642857142857,,,,1.52513003349304,32.4783363342285,65.3726196289062,,,,,,604.340209960938,177.64208984375,123.635322570801,2.43722295761108,367.897521972656,87.3580780029297,98.7070693969727,409.382659912109,98.7383193969727,105.979850769043,9602,1547,4285.72705078125,690.483215332031,8,94,41.9556694030762,3.57069540023804,124,234,,,1.04442834854126,0.553457796573639,1.2491854429245,0.575328290462494,92,18,41.0629959106445,8.03406429290771,31.2315330505371,21.0357031494371,337.573257815484,228.466622247077,,,,573.495239965186,388.136552040625,,,12005,124.028077154883
2012,MG,31045,Muriaé,100,94.2790581982977,100,100,100,100,100,100,100,24.0263024785028,,,,1.12085771560669,4.87329435348511,93.9571151733398,,,,,,752.062377929688,245.946334838867,150.531005859375,2.04885745048523,395.595367431641,104.079902648926,108.5498046875,439.951721191406,117.470222473145,117.943420410156,13163,3887,7800.943359375,2303.5986328125,37,534,316.470703125,21.9277458190918,156,229,,,1.35714960098267,0.924521148204803,1.5907986164093,0.964376330375671,150,7,88.8962631225586,4.14849233627319,13.1116065979004,19.8190481605248,360.782894649465,204.982493434834,,,,612.925544165659,348.239919897116,,,11225,156.125548804491
2012,MG,31046,Santos Dumont,66.5919638253144,63.0220935306017,49.3375907342033,70.3883495145631,86.4077669902913,90.2912621359223,98.705501618123,98.5436893203884,88.8349514563107,16.504854368932,,,,3.27868843078613,34.0619316101074,61.2021865844727,,,,,,862.792541503906,271.330688476562,191.297897338867,7.91855192184448,454.427856445312,121.15559387207,127.064552307129,509.933746337891,138.029663085938,137.852249145508,3414,986,6664.1943359375,1924.69104003906,0,52,101.505004882812,0,39,52,,,1.0150500535965,0.761287569999695,1.32444512844086,0.815456092357635,33,6,64.4166412353516,11.7121162414551,22.7527370452881,30.3438807211583,392.848501647414,316.825249295383,,,,667.401047050338,538.246938005383,,,3454,162.779943314947
2012,MG,31064,Araçuaí,78.7541562054692,98.2628757549026,78.7541562054692,98.2914572864322,79.2964824120603,73.6683417085427,81.1055276381909,91.9597989949749,100,9.74874371859296,,,,2.92249035835266,34.0533676147461,62.5158843994141,,,,,,637.048889160156,148.978271484375,65.5949096679688,25.3054103851318,361.027679443359,61.2187957763672,54.5838737487793,404.254669189453,69.521369934082,59.3336906433105,5110,1742,5681.1865234375,1936.71752929688,0,176,195.672958374023,0,46,59,,,0.655949115753174,0.511417984962463,0.61147803068161,0.52642697095871,12,0,13.3413381576538,0,2.86949944496155,20.6909701351704,352.707081067023,173.26376284871,,,,599.205735083777,294.353717161166,,,11572,338.227618228247
2012,MG,31075,Uberlândia / Araguari,44.4800918248358,37.5628889243603,34.7368626270725,97.0580173595249,90.5984467793513,98.9584285061672,93.1566925536775,100,95.568752855185,28.1224303334856,,,,0.616034507751465,16.8793449401855,82.4518203735352,,,,,,563.465759277344,112.905738830566,106.764427185059,4.21295309066772,343.185241699219,55.6078033447266,80.5528869628906,383.729339599609,63.7150688171387,87.5353088378906,49069,7909,5795.15869140625,934.070617675781,138,1176,138.888229370117,16.2981090545654,621,1904,,,2.24866652488708,0.733414888381958,2.36124753952026,0.710444033145905,591,69,69.7984237670898,8.14905452728271,29.7779445648193,24.7228598236924,596.285920526577,330.294349246258,,,,1013.0160762532,561.129274000921,,,20245,55.666566635277
2012,MG,31061,Viçosa,83.92397227296,86.5606395255527,83.92397227296,100,91.2738853503185,93.1210191082803,94.5222929936306,89.9363057324841,82.8025477707006,32.1019108280255,,,,2.07677793502808,30.2706108093262,67.275016784668,,,,,,561.265258789062,157.482666015625,109.715408325195,7.97872352600098,301.901977539062,66.1788940429688,78.5320205688477,335.926208496094,74.1838531494141,84.7180328369141,7839,1511,5850.7421875,1127.75500488281,19,176,131.359954833984,14.1809034347534,75,137,,,1.02251780033112,0.559772491455078,1.39159440994263,0.69449108839035,75,5,55.9772491455078,3.73181676864624,23.2342910766602,21.1108702372153,458.956254485191,210.860303624643,,,,779.709948005944,358.225592894698,,,9932,182.37832400016
2012,MG,31082,São Gotardo,89.0994946199697,93.3703429285501,89.0994946199697,100,100,100,100,100,100,32.4427480916031,,,,0.945017158985138,24.3127155303955,74.7422714233398,,,,,,610.435852050781,156.938293457031,102.821640014648,6.38297891616821,356.201507568359,72.2609481811523,79.4237289428711,396.218872070312,81.0459671020508,84.9471282958984,4512,1004,4883.48681640625,1086.66235351562,0,120,129.879974365234,0,60,69,,,0.746809840202332,0.649399816989899,0.82960832118988,0.679434597492218,66,0,71.4339828491211,0,6.30675506591797,22.4669144464727,460.381836905615,294.13678384484,,,,782.131836331996,499.702039567032,,,5611,125.768779682238
2012,MG,31086,Divinópolis,63.914233000139,42.1897312120102,44.9493258185586,100,95.9189117097893,98.7463323552947,97.839423846359,93.7583355561483,99.0930914910643,33.1821819151774,,,,0.89171975851059,20.8917198181152,78.1401290893555,,,,,,584.7451171875,149.863922119141,104.506340026855,7.86163520812988,335.048919677734,61.3754196166992,78.5670776367188,373.842590332031,70.842658996582,84.3860473632812,12022,2232,3684.384765625,684.04150390625,22,352,107.877510070801,6.74234437942505,303,507,,,1.55380392074585,0.92860472202301,1.59310877323151,0.882940649986267,344,13,105.425750732422,3.98411250114441,52.2871856689453,23.8003021231876,568.747468549182,235.581529246212,,,,966.231650178553,400.223899608392,,,9061,60.8797711285154
2012,MG,31070,Araxá,79.4863480121927,78.7853238920105,62.964819083893,96.7487227124942,81.4677194612169,91.6860195076637,91.1751045053414,86.9019972131909,89.3636785880167,28.4254528564793,,,,2.17391300201416,23.1144638061523,74.445426940918,,,,,,637.215698242188,164.018737792969,102.868896484375,17.7578468322754,382.112854003906,80.8563842773438,81.0822067260742,425.062225341797,91.3094253540039,87.7100830078125,9706,2800,5546.91943359375,1600.18286132812,21,372,212.595718383789,12.001371383667,147,198,,,1.13155794143677,0.840095996856689,0.990970432758331,0.825380027294159,89,5,50.8629570007324,2.85746932029724,24.0004577636719,20.0032078095321,448.659368300108,339.066807556369,,,,762.216811103387,576.03259636774,,,7519,103.854242351726
2012,MG,31002,Guaxupé,60.9666652341456,61.7695933072615,52.4789777529474,94.1736028537455,95.4815695600476,100,100,99.0487514863258,98.2758620689655,43.935790725327,,,,1.07206666469574,11.1375818252563,87.552116394043,,,,,,748.892822265625,237.23127746582,134.758590698242,3.37394571304321,383.203948974609,91.2446746826172,92.8664321899414,426.273986816406,103.907173156738,99.83935546875,9273,2335,6508.4189453125,1638.86096191406,7,232,162.833297729492,4.91307353973389,74,148,,,1.03876411914825,0.519382059574127,1.2779256105423,0.495869517326355,83,1,58.2550163269043,0.701867699623108,15.3126468658447,22.7812447752669,388.823783569454,264.224197155125,,,,660.563548503064,448.884252066298,,,6814,116.266833298991
2012,MG,31087,Lagoa da Prata/Sto Ant do Monte,86.8965928246692,83.3038192375147,86.8965928246692,100,100,100,100,100,100,44.3122676579926,,,,0.703234851360321,15.6118144989014,83.6146240234375,,,,,,550.991516113281,156.362457275391,118.305992126465,3.75375366210938,333.818756103516,77.0620269775391,88.2823104858398,373.531982421875,85.9245376586914,97.4853515625,6724,1808,5562.86328125,1495.78479003906,0,146,120.787933349609,0,83,95,,,0.785948872566223,0.686671137809753,0.943965971469879,0.717695415019989,55,0,45.5023040771484,0,25.2620525360107,24.0446464438885,440.761846310922,270.71786890779,,,,748.799897401075,459.916197736844,,,4913,91.3138227702037
2012,MG,31044,Leopoldina / Cataguases,100,85.456180650631,95.6699070281665,100,99.8933901918977,100,100,100,100,35.0213219616205,,,,1.92878341674805,28.9317512512207,69.1394653320312,,,,,,835.896484375,242.589263916016,206.172866821289,2.74798917770386,398.493255615234,99.7501754760742,124.73560333252,442.266784667969,112.188468933105,135.694793701172,12622,3677,7071.5048828125,2060.0478515625,16,323,180.961502075195,8.96403694152832,118,228,,,1.27737534046173,0.661097764968872,1.37527942657471,0.681126773357391,92,1,51.5432167053223,0.56025230884552,16.1061344146729,20.9570381294576,410.941047742937,203.634907629285,,,,698.138046573874,345.950538179119,,,10474,131.545825638291
2012,MG,31027,Turmalina/Minas Novas/Capelinha,97.4445564516129,100,94.737063172043,100,96.5846994535519,95.7650273224044,100,100,100,18.1010928961749,,,,1.62127113342285,28.3398189544678,69.9092102050781,,,,,,458.749603271484,105.421813964844,73.3011016845703,25.1346492767334,338.341705322266,59.8775749206543,67.9767608642578,374.131744384766,67.2605972290039,72.6718597412109,9123,3710,7513.77490234375,3055.58520507812,0,179,147.425811767578,0,79,55,,,0.45298433303833,0.650650262832642,0.662798464298248,0.653121054172516,14,0,11.5305109024048,0,4.35194396972656,19.0032849759931,367.311834949101,179.329230621241,,,,624.017406738211,304.658197196756,,,14318,315.761539729585
2012,MG,31058,Unaí,69.0465044002345,79.0409573903089,62.9813801432781,100,100,100,100,100,100,29.0769684458862,,,,1.83486235141754,23.7142066955566,74.2285232543945,,,,,,490.908050537109,88.5243988037109,69.3632736206055,17.5644035339355,353.363739013672,57.0193519592285,61.2878646850586,392.423614501953,64.4545211791992,65.9784927368164,12194,2337,4673.015625,895.591003417969,8,244,93.5062942504883,3.06578016281128,151,195,,,0.747283935546875,0.578666031360626,0.942248344421387,0.53679895401001,274,0,105.002967834473,0,12.2569894790649,25.5683767671693,483.857387956796,327.618716420243,,,,822.0138959197,556.583704545732,,,18360,180.549470127369
2012,MG,31019,Curvelo,87.9803283917008,87.2755335083693,79.8625151637687,97.6331360946746,90.714610832954,98.6800182066454,96.8593536640874,97.9972690031862,96.4497041420118,35.6395084205735,,,,1.65898621082306,42.6728096008301,55.1612892150879,,,,,,622.6767578125,156.921234130859,105.727066040039,9.29401206970215,361.389587402344,70.3896713256836,83.2895202636719,400.141510009766,80.5667877197266,89.0267028808594,10647,2033,5924.61083984375,1131.27966308594,15,171,95.1543579101562,8.34687423706055,97,145,,,0.806864440441132,0.539764523506165,1.0115020275116,0.553536832332611,59,0,32.8310356140137,0,12.6616506576538,21.7541282519809,465.007122362917,245.46282985501,,,,789.98962462485,417.011007984459,,,14152,197.152418324567
2012,MG,31030,Formiga,89.6913382642832,99.5316159250585,89.6913382642832,96.4022894521668,97.5470155355683,99.2641046606705,100,99.2641046606705,93.6222403924775,35.2412101390025,,,,0.402900874614716,17.2441577911377,82.2723617553711,,,,,,756.224792480469,219.602401733398,160.986724853516,1.96506547927856,376.646942138672,87.9645462036133,106.632568359375,416.677459716797,98.8516006469727,115.460784912109,7354,1835,6071.263671875,1514.92639160156,0,458,378.112396240234,0,94,117,,,0.965920329093933,0.776038587093353,1.24310648441315,0.776451349258423,127,0,104.847763061523,0,16.8301296234131,22.7187210019636,432.57566082923,271.19654501605,,,,734.892580104665,460.729409278981,,,5269,97.7881433770706
2012,MG,31021,Itabira,93.5090494241276,96.9692837728508,93.5090494241276,96.8484419263456,98.5127478753541,98.5481586402266,100,100,100,7.40084985835694,,,,1.34205090999603,23.9504470825195,74.4666213989258,,,,,,563.295471191406,154.551971435547,108.053527832031,7.23270463943481,329.343719482422,68.3765869140625,86.917610168457,363.491821289062,76.5873718261719,92.607666015625,12069,2867,5344.6640625,1269.62902832031,12,297,131.524169921875,5.31410789489746,167,289,,,1.27981436252594,0.739546716213226,1.45030868053436,0.75327479839325,98,4,43.3985481262207,1.77136933803558,37.9236907958984,22.4309351859283,722.900378618953,504.553228010941,,,,1228.11839062681,857.173570104024,,,10416,105.860341151298
2012,MG,31015,São João Del Rei,72.8588016212071,78.6579033848176,72.2291598203527,100,98.0807676929228,99.1203518592563,100,100,100,13.0747700919632,,,,0.874751508235931,38.8071556091309,60.0795211791992,,,,,,713.533142089844,200.011993408203,141.764389038086,9.00360107421875,384.370574951172,89.1441650390625,99.1108093261719,428.624938964844,101.240562438965,106.36644744873,14874,4064,6370.4033203125,1740.57543945312,26,457,195.729080200195,11.1355714797974,149,210,,,0.899411499500275,0.638153910636902,1.16120457649231,0.624662697315216,138,0,59.1041870117188,0,17.043420791626,19.1302355389633,458.067285480599,208.365524220812,,,,778.199699546367,353.987271049778,,,13449,126.950217007994
2012,MG,31023,João Monlevade,67.7198410850676,60.2697648569691,60.9606993458653,96.8282465589467,96.1699581089168,97.3668461998803,96.3494913225613,94.4943147815679,91.2627169359665,7.12148414123279,,,,1.22306346893311,20.908561706543,77.7518920898438,,,,,,634.901977539062,178.566177368164,88.9156723022461,7.06018495559692,348.049835205078,81.5185546875,70.9887084960938,387.327392578125,92.9137496948242,74.5918121337891,8245,1843,6058.7578125,1354.310546875,6,199,146.233215332031,4.40904140472412,79,125,,,0.918550312519073,0.580523788928986,1.50991296768188,0.584749102592468,92,4,67.6053009033203,2.93936109542847,28.059139251709,23.4695692481825,503.618994552611,314.609180497149,,,,855.586422932367,534.482111029908,,,6965,126.507416903752
2012,MG,31097,Juiz de Fora,72.3088897634352,48.6317722681359,55.8595478595479,100,90.0469759248385,100,97.3282442748092,93.6435701702877,99.0017615971814,21.4034057545508,,,,3.77435612678528,23.2456741333008,72.9799728393555,,,,,,746.405822753906,181.240814208984,139.717086791992,8.02553558349609,385.695831298828,79.9625244140625,101.53343963623,429.943939208984,90.2769165039062,109.523933410645,42864,7329,7294.5595703125,1247.24304199219,158,1502,255.609100341797,26.8883075714111,665,2023,,,3.44272446632385,1.13169145584106,3.51156210899353,1.25800693035126,574,59,97.6828384399414,10.0405702590942,37.8292961120605,26.3012184534803,669.613092889765,297.266568534225,,,,1137.58987864065,505.019156903558,,,18514,73.5101783941921
2012,MG,31016,Belo Horizonte/ Nova Lima/ Caeté ,91.1518464982906,56.1503592117038,67.7508200364502,100,90.3878623576134,100,98.1902927397684,93.5578226439324,100,31.5164918789089,,,,0.870778322219849,26.7398681640625,71.7548294067383,,,,,,580.303527832031,131.284881591797,98.0829086303711,5.95244359970093,337.928894042969,58.3697547912598,75.0441436767578,378.881591796875,66.9899215698242,80.9133834838867,174395,29696,5312.1640625,904.555908203125,733,6450,196.470413208008,22.3275680541992,3950,12658,,,3.85569381713867,1.20319092273712,3.76600289344788,1.20841491222382,4062,637,123.730674743652,19.403356552124,50.1365699768066,19.5862456072863,778.423822440948,284.677782271908,,,,1322.44585881682,483.632365055478,,,115077,86.4864902848375
2012,MG,31085,Taiobeiras,100,97.0721255022001,100,90.4373177842566,95.6851311953353,100,99.4169096209912,100,100,14.5772594752187,,,,0.2972651720047,14.2687273025513,85.3151016235352,,,,,,492.721160888672,125.419929504395,58.2306823730469,20,321.025268554688,65.0170440673828,52.8732261657715,356.516693115234,73.1652450561523,56.849739074707,8359,2206,6240.38818359375,1646.88317871094,10,173,129.15266418457,7.46547222137451,87,53,,,0.395670026540756,0.649496078491211,0.672825694084167,0.686823427677155,8,0,5.97237777709961,0,1.17431879043579,18.8524162696012,458.877628541209,172.966453579065,,,,779.576372245519,293.848625460353,,,17816,347.713325343012
2012,MG,31017,Betim,74.6693667657369,70.7899999526483,48.372916722568,100,99.2876838235294,100,100,100,100,33.7890625,,,,1.25326371192932,25.0234985351562,73.1279373168945,,,,,,514.790161132812,115.040298461914,88.1062622070312,9.459059715271,392.544464111328,75.7570419311523,80.5969772338867,436.846069335938,85.2661514282227,87.1104278564453,31123,3987,4735.97802734375,606.700622558594,46,659,100.279838562012,6.99980688095093,474,645,,,0.981494665145874,0.721284449100494,1.47889935970306,0.662737131118774,111,13,16.8908386230469,1.97820627689362,29.6723327636719,23.9820641200205,760.433684060677,475.708820318942,,,,1291.8828373436,808.170486690293,,,36437,138.104341356142
2012,MG,31047,São João Nepomuceno / bicas,83.6639859586528,88.1943345466055,83.6639859586528,80.241935483871,100,100,100,100,100,20.8333333333333,,,,1.73482036590576,24.2874851226807,68.1536560058594,,,,,,848.327941894531,299.658142089844,163.194107055664,5.30679941177368,381.672546386719,110.843330383301,101.428970336914,422.794982910156,124.339225769043,110.361717224121,6007,1585,8450.921875,2229.85034179688,0,107,150.532485961914,0,37,66,,,0.928518176078796,0.52053290605545,0.954193115234375,0.478679239749908,21,0,29.5437602996826,0,15.3880786895752,21.1008730259878,434.476542070803,293.051060187109,,,,738.121942379497,497.857529271234,,,3601,129.58951049346
2012,MG,31011,Três Pontas,56.8788875177035,55.3466568383041,54.3941891186775,100,93.6717205009888,95.1219512195122,99.2748846407383,97.0336189848385,96.7699406723797,31.4436387607119,,,,0.625782251358032,16.8335418701172,82.4155197143555,,,,,,722.838806152344,237.701187133789,131.425231933594,4.04040384292603,390.484893798828,104.016044616699,86.5412063598633,438.221160888672,116.81600189209,95.0063018798828,8347,1568,6771.64453125,1272.06640625,10,185,150.084365844727,8.11266899108887,79,129,,,1.04653429985046,0.640900850296021,1.19093978404999,0.618591010570526,35,0,28.3943405151367,0,15.1568994522095,26.7454062242082,447.638849155552,247.712789362844,,,,760.483075216001,420.833411086552,,,8009,170.893094910469
2012,MG,31083,Bocaiúva,97.1396644999523,100,97.1396644999523,84.9716446124764,93.7618147448015,95.6521739130435,97.4480151228733,94.234404536862,100,8.41209829867675,,,,1.53846156597137,36.730770111084,61.538459777832,,,,,,618.77392578125,132.022888183594,97.3502044677734,16.8103446960449,434.87939453125,67.9702224731445,83.1152191162109,483.007476806641,77.508674621582,88.8328094482422,5067,863,6757.17138671875,1150.8662109375,0,83,110.685852050781,0,45,41,,,0.546761453151703,0.600104033946991,0.640444338321686,0.672783255577087,5,0,6.66782236099243,0,5.79700469970703,17.6592247612992,448.09204965663,189.042463055522,,,,761.253006850396,321.159778518047,,,8698,300.210288431382
2012,MG,31028,Bom Despacho,84.3127391801791,84.0701069160058,81.3538091292855,100,91.5993537964459,97.092084006462,91.1147011308562,91.2762520193861,91.5993537964459,26.4135702746365,,,,1.31040132045746,26.4537258148193,72.1539688110352,,,,,,600.152221679688,142.572280883789,98.2592697143555,7.54414129257202,322.913635253906,54.2850685119629,65.0427017211914,360.966339111328,62.7025604248047,71.2092514038086,7238,1679,6972.5546875,1617.42468261719,0,193,185.921951293945,0,70,89,,,0.857360303401947,0.674328327178955,1.14370906352997,0.665417551994324,62,0,59.7262229919434,0,15.4902849197388,21.8708275917696,403.629945829776,263.556777067938,,,,685.717388097456,447.750387833285,,,5513,125.64818281369
2012,MG,31034,Caratinga,95.0920563216843,94.1098459338769,93.7788161671001,100,99.8033818324813,100,99.1742036964215,100,100,30.8690523004326,,,,1.04083263874054,30.5444355010986,68.3747024536133,,,,,,647.765502929688,173.71662902832,133.199630737305,8.83502769470215,378.372314453125,79.128776550293,105.254943847656,419.249328613281,89.4669036865234,113.326568603516,11778,2418,5965.11474609375,1224.62622070312,16,291,147.380569458008,8.1033992767334,114,170,,,0.860986173152924,0.577367186546326,0.884916543960571,0.599651575088501,39,0,19.7520351409912,0,6.96031379699707,20.9172926990462,441.283366980616,201.901978449921,,,,749.685896557372,343.006505698605,,,19891,238.00361079165
2012,MG,31007,Pouso Alegre,78.1179459372615,69.5186167008073,64.5401052335623,100,100,100,100,100,100,40.3452805404391,,,,1.79153096675873,21.7263851165771,76.1563491821289,,,,,,614.661010742188,172.970901489258,121.099136352539,3.64847707748413,334.373687744141,74.9177398681641,86.9618530273438,372.198760986328,84.728889465332,94.0023193359375,26497,6062,5167.09130859375,1182.13037109375,26,627,122.269172668457,5.0701732635498,356,723,,,1.40989816188812,0.694223701953888,1.44690072536469,0.66326642036438,282,12,54.9918785095215,2.34008002281189,23.3668670654297,21.8671609220294,381.386202334986,286.824977969011,,,,647.928017292967,487.280185145052,,,18266,82.9452001998017
2012,MG,31053,Januária,65.7590781429204,82.821742389351,62.5621991637543,93.7466014138119,79.7716150081566,87.0581837955411,81.1854268624252,91.0821098423056,91.4083741163676,25.3942359978249,,,,0.378310203552246,46.3430023193359,50.9457740783691,,,,,,571.232727050781,157.308700561523,89.6395950317383,22.769229888916,360.989654541016,78.4088973999023,75.7232513427734,401.368255615234,88.5327224731445,82.8129501342773,4543,993,3992.47729492188,872.667846679688,0,94,82.6090393066406,0,57,51,,,0.448197990655899,0.500927150249481,0.446879744529724,0.512791216373444,0,0,0,0,4.00565958023071,19.539867394368,343.032889766329,141.901806767282,,,,582.77047982285,241.0736302103,,,15179,400.131502981209
2012,MG,31051,Francisco Sá,100,99.3120489708814,100,49.7343251859724,93.0924548352816,100,100,100,100,4.03825717321998,,,,1.49425292015076,29.0804595947266,69.3103485107422,,,,,,577.065734863281,129.152816772461,85.1858978271484,16.1904754638672,411.588775634766,80.2038879394531,79.176628112793,458.316345214844,92.2731552124023,85.4577713012695,4772,1257,6556.56640625,1727.07531738281,0,143,196.477157592773,0,43,40,,,0.549586415290833,0.590805411338806,0.726828038692474,0.627215504646301,8,0,10.9917287826538,0,3.95839619636536,18.2331752700208,432.075117583694,206.687002700018,,,,734.04221899914,351.135670456225,,,9503,358.157279809901
2012,MG,31048,Ubá,80.7396921862399,75.9741254053539,77.6465824369894,100,96.0263007432819,100,97.2269868496284,100,99.8570611778159,20.7833047455689,,,,0.957330405712128,26.6958427429199,72.2647705078125,,,,,,700.202575683594,204.557281494141,131.619522094727,5.72916650772095,373.569854736328,85.8061065673828,91.6585235595703,414.718841552734,97.1969146728516,98.5783462524414,24697,7370,8187.92724609375,2443.41528320312,44,883,292.745666503906,14.5875539779663,181,288,,,0.954821705818176,0.600078880786896,1.20131814479828,0.601073503494263,159,7,52.7141151428223,2.3207471370697,30.0679321289062,20.0341183406411,318.983589266163,209.756875346373,,,,541.913690838468,356.35100463695,,,18937,143.069164630659
2012,MG,31077,João Pinheiro,71.3587075176479,70.5130630958446,60.2576231715305,95.1893551688843,96.7246673490276,98.8741044012283,100,100,100,15.9672466734903,,,,0.316789865493774,45.4065475463867,53.9598731994629,,,,,,652.217834472656,168.826293945312,121.208625793457,7.74336290359497,474.407745361328,106.086471557617,106.562538146973,528.529357910156,119.948554992676,115.559097290039,2544,430,3670.8896484375,620.472717285156,0,50,72.1479873657227,0,32,40,,,0.577183902263641,0.461747139692307,0.853150010108948,0.429280549287796,12,0,17.3155174255371,0,8.81792736053467,27.0210218304864,477.501442057856,292.948769126393,,,,811.215929451304,497.683749402559,,,5000,183.535376512675
2012,MG,31049,Brasília de Minas/São Francisco,97.7662743829282,98.2106828792638,90.756393146493,81.1735174144964,89.457169752118,99.0586758707248,97.3015374960778,96.9877627863194,97.7094446187637,29.4634452463131,,,,0.680735170841217,31.824369430542,67.2906723022461,,,,,,557.077331542969,127.709419250488,82.3505554199219,19.525691986084,374.473541259766,72.1815795898438,70.6382751464844,417.1064453125,81.9407043457031,76.1272125244141,13232,2735,5827.07275390625,1204.43200683594,10,301,132.553573608398,4.40377330780029,114,100,,,0.440377324819565,0.50203013420105,0.707576274871826,0.563242614269257,1,0,0.440377324819565,0,1.17404592037201,18.4962881191361,418.446178360192,158.470765052748,,,,710.888335836022,269.222242364555,,,32089,383.893560794459
2012,MG,31003,Itajubá,70.5286919209123,75.1633255886076,59.0249780114188,94.9201147070873,98.4022941417452,100,100,99.4674313805817,99.1806636624334,20.4834084391643,,,,0.831255197525024,20.8229427337646,78.2211151123047,,,,,,697.797119140625,231.935409545898,127.912879943848,2.63908696174622,357.363922119141,99.1965103149414,90.7058944702148,396.736785888672,111.987884521484,98.1530914306641,12388,3093,6165.69921875,1539.43395996094,27,262,130.401458740234,13.4383182525635,160,318,,,1.58273530006409,0.796344757080078,1.57253205776215,0.766979575157166,121,5,60.223575592041,2.48857736587524,29.3403282165527,22.2786673046152,373.987809258368,272.809382116705,,,,635.359061919283,463.469420161509,,,10196,124.875929940296
2012,MG,31055,Pirapora,91.6546793636181,100,91.6546793636181,100,95.0189753320683,96.2523719165085,99.5256166982922,100,100,3.17836812144213,,,,0.898045420646667,20.2324352264404,78.446907043457,,,,,,553.076354980469,118.064582824707,75.8986587524414,13.9771280288696,392.217193603516,66.9512100219727,67.1366729736328,435.475708007812,75.8068542480469,71.5874099731445,7340,1424,5158.2978515625,1000.73791503906,10,180,126.497772216797,7.02765369415283,90,96,,,0.67465478181839,0.63248884677887,1.15956294536591,0.689412832260132,138,0,96.9816207885742,0,10.7164697647095,16.9721624562843,463.962728385517,182.836918853527,,,,788.215328347464,310.617325942663,,,14568,260.426964671365
2012,MG,31073,Ituiutaba,69.6564164047395,64.6425369668298,62.9375803333225,94.3441064638783,97.4809885931559,99.7623574144487,97.9562737642586,100,97.3384030418251,19.6768060836502,,,,2.00638389587402,28.4085731506348,69.4026412963867,,,,,,712.049926757812,217.996017456055,138.820709228516,5.41141605377197,349.559356689453,89.6403121948242,93.7324371337891,389.984985351562,101.511535644531,101.489212036133,10002,2283,5279.40966796875,1205.04821777344,10,209,110.317596435547,5.27835416793823,87,205,,,1.08206260204315,0.459216803312302,1.34664011001587,0.552115857601166,104,4,54.8948822021484,2.11134171485901,20.8331356048584,20.8489828459631,495.081218603501,315.873862952131,,,,841.081796889447,536.630650202392,,,9873,119.813268435818
2012,MG,31042,Carangola,95.3016675658048,98.4395255771259,94.2750396560193,92.5581395348837,88.4883720930233,90.4069767441861,92.1511627906977,92.7325581395349,96.3953488372093,26.8604651162791,,,,2.60567450523376,26.4041690826416,70.9901580810547,,,,,,680.953796386719,220.146133422852,131.772064208984,9.26998805999756,388.597045898438,102.397171020508,102.460403442383,429.449920654297,113.320976257324,111.25528717041,10935,3310,8628.30859375,2611.76953125,21,298,235.138168334961,16.5701389312744,93,130,,,1.0257705450058,0.73382043838501,1.15142738819122,0.767157971858978,86,6,67.8586654663086,4.73432540893555,5.80586099624634,22.6863405019238,428.537973319198,259.401674095848,,,,728.033048095361,440.691381466847,,,13116,257.966258762705
2012,MG,31010,Três Corações,91.7006240675084,80.3763656490142,78.2771565623346,100,95.8672510958046,98.058860363181,99.6869129618034,96.3681903569192,98.3719474013776,28.4909204758923,,,,3.84160757064819,25.6501178741455,69.9763565063477,,,,,,653.201049804688,200.262847900391,128.293380737305,5.26946115493774,393.016021728516,102.021125793457,104.301445007324,436.439880371094,114.619430541992,112.192001342773,8428,2210,6593.0283203125,1728.83154296875,15,342,267.538635253906,11.7341508865356,90,128,,,1.0013142824173,0.704049050807953,1.43449997901917,0.713631987571716,45,4,35.2024536132812,3.1291069984436,20.3462352752686,22.2639019689403,355.806393922242,244.937091381606,,,,604.471084540466,416.117843300992,,,7974,157.497159694515
2012,MG,31096,Itambacuri,100,94.4954545454545,100,83.9385474860335,81.9832402234637,82.8212290502793,87.0111731843575,89.5251396648045,98.463687150838,20.8100558659218,,,,4.22764205932617,38.3739852905273,56.5853652954102,,,,,,710.693908691406,194.435134887695,107.274559020996,19.1823902130127,409.557800292969,94.186653137207,84.4076843261719,453.277618408203,106.097633361816,89.9725494384766,3159,810,7060.0068359375,1810.25817871094,0,84,187.73046875,0,37,35,,,0.782210290431976,0.826908051967621,0.840317368507385,0.880545318126678,20,0,44.6977310180664,0,4.72902011871338,19.5214173846291,495.191075048866,236.556733942452,,,,841.268429411537,401.880651849089,,,5767,341.977724860848
2012,MG,31080,Peçanha/São João Evangelista,84.8810852280653,100,82.3476077556144,87.8552971576227,92.5064599483204,97.4160206718346,94.702842377261,96.2532299741602,88.6304909560724,23.3850129198966,,,,2.19478726387024,25.5144023895264,72.1536331176758,,,,,,605.52001953125,138.94367980957,75.4755783081055,26.0623226165771,323.965850830078,52.2819137573242,62.5262031555176,360.34716796875,61.5505218505859,65.9270172119141,3399,1088,5830.48876953125,1866.30529785156,0,76,130.366912841797,0,37,18,,,0.308763742446899,0.634681046009064,0.502169907093048,0.61924284696579,9,0,15.4381875991821,0,3.52505278587341,20.0747371963431,462.37285475065,250.507283922622,,,,785.514329554956,425.580911935737,,,7353,341.317227494398
2012,MG,31091,Cassia,84.8104678168547,78.589499004645,78.589499004645,100,100,100,100,100,100,36.2595419847328,,,,1.44665455818176,23.3273048400879,75.2260360717773,,,,,,602.690795898438,144.077606201172,75.0826950073242,11.447811126709,332.473602294922,66.3108673095703,53.095157623291,369.437957763672,76.3547286987305,56.2400550842285,4103,1123,8326.0615234375,2278.86108398438,0,78,158.282440185547,0,31,51,,,1.0349235534668,0.629071235656738,0.948172628879547,0.584427416324615,13,0,26.3804054260254,0,10.1036949157715,26.8418780519163,565.263056881341,402.46037790037,,,,960.312065438585,683.730436747485,,,2691,129.661167312513
2012,MG,31093,Piumhi,100,99.7706579507533,100,97.7922077922078,98.4415584415584,100,100,99.8701298701299,100,28.1818181818182,,,,0.667556762695312,15.6208276748657,83.7116165161133,,,,,,668.259033203125,178.470794677734,100.641418457031,9.83935737609863,339.325469970703,69.8872528076172,69.0215072631836,379.556579589844,79.5467071533203,75.5610046386719,5729,1482,7687.66259765625,1988.67443847656,10,189,253.61637878418,13.4188566207886,50,66,,,0.885644495487213,0.670942783355713,1.01882672309875,0.646788895130157,28,0,37.5727958679199,0,6.74968481063843,21.7659957504539,480.791060494232,310.38097807665,,,,816.80458456804,527.298917735932,,,4390,140.09335723011
2012,MG,31067,Padre Paraíso,100,100,100,71.1004784688995,71.4832535885167,75.6937799043062,83.2535885167464,87.5598086124402,76.555023923445,21.244019138756,,,,2.33918118476868,37.0760231018066,60.2339172363281,,,,,,735.966064453125,205.613571166992,110.96605682373,17.9600887298584,512.660827636719,100.629432678223,97.2981033325195,563.03271484375,110.670196533203,106.120330810547,4132,1682,6742.81982421875,2744.77807617188,0,91,148.498687744141,0,23,19,,,0.310052216053009,0.375326365232468,0.539735615253448,0.553198456764221,0,0,0,0,1.71344649791718,19.2207888811344,319.096231616731,166.306353257889,,,,542.105056269151,282.533938222975,,,8619,404.093109670371
2012,MG,31079,Conselheiro Lafaiete,68.8048808301973,80.5068993043677,66.1877066940358,87.8210806023029,92.8697962798937,95.3055801594331,90.6111603188663,100,95.748449955713,21.7006200177148,,,,0.952834665775299,29.0138168334961,69.8904266357422,,,,,,576.251770019531,178.721557617188,109.68270111084,10.531400680542,323.721069335938,82.6361083984375,80.7276458740234,357.446380615234,92.3364944458008,86.5452423095703,11114,3410,6187.8857421875,1898.56860351562,5,269,149.769775390625,2.7838249206543,117,221,,,1.23045063018799,0.65141499042511,1.2864054441452,0.610492765903473,64,1,35.6329574584961,0.556764960289001,30.3798809051514,25.2306369199923,485.75558679561,258.966763109384,,,,825.238701123796,439.952521457142,,,9642,131.713794648369
2012,MG,31026,Diamantina,84.2047024278761,100,84.2047024278761,100,91.1532385466035,90.4160084254871,89.4154818325434,93.6282253817799,100,11.216429699842,,,,1.22015917301178,28.3819637298584,69.7612762451172,,,,,,635.519592285156,171.647033691406,92.9163665771484,19.7544651031494,391.836334228516,79.8197708129883,80.7636489868164,432.811828613281,88.770393371582,85.3652114868164,9797,3010,6948.86767578125,2134.94873046875,20,392,278.039825439453,14.1857051849365,137,109,,,0.773120939731598,0.971720814704895,0.973493993282318,0.97810435295105,29,0,20.5692729949951,0,7.15881586074829,20.6935650608084,414.223789845239,217.198053863256,,,,703.715019648953,368.992647185235,,,15723,295.047186141429
2012,MG,31066,Nanuque,90.9236889692586,100,90.9236889692586,89.9606299212598,84.4488188976378,84.8425196850394,85.6299212598425,88.1889763779528,95.8661417322835,14.6653543307087,,,,0.969696998596191,29.5757579803467,69.3333358764648,,,,,,710.809143066406,201.253189086914,148.442077636719,12.0481929779053,402.872528076172,92.1413345336914,95.145881652832,448.236145019531,102.690376281738,104.409706115723,3927,1289,5605.11572265625,1839.82531738281,0,94,134.168792724609,0,36,48,,,0.685117244720459,0.513837933540344,0.725439250469208,0.543811798095703,25,0,35.6831893920898,0,8.63105010986328,17.0597308862325,383.076119636796,162.932377070581,,,,650.798977909914,276.801969714276,,,6142,207.459479035463
2012,MG,31020,Guanhães,86.0308895491087,99.7400384480951,86.0308895491087,100,100,100,100,100,100,24.5356793743891,,,,1.82270085811615,20.2154102325439,77.7961883544922,,,,,,658.720520019531,187.746078491211,128.740173339844,9.12052154541016,365.122100830078,81.2301330566406,95.6886444091797,405.783172607422,91.6360397338867,102.805671691895,6287,1969,6744.912109375,2112.41162109375,0,247,264.990173339844,0,65,78,,,0.836811125278473,0.697342574596405,0.959114253520966,0.761176288127899,13,0,13.9468517303467,0,6.57218551635742,20.2347383645934,418.31618079429,241.989257986009,,,,710.667486039641,411.109838722888,,,8524,241.109001480223
2012,MG,31088,Oliveira/Santo Antônio do Amparo,96.5433408035857,100,94.8565311349448,100,93.1444241316271,96.709323583181,97.2577696526508,96.800731261426,97.0749542961609,17.6416819012797,,,,0.834879398345947,16.2337665557861,82.8385925292969,,,,,,673.555358886719,198.449554443359,125.130752563477,7.54716968536377,356.505432128906,86.6601486206055,90.7036895751953,397.841339111328,99.5756149291992,98.9851531982422,6249,1573,6108.92236328125,1537.73962402344,8,231,225.821899414062,7.82067203521729,64,78,,,0.762515544891357,0.625653743743896,1.15012753009796,0.603413701057434,57,11,55.7222862243652,10.7534236907959,15.8974714279175,20.7561778110578,421.299384727215,221.15931183845,,,,715.735580788761,375.722334861768,,,6148,141.687085370519
2012,MG,31071,Frutal / Iturama,80.545668761913,78.82526385916,67.296268652113,92.3913043478261,92.0807453416149,100,100,98.8612836438923,94.7722567287785,30.9006211180124,,,,1.42993330955505,26.7874164581299,71.2583389282227,,,,,,590.874572753906,130.840789794922,89.01953125,17.5935287475586,364.138580322266,66.8605346679688,72.8160629272461,406.392395019531,75.3711853027344,78.2632064819336,8825,2873,5272.46533203125,1716.4638671875,0,141,84.2399597167969,0,108,159,,,0.949939966201782,0.645242214202881,0.998034417629242,0.564586937427521,55,0,32.8595581054688,0,24.1822452545166,22.7315161997027,609.02285327479,414.008476399561,,,,1034.65455066947,703.349228718131,,,7884,115.248634807099
2012,MG,31004,Lavras,80.941103548289,79.484480621243,71.3803709681192,100,94.4389275074479,97.9642502482622,98.5104270109235,96.7229394240318,91.708043694141,31.9761668321748,,,,0.863309323787689,20.8153476715088,78.3213424682617,,,,,,669.279235839844,193.094177246094,124.742256164551,6.55319166183472,353.389373779297,74.2743606567383,92.2574996948242,392.101379394531,84.3681488037109,99.5652389526367,9349,2110,5325.18408203125,1201.85461425781,38,257,146.387023925781,21.644775390625,117,252,,,1.43539035320282,0.666431248188019,1.79836750030518,0.65831446647644,93,2,52.9727401733398,1.13919866085052,26.3194770812988,26.7616508572748,601.930114730969,325.163322320864,,,,1022.60486456719,552.412293464934,,,8302,103.242433954006
2012,MG,31052,Janaúba/Monte Azul,100,100,100,97.9417268110131,96.6051857792034,100,97.9684576316493,100,100,17.8561881849773,,,,0.695023655891418,23.0469837188721,76.1467895507812,,,,,,564.12158203125,118.549949645996,84.0493469238281,18.8028621673584,378.091064453125,62.6569290161133,69.4563293457031,419.673553466797,70.8153762817383,74.589111328125,15245,3384,5595.33740234375,1242.02172851562,20,273,100.19856262207,7.34055376052856,184,149,,,0.546871244907379,0.675330996513367,0.673404097557068,0.704968452453613,45,0,16.5162467956543,0,3.27755737304688,19.324354236573,402.589694369813,162.991261345759,,,,683.950129445167,276.902006819532,,,36454,334.691675851169
2012,MG,31038,Mantena,100,100,100,95.8432304038005,100,100,99.8812351543943,100,100,28.2660332541568,,,,4.49438190460205,28.8389511108398,66.1672897338867,,,,,,608.265502929688,199.879211425781,138.04606628418,5.43735218048096,322.358642578125,80.0055923461914,89.4397430419922,354.142181396484,90.0472717285156,96.2998809814453,4417,2089,6351.55712890625,3003.94018554688,0,155,222.88688659668,0,51,53,,,0.762129366397858,0.733369767665863,0.818570077419281,0.698858261108398,70,0,100.658592224121,0,4.87475204467773,17.9321010768275,392.587832969991,211.551695904721,,,,666.958203186824,359.4001829204,,,7512,247.143153399995
2012,MG,31084,Montes Claros ,74.0094817131231,70.2107826923655,67.9055036032514,100,77.5523246525004,85.3171433136284,82.0578367151302,77.1209458379933,90.3498961495447,18.3735420993769,,,,1.28246235847473,30.5706958770752,68.098747253418,,,,,,531.451049804688,106.873161315918,77.7259368896484,12.7056674957275,369.446197509766,65.8543319702148,71.225944519043,411.287628173828,74.6816940307617,76.4968490600586,26481,5056,6432.06396484375,1228.06970214844,93,819,198.929809570312,22.5890998840332,362,840,,,2.04030585289001,0.879274606704712,1.90228152275085,0.84763777256012,150,0,36.4340324401855,0,19.038480758667,18.3183763169409,613.629142881942,122.396169479336,,,,1042.48006736086,207.935963413129,,,29923,176.879152189513
2012,MG,31065,Itaobim,93.3680555555556,100,93.3680555555556,100,100,100,100,100,100,39.6204033214709,,,,1.47679328918457,37.3417739868164,61.0759506225586,,,,,,609.301940917969,111.115180969238,80.5890350341797,33.8677368164062,345.091461181641,55.0377769470215,65.3519515991211,382.298797607422,61.5928497314453,69.3254089355469,5009,1421,6116.21923828125,1735.10632324219,0,113,137.97819519043,0,62,32,,,0.390734702348709,0.757048487663269,0.657533228397369,0.750332713127136,9,0,10.9894132614136,0,2.39569211006165,18.6259538401016,374.165800528844,174.601556366616,,,,635.66144708757,296.626462992811,,,10887,371.368277483967
2012,MG,31032,Pará de Minas,76.4345015407522,82.6210691972069,73.6682152718226,91.3087934560327,95.5691888207226,100,100,100,100,31.0497614178596,,,,0.730654239654541,25.5064754486084,73.4307556152344,,,,,,523.941284179688,125.22151184082,91.7688293457031,9.66350269317627,392.919952392578,80.4070281982422,88.2753677368164,438.430511474609,91.6942977905273,94.8321762084961,9545,1498,4314.943359375,677.190673828125,6,161,72.7821807861328,2.71237921714783,122,155,,,0.700697958469391,0.551517128944397,0.981655299663544,0.517386376857758,46,0,20.7949085235596,0,22.8924808502197,24.3155799339485,374.991737570121,242.889406566065,,,,637.064612032413,412.63907989935,,,5541,58.8874851273182
2012,MG,31025,Vespasiano,79.8158807273239,69.184136874901,70.9337980320713,97.4533106960951,100,100,100,100,100,30.0509337860781,,,,1.74515902996063,33.0862998962402,64.9533843994141,,,,,,504.06884765625,112.618339538574,88.5343017578125,9.15208625793457,350.184356689453,60.9593925476074,74.8720932006836,390.776947021484,69.3503189086914,80.7356262207031,15409,2786,5226.916015625,945.044311523438,0,247,83.7853317260742,0,184,291,,,0.987106561660767,0.624149858951569,1.5695333480835,0.676303684711456,120,11,40.7054252624512,3.73133063316345,29.8774433135986,24.6111008726849,478.672148968329,300.451093412003,,,,813.204815789326,510.429271054112,,,12806,106.973792255689
2012,MG,31078,Congonhas,88.6928377531844,85.36315862741,88.6928377531844,100,98.9063568010936,100,93.3014354066986,98.1544771018455,100,20.8475734791524,,,,1.23136746883392,17.8872318267822,80.8814010620117,,,,,,562.634338378906,156.522323608398,130.29426574707,9.32330799102783,336.730682373047,81.4448699951172,95.5337600708008,374.904052734375,91.2245635986328,105.558906555176,7037,1742,5953.77099609375,1473.84802246094,0,159,134.524597167969,0,82,162,,,1.37062799930573,0.69377464056015,1.67859625816345,0.695466756820679,69,4,58.3785972595215,3.38426661491394,37.0162620544434,23.0308085775552,778.764614979768,603.419434182032,,,,1323.0248232173,1025.13503423022,,,5061,96.8575438165175
2012,MG,31018,Contagem,78.4766481687572,57.5655109869543,61.5354855889646,93.7868136044081,100,100,100,100,100,35.6735702071062,,,,1.20899558067322,27.4179916381836,70.9502868652344,,,,,,488.056884765625,105.64794921875,85.8618621826172,9.33433437347412,365.232330322266,69.3214340209961,77.0145797729492,408.069885253906,78.8868560791016,83.3177185058594,34844,5100,4255.71923828125,622.895446777344,43,444,54.2285423278809,5.25186347961426,388,789,,,0.963655889034271,0.473889082670212,1.62120759487152,0.525552749633789,214,18,26.1371803283691,2.1984543800354,46.0886459350586,26.77741596328,509.47449465405,297.099474412344,,,,865.534193847403,504.735284643814,,,32124,97.9376325766948
2012,MG,31050,Coração de Jesus,100,100,100,51.9725557461406,88.336192109777,95.5403087478559,100,97.4271012006861,100,18.8679245283019,,,,1.77514791488647,41.0256423950195,57.0019721984863,,,,,,554.61376953125,121.387161254883,66.9722290039062,17.3584899902344,327.819549560547,54.2924842834473,51.1854209899902,362.060607910156,62.2510643005371,55.4809265136719,2525,542,5284.52734375,1134.34216308594,0,30,62.7864646911621,0,41,27,,,0.56507819890976,0.858081638813019,0.787970125675201,0.861221015453339,0,0,0,0,1.36037337779999,17.157061889829,462.877837498404,188.234634935502,,,,786.372232826013,319.787378392102,,,7502,403.934716665996
2012,MG,31012,Varginha,71.3749150054504,59.8825726096295,55.8487043053112,100,96.9009166302924,100,99.0833697075513,100,100,32.6494980357922,,,,1.33166873455048,15.2309608459473,83.437370300293,,,,,,593.428161621094,143.893203735352,111.858589172363,4.69026565551758,345.528717041016,72.8652038574219,88.6752319335938,385.473968505859,83.5654602050781,95.3615646362305,11290,1826,5929.0302734375,958.937927246094,32,355,186.430969238281,16.805046081543,145,313,,,1.64374351501465,0.761478662490845,2.10811424255371,0.834344267845154,146,13,76.6730194091797,6.82704973220825,36.3419609069824,24.8103619139542,558.995444094623,289.464390828969,,,,949.66416600962,491.764221354805,,,5612,70.3232888106434
2012,MG,31057,Patos de Minas,84.0769498678576,95.9689414271373,78.8084653049518,92.4111762676785,97.1714384270438,98.8616764401518,96.5505346671266,100,100,15.7985512245602,,,,0.89445436000824,24.2933807373047,74.6690521240234,,,,,,589.9716796875,160.9013671875,101.705551147461,4.30976438522339,341.919830322266,75.0143737792969,80.908805847168,382.229217529297,85.6142196655273,87.2147369384766,12626,2355,5016.14990234375,935.611633300781,71,362,143.818008422852,28.2073993682861,213,333,,,1.32296681404114,0.84622198343277,1.82007253170013,0.848506391048431,157,11,62.3741111755371,4.3701605796814,12.8907814025879,25.0532822442396,590.801560361637,289.751492910963,,,,1003.69882621627,492.251972305437,,,11824,109.283418232337
2012,MG,31098,salinas,100,100,100,100,83.9068825910931,91.0931174089069,95.6477732793522,99.5951417004049,97.8744939271255,17.914979757085,,,,2.67131233215332,19.7444839477539,77.2357711791992,,,,,,630.513366699219,164.859008789062,75.198844909668,23.1651382446289,355.047180175781,72.030158996582,60.955883026123,392.181915283203,81.5578460693359,65.617546081543,4897,1411,7081.70654296875,2040.49169921875,0,49,70.8604507446289,0,52,30,,,0.433839470148087,0.751988410949707,0.843094706535339,0.796818494796753,26,0,37.599422454834,0,4.44107007980347,17.9901126763566,443.882566239034,181.049913591677,,,,754.101614828629,307.581424881969,,,8299,306.049376799235
2012,MG,31022,Ouro Preto,100,86.8818220534271,82.5209583982358,100,91.231101511879,95.5075593952484,97.2354211663067,97.3650107991361,99.6112311015119,26.4362850971922,,,,2.45709824562073,17.9407176971436,79.5631790161133,,,,,,573.65283203125,148.661758422852,104.403678894043,12.7596435546875,365.352142333984,74.277473449707,84.7888946533203,408.207427978516,84.4105453491211,91.7961502075195,10219,2004,5798.3759765625,1137.09228515625,10,174,98.7295684814453,5.67411279678345,124,264,,,1.49796581268311,0.703590035438538,1.89898383617401,0.757919669151306,47,0,26.6683311462402,0,38.5323333740234,25.7081559303741,795.5956712454,644.423913775546,,,,1351.61870744376,1094.7965767834,,,7800,113.083981538341
2012,MG,31031,Itaúna,76.1909730373616,70.1132935110555,70.1132935110555,100,100,100,100,100,100,33.9203675344564,,,,0.630693733692169,26.5592155456543,72.2494735717773,,,,,,670.794189453125,175.321212768555,127.891319274902,3.91414141654968,379.740051269531,72.257080078125,92.3266372680664,421.797302246094,81.009033203125,99.6390762329102,5709,1352,4835.30810546875,1145.09313964844,10,99,83.8492736816406,8.46962356567383,106,138,,,1.16880810260773,0.897780120372772,1.46079838275909,0.918954193592072,36,0,30.4906444549561,0,26.1431865692139,21.6235653675508,528.647639882931,304.883035336574,,,,898.106997733233,517.958592582694,,,3560,71.8274390756427
2012,MG,31009,São Sebastião do Paraíso,96.1004069429449,99.8530022423387,96.1008221908479,95.3955901426718,91.6990920881971,97.7950713359274,98.2490272373541,100,100,18.8715953307393,,,,0.762300789356232,10.3950099945068,88.6347885131836,,,,,,720.073486328125,175.548385620117,130.035842895508,9.70654582977295,360.886047363281,63.2808837890625,92.0030364990234,404.189147949219,72.7364807128906,99.0749053955078,8130,1604,6607.4462890625,1303.60925292969,18,217,176.361114501953,14.6290321350098,105,140,,,1.13781356811523,0.853360235691071,1.71362853050232,0.96917337179184,92,11,74.7706069946289,8.93996429443359,19.6866130828857,23.6105043688727,547.668655776503,259.222738511954,,,,930.421352682014,440.387392026782,,,5645,106.102627215516
2012,MG,31076,Manga,100,100,100,100,100,100,100,99.0536277602524,100,24.1850683491062,,,,1.37130796909332,25.8438816070557,72.6793212890625,,,,,,576.378784179688,138.948455810547,75.4781723022461,23.2142848968506,393.353607177734,80.4877548217773,69.3721618652344,432.503570556641,89.4356536865234,72.6065216064453,4195,1336,7196.15771484375,2291.79174804688,0,65,111.501846313477,0,34,22,,,0.37739086151123,0.583240389823914,0.518912434577942,0.602109968662262,2,0,3.43082594871521,0,1.010378241539,17.9853832075676,370.334929133035,185.342170638587,,,,629.15327009324,314.873439068874,,,8461,430.911757990581
2012,MS,50004,Três Lagoas,82.9821889327847,96.867695367713,74.4129865350055,100,90.5524419535628,100,96.9575660528423,98.8524152655458,95.5164131305044,15.0253536162263,,,,0.371195256710052,31.7495670318604,67.7060165405273,,,,,,619.355834960938,161.903121948242,159.993896484375,1.66461157798767,409.175445556641,89.6210021972656,121.890403747559,454.677673339844,101.087539672852,132.324752807617,16285,3640,6218.37841796875,1389.92309570312,10,365,139.374145507812,3.8184700012207,202,288,,,1.09971928596497,0.771330952644348,1.0570479631424,0.809897482395172,207,4,79.0423278808594,1.52738797664642,19.7781467437744,24.1488513450153,728.723336360554,435.688397067364,,,,1238.01087609481,740.180734229756,,,12110,107.741711594392
2012,MS,50001,Campo Grande,60.557655084786,95.8015187859212,55.7236498361279,100,90.4557666022529,100,95.0511382382052,97.2851958335297,98.5718998915964,26.8322571522835,,,,1.36863768100739,35.5890502929688,62.8097343444824,,,,,,544.066528320312,129.26530456543,132.793991088867,1.46922564506531,368.9267578125,74.3130798339844,107.774711608887,411.592712402344,83.8855895996094,117.517845153809,85229,13036,6137.689453125,938.775756835938,159,2102,150.848281860352,11.4105033874512,922,2450,,,1.75822222232819,0.661665678024292,2.04653477668762,0.725176930427551,1022,70,73.3429794311523,5.02349185943604,19.7577877044678,24.7546284672002,751.796736235657,366.772512447195,,,,1277.20973054144,623.101164469344,,,72257,126.993248636901
2012,MS,50003,Dourados,78.8281619572387,90.3859709905456,76.3590936044613,100,90.8579357126339,99.8458336545132,97.1556309257689,100,100,35.3580513373931,,,,3.79542779922485,37.0457191467285,59.0709266662598,,,,,,598.07177734375,167.336135864258,134.540328979492,1.79188251495361,429.692169189453,98.0926513671875,113.224235534668,477.818908691406,110.831069946289,122.215942382812,49989,13513,6454.44921875,1744.76330566406,55,1129,145.773529052734,7.10145664215088,528,742,,,0.958051025867462,0.681739807128906,1.10366320610046,0.724606812000275,625,30,80.698371887207,3.87352180480957,14.9245500564575,20.9925541992503,605.067032332472,294.09491532662,,,,1027.93409983976,499.63091012965,,,50248,175.903796334203
2012,MS,50002,Corumbá,66.2158790961179,79.4453743642568,66.2162814652675,100,100,100,99.0537634408602,100,100,58.1075268817204,,,,3.12925171852112,39.4104309082031,57.2789115905762,,,,,,644.908508300781,240.567337036133,169.259094238281,2.91616034507751,491.116790771484,168.811233520508,162.726623535156,542.7080078125,191.021789550781,175.250091552734,7610,1698,5963.2490234375,1330.56457519531,7,142,111.272186279297,5.48524856567383,51,112,,,0.877639770507812,0.399639546871185,0.785761892795563,0.429024815559387,51,3,39.9639549255371,2.35082077980042,15.4401912689209,17.022415750649,610.496872159068,289.518298356753,,,,1037.15872656072,491.855803581378,,,7634,166.341532257897
2012,MT,51002,Baixada Cuiabana,49.0716734012334,47.134901144822,40.1813930280112,100,79.9123738714817,90.6266595857674,75.185873605948,91.0714285714286,93.0629314922995,22.809346787042,,,,1.25758624076843,31.8400802612305,66.1265106201172,,,,,,568.632934570312,146.159729003906,126.784088134766,2.83333325386047,443.431976318359,103.843124389648,119.494239807129,495.088653564453,118.528450012207,129.3408203125,58196,11283,6128.17822265625,1188.126953125,149,1764,185.753433227539,15.6900568008423,808,1735,,,1.82699656486511,0.850843369960785,2.37530612945557,0.90075671672821,979,223,103.091049194336,23.4824352264404,26.2575740814209,22.6767200170725,558.10074032274,234.265054714055,,,,948.144174889251,397.987372098442,,,52542,135.133124554935
2012,MT,51006,Médio Araguaia,76.0470701248799,99.6865994236311,76.0470701248799,100,95.4729183508488,100,100,100,100,11.1560226354082,,,,9.54907131195068,32.5596809387207,57.6259956359863,,,,,,425.463226318359,95.7004013061523,102.618499755859,11.6531162261963,376.562194824219,84.9723052978516,101.957550048828,411.240356445312,92.656852722168,106.730422973633,4768,1382,5497.58447265625,1593.46936035156,0,154,177.564590454102,0,54,48,,,0.553448081016541,0.622629106044769,0.658660888671875,0.623493850231171,75,0,86.4762649536133,0,4.76772451400757,21.2778270491946,575.680430596637,351.672330454047,,,,978.009895762355,597.4478216906,,,4790,147.158162614139
2012,MT,51001,Alto Tapajós,88.0443491847282,100,88.0443491847282,100,100,93.9211756847027,95.5911823647295,100,100,21.3092852371409,,,,3.46702933311462,24.133243560791,72.3997268676758,,,,,,479.418090820312,122.528762817383,97.2450485229492,6.69371175765991,356.376098632812,84.0367813110352,84.2675704956055,398.647674560547,97.3853988647461,91.762321472168,3228,859,3139.07006835938,835.3349609375,0,168,163.371673583984,0,70,68,,,0.661266326904297,0.680715322494507,0.80421656370163,0.707700848579407,63,0,61.2643814086914,0,2.39028334617615,22.5708144808345,477.35896506446,267.139327451058,,,,810.973878650106,453.836698120274,,,7293,174.661503358137
2012,MT,51013,Sul Matogrossense,78.429691834093,93.9659092145196,72.3925552860297,100,94.2514301660388,100,96.0094879307939,100,100,22.9105622994279,,,,0.850361704826355,32.5041236877441,66.5693588256836,,,,,,545.789916992188,126.532608032227,102.611022949219,3.84467506408691,418.731231689453,86.4195938110352,96.0039749145508,468.397552490234,98.2914886474609,103.175140380859,29266,5125,6141.13330078125,1075.42224121094,28,726,152.342742919922,5.87547779083252,312,420,,,0.881321668624878,0.654696106910706,1.17777097225189,0.693201422691345,261,2,54.7678451538086,0.41967698931694,14.087926864624,23.7219732886379,567.180572777265,340.370303708503,,,,963.569687935066,578.247075214196,,,25710,131.151844724344
2012,MT,51009,Norte Araguaia Karajá,89.3576970754327,98.9578072632111,89.3576970754327,80.2120141342756,100,93.6395759717314,88.6925795053004,96.8197879858657,80.2120141342756,21.9081272084806,,,,1.53846156597137,47.3076934814453,51.1538467407227,,,,,,323.337921142578,70.8685836791992,31.0050048828125,41.095890045166,259.975036621094,46.6591186523438,26.1567249298096,286.175323486328,51.2572708129883,28.1144161224365,1193,380,5284.138671875,1683.12890625,0,40,177.171463012695,0,15,9,,,0.398635774850845,0.664392948150635,0.519333839416504,0.631173312664032,0,0,0,0,1.94888603687286,18.8626458948335,711.105153243696,404.569726108018,,,,1208.07976063935,687.313958630538,,,1893,216.675705504444
2012,MT,51004,Centro Norte,80.0268410625652,97.7312911403191,76.8314764714654,90.4247104247104,89.96138996139,93.050193050193,84.015444015444,100,97.9150579150579,22.4710424710425,,,,1.5447154045105,26.5040645599365,71.9512176513672,,,,,,568.959106445312,153.380584716797,101.56282043457,15.8469944000244,429.083251953125,96.6027908325195,90.7091522216797,478.348358154297,108.715843200684,98.1437149047852,6292,1646,6520.748046875,1705.84094238281,0,218,225.92546081543,0,62,45,,,0.466359913349152,0.642540335655212,0.683735430240631,0.609117865562439,32,0,33.1633720397949,0,6.41193056106567,22.7037993511634,484.297778741774,306.743662526187,,,,822.76206542976,521.119568198766,,,7042,193.895897833791
2012,MT,51005,Garças Araguaia,90.0809682523651,100,90.0809682523651,100,84.3149411035338,83.6329820210787,66.0260384376937,90.0805951642901,100,17.3589584624923,,,,10.2236423492432,36.3684768676758,49.0415344238281,,,,,,568.209716796875,162.111709594727,116.261932373047,10.3746395111084,414.599853515625,108.618713378906,101.068481445312,455.662750244141,118.784210205078,108.652954101562,6025,1586,4932.94482421875,1298.53112792969,10,221,180.94287109375,8.18745994567871,75,110,,,0.900620579719543,0.614059507846832,1.0359183549881,0.632276594638824,97,0,79.4183654785156,0,13.5911836624146,22.4036828057141,547.981736585121,279.553204579526,,,,930.953238278132,474.926340969236,,,8441,173.488304028736
2012,MT,51011,Oeste Matogrossense,60.6190664768653,70.8330211600004,52.6720253449069,100,80.3946942736978,91.9767065674539,84.6328049175024,90.1002911679068,86.2180524102232,19.2170818505338,,,,2.46744346618652,35.3666877746582,62.1315956115723,,,,,,566.136962890625,160.934982299805,117.706497192383,6.71573114395142,392.378173828125,96.5749664306641,98.5205612182617,433.5595703125,107.627174377441,105.545372009277,14358,2981,7478.00830078125,1552.57995605469,16,301,156.76838684082,8.33320331573486,137,147,,,0.7656130194664,0.713530540466309,0.907147288322449,0.737488448619843,40,0,20.8330078125,0,9.39985275268555,22.1071565164202,343.089233781178,214.799138156984,,,,582.86620133979,364.917185913428,,,15715,207.751534427937
2012,MT,51007,Médio Norte Matogrossense,70.0126178775402,69.6189021497827,60.108058364799,96.9929078014184,86.8936170212766,98.0141843971631,85.6170212765958,97.5035460992908,95.0354609929078,20.3687943262411,,,,0.713674008846283,27.8903789520264,70.9962921142578,,,,,,444.393798828125,113.947128295898,97.0829544067383,4.92307710647583,395.307556152344,100.373977661133,98.5898590087891,439.956909179688,113.145904541016,106.245620727539,12662,3167,5771.1943359375,1443.48217773438,0,352,160.437561035156,0,105,183,,,0.834092974662781,0.478577941656113,1.01538288593292,0.501025497913361,123,23,56.0619888305664,10.483136177063,15.9334545135498,25.9551284670325,503.632007668047,346.776792743773,,,,855.608530607033,589.130908223932,,,10485,120.179631357454
2012,MT,51008,Noroeste Matogrossense,78.9790293414222,87.9542670477746,78.9790293414222,90.1632302405498,88.7886597938144,96.3487972508591,90.6786941580756,92.6546391752577,90.1202749140894,20.4896907216495,,,,0.416859656572342,36.0815200805664,63.316349029541,,,,,,364.548065185547,92.8829345703125,78.2172088623047,0.766283512115479,349.803192138672,87.5596084594727,78.1145553588867,392.942443847656,98.8576431274414,86.2651214599609,6837,1825,4774.7412109375,1274.521484375,0,222,155.037673950195,0,76,54,,,0.377118676900864,0.530759632587433,0.577724874019623,0.562360763549805,85,0,59.361270904541,0,1.57412123680115,21.267251257597,467.078965709188,214.763719107939,,,,793.509430384137,364.857013327002,,,11254,204.024008331176
2012,MT,51012,Sudoeste Matogrossense,84.8501957927329,100,84.8501957927329,100,100,100,100,96.6137566137566,100,25.2380952380952,,,,1.78010475635529,37.5392684936523,60.5759162902832,,,,,,423.354309082031,87.4991149902344,102.524215698242,10.0208768844604,357.761688232422,65.8640670776367,95.8256454467773,395.948181152344,73.8483352661133,103.118202209473,7856,2593,6943.3642578125,2291.76977539062,0,155,136.993560791016,0,58,55,,,0.486106187105179,0.512621104717255,0.547311365604401,0.5201336145401,52,0,45.9591331481934,0,7.17227602005005,19.5552745233946,487.537602838162,310.192029195101,,,,828.266126117584,526.977916940827,,,7838,178.378658288179
2012,MT,51003,Araguaia Xingu,88.4156750997985,100,84.5649299806179,96.551724137931,89.5689655172414,95.0862068965517,85.5172413793103,100,93.7931034482759,19.3965517241379,,,,0.538116574287415,43.9461898803711,55.5156936645508,,,,,,350.799194335938,58.0547943115234,70.4068756103516,13.7323942184448,304.380004882812,43.4594650268555,68.0655746459961,343.077484130859,49.8579292297363,74.0158538818359,4782,1402,5906.7666015625,1731.76220703125,0,107,132.167297363281,0,44,23,,,0.284097939729691,0.543491661548615,0.451777458190918,0.527125179767609,7,0,8.64645862579346,0,1.6872946023941,21.114664353048,480.874459891158,247.162796570577,,,,816.946269835002,419.899041313242,,,7061,232.173269012592
2012,MT,51014,Teles Pires,81.7435082140965,80.5031502090326,73.9180356827416,100,100,100,100,100,100,34.6586501163693,,,,0.300775676965714,22.9539337158203,76.6028213500977,,,,,,385.054840087891,69.7299270629883,74.7706451416016,3.781818151474,389.84375,70.1339416503906,85.3457946777344,435.957855224609,79.4723205566406,92.7562789916992,16490,2046,4617.857421875,572.961608886719,22,317,88.7726440429688,6.1608772277832,257,328,,,0.918530821800232,0.719702482223511,1.10202693939209,0.768219411373138,213,4,59.648494720459,1.12015950679779,13.4122295379639,23.8796090637618,491.137046618787,342.506997966381,,,,834.38113619886,581.877054656536,,,11852,75.0568227938501
2012,MT,51010,Norte Matogrossense,77.0899385073658,99.0975181749812,68.2420774777697,100,88.2901554404145,95.3367875647668,86.2176165803109,93.0569948186529,92.2279792746114,20.2072538860104,,,,1.27826941013336,34.9065895080566,63.7168159484863,,,,,,512.065979003906,27.4063491821289,53.3702583312988,70.9859161376953,357.944580078125,18.4260005950928,48.0270309448242,398.945587158203,21.9663162231445,50.4546165466309,4420,987,6375.58251953125,1423.68774414062,8,163,235.117630004883,11.5395154953003,55,49,,,0.706795334815979,0.79334169626236,0.960304081439972,0.906573176383972,45,10,64.9097747802734,14.4243946075439,2.08144021034241,19.2907875982683,457.020403506701,267.244033000767,,,,776.421176470453,454.014579907311,,,3611,122.468533681193
2012,MT,51015,Vale do Peixoto,82.0528198870804,98.6877753190081,82.0528198870804,93.3479532163743,91.1549707602339,95.5409356725146,83.6257309941521,98.5380116959064,95.1754385964912,19.0789473684211,,,,1.73453998565674,32.0512809753418,66.063346862793,,,,,,411.972259521484,104.246017456055,83.1963424682617,8.75912380218506,342.677429199219,79.6474304199219,71.4339828491211,378.859436035156,90.4093246459961,75.8550033569336,5375,1403,5387.71484375,1406.31896972656,0,165,165.390319824219,0,48,45,,,0.45106452703476,0.481135487556458,0.635499775409698,0.531754970550537,29,0,29.0686016082764,0,1.45042300224304,24.0502269894661,469.473248772588,222.08451954122,,,,797.577021368312,377.294148390338,,,6599,178.157103284318
2012,MT,51016,Vale dos Arinos,77.0847353342691,100,69.8167624834163,100,100,100,100,100,100,5.30759951749095,,,,0.128205135464668,32.0512809753418,67.6923065185547,,,,,,386.513305664062,78.8036880493164,71.2985687255859,12.62135887146,323.468322753906,59.9623222351074,69.5399627685547,358.015716552734,67.6076507568359,75.0955505371094,2651,762,4974.013671875,1429.72399902344,3,90,168.865036010742,5.62883472442627,32,23,,,0.431543976068497,0.600409030914307,0.790851294994354,0.621048092842102,75,0,140.72087097168,0,2.91948890686035,20.6840711805069,555.738432731251,258.320338215252,,,,944.130906279588,438.85432546206,,,2560,118.617764121872
2012,PA,15011,Tocantins,48.2263349435976,99.9953051947211,42.9422506572727,100,80.125284738041,86.4546046208916,70.8835014643671,100,100,17.751383013342,,,,3.9713990688324,52.817024230957,42.8325309753418,,,,,,326.360168457031,76.873176574707,79.2121200561523,11.3712377548218,290.094879150391,65.7785873413086,76.7141876220703,321.092803955078,74.17919921875,82.3278350830078,42782,12265,6670.97021484375,1912.47375488281,0,723,112.736938476562,0,177,207,,,0.322773784399033,0.2759949862957,0.415161937475204,0.311858743429184,147,0,22.9216175079346,0,4.85002708435059,17.2309265533418,284.850211627916,111.778644528659,,,,483.925301218552,189.898100879737,,,84025,399.94000118614
2012,PA,15003,Carajás,50.374825108115,75.1356737047401,41.7931982955991,100,72.6714303622916,89.2440767205716,72.9221511846559,100,100,12.5924533032468,,,,1.81771302223206,58.9080848693848,39.0808296203613,,,,,,425.186737060547,91.6844711303711,80.6059341430664,10.5720272064209,424.980194091797,95.0515670776367,88.9780197143555,474.906982421875,108.234169006348,95.7261047363281,42898,12536,5462.61181640625,1596.32849121094,28,932,118.680458068848,3.56550717353821,419,427,,,0.543739855289459,0.533552706241608,0.626351416110992,0.554882049560547,417,1,53.1005897521973,0.127339541912079,16.9262275695801,18.0081798657816,437.445546796322,265.588681213063,,,,743.165914430298,451.202341826429,,,67508,240.015304824368
2012,PA,15007,Metropolitana II,67.7589743279464,98.8646333125601,66.08239500959,100,82.9384791746274,100,93.1792128391288,100,100,14.2720672525793,,,,2.80405402183533,63.75,32.7702713012695,,,,,,410.839141845703,88.0160675048828,84.5071258544922,22.9181499481201,357.338897705078,79.2413635253906,87.5652008056641,398.640472412109,89.665901184082,93.7115020751953,24718,9879,7227.8447265625,2888.73999023438,0,482,140.942672729492,0,103,75,,,0.219309151172638,0.301184564828873,0.396657139062881,0.364272505044937,44,0,12.8661365509033,0,2.686683177948,18.6337927230225,231.995014586732,94.4172417200837,,,,394.130854505863,160.403223429231,,,45324,383.417192128728
2012,PA,15013,Marajó I,30.5622901902275,97.1055576277508,30.5622901902275,100,80.3001876172608,92.4640400250156,75.7661038148843,100,100,21.8886804252658,,,,8.22622108459473,62.2393608093262,28.8203372955322,,,,,,252.494613647461,75.4788208007812,63.7975730895996,12.0996437072754,226.118209838867,67.5306549072266,63.8530807495117,249.665878295898,75.3925247192383,67.4099578857422,10420,3568,4681.48388671875,1603.0263671875,0,208,93.4499664306641,0,59,33,,,0.148261964321136,0.26507443189621,0.177352756261826,0.299331933259964,0,0,0,0,0.590801477432251,17.2352705086236,221.062066080358,98.7663616874287,,,,375.557126338636,167.791840689527,,,28680,395.826423263902
2012,PA,15001,Araguaia,59.1415092387593,100,58.5207639305593,100,79.9188906331763,94.0345368916797,88.7100994243851,100,100,10.8712715855573,,,,2.45514631271362,57.0349388122559,40.3210563659668,,,,,,354.827514648438,78.8284912109375,72.4745559692383,9.79294872283936,345.067962646484,75.1476287841797,77.8246231079102,382.764312744141,84.6983108520508,83.8916625976562,34603,12110,6870.78662109375,2404.56689453125,24,898,178.307266235352,4.7654504776001,193,162,,,0.321667909622192,0.383221656084061,0.504542052745819,0.435889810323715,350,5,69.4961547851562,0.992802202701569,3.85703659057617,16.3432308335828,338.175310832725,120.821264250385,,,,574.518053625928,205.260394092134,,,43033,223.139812180781
2012,PA,15002,Baixo Amazonas,34.6245389222908,90.8716483739608,31.506976796652,100,74.794315632012,81.8317807846604,73.9579791935813,95.7571224586931,100,10.1448289929965,,,,7.45483493804932,51.7200813293457,40.6243515014648,,,,,,377.508117675781,94.0978088378906,83.4873733520508,15.4955625534058,309.593658447266,72.6908111572266,78.1458435058594,342.671691894531,81.8634872436523,84.3313140869141,44566,11369,6221.9033203125,1587.2373046875,28,990,135.314300537109,3.82707095146179,344,207,,,0.28292989730835,0.47018301486969,0.469738811254501,0.558854877948761,231,8,31.573335647583,1.09344887733459,4.75361442565918,19.2909491969303,301.763825531673,126.336954770899,,,,512.659440667818,214.630870530659,,,84794,368.848428241294
2012,PA,15012,Xingu,51.0184672236401,91.3104459736841,51.0184672236401,100,78.7080103359173,90.5254091300603,79.3453919035314,100,100,20.1378122308355,,,,6.55256700515747,58.4841079711914,34.2624282836914,,,,,,400.678924560547,88.4214324951172,95.5322418212891,5.40123462677002,375.03125,78.1845092773438,96.0873260498047,415.174163818359,87.3894577026367,103.35627746582,27160,9123,8396.9443359375,2820.52001953125,20,572,176.842864990234,6.18331670761108,153,101,,,0.312257498502731,0.473023742437363,0.406166613101959,0.538566887378693,32,0,9.89330673217773,0,1.77492105960846,16.689443103271,345.698442210868,168.249510404874,,,,587.298923955875,285.835122035672,,,34517,317.622692985559
2012,PA,15014,Marajó II,34.4008518306168,94.9588151292525,34.4008518306168,100,67.1578947368421,71.3198380566802,51.7408906882591,100,100,16.4210526315789,,,,21.2875022888184,57.575756072998,20.8653697967529,,,,,,261.06884765625,49.7437324523926,59.6924819946289,26.2812080383301,257.022430419922,52.7332916259766,56.8620567321777,284.626586914062,59.9984855651855,60.8336715698242,15045,3139,5161.34130859375,1076.86608886719,0,259,88.8526000976562,0,110,65,,,0.222989156842232,0.377366244792938,0.409356623888016,0.407298266887665,17,17,5.83202409744263,5.83202409744263,0.559874296188354,18.1050282732363,249.925275215386,84.226984901227,,,,424.592151080158,143.091236640184,,,35871,418.481396097277
2012,PA,15006,Metropolitana I,54.7644839565201,48.5791710064244,34.8670081552678,100,69.6198572687726,77.6804753916579,66.6998379346621,87.1257570157232,92.9146171561798,15.345028574678,,,,3.79533410072327,43.2968521118164,52.803581237793,,,,,,567.687683105469,133.114273071289,127.610954284668,6.22255373001099,430.888397216797,89.4384994506836,116.982231140137,480.571136474609,101.586898803711,125.934074401855,124007,31266,5832.89794921875,1470.65393066406,208,3603,169.473739624023,9.78366374969482,1367,3100,,,1.45814216136932,0.642993628978729,1.55143976211548,0.666500329971313,2956,443,139.040908813477,20.8373222351074,22.9631042480469,19.3151969854813,354.815101721671,144.860268909948,,,,602.787001618373,246.099691715927,,,143516,167.83520326755
2012,PA,15009,Rio Caetés,76.6036207640398,100,76.6036207640398,100,70.5736945102482,82.9642599649809,63.62138222268,98.9700278092491,99.412915851272,9.56844165207539,,,,25.8724822998047,49.0044746398926,24.8769569396973,,,,,,426.799133300781,99.6586761474609,84.6901779174805,24.5039234161377,353.447723388672,77.4226837158203,81.8403854370117,393.273803710938,87.8229370117188,88.2955169677734,36176,8807,7125.0048828125,1734.57312011719,40,816,160.714385986328,7.8781566619873,178,163,,,0.321034878492355,0.3505779504776,0.539112091064453,0.45264932513237,411,0,80.9480590820312,0,1.61738550662994,17.5229124181262,271.181067665614,88.6765665454307,,,,460.703115173637,150.6505258721,,,70526,412.792912196268
2012,PA,15008,Metropolitana III,67.3636896619113,99.6541895260657,64.3410058294447,100,81.4822160518313,92.9855877297369,81.0128255983075,95.1408171360571,100,19.6548988496628,,,,2.75817823410034,50.9229545593262,46.105052947998,,,,,,401.027069091797,100.487770080566,79.466194152832,16.8490791320801,352.110290527344,84.0574569702148,81.8887329101562,391.182098388672,95.2367858886719,87.4669036865234,54225,16073,6263.16015625,1856.48266601562,6,1222,141.144897460938,0.693019092082977,303,273,,,0.315323680639267,0.349974632263184,0.533566951751709,0.388292819261551,303,4,34.9974632263184,0.462012737989426,3.66745710372925,17.4158733960223,313.338726910437,100.901155754941,,,,532.323767417943,171.418591943306,,,109719,357.086602992262
2012,PA,15010,Tapajós,44.3393815486839,100,42.4510889627169,100,69.5770065075922,89.7234273318872,80.1789587852495,100,100,17.3264642082429,,,,4.84366989135742,59.9692459106445,33.1624794006348,,,,,,394.260101318359,100.878753662109,64.7845230102539,15.7276992797852,382.083129882812,93.4476089477539,74.1736831665039,425.058227539062,107.890823364258,80.0940322875977,13529,4156,6260.49853515625,1923.1748046875,0,270,124.941581726074,0,83,37,,,0.171216234564781,0.384079664945602,0.261798888444901,0.50288987159729,299,0,138.361236572266,0,1.14113306999207,17.8338320393595,264.582919524137,117.743907056799,,,,449.493677032092,200.032344590775,,,23057,314.694429604415
2012,PA,15004,Lago de Tucuruí,37.0164936369725,86.4055697421299,32.495395177495,100,64.7860658841348,79.136690647482,66.7297740754765,86.3814211788464,99.5582481383314,12.8612899154361,,,,0.822873055934906,64.7698745727539,33.3193855285645,,,,,,337.591461181641,61.7636108398438,77.3905487060547,8.37619400024414,351.180633544922,67.3192977905273,89.3601379394531,391.205200195312,75.9130859375,96.2826690673828,19714,5576,4889.9912109375,1383.10803222656,7,541,134.193222045898,1.73632645606995,119,99,,,0.245566159486771,0.295175492763519,0.396440535783768,0.309314161539078,140,17,34.7265281677246,4.21679258346558,2.22993922233582,19.2935322702976,322.821502535775,145.889146655038,,,,548.433831105992,247.847627832472,,,42797,312.773490073905
2012,PB,25011,11ª Região,99.4700602483708,100,99.4700602483708,91.4175506268081,100,100,100,100,100,17.5506268081003,,,,1.19047617912292,32.7838821411133,65.6593399047852,,,,,,553.909851074219,162.560501098633,128.844253540039,11.7391300201416,331.797424316406,75.6069412231445,99.1003189086914,369.266357421875,85.4284362792969,106.178428649902,3823,1982,4603.47265625,2386.62915039062,0,116,139.681625366211,0,66,59,,,0.710449635982513,0.794740259647369,0.706536173820496,0.776075899600983,4,0,4.81660747528076,0,0.892276585102081,20.3958172637768,398.7952161348,164.681337096814,,,,677.503779932727,279.77323662216,,,12717,444.740375798574
2012,PB,25007,7ª Região,97.5858563113686,94.9083266804501,97.5858563113686,53.4341252699784,68.5097192224622,70.1943844492441,73.3477321814255,59.3520518358531,69.9352051835853,29.6760259179266,,,,2.82968497276306,39.1350784301758,57.5547256469727,,,,,,594.994812011719,176.220306396484,120.607055664062,16.4414405822754,335.4365234375,74.1688613891602,88.4904479980469,372.444366455078,83.7288970947266,94.8618621826172,5112,1325,3425.24047851562,887.801940917969,0,372,249.254577636719,0,158,98,,,0.656638383865356,1.05866193771362,0.861167907714844,1.05564677715302,10,0,6.70039176940918,0,1.22818183898926,18.570923247291,523.776859387371,193.357629542166,,,,889.832143714299,328.490713011384,,,24609,447.086873912915
2012,PB,25003,3ª Região,100,100,100,40.1475561020596,88.0418075622502,94.6203504457424,93.4214571165078,89.6710728558254,99.2314786351061,30.6793728865662,,,,2.67857146263123,31.7994499206543,65.3159332275391,,,,,,737.323364257812,243.875915527344,137.21257019043,10.6741571426392,404.777313232422,93.1496734619141,103.030685424805,451.268524169922,105.449089050293,110.688262939453,9623,2205,4982.62841796875,1141.71215820312,0,294,152.228286743164,0,115,101,,,0.52296108007431,0.595450758934021,0.748196840286255,0.674153804779053,17,4,8.8023157119751,2.07113313674927,2.81311655044556,20.7758732301946,388.399620143809,162.01048168146,,,,659.84294727076,275.235783397185,,,29775,403.705057936049
2012,PB,25002,2ª Região,100,100,100,83.1991294885745,86.1588683351469,88.4439608269859,87.247007616975,100,90.076169749728,33.7540805223069,,,,2.33154582977295,29.0277462005615,68.1277694702148,,,,,,652.837890625,260.807098388672,137.784881591797,6.53266334533691,335.904083251953,89.3203201293945,93.3635330200195,373.696563720703,101.492080688477,101.037200927734,14412,3332,4727.98974609375,1093.09338378906,6,406,133.192047119141,1.96835541725159,230,218,,,0.715169131755829,0.754536211490631,0.861483573913574,0.75141966342926,94,0,30.8375682830811,0,2.30560040473938,18.2298064614433,381.190434795682,155.798404646641,,,,647.595432441142,264.682232346309,,,46815,414.963736694132
2012,PB,25015,15ª Região,100,99.9813981687531,100,39.1003460207612,77.8546712802768,92.7335640138408,83.0017301038062,92.1712802768166,88.6678200692042,30.6228373702422,,,,2.68614506721497,33.8360023498535,63.4307250976562,,,,,,571.393981933594,177.677276611328,105.664138793945,10.7184925079346,305.779937744141,70.0268936157227,79.8376007080078,339.475616455078,78.7395629882812,85.2969207763672,4908,651,3303.18212890625,438.136016845703,0,138,92.8767547607422,0,104,83,,,0.558606564998627,0.699940800666809,0.810989081859589,0.671337425708771,0,0,0,0,2.01300263404846,17.5802094810551,384.893662351042,153.499984752224,,,,653.886758327708,260.777501037261,,,22564,407.67687093927
2012,PB,25001,1ª Região Mata Atlântica,91.2973190087675,99.675343845296,87.2233166985862,100,82.5178812065927,90.0383538924018,83.5078262672333,100,100,30.3721364154659,,,,1.56904315948486,35.6586265563965,59.2101783752441,,,,,,648.861938476562,163.676879882812,139.076644897461,2.51501512527466,432.895629882812,89.2606048583984,115.662300109863,484.085784912109,101.717353820801,124.908157348633,76169,14377,6184.07958984375,1167.25329589844,174,2389,193.960357666016,14.1268739700317,1477,2397,,,1.94609868526459,1.19916045665741,2.07045984268188,1.1791068315506,831,86,67.4680023193359,6.98224782943726,19.5755443572998,21.6686523928886,574.799463153661,224.447965626699,,,,976.513240966947,381.309351160569,,,121450,249.348848545415
2012,PB,25005,5ª Região,99.9582734480041,100,99.9582734480041,60.0613496932515,60.7361963190184,67.0552147239264,68.9570552147239,52.9447852760736,65.3374233128834,14.4171779141104,,,,1.88556563854218,28.5435638427734,69.310791015625,,,,,,757.30126953125,253.641571044922,163.055297851562,8.25358867645264,357.976806640625,83.9862289428711,102.400901794434,395.291656494141,94.5995178222656,110.551445007324,6701,1834,6070.18603515625,1661.35229492188,0,156,141.314590454102,0,70,65,,,0.588810801506042,0.634103894233704,0.882083833217621,0.745298564434052,0,0,0,0,2.02822661399841,18.525790881984,539.356593035558,240.90946998482,,,,916.300185480939,409.275412373892,,,18789,422.849368756429
2012,PB,25010,10ª Região,100,100,100,50.08356545961,51.6991643454039,57.158774373259,51.4763231197772,55.2089136490251,52.924791086351,4.79108635097493,,,,0.674846649169922,28.0981597900391,71.1042938232422,,,,,,668.8701171875,160.911544799805,142.645904541016,5.85175561904907,344.958190917969,62.7051429748535,99.9787139892578,382.187713623047,70.7286758422852,106.66397857666,1452,354,1262.93811035156,307.906402587891,6,219,190.484481811523,5.21875286102295,105,89,,,0.774114966392517,0.913281738758087,1.21814393997192,0.883926272392273,94,10,81.7604598999023,8.69792079925537,4.29938220977783,16.6213012461766,448.562721347718,138.952515122038,,,,762.052619877129,236.063148246288,,,17829,390.355574537587
2012,PB,25006,6ª Região,98.4725452411013,97.7983033202649,98.4725452411013,100,80.6906077348066,86.1878453038674,84.6408839779006,89.060773480663,82.1270718232044,25.9116022099447,,,,1.17247760295868,33.6007423400879,64.2085800170898,,,,,,661.600341796875,199.303298950195,136.046173095703,7.00720357894897,389.747192382812,93.7434768676758,98.6283111572266,431.010559082031,105.209373474121,106.115661621094,7582,1443,3285.03833007812,625.205810546875,6,432,187.171798706055,2.59960842132568,277,160,,,0.693228900432587,1.20015251636505,1.13353753089905,1.05349123477936,53,11,22.963207244873,4.76594877243042,3.31796669960022,18.5082915261146,505.288740149498,184.368332510622,,,,858.423114315934,313.219008458763,,,33783,379.576333986548
2012,PB,25016,16ª Região,89.4712405510149,94.0249798549557,77.8964736579563,100,78.5548596613315,88.9700765483646,92.7511018325215,93.0642542333565,91.1737415912781,42.2755741127349,,,,7.24900341033936,36.3175048828125,56.1918563842773,,,,,,677.360534667969,223.028747558594,129.191192626953,5.83009433746338,391.881896972656,95.2673110961914,101.336540222168,436.704498291016,108.60457611084,109.11173248291,29378,6137,5524.56884765625,1154.0703125,118,1650,310.284515380859,22.1900444030762,393,845,,,1.58903288841248,0.739041328430176,1.76880979537964,0.699550569057465,379,38,71.2714157104492,7.14594650268555,14.2354774475098,18.1070197638811,543.887721648698,134.88031731705,,,,923.998012933628,229.144987511431,,,54392,255.966493130854
2012,PB,25014,14ª Região,100,100,100,33.8203695745595,85.8616244091104,93.8977223893425,81.7361409540181,95.27288354104,100,27.8040395358831,,,,1.25161850452423,39.7928352355957,55.1575317382812,,,,,,616.520263671875,220.088165283203,118.929634094238,5.32150793075562,378.472625732422,100.92813873291,93.4922561645508,420.428741455078,113.07014465332,100.422714233398,7162,909,4895.2529296875,621.304809570312,0,141,96.3740158081055,0,72,65,,,0.444277375936508,0.492122620344162,0.599432706832886,0.520146250724792,1,0,0.6835036277771,0,1.84409284591675,18.1515128208146,327.818615555478,158.459001353556,,,,556.923308468367,269.202257293655,,,22867,403.8887531348
2012,PB,25004,4ª Região,99.209196000446,100,99.209196000446,62.5531914893617,76.7781155015197,81.4589665653495,70.1519756838906,82.1884498480243,91.2462006079027,20.9726443768997,,,,2.71554660797119,24.8472499847412,72.4372024536133,,,,,,675.079406738281,210.166229248047,129.193084716797,9.16442012786865,321.480041503906,66.8181304931641,85.4385528564453,358.780944824219,76.2854232788086,93.2812881469727,6857,1848,6238.5703125,1681.32983398438,0,310,282.041259765625,0,77,56,,,0.509493887424469,0.700554072856903,0.776295781135559,0.731487631797791,0,0,0,0,1.09996092319489,20.3365304872294,450.872774346837,203.966278960117,,,,765.977114393178,346.513497111716,,,18965,460.297709962905
2012,PB,25008,8ª Região,100,100,100,85.8496151568976,78.8632326820604,86.5008880994671,84.9023090586146,75.1924215512137,79.9881586737715,16.5778567199526,,,,2.07927227020264,31.4489936828613,66.0818710327148,,,,,,544.218872070312,158.111740112305,96.9635543823242,2.4077045917511,318.302459716797,63.8536148071289,74.739013671875,352.65576171875,72.2302169799805,80.845832824707,7077,2841,6182.08203125,2481.74291992188,0,197,172.088470458984,0,93,67,,,0.585275530815125,0.812397360801697,0.789030015468597,0.708008646965027,0,0,0,0,1.77679169178009,23.244296267339,491.95388846014,208.337901996789,,,,835.768849523226,353.940344305353,,,17529,380.452829416787
2012,PB,25009,9ª Região,97.8716472372287,100,97.8716472372287,65.8723404255319,74.2978723404255,83.4042553191489,79.3617021276596,82.8510638297872,92.468085106383,26.0851063829787,,,,1.35905301570892,33.494083404541,64.4892578125,,,,,,626.919311523438,155.281295776367,126.310913085938,10.2587804794312,316.246215820312,56.7939987182617,82.2538375854492,349.483764648438,64.1506576538086,88.4354019165039,8646,2714,5009.56005859375,1572.51293945312,7,358,207.428009033203,4.05585479736328,176,136,,,0.787994682788849,1.01975786685944,0.857378780841827,0.929370164871216,0,0,0,0,2.23072028160095,17.2542778452638,429.685505659043,161.066853159632,,,,729.982563702332,273.632675173904,,,25807,403.942645125222
2012,PB,25013,13ª Região,100,100,100,83.4140435835351,72.5181598062954,71.7917675544794,67.1912832929782,88.9830508474576,76.634382566586,5.56900726392252,,,,0.887198984622955,15.4626111984253,83.6501922607422,,,,,,600.230102539062,155.059432983398,146.722915649414,4.72222232818604,312.527496337891,46.6091613769531,98.2043762207031,344.476531982422,52.1114349365234,104.636451721191,1639,263,2732.71411132812,438.501434326172,0,77,128.382553100586,0,68,34,,,0.566883981227875,1.13376796245575,0.871584117412567,1.21713328361511,0,0,0,0,19.3857650756836,17.7522887354462,541.884459549015,175.84072422641,,,,920.594718235449,298.731656021751,,,9325,392.554910912682
2012,PB,25012,12ª Região,100,100,100,33.0988522769345,75.4535357275083,83.0803406145872,78.8596815994076,89.0781192151055,81.8955942243613,26.027397260274,,,,2.85035634040833,39.0340461730957,56.6508331298828,,,,,,629.419738769531,196.369750976562,124.96257019043,13.1747484207153,329.379333496094,79.6267547607422,86.1937942504883,368.960327148438,90.0457305908203,94.3739547729492,8885,2394,5116.55517578125,1378.61926269531,0,293,168.728256225586,0,105,94,,,0.541312515735626,0.604657590389252,0.76849102973938,0.663107812404633,0,0,0,0,2.29021263122559,19.1913719031426,390.959188813566,162.791496319134,,,,664.191338070341,276.562630730849,,,29018,442.38149688812
2012,PE,26010,Recife,62.8067471612736,74.2143546712025,56.9419804375704,100,91.1108024584187,100,94.2116045696031,100,100,24.3827910691343,,,,2.948894739151,41.3972358703613,53.2399139404297,,,,,,630.361999511719,152.692398071289,139.466293334961,1.47576916217804,411.339752197266,83.2957077026367,108.87580871582,461.245452880859,95.0709686279297,118.620140075684,245044,37137,6046.59912109375,916.37646484375,699,8649,213.418960571289,17.2482204437256,4214,8112,,,2.00168180465698,1.03982830047607,2.25796842575073,1.15002942085266,3172,611,78.2708969116211,15.0767707824707,30.1968955993652,16.7287994239747,368.874602872678,191.089184719234,,,,626.672356277583,324.636905643781,,,398668,233.06185445718
2012,PE,26001,Afogados da Ingazeira,79.8155477888888,100,77.3348695163229,93.3786078098472,87.741935483871,92.427843803056,93.446519524618,92.088285229202,92.7334465195246,22.1052631578947,,,,2.08191132545471,27.167236328125,70.4778137207031,,,,,,700.104797363281,217.607391357422,154.20573425293,3.06983876228333,395.206298828125,82.0395584106445,103.763404846191,436.828521728516,92.1727676391602,112.498817443848,14724,4577,7911.23779296875,2459.23217773438,0,360,193.428787231445,0,95,118,,,0.634016573429108,0.510437071323395,0.866937100887299,0.548854231834412,85,4,45.6706886291504,2.14920878410339,1.28146576881409,18.1793071089101,386.36449528885,168.016643793094,,,,656.385521689697,285.439510445267,,,31305,432.438770233096
2012,PE,26009,Petrolina,68.5057065457237,97.0655930258611,67.1478134526469,100,84.5533349385986,100,97.2188779195762,96.448350589935,100,25.4274018781604,,,,0.483909994363785,37.0796012878418,61.1299285888672,,,,,,424.867065429688,77.903205871582,83.5768280029297,16.1787357330322,347.481475830078,56.1252250671387,80.9557342529297,385.21484375,63.6310920715332,87.2749481201172,24180,3820,5276.46923828125,833.586120605469,53,549,119.800727844238,11.5654611587524,319,484,,,1.05616664886475,0.69610983133316,1.09140861034393,0.735006928443909,198,29,43.2068176269531,6.32827138900757,14.7117033004761,16.8865363722288,346.48566511431,115.062835375908,,,,588.63631836572,195.477535193412,,,59198,342.046414091686
2012,PE,26003,Caruaru,71.1200433039512,93.1130614187465,68.5849445427216,80.053594903428,91.0102133683891,100,97.9522701992112,100,100,22.3227828900799,,,,3.68549132347107,38.7001914978027,57.1073722839355,,,,,,673.6142578125,204.008453369141,141.183120727539,6.42422866821289,413.828430175781,97.8016967773438,110.691772460938,462.120849609375,111.224792480469,120.016075134277,60039,10020,4639.56982421875,774.304809570312,36,1662,128.432601928711,2.78193354606628,657,866,,,0.669209539890289,0.507702887058258,0.870436072349548,0.575840950012207,253,10,19.5508098602295,0.772759318351746,7.73740720748901,19.8847842111683,317.245515951348,138.329054462935,,,,538.960919107653,235.003965648073,,,181002,356.671549772772
2012,PE,26008,Palmares,88.3179224799239,99.8846129264615,88.3179224799239,100,89.622545528538,96.3373690100722,98.8198189032455,100,99.979652050056,21.7926543900702,,,,5.209397315979,47.9673118591309,46.0878448486328,,,,,,600.386352539062,211.318557739258,135.116302490234,3.85798144340515,461.065399169922,139.756484985352,123.377891540527,513.59912109375,158.30793762207,134.163955688477,32861,5966,5515.5986328125,1001.37127685547,10,1093,183.4560546875,1.67846345901489,230,295,,,0.495146721601486,0.386046588420868,0.696394503116608,0.422217488288879,50,20,8.39231777191162,3.35692691802979,3.46703410148621,17.2653175418162,305.96492880059,136.957436392335,,,,519.796595852793,232.673756082215,,,91239,399.571903002192
2012,PE,26004,Garanhuns,86.5547195476644,95.4809069189288,84.9677470610006,97.843178920527,92.8070548236294,100,97.2375690607735,100,100,28.7292817679558,,,,2.22349572181702,30.5214900970459,66.0859603881836,,,,,,675.199951171875,186.3076171875,148.555313110352,13.6706733703613,407.644592285156,87.1024703979492,107.966171264648,453.990264892578,98.4576187133789,117.289161682129,24123,3153,4553.494140625,595.1650390625,11,699,131.944305419922,2.07637667655945,237,280,,,0.528532266616821,0.447364807128906,0.723003804683685,0.504465162754059,66,15,12.4582605361938,2.83142280578613,4.94177627563477,18.8576399258328,308.696721119849,141.181647927288,,,,524.43757334552,239.850169354933,,,80388,418.869010527989
2012,PE,26005,Goiana,90.6243511790004,98.9460675268179,90.6243511790004,78.5843920145191,100,100,97.80197620488,96.6928816293608,100,22.7263561201855,,,,2.84637928009033,38.1540374755859,57.6182518005371,,,,,,667.545593261719,209.00993347168,138.589660644531,4.86512517929077,444.637115478516,112.288635253906,113.724319458008,495.833801269531,127.133949279785,123.262825012207,17098,2545,5497.92578125,818.354309082031,0,432,138.911224365234,0,165,237,,,0.762082397937775,0.530563712120056,0.751390755176544,0.518344640731812,38,0,12.2190427780151,0,4.61461782455444,20.5558511823557,357.299066678505,160.256936721848,,,,607.006951054545,272.256727254201,,,45047,373.295363335662
2012,PE,26007,Ouricuri,92.2986327249827,100,92.2986327249827,95.536111523061,86.148598546641,94.8094320035593,91.2056947946018,95.3433189974789,100,32.8192199317811,,,,0.947567880153656,35.5811767578125,63.2343635559082,,,,,,532.724487304688,152.207000732422,128.112457275391,5.62603425979614,369.870635986328,74.6118774414062,108.415557861328,408.621704101562,84.6642227172852,116.779006958008,21018,4809,6175.84326171875,1413.05688476562,0,543,159.55290222168,0,182,186,,,0.546534776687622,0.534781336784363,0.682507395744324,0.553146123886108,57,0,16.7486476898193,0,2.87489056587219,19.2527938369652,323.623805852104,131.586258262412,,,,549.796845273346,223.548788333143,,,57305,482.941460252713
2012,PE,26002,Arcoverde,84.0654267247065,96.4498449425938,83.1886217090714,85.4994940002891,77.2155558768252,87.5090357091225,83.0417811189822,93.3352609512795,97.5712013878849,19.3002746855573,,,,2.89497995376587,33.5386505126953,63.0274085998535,,,,,,569.267578125,140.50114440918,115.957275390625,15.3981523513794,378.452911376953,78.1807022094727,91.5273590087891,419.757263183594,87.4303894042969,98.7818145751953,20216,4675,5063.05029296875,1170.84289550781,6,617,154.526214599609,1.50268602371216,175,195,,,0.488372981548309,0.438283443450928,0.726360857486725,0.520305037498474,104,7,26.046558380127,1.75313377380371,3.23553347587585,21.7241419854183,333.337120484609,174.645120039497,,,,566.298566239262,296.700472288437,,,62309,426.037218171299
2012,PE,26011,Salgueiro,100,100,96.2412161193174,100,91.4737228959941,97.3171628077912,99.7059904446894,97.7949283351709,98.4932010290334,33.2965821389195,,,,0.462071627378464,35.0019264221191,63.6503639221191,,,,,,521.725769042969,135.676666259766,115.39510345459,9.38337802886963,331.538757324219,62.189323425293,91.4790573120117,365.544738769531,70.6431884765625,96.63525390625,11011,3050,7700.7001953125,2133.06103515625,0,373,260.862884521484,0,85,114,,,0.797275304794312,0.594459652900696,1.06198465824127,0.610545039176941,72,0,50.3542289733887,0,2.41000938415527,18.4535049022525,340.213089917673,162.372003991589,,,,577.979988415671,275.849965116856,,,21080,421.003734621232
2012,PE,26012,Serra Talhada,79.51919575855,100,75.3496798486719,100,100,100,100,100,100,37.422520661157,,,,11.3140535354614,36.9863014221191,51.5728073120117,,,,,,623.223815917969,182.259506225586,154.618255615234,5.75190591812134,381.737426757812,88.896858215332,112.691963195801,421.377899169922,99.532112121582,120.982719421387,18917,6042,8170.1494140625,2609.5068359375,0,541,233.65495300293,0,116,109,,,0.470765054225922,0.50099766254425,0.810126185417175,0.513738572597504,140,14,60.4652366638184,6.0465235710144,2.76498889923096,17.2795651871381,359.11709774695,161.15449634205,,,,610.09556112576,273.781570107873,,,34999,405.897023875875
2012,PE,26006,Limoeiro,92.3514795889719,98.1492854736369,92.3514795889719,77.5524235132348,91.5434857339292,96.745731637447,94.6144150338031,92.5862266529162,96.8374011687865,25.2091211183683,,,,5.40993404388428,38.4560127258301,54.7695999145508,,,,,,665.225646972656,213.58415222168,154.198181152344,3.44738864898682,408.197082519531,105.27320098877,114.201622009277,452.772979736328,118.315673828125,123.897659301758,31670,5472,5420.04052734375,936.484375,10,960,164.295501708984,1.71141147613525,280,382,,,0.653759181499481,0.479195237159729,0.767953157424927,0.504352986812592,21,0,3.59396409988403,0,2.82862091064453,19.8601126509576,325.325161728617,144.037736723777,,,,552.687238614873,244.702311199059,,,88773,384.097574332348
2012,PI,22009,Vale do Rio Guaribas,100,100,100,96.8654296523149,92.4337957124842,97.5139614483877,95.1360115294542,100,100,19.9243379571248,,,,1.53784704208374,44.9970054626465,52.8060722351074,,,,,,558.39990234375,178.936264038086,141.961502075195,4.78492021560669,344.214538574219,81.4248046875,104.336845397949,378.269622802734,92.1024780273438,111.840042114258,28096,10939,7582.794921875,2952.31323242188,0,1001,270.158660888672,0,213,207,,,0.558669745922089,0.574863076210022,0.740979671478271,0.629583060741425,128,68,34.5457649230957,18.3524360656738,2.98847842216492,18.004294459626,410.844809431906,154.518943207057,,,,697.974549578775,262.508585505713,,,63492,436.977196518915
2012,PI,22004,Entre Rios,100,100,100,100,89.7710161482943,100,93.1460615815982,96.2095643595202,100,25.2713017290617,,,,6.59392309188843,43.0823860168457,49.1281204223633,,,,,,550.556274414062,175.075057983398,119.429763793945,2.20244383811951,378.966186523438,96.8283462524414,104.325263977051,422.558227539062,109.855369567871,112.55736541748,72423,13652,6014.9248046875,1133.83520507812,126,2806,233.045837402344,10.464638710022,972,1874,,,1.55640733242035,0.80727207660675,1.62926530838013,0.826041996479034,802,82,66.6082534790039,6.8103199005127,15.6628227233887,26.3896278581273,646.368160330236,253.34654501622,,,,1098.09961136513,430.404465592605,,,129207,279.109932818956
2012,PI,22002,Chapada das Mangabeiras,98.4498586448969,99.7892908950372,98.4498586448969,76.3425253991292,82.5544267053701,95.0362844702467,93.3236574746009,95.2394775036284,98.2873730043541,20.1741654571843,,,,1.76297748088837,53.1178588867188,44.955924987793,,,,,,444.428344726562,121.066627502441,92.0934143066406,8.03259563446045,302.846099853516,59.4373626708984,79.1167526245117,334.803558349609,67.072624206543,84.8319091796875,11372,3704,5883.63134765625,1916.37084960938,0,337,174.356643676758,0,102,75,,,0.388034075498581,0.527726352214813,0.571315467357635,0.594985544681549,0,0,0,0,1.34570217132568,17.8386426648502,357.476062333605,165.692602801421,,,,607.307644795367,281.491252058825,,,31962,480.037679708075
2012,PI,22006,Serra da Capivara,95.4636762829775,98.626979707775,95.4636762829775,96.7122117847993,85.397096498719,96.5414175918019,92.6985482493595,85.1409052092229,92.997438087105,20.66609735269,,,,1.14832532405853,41.5311012268066,56.6028709411621,,,,,,496.618041992188,168.753707885742,127.426261901855,3.19001388549805,317.266906738281,82.2123107910156,97.5438537597656,350.101898193359,93.1420822143555,103.970748901367,12835,4054,8840.6279296875,2792.35717773438,0,411,283.092956542969,0,81,59,,,0.406386464834213,0.557920396327972,0.597870290279388,0.567907869815826,0,0,0,0,1.42097508907318,17.420286621155,332.347794749136,152.567513952415,,,,564.61782409831,259.193348404563,,,26215,477.559956903586
2012,PI,22007,Tabuleiros do Alto Parnaíba,99.1688403554534,99.4142092930722,99.1688403554534,82.6681870011403,97.1493728620297,97.0353477765108,97.8335233751425,94.2987457240593,94.8688711516534,19.7263397947548,,,,1.54241645336151,51.5424156188965,46.915168762207,,,,,,471.015289306641,166.367782592773,92.9066848754883,4.12844038009644,359.98583984375,89.9162216186523,87.3469696044922,398.889038085938,101.64306640625,95.6331939697266,2806,986,6062.701171875,2130.37182617188,0,63,136.119094848633,0,29,19,,,0.410517901182175,0.626579940319061,0.685997009277344,0.654668033123016,0,0,0,0,2.99245953559875,20.6837440473243,494.643592880979,325.072088034324,,,,840.338324878729,552.257297688934,,,6051,358.564118962043
2012,PI,22010,Vale do Sambito,100,100,100,76.1031907671419,91.2423625254582,94.4331296673456,96.4019008825526,96.2661235573659,98.234894772573,14.7318397827563,,,,7.96875,37.890625,53.75,,,,,,630.704956054688,238.037216186523,149.007553100586,4.45765209197998,334.984405517578,82.4211959838867,104.472007751465,369.660369873047,92.4788970947266,112.736267089844,6404,2128,6001.537109375,1994.2646484375,0,189,177.122192382812,0,56,41,,,0.384233325719833,0.524806499481201,0.627893447875977,0.571195602416992,0,0,0,0,2.82833194732666,17.856410799521,350.172618455889,159.355507957923,,,,594.899996374613,270.72531120358,,,18370,440.959157794702
2012,PI,22011,Vale dos Rios Piauí e Itaueiras,97.7560697280919,99.7358635344115,97.7560697280919,89.5635673624288,86.17963314358,94.876660341556,92.4731182795699,93.4535104364326,96.6793168880455,21.8532574320051,,,,1.65586757659912,50.6839447021484,47.5521965026855,,,,,,588.727172851562,203.291107177734,128.318496704102,3.10204076766968,342.846832275391,87.2643051147461,89.1472244262695,384.116241455078,99.5057907104492,98.0540313720703,13253,3750,6369.30712890625,1802.22607421875,10,400,192.237457275391,4.80593633651733,144,130,,,0.62477171421051,0.692054808139801,0.826861321926117,0.692415297031403,68,0,32.6803665161133,0,3.70297384262085,17.6179426368197,474.199232040193,186.458121976485,,,,805.60588279432,316.769302457043,,,32890,417.647006567819
2012,PI,22001,Carnaubais,100,100,100,66.9236700077101,81.3801079414032,90.0154202004626,87.27833461835,90.2852737085582,91.8272937548188,28.4888203546646,,,,2.36985230445862,44.2890434265137,53.0691528320312,,,,,,545.474792480469,202.233856201172,111.939834594727,2.72108840942383,300.568450927734,78.2406997680664,75.1910400390625,334.148864746094,88.6757583618164,81.3763198852539,11668,3528,7216.099609375,2181.89916992188,0,298,184.298736572266,0,94,82,,,0.507130742073059,0.581345021724701,0.641334891319275,0.59433251619339,44,0,27.2118949890137,0,2.45587348937988,18.3200030929572,364.50554869778,132.281974034549,,,,619.249873262582,224.730723437455,,,27658,443.542822882936
2012,PI,22003,Cocais,100,100,100,86.4001284521516,88.9210019267823,100,98.6512524084778,99.3577392421323,100,23.7636480411047,,,,2.24184775352478,49.0828819274902,48.5394020080566,,,,,,511.177429199219,162.727767944336,120.529724121094,7.41473054885864,312.456909179688,73.5440826416016,93.1182556152344,346.871459960938,83.9370956420898,99.8823318481445,23227,7605,5869.06494140625,1921.65319824219,0,568,143.523864746094,0,201,164,,,0.414399892091751,0.507892549037933,0.569736659526825,0.557165682315826,4,0,1.01073145866394,0,1.4612649679184,18.648735301728,300.28985817839,110.849584309447,,,,510.15535232136,188.319742401916,,,65934,471.306749130443
2012,PI,22008,Vale do Canindé,100,100,100,72.2813238770686,77.4822695035461,82.3286052009456,78.6052009456265,78.5460992907801,86.9976359338062,20.6855791962175,,,,1.54559504985809,48.377124786377,50.077278137207,,,,,,587.162475585938,201.924331665039,120.968490600586,5.0713152885437,349.318878173828,89.9209518432617,97.3903427124023,389.816589355469,101.029426574707,105.044326782227,7566,2738,7040.3662109375,2547.78247070312,0,257,239.145401000977,0,55,36,,,0.334989666938782,0.511789798736572,0.602981388568878,0.579718232154846,25,0,23.2631721496582,0,2.11974024772644,18.3620370256653,365.153619029568,160.491341167551,,,,620.35086465286,272.65495143436,,,19257,466.233741192673
2012,PI,22005,Planície Litorânea,82.4973880597015,96.3910447761194,80.2585820895522,99.7745208568207,66.4937993235626,85.4791431792559,75.7384441939121,79.3235625704622,83.6076662908681,18.4216459977452,,,,2.63806700706482,59.3688354492188,37.7465476989746,,,,,,537.953796386719,160.365631103516,106.788932800293,13.821138381958,362.733551025391,90.6602249145508,93.7615051269531,403.043395996094,102.500869750977,100.559692382812,18790,5538,6848.34130859375,2018.42016601562,22,819,298.498748779297,8.01828193664551,126,141,,,0.513898968696594,0.459228873252869,0.686018645763397,0.467611610889435,91,12,33.1665306091309,4.37360811233521,4.18736553192139,20.9104780123359,360.395290270371,142.419680202519,,,,612.267052234637,241.953433166063,,,34146,328.793191743306
2012,PR,41018,18ª RS Cornélio Procópio,88.7638853754765,77.9223084672498,82.6163753123239,95.6719022687609,90.9598603839441,93.8568935427574,92.7050610820244,94.1012216404887,100,29.4589877835951,,,,0.911078691482544,20.2259483337402,78.7900848388672,,,,,,779.385437011719,221.619964599609,156.05192565918,6.39371824264526,407.123962402344,92.1208877563477,101.027389526367,453.421539306641,103.934669494629,109.45972442627,18758,6180,8199.501953125,2701.40307617188,18,611,267.080474853516,7.86816453933716,179,195,,,0.852384507656097,0.782445251941681,0.947895288467407,0.78889274597168,173,6,75.6218032836914,2.62272143363953,9.74209880828857,21.1585519467817,400.851284793143,282.905306980656,,,,680.996786447024,480.621148618883,,,14390,152.955596533289
2012,PR,41002,2ª RS Metropolitana,65.3733912646006,45.654663458821,43.4337976354016,100,90.708648437017,100,92.2479342248965,95.0091697747739,100,22.7142533330586,,,,0.717914521694183,19.0600414276123,78.3350677490234,,,,,,560.932250976562,132.438217163086,105.59423828125,5.45262050628662,381.032836914062,75.2097702026367,85.3452529907227,427.455474853516,86.3850708007812,92.5395431518555,218875,26759,6499.42041015625,794.599609375,532,5507,163.528533935547,15.7975635528564,2850,8134,,,2.41536426544189,0.846298038959503,2.21838474273682,0.857641398906708,2921,405,86.7381210327148,12.0263404846191,38.4104080200195,19.6606627964645,541.373662996283,306.950730370915,,,,919.726938028337,521.471350872754,,,100420,71.4728486668888
2012,PR,41011,11ª RS Campo Mourão,93.0093858524857,86.0592926543023,81.8673254072355,100,95.2602003420474,100,100,100,100,9.13755191790862,,,,0.574712634086609,16.9195404052734,82.4827575683594,,,,,,750.990478515625,220.566497802734,162.61604309082,3.1889762878418,421.04052734375,91.3006057739258,108.571510314941,469.657623291016,104.876564025879,118.333564758301,27892,8661,8246.703125,2560.75927734375,28,758,224.114486694336,8.27863502502441,255,262,,,0.77464371919632,0.753947138786316,1.03593814373016,0.824759006500244,213,20,62.9767608642578,5.91331100463867,13.8427648544312,20.9280075185298,505.079982573154,283.483756313093,,,,858.068460996784,481.603862536628,,,19926,139.90074338465
2012,PR,41012,12ª RS Umuarama,84.2462891367608,77.0444098946314,78.9089704448518,100,94.4715943799633,100,99.2058643860721,100,100,8.27733659132559,,,,0.114547535777092,24.8281784057617,75.0572738647461,,,,,,736.152038574219,216.796783447266,149.070785522461,10.6000003814697,378.419006347656,86.6926345825195,97.621337890625,421.736724853516,98.2782287597656,105.808395385742,17919,4090,6595.55419921875,1505.43090820312,40,397,146.126190185547,14.7230415344238,176,281,,,1.03429365158081,0.64781379699707,1.35746443271637,0.690602660179138,171,18,62.9410018920898,6.62536859512329,11.0224046707153,20.581139473523,539.120758488808,277.684822709957,,,,915.899531735866,471.752191110419,,,9005,74.1278095835079
2012,PR,41014,14ª RS Paranavaí,94.7052366253964,87.5152516571236,85.7596377085987,100,91.3678985107557,99.3105350248207,94.8703805846663,92.9674572531715,96.7181467181467,28.2680639823497,,,,0.515044748783112,23.7462730407715,75.6844711303711,,,,,,715.770446777344,208.610885620117,151.513458251953,3.18039631843567,393.292114257812,87.978271484375,100.779937744141,438.988372802734,100.358840942383,110.453536987305,20356,4703,7596.5712890625,1755.09301757812,16,594,221.672393798828,5.9709734916687,180,199,,,0.7426398396492,0.671734511852264,0.911133229732513,0.75336891412735,136,15,50.7532768249512,5.59778785705566,12.5468816757202,24.8959178528405,501.773007856427,352.872643052914,,,,852.450319705021,599.48700443385,,,12594,110.451850173618
2012,PR,41017,17ª RS Londrina,78.515883992062,53.8399320120027,65.6105818852087,100,92.2276135862373,96.1711513012792,91.6982796647552,95.7565063961182,97.7503308337009,36.1535068372298,,,,0.883554220199585,19.7049255371094,79.0364227294922,,,,,,688.653015136719,184.76057434082,127.29914855957,1.84531450271606,381.55810546875,80.2609710693359,91.6480560302734,426.181243896484,90.9818801879883,99.0893859863281,59851,10923,6613.69921875,1207.02136230469,124,1570,173.489288330078,13.7023391723633,964,1746,,,1.92937767505646,1.06524634361267,2.04733943939209,1.09723687171936,771,93,85.1976089477539,10.2767543792725,26.9257583618164,22.4479364678686,576.628459570223,301.325018500315,,,,979.620479809264,511.913961759402,,,28144,72.0637102240561
2012,PR,41008,8ª RS Francisco Beltrão,86.9701073726886,93.1569458828667,81.6206519077167,99.274705349048,92.2257479601088,100,99.909338168631,89.6418857660925,100,17.520398912058,,,,1.38888883590698,17.9872493743896,80.3961715698242,,,,,,656.559692382812,178.459884643555,119.740829467773,4.55940389633179,381.757934570312,75.7046661376953,83.6847076416016,427.437835693359,86.6431274414062,91.1335144042969,31318,8633,9014.52734375,2484.91015625,39,760,218.757278442383,11.2257032394409,266,254,,,0.731109857559204,0.765650510787964,1.0292387008667,0.85344123840332,277,31,79.7312774658203,8.92299461364746,10.1347951889038,21.0149180609102,506.692811260449,298.310331821002,,,,860.808457586055,506.79238171553,,,18332,134.279690766772
2012,PR,41010,10ª RS Cascavel,54.2291335959394,59.931212887295,42.3291590726478,100,91.5192361696153,100,99.5647290087054,98.989048020219,100,20.513900589722,,,,0.267201066017151,24.3687381744385,74.7762222290039,,,,,,615.582824707031,152.085174560547,132.073959350586,2.04334354400635,408.836090087891,80.3494567871094,101.915214538574,456.067077636719,91.063720703125,111.147659301758,39901,8575,7604.44873046875,1634.24853515625,74,1124,214.215194702148,14.1031360626221,469,747,,,1.42365443706512,0.893833875656128,1.50536680221558,0.924041271209717,570,85,108.632263183594,16.1995487213135,16.9609260559082,23.7435737688869,404.326614445174,301.730317129598,,,,686.900941964695,512.602514034432,,,25045,112.615625872752
2012,PR,41015,15ª RS Maringá,71.7299697618595,55.250520498113,56.511589937891,100,100,100,100,100,100,12.1910856134157,,,,0.518240034580231,17.833553314209,81.6278839111328,,,,,,607.218872070312,164.930084228516,111.386428833008,2.98219275474548,344.673706054688,73.5599746704102,79.8768768310547,385.675048828125,84.030891418457,87.2642288208008,53785,10493,7006.9228515625,1366.99157714844,82,1254,163.366760253906,10.6826753616333,771,1187,,,1.54638230800629,1.00443196296692,1.61516833305359,1.04983341693878,662,70,86.2430572509766,9.11935710906982,31.4939594268799,21.2571385672418,513.134180163647,262.572306708019,,,,871.751547180144,446.07789437526,,,20078,57.4047846429184
2012,PR,41001,1ª RS Paranaguá,62.4915938130464,62.1945752073526,46.7529701860569,100,84.4819277108434,96.2168674698795,82.6987951807229,100,94.5060240963855,30.578313253012,,,,0.968809068202972,34.2863883972168,62.6417770385742,,,,,,657.399658203125,161.365020751953,134.591445922852,9.79636764526367,444.803039550781,91.0483474731445,106.100547790527,496.136199951172,103.362205505371,115.185546875,14507,2522,5248.70458984375,912.47216796875,4,312,112.883148193359,1.44721984863281,173,221,,,0.799588978290558,0.625922620296478,1.06506335735321,0.649982631206512,119,21,43.0547904968262,7.59790420532227,20.1655616760254,18.2389423740991,360.452023175151,260.941425268104,,,,612.363434427502,443.307228390664,,,15415,137.683657289032
2012,PR,41006,6ª RS União da Vitória,61.5366085731148,67.917063124044,46.830549098486,90.6075139888089,83.9728217426059,88.449240607514,91.2869704236611,88.968824940048,93.0855315747402,14.3485211830536,,,,0.865209460258484,27.6411666870117,71.3114776611328,,,,,,650.241577148438,188.212387084961,125.47492980957,4.50856637954712,427.391418457031,103.663185119629,94.088623046875,478.633514404297,117.66162109375,102.464080810547,13558,3237,7949.4814453125,1897.95483398438,22,252,147.755523681641,12.8992919921875,94,163,,,0.955720245838165,0.55115157365799,0.992365956306458,0.573285579681396,67,5,39.2842063903809,2.93165731430054,8.70584964752197,25.1375747259702,402.228874919059,313.059288497973,,,,683.337141796698,531.849036094591,,,9560,142.96073967112
2012,PR,41016,16ª RS Apucarana,98.9725047770518,91.0077004931519,96.3588567113288,100,88.3470550981634,97.2767574414186,97.9522904792063,95.989022588136,100,19.4426852438252,,,,0.582847654819489,16.8193168640137,82.5978317260742,,,,,,723.511901855469,229.70393371582,130.110076904297,1.6871166229248,402.999267578125,95.9565582275391,96.2714462280273,450.508972167969,110.190010070801,104.238677978516,27576,6045,7650.1396484375,1677.00524902344,74,724,200.852233886719,20.5290966033936,381,441,,,1.22342312335968,1.05697107315063,1.2308441400528,1.2084424495697,229,12,63.5292282104492,3.32904267311096,12.2328443527222,18.2274846182416,420.869571062631,203.150087979871,,,,715.005380498886,345.126889519922,,,12986,78.4010173193224
2012,PR,41003,3ª RS Ponta Grossa,57.9610973996519,56.3268466920889,45.0258448069789,94.7571153434624,83.9717526214423,93.8690348812326,88.9899422212711,91.9430772523005,92.991654183608,17.9328054782795,,,,0.515463888645172,21.3128547668457,77.5615386962891,,,,,,633.778442382812,164.424438476562,121.102027893066,7.57455778121948,434.61328125,95.8847732543945,100.848136901855,486.974731445312,109.547256469727,109.611549377441,39824,9860,6661.28076171875,1649.26245117188,49,1087,181.8203125,8.19613170623779,397,691,,,1.15582180023193,0.664053916931152,1.24384665489197,0.66806834936142,383,45,64.0636444091797,7.52705955505371,18.6052188873291,21.094962869799,364.612739423681,253.734299600868,,,,619.431977056794,431.063212704296,,,24759,100.127920333067
2012,PR,41022,22ª RS Ivaiporã,71.6539705275951,90.8103102777235,71.6539705275951,100,97.5554292211484,100,99.2040932347925,100,100,7.84536668561683,,,,1.88248717784882,22.5898456573486,75.2424392700195,,,,,,764.423706054688,230.118148803711,127.284103393555,9.97177791595459,410.639678955078,90.2098770141602,81.4237670898438,459.384857177734,104.160339355469,87.9346923828125,12759,4811,9175.2421875,3459.6826171875,30,447,321.4462890625,21.5735759735107,103,74,,,0.532148241996765,0.740692794322968,0.75147956609726,0.797683000564575,61,12,43.8662719726562,8.62943077087402,4.37584066390991,19.5248129042471,441.188562940606,278.405067617319,,,,749.524836211458,472.975798183604,,,12679,218.942199351466
2012,PR,41020,20ª RS Toledo,59.4677740183643,55.8117981646808,38.2882895344752,100,99.3901110869092,100,100,100,100,28.1420169897626,,,,0.503930687904358,21.0844593048096,78.2705078125,,,,,,633.485107421875,169.769729614258,116.130004882812,3.72565627098083,368.162231445312,73.4574661254883,82.7890472412109,411.257446289062,84.0949478149414,89.5663452148438,26610,7749,7136.76513671875,2078.27099609375,16,704,188.811828613281,4.29117774963379,224,310,,,0.831415712833405,0.60076493024826,1.10538065433502,0.599289834499359,478,22,128.198944091797,5.90036964416504,25.891357421875,22.2616520643276,414.108238555236,317.161742827801,,,,703.518712289722,538.818598925355,,,11330,67.8508336331241
2012,PR,41019,19ª RS Jacarezinho,90.6304288524214,80.3656803204548,82.7335573071456,100,94.1817215727949,94.4473963868225,96.971307120085,100,100,16.9500531349628,,,,0.930996716022491,25.3559684753418,73.439208984375,,,,,,800.123596191406,263.314025878906,153.42431640625,3.55419039726257,430.872985839844,115.748336791992,105.171745300293,480.945373535156,131.470458984375,114.375297546387,20881,5869,7331.013671875,2060.52001953125,19,778,273.144439697266,6.6706223487854,160,225,,,0.78994208574295,0.561736583709717,1.04632222652435,0.646611511707306,162,7,56.8758316040039,2.45759773254395,6.57653141021729,21.4944276299449,390.321186701207,272.493136768031,,,,663.107451340411,462.932158402982,,,16682,137.06615244217
2012,PR,41005,5ª RS Guarapuava,83.9599808915323,80.4448378836693,69.7576801776816,96.9303934284479,92.0161406542729,96.8439256377,92.5781812941346,94.3507710044675,99.7982418215881,32.0219051736561,,,,0.766509413719177,27.5943393707275,71.6244125366211,,,,,,653.180725097656,206.209320068359,123.592697143555,3.25534081459045,454.124694824219,115.743194580078,103.703910827637,505.227905273438,130.630935668945,111.790229797363,33333,8489,7383.00244140625,1880.24792480469,29,865,191.5908203125,6.4232759475708,291,332,,,0.735354363918304,0.644542515277863,0.875448226928711,0.64570540189743,205,6,45.4059181213379,1.32895374298096,7.5426983833313,20.0780384853207,354.90977680257,225.714385359225,,,,602.947842878699,383.460841752868,,,38170,218.979129281153
2012,PR,41007,7ª RS Pato Branco,81.6232213320579,74.2157917812587,64.6454621547292,100,87.7950643776824,100,95.225321888412,100,99.5171673819742,33.7178111587983,,,,0.979381442070007,22.0618553161621,76.9072189331055,,,,,,596.708801269531,156.946838378906,104.890213012695,6.0546875,385.851989746094,78.0450668334961,82.5567626953125,430.909790039062,89.3617706298828,89.1742095947266,21009,5830,8161.6240234375,2264.8515625,52,550,213.665252685547,20.201078414917,196,284,,,1.1032897233963,0.761425256729126,1.34667384624481,0.797456979751587,131,4,50.8911781311035,1.55392909049988,13.5817289352417,21.5964855779492,552.131277305922,304.812063581521,,,,938.002795067141,517.83802034318,,,14695,140.956582215743
2012,PR,41013,13ª RS Cianorte,77.0143647177489,72.1574901742548,70.4406803241626,97.9345088161209,89.6725440806045,95.8186397984887,93.0982367758186,92.3425692695214,94.6599496221663,15.0629722921914,,,,0.202531650662422,17.5696201324463,82.126579284668,,,,,,580.065124511719,181.018005371094,109.01456451416,1.74013924598694,329.948913574219,78.7014846801758,76.3891677856445,369.105438232422,90.2719573974609,83.1432800292969,10732,2541,7221.87841796875,1709.91357421875,15,234,157.465484619141,10.0939407348633,120,142,,,0.955559730529785,0.807515263557434,1.02722668647766,0.815253973007202,55,11,37.011116027832,7.40222358703613,16.7034530639648,23.4254681077697,564.379409323138,345.507341919648,,,,958.810857458678,586.97426818166,,,3603,49.8552612263473
2012,PR,41021,21ª RS Telêmaco Borba,89.7490946714951,84.1576133816175,73.6925906765534,92.9842931937173,86.2478184991274,91.7277486910995,89.0750436300174,87.8184991273996,91.4485165794066,14.6596858638743,,,,0.535372853279114,23.0592727661133,76.3671112060547,,,,,,632.957336425781,183.7978515625,111.731216430664,8.03177452087402,427.795196533203,95.8950500488281,93.7715454101562,476.117370605469,109.692390441895,101.483367919922,12871,5156,7190.46240234375,2880.43090820312,10,214,119.552406311035,5.58656120300293,96,99,,,0.553069531917572,0.536309838294983,0.667454361915588,0.544969022274017,93,0,51.9550170898438,0,8.51782989501953,18.7486605877858,371.182397906118,237.54764769753,,,,630.593014789036,403.564091839066,,,12744,180.972319174292
2012,PR,41004,4ª RS Irati,77.0734117792396,69.489483924766,65.4430340652892,100,98.8152698551996,100,100,96.094778411584,100,21.4567792891619,,,,0.730240523815155,12.8006868362427,86.4690704345703,,,,,,634.211364746094,201.193954467773,118.91463470459,5.58712100982666,403.095642089844,106.638069152832,84.9808731079102,449.106781005859,120.573173522949,93.082405090332,12239,3387,7350.48583984375,2034.16088867188,20,287,172.366165161133,12.0115795135498,91,106,,,0.636613667011261,0.546526849269867,0.812283039093018,0.566796362400055,113,2,67.8654251098633,1.20115792751312,6.64180278778076,19.8612884479997,359.843059445714,235.03464933294,,,,611.328880320925,399.294818231734,,,9820,144.374965991511
2012,PR,41009,9ª RS Foz do Iguaçu,76.6189922391064,80.0612040039331,54.196094137098,100,91.6465086276407,100,94.0493468795356,100,96.4844379938719,15.5620061280439,,,,1.08142495155334,26.6062335968018,71.8034362792969,,,,,,582.028930664062,141.615325927734,98.1765747070312,1.98446941375732,427.064483642578,86.8652496337891,82.281005859375,477.631164550781,98.4965515136719,89.4814682006836,27432,3842,6887.92822265625,964.691589355469,34,459,115.250762939453,8.53709411621094,299,458,,,1.14999675750732,0.750762045383453,1.49844825267792,0.802926182746887,355,37,89.1372985839844,9.29036617279053,17.5035533905029,27.7175769317523,642.912880375173,344.491195838245,,,,1092.22951780441,585.247961588048,,,19417,116.260379648743
2012,RJ,33001,Baia da Ilha Grande,90.5130636748668,74.861969476569,76.0043880445877,100,94.376248929489,98.4870111333143,88.6954039394804,97.7162432200971,90.4367684841564,34.6845560947759,,,,1.58898305892944,23.4375,73.7288131713867,,,,,,535.120422363281,143.578353881836,119.907333374023,3.48078322410583,396.789947509766,94.769172668457,102.067649841309,442.003814697266,108.559829711914,109.441223144531,10570,1587,4101.6845703125,615.834777832031,8,280,108.65389251709,3.10439705848694,228,643,,,2.49515914916992,0.884753167629242,2.26853823661804,0.865835726261139,117,10,45.4018058776855,3.88049626350403,22.2309741973877,28.9518464865206,1113.31683918407,827.363111454012,,,,1891.38770048587,1405.58766180766,,,10779,101.434350290206
2012,RJ,33007,Noroeste,91.5374246486115,89.1810634685612,82.7169019308652,100,94.317617866005,99.8511166253102,89.181141439206,100,98.3870967741936,30.545905707196,,,,2.38272523880005,29.8585262298584,66.9645080566406,,,,,,809.572143554688,215.885894775391,165.453536987305,6.22950839996338,392.393493652344,83.8135147094727,107.617309570312,435.159790039062,93.9757995605469,115.353164672852,28240,8841,8328.712890625,2607.44165039062,66,955,281.654418945312,19.4651222229004,251,545,,,1.60734724998474,0.740264475345612,1.81652355194092,0.686219274997711,339,34,99.9799423217773,10.0274868011475,14.1962671279907,23.3730219862837,630.771043708776,313.447615036131,,,,1071.60203807549,532.5087548846,,,23227,156.763590557646
2012,RJ,33002,Baixada Litorânea,63.6423304838814,53.5429459941673,54.0610064560508,100,86.7328150572831,100,88.9934533551555,100,100,36.712356792144,,,,2.79302716255188,38.1007423400879,56.1205825805664,,,,,,650.583801269531,163.266998291016,149.741912841797,7.95502758026123,398.830657958984,85.3010559082031,111.108795166016,444.542694091797,96.8639068603516,119.620445251465,24272,3843,3349.802734375,530.376220703125,58,1071,147.809768676758,8.00463676452637,473,1109,,,1.53054177761078,0.652791976928711,1.88767981529236,0.541831135749817,348,61,48.0278244018555,8.41866970062256,17.8738021850586,26.4686100258565,690.007893948288,356.260903312369,,,,1172.23812478073,605.243239815573,,,42017,144.501139644454
2012,RJ,33003,Centro-Sul,96.0330331545542,94.6528125807385,93.7637936455068,100,87.674589561382,91.6197010536633,80.0539083557951,100,96.2509188924283,41.3379073756432,,,,1.78921568393707,35.1470603942871,62.6715698242188,,,,,,815.328918457031,241.376266479492,189.696212768555,3.95227432250977,451.733856201172,113.979286193848,126.612785339355,503.511535644531,129.588516235352,138.351470947266,20183,5156,6135.638671875,1567.42578125,35,817,248.368270874023,10.6400117874146,330,576,,,1.75104200839996,1.00320112705231,2.09927439689636,0.999781131744385,183,3,55.6320610046387,0.912001013755798,15.1416492462158,19.1574597609773,694.273545622522,256.912525433539,,,,1179.48493972797,436.462625555795,,,20455,161.278144168937
2012,RJ,33004,Médio Paraíba,83.4940027842141,68.5230418120167,68.0994833632749,99.636924752655,82.6359262957248,93.3647998547699,81.5557774348734,88.9171280747935,92.0032676772261,28.4469456294817,,,,2.28546023368835,21.3961753845215,76.1049346923828,,,,,,703.688171386719,204.670059204102,150.295715332031,3.45216965675354,393.213226318359,95.6915969848633,107.672805786133,438.545715332031,108.447616577148,116.118896484375,51825,11470,5882.9873046875,1302.03308105469,80,1403,159.26350402832,9.08131217956543,755,1909,,,2.16702795028687,0.857048809528351,2.41318845748901,0.813770651817322,1167,264,132.4736328125,29.9683284759521,33.0905990600586,23.6523054474899,658.84688548562,388.901048709298,,,,1119.29942299642,660.694812425456,,,36555,105.444241732648
2012,RJ,33005,Metropolitana I,49.6709286280512,45.6303473216698,36.4643691158752,100,78.6983410942957,93.4793364377183,81.0200814901048,94.3102444703143,95.787980209546,29.9512514551804,,,,2.33360052108765,33.9872703552246,61.2454872131348,,,,,,777.48095703125,198.897796630859,176.033599853516,5.74994945526123,428.076873779297,93.8792953491211,124.342552185059,487.180236816406,109.197257995605,135.535751342773,319244,48291,3142.16772460938,475.305480957031,730,14847,146.13200378418,7.18504524230957,11496,24766,,,2.4376003742218,1.13149690628052,2.601158618927,1.19387638568878,14913,3092,146.781616210938,30.4330940246582,40.3036041259766,22.8911806201021,496.194424908115,299.899244441711,,,,842.972996805361,509.491747863767,,,460617,114.710015492231
2012,RJ,33009,Serrana,56.7980837074786,53.434920537984,46.5627893332345,100,89.7952443857332,96.5488771466314,86.748678996037,100,93.5766182298547,35.0148612945839,,,,1.70367860794067,29.93727684021,67.0537414550781,,,,,,781.427368164062,215.529418945312,168.30908203125,4.77424621582031,407.4609375,90.9879302978516,112.913909912109,455.272827148438,103.711296081543,122.600082397461,46457,10876,4951.95361328125,1159.29675292969,76,2140,228.107299804688,8.10100650787354,547,2091,,,2.22884273529053,0.583059310913086,2.31536912918091,0.569495439529419,837,102,89.2176666259766,10.8724040985107,24.5305938720703,24.0883476257059,628.15543369659,308.943175577518,,,,1067.158439962,524.856269006592,,,43714,116.303424272212
2012,RJ,33008,Norte,44.9129270557842,39.5574931289217,20.6693349550492,100,93.6973283127129,93.3566433566434,41.0615025999641,100,100,31.6388739465663,,,,4.78422498703003,25.0040416717529,64.7163391113281,,,,,,689.779174804688,161.479095458984,145.789291381836,8.35132026672363,433.661987304688,84.2029190063477,115.902122497559,484.855529785156,95.9195709228516,125.810455322266,45533,7556,5214.6298828125,865.3447265625,103,1763,201.906143188477,11.7959909439087,825,1835,,,2.10151886940002,0.944824516773224,2.33990097045898,0.768171012401581,833,218,95.3986434936523,24.966272354126,30.5726890563965,28.0918963803598,1216.94830544495,633.886656465161,,,,2067.44475250423,1076.89507904954,,,49422,139.418527777961
2012,RJ,33006,Metropolitana II,78.1846291196444,56.9909843835549,64.5248363582875,100,90.6595046254849,96.4104531696295,84.1539838854073,100,100,32.0714498870273,,,,2.2014787197113,27.6981544494629,68.7125701904297,,,,,,730.897888183594,190.132049560547,163.489669799805,7.80813503265381,397.724578857422,87.5604476928711,109.977470397949,445.222198486328,99.5898208618164,119.663688659668,79413,24065,3954.67700195312,1198.40966796875,57,2608,129.875427246094,2.83853507041931,1465,4448,,,2.21505331993103,0.72955334186554,2.30852580070496,0.726839303970337,2573,591,128.132476806641,29.4311275482178,34.3158988952637,21.3107175865298,428.224465808568,199.239373156245,,,,727.500437585267,338.483068410619,,,103041,123.273427635711
2012,RN,24004,4ª Região de Saúde - Caicó,93.7173780456985,97.7861718294577,93.7173780456985,100,92.7690447400242,97.4607013301088,93.5671100362757,99.1535671100363,100,17.7025392986699,,,,0.955825388431549,29.4497547149658,69.5169219970703,,,,,,620.116333007812,195.428619384766,115.286460876465,6.72669506072998,310.07568359375,66.8231887817383,81.8042526245117,343.197570800781,75.4654541015625,88.435188293457,19577,4897,6430.09423828125,1608.4267578125,4,820,269.330200195312,1.31380581855774,164,209,,,0.686463534832001,0.538660407066345,0.647459924221039,0.526097118854523,78,5,25.619213104248,1.64225721359253,3.69179439544678,20.4352322007331,412.474575114675,199.151302728695,,,,700.743320029892,338.33344763998,,,39933,313.630196666419
2012,RN,24008,8ª Região de Saúde - Açu,100,100,100,100,100,100,100,100,100,23.459347488348,,,,2.0253164768219,42.9873428344727,54.8860740661621,,,,,,487.557952880859,150.530181884766,101.241539001465,2.7322404384613,316.842712402344,72.7551498413086,85.1476898193359,350.648223876953,81.6370697021484,90.9058380126953,7415,1074,4938.85546875,715.351440429688,0,216,143.869552612305,0,97,115,,,0.765972197055817,0.646080911159515,0.755814731121063,0.661400318145752,0,0,0,0,7.82890176773071,23.2956304351189,477.839180257901,254.849210134128,,,,811.789704907731,432.957307894033,,,20741,344.984838113627
2012,RN,24003,3ª Região de Saúde - João Câmara,100,100,100,57.0208333333333,88.8125,100,97.0208333333333,96.1875,100,22.7708333333333,,,,2.27072310447693,48.4788360595703,48.7654304504395,,,,,,489.031005859375,146.649810791016,116.903396606445,2.73722624778748,324.612579345703,74.4731063842773,95.6552810668945,361.756988525391,84.5093154907227,103.931304931641,12503,1505,3719.19384765625,447.683502197266,0,410,121.960289001465,0,175,206,,,0.612776100635529,0.52056223154068,0.819290578365326,0.565330564975739,1,0,0.29746413230896,0,4.39860200881958,22.3539946575212,480.683879280253,282.016127453857,,,,816.622496933408,479.110542508098,,,47082,377.744604668446
2012,RN,24006,6ª Região de Saúde - Pau dos Ferros,97.3041162646164,98.0219210332437,97.3041162646164,86.4950078822911,77.5617446137677,87.2569626904887,81.3452443510247,82.9742511823437,92.0914345769837,11.5344193378875,,,,1.37848365306854,30.4465084075928,68.1150741577148,,,,,,609.736450195312,186.744369506836,111.080703735352,3.03630352020264,324.640563964844,70.1518783569336,70.543342590332,359.712371826172,79.4914321899414,76.023796081543,17691,5734,7120.03173828125,2307.74194335938,0,905,364.232025146484,0,174,173,,,0.696266710758209,0.700291395187378,0.852423667907715,0.810064077377319,19,0,7.64686012268066,0,1.99261069297791,20.3066564759163,533.127742352832,252.791165242668,,,,905.718138075544,429.460944003939,,,40137,421.478852925339
2012,RN,24002,2ª Região de Saúde - Mossoró,91.2837369772212,93.1022851269792,83.7385619139467,100,83.9540703665538,95.5100839099073,88.9739437656411,96.9821875460032,90.5932577653467,18.9459737965553,,,,3.11906266212463,45.0601654052734,51.7099418640137,,,,,,545.868041992188,147.73893737793,106.809776306152,4.21010446548462,355.560272216797,83.6822204589844,85.9764251708984,395.571258544922,94.6903076171875,92.9018478393555,23530,4224,5150.06982421875,924.517456054688,56,834,182.539657592773,12.2568597793579,348,407,,,0.890811085700989,0.76167631149292,1.08522462844849,0.748926997184753,180,18,39.3970489501953,3.93970489501953,14.3138236999512,24.702214030049,502.514828311715,236.097613749589,,,,853.710580967331,401.100663390042,,,46378,244.824870943404
2012,RN,24001,1ª Região de Saúde - São José de Mipibu,100,97.207332761578,98.018416538774,73.4528529563868,82.8650232718497,93.4666436821238,89.7086709188071,98.0865368039993,100,15.3077055680055,,,,3.2543842792511,47.1524124145508,48.9784851074219,,,,,,514.204895019531,173.40739440918,105.302604675293,3.29787230491638,327.553344726562,83.4082565307617,85.4382400512695,363.558258056641,94.752067565918,92.0359954833984,15621,1949,4272.55029296875,533.077331542969,0,427,116.790161132812,0,230,224,,,0.612669706344604,0.629080474376678,0.810898423194885,0.625182926654816,1,0,0.27351325750351,0,3.24167895317078,18.2754022205863,410.891188572214,167.106466481966,,,,698.053342005558,283.893231694296,,,53223,399.490445784114
2012,RN,24005,5ª Região de Saúde - Santa Cruz,100,100,100,75.7638888888889,79.5486111111111,91.9097222222222,81.2152777777778,93.6805555555556,95.4166666666667,13.9583333333333,,,,2.22137117385864,42.2826499938965,55.2278823852539,,,,,,521.798706054688,167.18327331543,110.070976257324,2.98507452011108,277.255310058594,59.2842102050781,72.2501831054688,307.933807373047,67.2122573852539,78.2500305175781,9707,1645,5039.90087890625,854.088439941406,0,395,205.085067749023,0,116,115,,,0.59708309173584,0.602275133132935,0.93002188205719,0.694693207740784,0,0,0,0,2.70089244842529,20.2113691798333,434.893613645649,196.462064489371,,,,738.830495433867,333.764764269251,,,30268,407.774491268225
2012,RN,24007,7ª Região de Saúde - Metropolitana,65.971167680688,54.0421569246412,44.279640601169,100,79.726918769001,93.8023361245933,85.7539068750333,90.8421782495066,97.909221825164,15.5208277774815,,,,2.55687856674194,40.2827987670898,56.3842239379883,,,,,,541.101684570312,129.848388671875,122.158416748047,2.05773496627808,359.402587890625,70.066162109375,100.641967773438,400.059753417969,79.6052856445312,108.946464538574,54231,7032,4344.11328125,563.290466308594,197,2214,177.349990844727,15.7804641723633,1006,2455,,,1.96655023097992,0.805845022201538,2.39578676223755,0.79949676990509,852,181,68.2485046386719,14.4988021850586,30.8049087524414,23.4824927409391,449.907058742953,229.744507500662,,,,764.336482947513,390.307521136031,,,86989,165.937759120632
2012,RO,11005,Zona da Mata,79.3957976907296,100,74.5076691773872,100,96.5017491254373,100,100,100,99.5502248875562,23.6381809095452,,,,0.844277679920197,35.6472778320312,63.461540222168,,,,,,443.30615234375,108.105758666992,82.711784362793,12.1112928390503,356.765716552734,77.6522216796875,73.4490661621094,397.718444824219,89.9422073364258,79.613883972168,12213,5340,8861.0439453125,3874.39428710938,0,259,187.915374755859,0,57,51,,,0.370026409626007,0.413558930158615,0.728081405162811,0.512232661247253,27,0,19.5896339416504,0,9.79554271697998,24.9358758985854,490.022711682108,256.807904430582,,,,832.48801887657,436.284887403239,,,12559,232.778804409851
2012,RO,11001,Vale do Jamari,56.2453607154219,89.3124138418578,54.0450143155067,91.041102633522,86.1924686192469,97.7848880137829,93.7238493723849,100,97.7848880137829,27.3443268520797,,,,4.30740642547607,33.4366302490234,62.1629981994629,,,,,,422.254699707031,83.6106338500977,79.4090957641602,6.76616907119751,381.875885009766,69.605842590332,81.8147277832031,427.634429931641,79.8012008666992,88.2756500244141,11591,3248,4870.00439453125,1364.66003417969,5,301,126.466339111328,2.10076975822449,113,137,,,0.575610876083374,0.474773943424225,0.840938150882721,0.547670662403107,186,3,78.1486358642578,1.26046180725098,5.83929967880249,21.1959065200809,386.760621639493,208.5800609024,,,,657.058491397039,354.351742354421,,,19011,208.334889685676
2012,RO,11003,Central,62.179231000353,92.4336875636287,59.553862354839,100,87.9805825242718,95.5922330097087,91.6116504854369,100,99.5145631067961,18.2718446601942,,,,2.77131772041321,38.9147300720215,57.9069786071777,,,,,,470.179077148438,122.692718505859,113.540817260742,10.2189779281616,364.083160400391,86.6210174560547,103.919151306152,406.156768798828,98.4608840942383,112.466346740723,20989,6850,6002.79150390625,1959.07958984375,6,568,162.446304321289,1.71598207950592,146,205,,,0.586293876171112,0.417555630207062,0.901391088962555,0.456308245658875,194,15,55.4834213256836,4.28995513916016,8.87648963928223,22.1735737775857,404.754277989366,212.464359685608,,,,687.627489465785,360.950685876157,,,28154,203.302195645217
2012,RO,11006,Cone Sul,69.7398165613166,85.2867489309009,63.2604282155764,100,92.2737306843267,100,100,100,100,13.5540838852097,,,,0.866634547710419,33.5098686218262,65.2383270263672,,,,,,484.970092773438,117.61043548584,106.541213989258,6.41940069198608,392.352935791016,85.1748733520508,107.041076660156,439.586029052734,96.7312698364258,114.663764953613,10734,3375,7426.06103515625,2334.9130859375,10,289,199.937728881836,6.91826057434082,83,96,,,0.664153039455414,0.574215650558472,0.913383364677429,0.644263029098511,28,0,19.371129989624,0,9.20682144165039,23.5064119610106,563.678456787923,310.679369593588,,,,957.620025741174,527.805848041127,,,8463,148.260400753835
2012,RO,11002,Café,58.8739873374634,94.1929334876438,53.3423279015219,92.0781134856301,86.551215917465,90.1621223286662,91.1938098747237,91.9675755342668,95.1363301400147,17.243920412675,,,,1.14895367622375,30.9807147979736,67.5830917358398,,,,,,450.220306396484,125.628898620605,94.9730377197266,7.61014699935913,349.967315673828,88.5882720947266,88.8566207885742,388.103851318359,99.5277328491211,96.1224594116211,12273,3799,7377.2412109375,2283.560546875,0,371,223.006317138672,0,136,189,,,1.13606989383698,0.817489445209503,1.6031209230423,0.847844779491425,337,29,202.569076538086,17.4317607879639,10.0082349777222,23.1160567265641,417.530228589052,241.283508095605,,,,709.332250388982,409.910856891888,,,11845,183.699962402556
2012,RO,11004,Madeira-Mamoré,71.7407389231367,68.955337694744,61.7860014571591,100,88.5037858590167,100,100,100,100,32.3770928868508,,,,11.2046632766724,44.5503349304199,44.133975982666,,,,,,483.141174316406,108.540817260742,108.720222473145,5.45859622955322,477.340972900391,111.89624786377,120.421714782715,534.559326171875,128.368225097656,130.458602905273,27487,4826,4931.34130859375,865.814819335938,57,1380,247.580703735352,10.2261600494385,442,879,,,1.57698142528534,0.792975902557373,2.12672734260559,0.927530586719513,562,90,100.826347351074,16.1465682983398,23.3805885314941,19.4561884911249,413.188183687916,232.397140341001,,,,701.955652791676,394.814016458422,,,33039,162.793068910037
2012,RO,11007,Vale do Guaporé,57.5191730576859,100,57.5191730576859,100,100,100,100,100,100,24.65483234714,,,,2.08955216407776,31.343282699585,66.4179077148438,,,,,,415.041290283203,97.5233612060547,79.3794784545898,8.19672107696533,379.344909667969,93.1604537963867,79.3707427978516,419.996124267578,102.517501831055,87.497200012207,1757,462,3984.84985351562,1047.80908203125,0,95,215.458587646484,0,15,9,,,0.204118654131889,0.340197771787643,0.388392448425293,0.442257106304169,0,0,0,0,2.46756792068481,21.6363342752227,427.690393100211,257.993814597512,,,,726.593114066751,438.299602194815,,,4735,279.679626757491
2012,RR,14001,Centro Norte,75.2609056486332,61.1681103791691,63.1233466466103,100,72.2022525760843,83.1536065180925,78.1092739036664,89.1085549964055,87.8145219266715,28.6244907740235,,,,5.17260026931763,56.8120346069336,36.5653076171875,,,,,,380.915924072266,87.4640655517578,95.166862487793,6.58838891983032,380.665130615234,86.7096328735352,106.43310546875,423.943817138672,97.3339309692383,113.517166137695,27243,4218,6769.271484375,1048.07788085938,20,689,171.200973510742,4.96954917907715,330,486,,,1.2076004743576,0.819975614547729,1.56559431552887,0.884828209877014,53,3,13.1693048477173,0.745432376861572,7.10148572921753,16.4940906567567,309.663389396254,146.547766294637,,,,526.079823264045,248.966541192795,,,36405,269.330882944872
2012,RR,14002,Sul,87.9882537511565,100,87.9882537511565,69.1233514352211,83.4755624515128,94.3366951124903,81.5360744763382,86.6563227307991,87.8975950349108,28.1613653995345,,,,4.78645086288452,56.259204864502,38.2916069030762,,,,,,321.175750732422,66.804557800293,51.3881225585938,7.19999980926514,311.283294677734,60.901683807373,55.631908416748,343.686248779297,68.5194778442383,60.359733581543,3708,765,4763.6787109375,982.7978515625,0,93,119.477386474609,0,48,23,,,0.295481711626053,0.616657435894012,0.489150673151016,0.691170215606689,0,0,0,0,0.606379806995392,15.6188396761869,276.790811727138,105.572874489139,,,,470.233376953038,179.355264634313,,,10898,397.360159262177
2012,RS,43022,Região 22 - Pampa,75.6593313375984,65.1560011602261,53.4804047656836,100,90.396210163652,95.2627045650301,89.5348837209302,94.0999138673557,95.650301464255,38.6304909560724,,,,2.07210946083069,30.5014495849609,67.2192306518555,,,,,,818.074768066406,207.731018066406,187.38623046875,2.81413602828979,400.600982666016,79.7107162475586,114.031791687012,444.409973144531,90.0619888305664,123.617797851562,12723,3588,6811.75732421875,1920.9765625,44,320,171.324554443359,23.5571250915527,120,199,,,1.06542456150055,0.642467081546783,1.23353683948517,0.662945687770844,188,5,100.653175354004,2.67694616317749,7.13352584838867,17.1453872089869,381.446642933311,202.959869849342,,,,648.030698398883,344.803732427684,,,13179,177.088226985458
2012,RS,43018,Região 18 - Araucárias,75.4671094170194,71.2882632182027,62.8346935434839,100,96.7016491754123,96.1019490254873,87.9310344827586,95.1274362818591,100,38.7556221889055,,,,2.29555225372314,14.7058820724487,82.7833557128906,,,,,,703.473937988281,190.540069580078,104.415954589844,3.57529783248901,322.283172607422,61.5435409545898,64.3049163818359,358.786163330078,69.7762680053711,69.0510711669922,8831,2077,6730.63720703125,1583.0068359375,0,366,278.950653076172,0,82,107,,,0.815511465072632,0.624971389770508,1.06168925762177,0.643644332885742,137,0,104.415954589844,0,6.96233415603638,19.2331854209636,512.585921599452,372.198912400579,,,,870.820123645974,632.319947270896,,,6284,114.705892740641
2012,RS,43001,Região 01 - Verdes Campos,58.9783870705292,41.1684190879114,29.7579792198096,100,84.9148418491484,95.6812652068127,90.1257096512571,91.9910786699108,96.0259529602595,35.3609083536091,,,,2.0650691986084,28.3459968566895,69.3356704711914,,,,,,747.44384765625,214.7236328125,132.245468139648,5.15786170959473,354.293975830078,71.6892471313477,81.9785385131836,394.934417724609,81.4772644042969,88.2083587646484,21417,4788,5004.0654296875,1118.71252441406,32,872,203.742126464844,7.47677516937256,529,929,,,2.17060136795044,1.23600435256958,2.39911031723022,1.25031542778015,692,65,161.685272216797,15.1871995925903,15.3353338241577,19.0797003121661,341.952590582392,218.245272738126,,,,580.935185037548,370.771742614259,,,21151,119.882969499163
2012,RS,43013,Região 13 - Diversidade,95.902161526797,84.5480892605586,79.7512763685632,100,94.5342571208622,100,95.9969207082371,98.4603541185527,96.2278675904542,27.4056966897614,,,,0.72912871837616,22.274881362915,76.7772521972656,,,,,,708.980102539062,207.206573486328,112.822227478027,5.38699674606323,316.4814453125,67.3740463256836,66.1005249023438,352.570159912109,77.7576599121094,70.4657821655273,15002,2698,6585.83251953125,1184.41381835938,25,541,237.497360229492,10.9749240875244,224,333,,,1.46185994148254,0.98335325717926,1.72383141517639,0.950867474079132,212,13,93.0673599243164,5.70696067810059,16.7995357513428,23.6908408647333,549.926380686353,360.119241281598,,,,934.256948242304,611.798079123192,,,11403,117.158869432771
2012,RS,43014,Região 14 - Fronteira Noroeste,88.4635277371327,87.1585629473107,85.9667658357389,100,98.2758620689655,98.0603448275862,100,98.1034482758621,96.7672413793103,37.5,,,,1.53718316555023,17.3660163879395,80.7644348144531,,,,,,761.898132324219,222.655166625977,125.243530273438,4.79452037811279,332.375427246094,65.3861923217773,73.0202789306641,373.178283691406,74.8130874633789,79.0298080444336,17413,4815,7572.44970703125,2093.91528320312,26,607,263.968139648438,11.3067073822021,178,224,,,0.974116325378418,0.774074614048004,1.32799458503723,0.819518864154816,233,3,101.325492858887,1.3046201467514,12.7022161483765,18.388727677592,591.706334234913,276.265234913315,,,,1005.23592519421,469.340486909218,,,12084,125.75770880296
2012,RS,43003,Região 03 - Fronteira Oeste,42.090887319659,23.9677926717972,16.3755105211037,94.370302193588,79.8895536125173,84.4761466482589,86.1481822365393,86.2862402208928,87.7281791685841,39.6686608375518,,,,1.90365839004517,36.2853813171387,61.5295486450195,,,,,,786.288330078125,205.700164794922,148.808898925781,7.37041044235229,417.684051513672,86.3443450927734,100.634788513184,465.634704589844,98.2071685791016,108.859306335449,31563,7811,6700.22119140625,1658.12585449219,73,689,146.261520385742,15.4965038299561,223,432,,,0.91705334186554,0.473386347293854,1.10025179386139,0.468981504440308,331,16,70.2649688720703,3.39649391174316,6.89551973342896,19.0451109514394,316.699013681492,197.16770797665,,,,538.032479300481,334.963565334494,,,35917,190.536009204906
2012,RS,43017,Região 17 - Planalto,73.9194409637552,53.6676354825795,55.6205187931223,100,92.0677545961578,100,92.770088824623,97.3146044205743,92.6668043792605,28.6097913654204,,,,1.0532363653183,24.7223281860352,74.1669845581055,,,,,,702.857666015625,186.384811401367,125.266761779785,2.12001442909241,373.748046875,71.99365234375,83.6623382568359,414.492340087891,80.7283477783203,90.5418243408203,29810,5636,7528.63330078125,1423.39404296875,88,1130,285.385955810547,22.2247486114502,452,984,,,2.48513078689575,1.14154386520386,2.94850420951843,1.11925601959229,491,31,124.00399017334,7.82917261123657,21.1486148834229,18.4433393622506,453.552272229058,293.996380197293,,,,770.529250101127,499.463511124159,,,11092,65.9082692653779
2012,RS,43015,Região 15 - Caminho das Águas,90.2869472802808,89.4249245864331,84.892596051657,100,86.0116166505324,93.1268151016457,94.5788964181994,93.2236205227493,90.1742497579864,34.8983543078412,,,,0.472589790821075,16.9187145233154,82.5614395141602,,,,,,773.992980957031,233.149520874023,125.826728820801,6.35245895385742,360.203063964844,78.5047073364258,73.7093963623047,401.219360351562,89.1853637695312,80.2222595214844,14632,3731,7735.7001953125,1972.51904296875,10,532,281.259735107422,5.28683757781982,125,133,,,0.703149378299713,0.660854697227478,0.93656325340271,0.668388426303864,196,0,103.622009277344,0,7.88373184204102,19.2719342066956,508.134140426311,293.333770636665,,,,863.257097686263,498.337819381175,,,13995,179.244469852896
2012,RS,43019,Região 19 - Botucaraí,80.1097607423566,87.9895086735224,63.3504726290641,96.3578780680918,86.8566904196358,92.5574030087094,90.1821060965954,98.4164687252573,96.1203483768804,38.7965162311956,,,,1.50078988075256,22.4328594207764,76.0663528442383,,,,,,755.808532714844,252.784439086914,108.578552246094,4.71380472183228,378.19970703125,92.8775177001953,68.9272308349609,423.085601806641,106.77067565918,75.2524642944336,8426,2204,7147.5224609375,1869.58703613281,0,261,221.398452758789,0,56,82,,,0.695581376552582,0.475031167268753,0.846573412418365,0.480120807886124,91,0,77.1925659179688,0,6.26023244857788,19.9832554592856,428.730105978614,294.605200571453,,,,728.359457735538,500.497821687841,,,7943,160.771694372607
2012,RS,43026,Região 26 - Uva Vale,69.0436236705627,53.5692359864586,47.538750285036,100,100,100,100,99.785061794734,98.4416980118216,44.7071466953251,,,,1.20250117778778,13.1794128417969,84.1750869750977,,,,,,631.779174804688,155.680358886719,113.222076416016,2.24014329910278,330.131896972656,59.2180290222168,75.4668884277344,367.443115234375,67.0457077026367,80.219856262207,10893,2584,6166.64013671875,1462.82922363281,5,220,124.544281005859,2.83055186271667,102,149,,,0.843504428863525,0.577432572841644,1.55963408946991,0.619041681289673,132,1,74.7265701293945,0.566110372543335,45.769458770752,17.9073619200539,468.685881315622,294.510174836127,,,,796.239381379897,500.336384708987,,,2626,36.6918600872479
2012,RS,43010,Região 10 - Capital e Vale do Gravataí,51.2442695901775,19.4114204789926,28.5764943391006,95.7424476006167,72.1979860268311,88.477055794273,80.8541345491521,78.754879128809,82.7237839078952,29.3108538065405,,,,2.80288767814636,30.0094165802002,66.9146270751953,,,,,,735.0859375,177.195373535156,136.844375610352,3.37071990966797,398.044738769531,75.5310287475586,86.4583206176758,446.493438720703,86.1645889282227,94.4224319458008,151337,30838,6601.72705078125,1345.23657226562,640,5475,238.834228515625,27.9185218811035,3020,7314,,,3.19056344032288,1.31740522384644,3.69103574752808,1.37509620189667,2620,284,114.291450500488,12.388843536377,40.7709007263184,20.9950235969427,610.378105104145,284.53939582494,,,,1036.95695601437,483.397263587058,,,75343,89.1518687682963
2012,RS,43021,Região 21 - Sul,59.9977080180381,42.0070673381938,38.3703771964335,99.5789267528398,76.2730121425774,88.0434782608696,84.322365844105,87.9749314531923,84.9784567175872,31.5021543282413,,,,9.74237442016602,25.5749683380127,60.4876136779785,,,,,,844.924377441406,227.106628417969,156.907928466797,7.74801874160767,418.485076904297,82.906120300293,100.041511535645,465.430419921875,93.6914672851562,107.718132019043,53617,12204,6190.53173828125,1409.05395507812,116,1914,220.987335205078,13.3931713104248,796,1658,,,1.9142998456955,0.919048666954041,2.20545697212219,0.909003794193268,531,28,61.3083992004395,3.23283457756042,15.1151180267334,19.2687412080203,377.729547487345,196.487873807493,,,,641.71581268029,333.808611110631,,,45208,126.086387284904
2012,RS,43029,Região 29 - Vales e Montanhas,81.1189479976091,75.7800358637179,60.5867304243873,100,92.9194956353055,100,100,96.0232783705141,100,37.2938894277401,,,,0.851254463195801,15.1881723403931,83.870964050293,,,,,,674.275329589844,181.696517944336,115.244850158691,1.44727778434753,301.948059082031,61.2697219848633,62.7291259765625,336.608184814453,70.0921249389648,67.8440933227539,14126,3369,6564.3095703125,1565.56408691406,17,514,238.854248046875,7.89984846115112,206,305,,,1.41732573509216,0.957275748252869,1.61122059822083,0.979000329971313,208,9,96.6569671630859,4.18227291107178,21.1293067932129,19.6043050981626,496.825802369323,367.154614901722,,,,844.045629071813,623.750309310581,,,4473,51.9248733293506
2012,RS,43009,Região 09 - Carbonífera/Costa Doce,49.8695470809378,32.7863033503211,25.0420377082777,99.6076721883174,81.1682650392328,94.7907585004359,89.8866608544028,90.0174367916303,89.4943330427201,34.5684394071491,,,,1.48101794719696,24.5306625366211,73.0496444702148,,,,,,659.019287109375,185.806121826172,139.417617797852,6.0061206817627,375.759918212891,84.51708984375,94.1678237915039,419.439086914062,95.8381729125977,102.99781036377,22395,4599,5646.03564453125,1159.46044921875,0,329,82.9446640014648,0,179,423,,,1.0664314031601,0.45127946138382,1.07840669155121,0.471637457609177,124,0,31.2618179321289,0,16.0317668914795,21.0422526411178,365.999901264883,263.290225326538,,,,621.788593567647,447.297549371237,,,20068,127.764747902311
2012,RS,43007,Região 07 - Vale dos Sinos,51.1285607629944,27.8382264797737,27.5522087508807,100,88.6974151039027,100,94.0293968575773,92.6001013684744,95.6411556006082,37.7901672579828,,,,1.00822234153748,25.1859836578369,73.2674255371094,,,,,,634.588989257812,164.291580200195,126.024909973145,6.49246215820312,411.176544189453,86.4438400268555,100.736343383789,459.784271240234,98.9392395019531,108.793395996094,47678,8300,6081.5947265625,1058.71130371094,47,878,111.993797302246,5.99511194229126,425,1049,,,1.33805799484253,0.542111217975616,1.26946496963501,0.544917404651642,339,58,43.241340637207,7.39822340011597,28.4327754974365,24.9528842363992,479.58872390473,281.552587506661,,,,814.761963314871,478.323045432734,,,26408,88.7683092316538
2012,RS,43016,Região 16 - Alto Uruguai Gaúcho,73.2383827605502,78.074182032697,70.9613474392841,100,93.7241948802642,100,98.7200660611065,98.8852188274154,100,32.8654004954583,,,,0.663544118404388,25.2537078857422,73.9266204833984,,,,,,722.935668945312,202.541122436523,113.184745788574,4.94408464431763,310.129364013672,62.1545867919922,66.4418182373047,344.763824462891,70.6647109985352,71.4539794921875,17485,3001,7439.982421875,1276.94519042969,25,567,241.262222290039,10.6376638412476,187,305,,,1.29779505729675,0.795697271823883,1.12152898311615,0.824206233024597,280,12,119.14183807373,5.10607862472534,13.5072803497314,20.151737687302,539.473386801916,379.727347139054,,,,916.498603653922,645.109827354538,,,9373,97.6274392931909
2012,RS,43004,Região 04 - Belas Praias,79.6960486322188,56.0600750938673,56.8825317360987,99.8921832884097,78.4905660377358,96.010781671159,86.0377358490566,88.6253369272237,90.5660377358491,34.9865229110512,,,,1.97197711467743,28.1785163879395,69.7976150512695,,,,,,720.23193359375,196.927658081055,161.122619628906,1.91204583644867,400.900024414062,85.4118041992188,107.132583618164,446.521850585938,98.3267517089844,115.780990600586,9308,1326,6409.10009765625,913.028198242188,12,136,93.6439208984375,8.26269912719727,125,240,,,1.65253973007202,0.8606978058815,2.128333568573,0.827646970748901,32,1,22.033863067627,0.688558220863342,6.5413031578064,20.7727189181635,519.1494004947,365.801109116608,,,,881.970663023397,621.450870279031,,,6067,104.993839045795
2012,RS,43027,Região 27 - Jacuí Centro,65.1531657588326,71.1908450352306,48.7371945430014,89.9537620849096,78.3522488440521,85.5401429171921,81.2105926860025,82.0512820512821,84.9096258932324,28.7936107608239,,,,1.42793393135071,24.6764831542969,73.6724700927734,,,,,,882.084838867188,269.035888671875,154.854904174805,7.55555534362793,418.223571777344,99.5309677124023,92.5180435180664,467.507507324219,112.879432678223,100.289611816406,15245,4515,7470.7685546875,2212.56274414062,15,369,180.827392578125,7.35070705413818,112,233,,,1.14180982112885,0.548852801322937,1.30732321739197,0.558163702487946,180,1,88.2084884643555,0.49004715681076,6.08491516113281,21.3099243430607,433.608147377477,249.00400856334,,,,736.646647131715,423.027032909642,,,12809,149.428143398997
2012,RS,43005,Região 05 - Bons Ventos,73.5136713048555,51.2513379390873,44.5217475917096,100,76.7760697964271,86.0822600747819,79.2687993352721,79.1026173660158,84.2542584129622,30.8683007893644,,,,1.81327164173126,29.2438278198242,68.75,,,,,,808.865173339844,245.422912597656,168.61116027832,4.22698307037354,421.356170654297,100.21361541748,107.101531982422,469.049407958984,113.20987701416,115.046234130859,15186,2992,7112.58056640625,1401.34606933594,19,305,142.851119995117,8.89892196655273,120,250,,,1.17091083526611,0.562037169933319,1.58248603343964,0.578195750713348,41,1,19.202938079834,0.468364328145981,7.38235855102539,26.0471322000131,580.547288147817,443.272295960805,,,,986.278085183675,753.064841057148,,,10111,119.107364925527
2012,RS,43008,Região 08 - Vale do Caí e Metropolitana,59.786145817604,26.6139500475863,25.7317686434937,100,83.3906882591093,94.2611336032389,88.4210526315789,90.1923076923077,94.8684210526316,39.0688259109312,,,,0.845646321773529,33.0452575683594,64.3062896728516,,,,,,690.019165039062,174.221420288086,146.486022949219,3.98048782348633,419.669769287109,90.2556381225586,105.653327941895,470.222106933594,101.980880737305,115.322280883789,51206,9825,6894.267578125,1322.81726074219,97,1191,160.353713989258,13.0598745346069,438,1544,,,2.07880902290344,0.589713931083679,1.70848739147186,0.548817694187164,374,40,50.3545684814453,5.3855152130127,33.4176597595215,19.9677621357062,548.945762395612,313.875544015104,,,,932.590998973686,533.235753326574,,,21719,71.7130953681076
2012,RS,43020,Região 20 - Rota da Produção,89.6637431431493,83.1667028233179,80.5336721728081,97.0754232939969,86.8650590046177,94.8178553104156,96.613648024628,93.3812211390457,92.5602873268343,39.8665982555156,,,,0.746640145778656,22.4489803314209,76.1572952270508,,,,,,640.11376953125,188.447555541992,107.597473144531,4.08357095718384,314.556457519531,65.5524291992188,69.5325241088867,349.8740234375,75.2761154174805,74.4906616210938,11815,3015,7182.28369140625,1832.80444335938,0,400,243.158142089844,0,119,96,,,0.583579540252686,0.723395466804504,0.739048779010773,0.764276444911957,153,0,93.0079879760742,0,4.0850567817688,20.706072516494,569.886638767558,361.925838524346,,,,968.166959574733,614.867264537803,,,12206,187.519510934426
2012,RS,43025,Região 25 - Vinhedos e Basalto,69.7047792579778,45.5050444178182,44.1661290208229,100,100,100,100,100,100,41.9714385231627,,,,0.903145432472229,14.0143260955811,84.9579544067383,,,,,,609.570678710938,148.937057495117,72.9134979248047,3.2312924861908,281.256195068359,43.1114730834961,45.1588745117188,314.9345703125,50.9432792663574,49.0140991210938,19179,3348,6627.52587890625,1156.94030761719,20,427,146.172805786133,6.84650135040283,188,549,,,1.87936460971832,0.643571138381958,2.18899774551392,0.658205509185791,277,9,94.8240432739258,3.08092570304871,35.8057098388672,19.8158204935866,588.682170639588,371.680188843696,,,,1000.09824504141,631.438700063533,,,3092,23.8280529745597
2012,RS,43012,Região 12 - Portal das Missões,67.8054116747723,73.8312706759981,51.27779315435,100,97.871235721703,100,100,100,100,41.1734164070613,,,,0.823468863964081,25.9392700195312,73.1343307495117,,,,,,816.181213378906,228.478958129883,168.284790039062,3.409991979599,395.219055175781,89.0961380004883,99.9110870361328,441.317749023438,101.540824890137,108.166481018066,11304,3252,7316.5048828125,2104.85424804688,8,320,207.119735717773,5.1779932975769,137,204,,,1.32038831710815,0.886731386184692,1.13656961917877,0.87508088350296,239,6,154.69255065918,3.88349509239197,8.86019420623779,19.8763753598767,487.204515788223,328.359618533828,,,,827.700252390292,557.842405658999,,,8947,139.882073781214
2012,RS,43024,Região 24 - Campos de Cima da Serra,88.2909663865546,73.2941176470588,56.2741596638655,100,95.6314535345512,100,100,99.4440031771247,100,42.7323272438443,,,,1.54981553554535,21.1808109283447,74.0959396362305,,,,,,698.132141113281,195.805053710938,146.597503662109,6.60792970657349,386.836303710938,88.6894760131836,98.6179733276367,427.498901367188,100.236038208008,106.591041564941,6540,1469,6704.529296875,1505.95617675781,8,146,149.672973632812,8.20125865936279,64,113,,,1.1584278345108,0.656100690364838,1.21327376365662,0.738882184028625,56,2,57.4088134765625,2.0503146648407,12.4997434616089,22.0308874865988,631.998471001205,383.636596741237,,,,1073.68728533165,651.751159233715,,,5257,130.767503916901
2012,RS,43030,Região 30 - Vale da Luz,57.406499805648,48.2711125382366,26.2121647428639,100,97.061098221191,100,100,100,100,46.6357308584687,,,,0.871898055076599,19.3829650878906,79.6110000610352,,,,,,728.008239746094,217.829238891602,158.867950439453,1.91226100921631,328.163482666016,70.1111755371094,92.0154571533203,369.055389404297,79.4420166015625,101.051849365234,8800,2162,7206.380859375,1770.47680664062,14,247,202.270004272461,11.4646968841553,72,175,,,1.43308711051941,0.58961296081543,1.37392115592957,0.627896904945374,88,3,72.0638122558594,2.45672082901001,17.6155071258545,21.0326679443099,414.262533576048,326.034550571695,,,,703.780840458757,553.892402576681,,,2441,49.6896512819697
2012,RS,43011,Região 11 - Sete Povos das Missões,81.1137301119623,82.0036058029576,68.0760164997054,100,88.0048587913756,96.2648041299727,92.2259337989675,91.0719708472517,99.0282417248709,36.0157910719708,,,,1.6267648935318,28.4837322235107,69.4597930908203,,,,,,753.511047363281,199.001541137695,130.249267578125,10.6831731796265,347.247192382812,67.0297393798828,80.4486999511719,389.573638916016,76.1142959594727,88.5947494506836,20194,5246,6976.80029296875,1812.43408203125,27,456,157.542877197266,9.32819747924805,205,288,,,0.995007693767548,0.708252012729645,1.32261741161346,0.686572551727295,207,7,71.5161743164062,2.41842150688171,7.82152032852173,19.4357760615139,474.336892726985,268.328896318597,,,,805.839751285907,455.857628591956,,,21832,182.187341645491
2012,RS,43002,Região 02 - Entre Rios,84.9444749330148,75.1678664815831,65.3129741421054,89.3838158871566,84.0386043058649,95.916852264291,91.9821826280624,87.8247958426132,93.170007423905,39.1239792130661,,,,1.1058452129364,26.3823070526123,72.353874206543,,,,,,759.379150390625,230.114898681641,133.30793762207,3.76175546646118,329.678558349609,68.1594772338867,78.4421615600586,367.449462890625,78.6719970703125,83.8078079223633,8039,2415,6378.94384765625,1916.30163574219,0,256,203.13591003418,0,79,113,,,0.896654605865479,0.626864731311798,1.04305529594421,0.635593235492706,145,10,115.05744934082,7.93499660491943,5.4148416519165,18.3408743531588,408.20273738134,252.593975495076,,,,693.485995732863,429.125942996022,,,9477,174.200615915735
2012,RS,43006,Região 06 - Vale do Paranhana e Costa Serra,60.4893929061849,33.5723159989164,33.5723159989164,98.3290955321468,87.8314565928078,97.6026153287323,89.5386850708318,88.1583726843444,97.0577551761715,36.9051943334544,,,,3.25259518623352,22.2837371826172,73.5986175537109,,,,,,624.747985839844,181.67073059082,139.084579467773,6.30891942977905,381.293060302734,90.8641510009766,96.6733322143555,428.248931884766,103.77668762207,106.655395507812,16896,4148,7654.63525390625,1879.22741699219,8,364,164.908096313477,3.62435388565063,103,221,,,1.00122773647308,0.466635555028915,1.14925992488861,0.577971160411835,104,2,47.1166000366211,0.906088471412659,10.6764402389526,20.0793531302152,338.982441294739,225.693559048472,,,,575.889268517153,383.425460425092,,,7393,81.7941458501597
2012,RS,43028,Região 28 - Vinte e Oito,59.036844779689,59.3846322368241,35.1435726261148,100,89.9494665918024,96.1819202695115,92.9814710836609,91.6339135317237,93.6833239752948,34.4188658057271,,,,0.939702451229095,19.9164714813232,78.8827972412109,,,,,,746.812255859375,202.545440673828,144.802215576172,4.04440927505493,361.342834472656,77.0584564208984,82.4182434082031,405.592041015625,87.4830703735352,90.7326812744141,26156,6403,7745.2900390625,1896.05041503906,20,460,136.214767456055,5.92238140106201,205,446,,,1.32069098949432,0.607044100761414,1.96674883365631,0.598826766014099,255,9,75.5103607177734,2.66507148742676,16.9024753570557,22.8826927359224,535.526264563857,281.329298056941,,,,909.792930847563,477.943704256902,,,15621,116.532410703109
2012,RS,43023,Região 23 - Caxias e Hortênsias,49.5732071177859,27.2246787470858,26.393516751111,100,96.4748502159677,100,100,99.5959314476801,100,47.8054897589522,,,,0.860129654407501,15.3897047042847,83.3928833007812,,,,,,568.806274414062,140.060516357422,105.268417358398,1.81932246685028,341.713592529297,64.7279434204102,82.8327789306641,380.3671875,73.605110168457,88.6512222290039,26315,3712,4695.14990234375,662.298889160156,81,573,102.235260009766,14.4521045684814,610,1613,,,2.87793135643005,1.08836841583252,2.53875303268433,1.10099160671234,623,76,111.156311035156,13.5599994659424,53.1999816894531,19.9199474301178,585.66976772634,308.864527505127,,,,994.980544833805,524.722655652738,,,10000,41.3630171526528
2012,SC,42008,Meio Oeste,93.6086605195869,95.7748973334367,88.9192061190379,96.0537727666956,93.2784041630529,98.438855160451,100,99.0459670424978,96.877710320902,22.8100607111882,,,,0.935772001743317,27.052318572998,71.671630859375,,,,,,541.84716796875,142.22135925293,95.1747512817383,6.88622760772705,324.126800537109,65.191535949707,74.2404174804688,361.863403320312,74.8109436035156,79.1564559936523,12762,2980,6901.2509765625,1611.48156738281,10,401,216.847015380859,5.40765619277954,123,227,,,1.22753798961639,0.665141701698303,1.36989450454712,0.706510305404663,160,4,86.5224990844727,2.16306257247925,27.8910675048828,19.8453772461723,538.210711983737,379.968008605065,,,,914.353475208218,645.518681438813,,,5573,73.3228743360409
2012,SC,42003,Xanxerê,99.2910752376689,97.6267347852421,93.9493850894056,96.7130703789636,92.1500386697602,100,100,98.9559164733179,98.569218870843,18.4068058778036,,,,0.726577460765839,33.5372848510742,65.3919677734375,,,,,,555.200744628906,164.809127807617,89.0999374389648,3.24675321578979,340.876586914062,77.6437606811523,72.473258972168,382.119293212891,89.9753952026367,77.1547622680664,15046,3037,7749.119140625,1564.1416015625,20,314,161.718963623047,10.3005704879761,147,189,,,0.973403930664062,0.75709193944931,1.0833625793457,0.805504620075226,91,3,46.8675956726074,1.54508554935455,8.61230754852295,21.7181234670982,573.003186090423,365.384369033882,,,,973.461588261718,620.7428803888,,,8746,115.603812229714
2012,SC,42004,Alto Vale do Itajaí,93.8035722836757,98.1339256443408,91.1956357581986,100,100,100,100,100,100,36.5260691271236,,,,0.662954151630402,27.8705921173096,71.3869018554688,,,,,,606.69873046875,173.342498779297,117.113632202148,4.72255039215088,350.190185546875,79.4089431762695,88.4212112426758,389.644165039062,89.6319427490234,95.7141418457031,18688,3834,6693.0263671875,1373.13049316406,25,701,251.060104370117,8.95364189147949,185,298,,,1.06727409362793,0.662569463253021,1.18008995056152,0.724976360797882,180,30,64.4662170410156,10.7443695068359,6.47240829467773,19.4237711015156,540.864077899948,285.135959324116,,,,918.861215935905,484.410751235127,,,5742,51.8978823820624
2012,SC,42002,Oeste,98.6447318080955,91.3655214630041,84.9215701277833,100,99.1907514450867,100,100,100,100,34.150289017341,,,,0.538444995880127,19.8363132476807,79.5606307983398,,,,,,526.778137207031,154.32373046875,83.9877243041992,2.92957735061646,323.047607421875,69.1624221801758,65.9182510375977,360.84228515625,79.4036026000977,70.5937347412109,23561,3945,6992.34912109375,1170.78295898438,22,513,152.246307373047,6.52908134460449,266,521,,,1.54620516300201,0.789425253868103,1.78414559364319,0.814131915569305,229,13,67.961799621582,3.85809350013733,14.1316022872925,20.6969717826653,658.488991082262,321.517979040281,,,,1118.69140464193,546.219305806547,,,8907,62.5562778361299
2012,SC,42007,Grande Florianópolis,95.9243471294332,71.1460753783568,83.0915113928068,100,94.7603981788718,100,98.7807701211513,94.2819662010958,94.6446485068292,38.2128250636623,,,,2.22048807144165,32.2999420166016,64.2522735595703,,,,,,484.014801025391,84.3961639404297,111.998008728027,2.41639280319214,305.292572021484,38.3209838867188,80.6516418457031,340.872253417969,43.9202117919922,88.2300796508789,57186,8456,5350.6416015625,791.190612792969,131,2254,210.896835327148,12.2570924758911,1142,2518,,,2.35598158836365,1.06851899623871,2.41499805450439,1.05418014526367,592,87,55.3908271789551,8.1402063369751,28.1325531005859,19.7928650508842,449.297569570025,283.028642069516,,,,763.301036177391,480.830679690271,,,17378,40.7858772029164
2012,SC,42010,Alto Uruguai Catarinense,90.2209433471182,68.9175511148385,76.122791289511,98.0981595092025,97.4233128834356,100,99.0184049079755,96.8098159509202,97.9141104294479,34.7239263803681,,,,0.902527093887329,19.0132369995117,80.0240707397461,,,,,,558.037292480469,155.286102294922,78.706657409668,2.66836094856262,281.865295410156,54.8679618835449,54.4731979370117,314.507019042969,62.9687805175781,58.1759376525879,10020,2112,7104.87109375,1497.5537109375,20,349,247.465072631836,14.1813802719116,128,170,,,1.20541727542877,0.907608330249786,1.36673045158386,0.953697800636292,142,2,100.687797546387,1.41813802719116,25.6853160858154,21.1894795782595,629.887111423626,394.714306937834,,,,1070.10034637969,670.570819619652,,,2555,43.8072318327589
2012,SC,42001,Extremo Oeste,98.5121252421032,100,95.5818955899285,100,100,100,100,100,100,38.0782918149466,,,,2.18261194229126,21.5714797973633,76.1731567382812,,,,,,558.243408203125,156.308151245117,92.821647644043,3.45098042488098,280.442260742188,56.3022384643555,60.9039878845215,314.172637939453,65.5656890869141,65.3899459838867,17059,4057,7469.07763671875,1776.30859375,10,501,219.356811523438,4.37837934494019,183,181,,,0.792486727237701,0.801243484020233,1.08080303668976,0.855097532272339,221,10,96.7621917724609,4.37837934494019,7.22345066070557,20.1884797040868,528.901457033841,334.894410726291,,,,898.538201700072,568.944209874152,,,7622,83.0753719427309
2012,SC,42013,Serra Catarinense,90.4818317153461,97.8756491169214,86.7496278279831,100,92.4266247379455,100,100,100,100,30.2410901467505,,,,1.03955376148224,39.5283966064453,58.772819519043,,,,,,641.522277832031,165.631896972656,113.290840148926,9.55448246002197,385.355255126953,81.405876159668,88.8906097412109,428.52197265625,92.3919143676758,94.4596481323242,22149,5191,7626.9873046875,1787.51599121094,36,743,255.851348876953,12.3965663909912,193,397,,,1.36706578731537,0.664593696594238,1.38273370265961,0.677592873573303,175,1,60.2610855102539,0.344349056482315,14.6613502502441,18.3223792866608,497.713598600436,237.737570651091,,,,845.553885134206,403.886747462121,,,14709,121.611125730728
2012,SC,42006,Médio Vale do Itajaí,89.0739824002719,65.0083122141522,74.4039957737009,100,98.7206823027718,100,100,99.24188580905,100,40.7367922293295,,,,0.65047699213028,28.8811798095703,70.3274078369141,,,,,,519.519653320312,139.542755126953,98.901985168457,3.41903710365295,336.179931640625,72.3505249023438,80.1805801391602,374.779998779297,82.4288940429688,86.6141510009766,42389,7719,6023.50048828125,1096.87426757812,50,796,113.112045288086,7.10502815246582,606,1280,,,1.81888711452484,0.861129403114319,1.7317795753479,0.888235092163086,568,36,80.7131195068359,5.11562013626099,28.0280570983887,21.689144656644,539.318424186692,301.635944206978,,,,916.235341324499,512.442186103676,,,6790,23.4799513199107
2012,SC,42011,Nordeste,61.4213865869345,62.2590509721898,44.9390779226377,100,96.2520625441974,100,100,100,99.1592676985935,34.6035986485425,,,,0.750386238098145,27.5877285003662,71.5588912963867,,,,,,502.938079833984,121.729537963867,110.177764892578,2.42686891555786,353.43603515625,73.4936828613281,92.6521530151367,395.811279296875,83.274787902832,101.127227783203,48761,6786,5313.9248046875,739.531494140625,81,1171,127.614402770996,8.82729911804199,661,1577,,,1.71859884262085,0.720351159572601,1.90484392642975,0.744598984718323,453,46,49.3674850463867,5.01303386688232,31.1210231781006,25.7209237417326,672.406411573031,377.884425787723,,,,1142.33538182099,641.978931769212,,,12466,33.1997248250745
2012,SC,42014,Extremo Sul Catarinense,86.51921948759,92.8972054848596,84.6737539269599,96.2003454231433,100,100,100,100,100,35.146804835924,,,,0.834376275539398,35.9198989868164,62.9954109191895,,,,,,535.399719238281,154.872085571289,105.909088134766,6.36182880401611,319.785003662109,74.5068054199219,72.0864562988281,357.779571533203,84.5225677490234,78.8886337280273,12719,3289,6769.13427734375,1750.42712402344,10,313,166.580627441406,5.3220648765564,126,194,,,1.03248059749603,0.670580148696899,1.04605185985565,0.708499848842621,106,0,56.4138870239258,0,8.47219467163086,20.4177551814491,379.981715915207,253.351921862003,,,,645.541968464481,430.413600188995,,,7358,93.3197849148404
2012,SC,42016,Laguna,98.4254020139931,100,97.9072473551906,100,98.0153807988092,100,99.776730339866,95.5097990573059,99.7271148598363,26.2713966757628,,,,1.0635838508606,30.9595375061035,67.7919082641602,,,,,,668.571228027344,192.629119873047,148.472595214844,3.59042549133301,382.175964355469,85.5558547973633,105.12671661377,429.227600097656,99.1057968139648,114.554267883301,25094,5554,7436.66943359375,1645.94177246094,30,610,175.774276733398,8.6446361541748,269,423,,,1.2188937664032,0.775135695934296,1.35158884525299,0.788967132568359,268,20,77.2254180908203,5.76309108734131,17.0488624572754,19.5591685806067,423.108325147734,235.954184968336,,,,718.808746972782,400.85699561892,,,8194,57.2457848628799
2012,SC,42009,Alto Vale do Rio do Peixe,57.1667416186732,81.5828413096775,52.3794844269073,97.5185528756957,84.6243042671614,92.4397031539889,89.6799628942486,91.7207792207792,94.5500927643785,31.5166975881262,,,,1.11922144889832,33.3333320617676,65.3771286010742,,,,,,597.721008300781,145.181045532227,102.689033508301,11.3744077682495,410.149780273438,83.816047668457,88.8369522094727,458.885650634766,96.5274200439453,95.8108901977539,20558,4462,7279.59033203125,1579.99475097656,31,468,165.718856811523,10.9771041870117,162,281,,,0.995021343231201,0.573642194271088,1.09620547294617,0.617993235588074,213,2,75.4233245849609,0.70820027589798,21.6702194213867,21.5455792779573,429.76724766802,302.423172070365,,,,730.121433272028,513.779588939855,,,10648,94.5751374736335
2012,SC,42005,Foz do Rio Itajaí,85.3021547519694,76.0457713124654,67.934551037584,100,100,100,100,100,100,33.0457179652286,,,,1.08633506298065,28.4048023223877,70.3945083618164,,,,,,520.367248535156,140.838714599609,99.3565216064453,2.95724844932556,368.442718505859,86.7535247802734,84.8024978637695,409.877746582031,98.4917449951172,91.1031494140625,32301,4910,5402.88720703125,821.280334472656,38,616,103.036392211914,6.35614109039307,353,891,,,1.49034786224365,0.590452075004578,1.81196022033691,0.585224986076355,297,49,49.6782608032227,8.19607734680176,22.0119857788086,20.493816892493,590.260419625275,349.988944970739,,,,1002.7794949918,594.587957825934,,,9894,41.9956623406226
2012,SC,42015,Carbonífera,91.78365354131,78.3620569399531,79.0539597996322,100,96.9070133963751,100,99.290780141844,100,100,28.408195429472,,,,0.871177017688751,38.0166816711426,61.0750694274902,,,,,,587.530700683594,158.025497436523,149.921615600586,0.560344815254211,390.413513183594,83.8020858764648,121.843566894531,435.364440917969,95.3325271606445,131.558471679688,26659,6220,6751.28466796875,1575.18994140625,31,655,161.217269897461,7.63013076782227,346,587,,,1.44480216503143,0.851621031761169,1.59272825717926,0.880910873413086,236,15,58.0874481201172,3.69199872016907,19.470817565918,25.208950576005,599.302459303108,283.228937974107,,,,1018.14080278132,481.170957674998,,,7900,50.2964697941416
2012,SC,42012,Planalto Norte,71.3277026647336,75.5773964058127,61.6305337334367,93.3179723502304,89.8041474654378,98.8863287250384,94.2588325652842,94.1628264208909,95.8909370199693,23.2142857142857,,,,1.30046582221985,19.4487571716309,79.1925430297852,,,,,,584.708618164062,174.0400390625,116.392707824707,5.53990602493286,389.774078369141,96.5984954833984,94.2331237792969,434.437561035156,109.575500488281,103.247528076172,24937,4949,6845.4833984375,1358.55541992188,43,614,168.549819946289,11.8039770126343,226,467,,,1.28196680545807,0.620395064353943,1.21031939983368,0.644277572631836,170,5,46.6668853759766,1.37255549430847,13.83837890625,25.2859257431332,488.067883601583,286.157690993246,,,,829.16700759035,486.146547051891,,,12561,88.8851996604899
2012,SE,28007,Propriá,91.7375152053128,87.1026070947168,91.7375152053128,89.6802913800081,98.9073249696479,100,100,100,100,23.0675839740996,,,,2.35646963119507,52.742073059082,44.6443862915039,,,,,,631.869873046875,230.764282226562,104.775985717773,11.5971517562866,447.745880126953,139.844131469727,95.5294342041016,496.562957763672,158.722946166992,103.067329406738,6737,1735,4330.5263671875,1115.25354003906,0,179,115.060745239258,0,73,93,,,0.597801625728607,0.46924215555191,0.787908971309662,0.525808334350586,0,0,0,0,3.44925117492676,16.7596914990622,365.162062110009,175.087623010528,,,,620.365208402939,297.452230141529,,,25592,439.186085039805
2012,SE,28001,Aracaju,91.3080004575221,88.7868959360731,85.3094650541204,94.9383768700101,79.5674753895047,91.411518486939,84.4740717773816,88.6442911402217,90.8301682040152,21.3161770405395,,,,1.43326127529144,44.9675712585449,53.479061126709,,,,,,535.430969238281,133.222152709961,97.3741989135742,5.05698013305664,389.822814941406,78.7126388549805,90.2824325561523,433.167663574219,89.0751342773438,96.6967163085938,31786,4471,4040.64794921875,568.355163574219,221,1772,225.257293701172,28.0936012268066,732,2149,,,2.73181676864624,0.930521070957184,2.71046042442322,0.988837540149689,759,150,96.4843597412109,19.0680561065674,29.650318145752,20.0852137242839,614.588975928066,239.847259951734,,,,1044.11070506799,407.470848820013,,,63413,195.520598351719
2012,SE,28002,Estância,89.1013218532825,100,87.8007118671991,89.6029776674938,100,100,100,100,100,26.4267990074442,,,,1.11485612392426,51.5167236328125,45.8905868530273,,,,,,523.766052246094,166.556762695312,105.683219909668,3.793381690979,406.306213378906,103.768211364746,99.8462677001953,450.935913085938,117.678276062012,107.834365844727,9755,960,4123.75927734375,405.823577880859,0,260,109.910552978516,0,104,109,,,0.460778832435608,0.439642190933228,0.762293100357056,0.51731938123703,21,10,8.87739086151123,4.22732877731323,2.6243257522583,16.2934922293739,322.753713416657,127.121498576088,,,,548.318665771547,215.963713483715,,,36857,417.975474332086
2012,SE,28003,Itabaiana,89.6951435509823,100,84.4797637287832,91.9798835362626,94.4679724722075,100,100,100,100,32.0275277924828,,,,1.48568344116211,45.9751472473145,52.4311180114746,,,,,,574.285461425781,181.047332763672,96.7523574829102,7.30296468734741,371.379058837891,87.6617660522461,85.7156829833984,412.745269775391,99.8698959350586,92.4307022094727,9754,720,4050.31127929688,298.977233886719,0,131,54.3972511291504,0,93,93,,,0.386178940534592,0.386178940534592,0.829869508743286,0.51116806268692,46,0,19.1013240814209,0,2.90630793571472,16.8085559721272,400.482042030975,133.30371077335,,,,680.369488633607,226.466527866964,,,33271,352.308465406564
2012,SE,28005,Nossa Senhora da Glória,70.7554941573091,100,70.7554941573091,97.3290598290598,92.485754985755,99.2877492877493,98.7179487179487,99.465811965812,98.8960113960114,24.465811965812,,,,1.52727270126343,44.6545448303223,53.0545463562012,,,,,,480.117340087891,106.007934570312,99.8446884155273,14.6341466903687,357.740051269531,66.1795501708984,89.8688201904297,396.708068847656,74.6410140991211,96.411262512207,5079,616,3130.31591796875,379.656341552734,0,112,69.0284271240234,0,73,65,,,0.400611400604248,0.449917405843735,0.531734585762024,0.488591820001602,0,0,0,0,1.5710129737854,18.0874013112731,380.589350278586,206.204383721514,,,,646.574264142439,350.315760464894,,,28536,481.27294508107
2012,SE,28006,Nossa Senhora do Socorro,96.6461528547493,90.9917515143704,96.6461528547493,84.8795397339087,90.4890327220424,99.2808342322905,94.6062567421791,93.9230492628551,93.0600503416037,27.4541531823085,,,,1.91246783733368,54.4501647949219,43.3615303039551,,,,,,523.731872558594,144.90852355957,109.930603027344,6.26118087768555,451.181640625,114.931884765625,111.032279968262,500.518249511719,129.932540893555,119.342086791992,15028,1906,4693.28759765625,595.249267578125,0,168,52.4668807983398,0,136,124,,,0.387255549430847,0.424731880426407,0.829242169857025,0.581507921218872,1,0,0.312302857637405,0,9.55053329467773,17.1809546634912,378.709204875532,167.439614269881,,,,643.380129494239,284.459208607901,,,42635,340.969865370931
2012,SE,28004,Lagarto,68.4177300807143,99.8257818296597,61.162055692425,95.3954802259887,97.5141242937853,100,100,100,100,21.8361581920904,,,,1.61107969284058,47.5692481994629,50.7631416320801,,,,,,603.770568847656,205.122055053711,113.156997680664,7.94702005386353,374.557342529297,99.9871292114258,95.2354049682617,417.11572265625,112.16276550293,102.509757995605,8859,1416,3542.25390625,566.184875488281,10,252,100.761711120605,3.99848055839539,122,114,,,0.455826789140701,0.487814635038376,0.760511040687561,0.566384792327881,1,0,0.39984804391861,0,3.57024335861206,15.8515545403719,267.821635805235,92.1625461292188,,,,454.995855678669,156.572774307463,,,38026,399.189251943427
2012,SP,35091,Adamantina,60.2969359806957,84.8257722120062,41.2335218764306,98.7567987567988,97.9020979020979,97.6689976689977,98.1351981351981,99.6114996114996,100,18.8034188034188,,,,0.38343557715416,8.43558311462402,91.0276107788086,,,,,,747.670593261719,169.071228027344,109.708442687988,14.2713565826416,336.640747070312,55.5498046875,70.3203964233398,377.837646484375,63.4263763427734,75.9527130126953,12135,3648,9118.5751953125,2741.20825195312,4,302,226.931167602539,3.00571084022522,142,120,,,0.901713252067566,1.06702733039856,1.10760450363159,1.02212953567505,123,0,92.4256057739258,0,12.5525999069214,24.555039330827,552.472988166595,347.087358416239,,,,938.583319582941,589.658520914608,,,4745,85.0369848637175
2012,SP,35156,José Bonifácio,71.6624630839208,56.7753131130225,37.3288926254069,35.2511415525114,100,100,100,100,100,38.8127853881279,,,,1.64609050750732,22.1399173736572,75.2263412475586,,,,,,706.680847167969,186.240936279297,116.917922973633,8.63836002349854,358.521575927734,75.9361114501953,76.8067245483398,403.101837158203,86.7583999633789,84.3226318359375,9385,2576,9710.3955078125,2665.31469726562,0,204,211.073059082031,0,75,84,,,0.869124352931976,0.776003897190094,0.746257066726685,0.755051791667938,114,0,117.952590942383,0,25.1952934265137,22.3248130172064,570.870396558892,461.1734982464,,,,969.838242466806,783.476771098283,,,2431,59.331846229189
2012,SP,35142,Mantiqueira,42.7676382457096,43.0740942522473,26.1055116680287,99.6672716273442,96.8239564428312,98.3363581367211,91.7422867513612,98.2456140350877,97.7313974591652,22.3230490018149,,,,0.906344413757324,16.0725078582764,81.9033203125,,,,,,754.54296875,201.992111206055,129.538421630859,11.3482055664062,376.662719726562,84.1897048950195,90.6826553344727,422.173645019531,95.4999542236328,98.3190460205078,19546,4559,7152.42333984375,1668.26452636719,6,279,102.093841552734,2.19556641578674,198,394,,,1.4417552947998,0.724536895751953,1.55592477321625,0.735423266887665,243,10,88.9204406738281,3.65927743911743,34.0268898010254,27.4301758287944,494.496256561544,350.158941874598,,,,840.088018683218,594.876761553466,,,6770,60.3077808464474
2012,SP,35074,Circuito das Águas,87.955784202433,62.6798380149587,75.7344475843135,99.7262149212868,94.0451745379877,95.6878850102669,91.3757700205339,98.2203969883641,99.5208761122519,21.8343600273785,,,,0.729442954063416,16.9098148345947,82.0291748046875,,,,,,752.458312988281,201.329238891602,146.915924072266,3.61570239067078,325.937255859375,62.5462646484375,82.9327545166016,362.698394775391,70.2060928344727,90.3451461791992,7755,1503,6028.21728515625,1168.33142089844,7,158,122.81861114502,5.441330909729,119,295,,,2.29313230514526,0.92502623796463,1.81682145595551,0.921528220176697,76,1,59.0773048400879,0.777332961559296,31.2052555084229,24.5290628386958,631.120145385335,410.128092077379,,,,1072.19511867395,696.756935381841,,,2775,54.404956664259
2012,SP,35061,Vale do Jurumirim,63.5906659453185,49.1302618708954,43.0558889601479,100,96.5508092332184,100,97.39984080658,100,100,15.070310427169,,,,1.99949383735657,17.9195137023926,79.9038238525391,,,,,,704.0009765625,179.376541137695,124.663238525391,13.6743726730347,382.954711914062,78.1108322143555,88.0352325439453,428.056488037109,88.9443740844727,96.1725997924805,21755,4750,7533.46875,1644.86218261719,9,407,140.938720703125,3.11658096313477,162,246,,,0.851865470409393,0.560984551906586,0.935407161712646,0.585311233997345,127,1,43.9784202575684,0.346286773681641,9.50591850280762,25.1984525545056,553.714058693639,375.368863701118,,,,940.691745008364,637.70530271506,,,13946,116.941076495944
2012,SP,35103,Piracicaba,49.5377157962783,26.211877620899,24.3908709348704,100,99.9438832772166,100,95.2721661054994,100,100,28.0723905723906,,,,0.707704603672028,20.1361999511719,78.6620407104492,,,,,,658.434448242188,139.29801940918,103.216957092285,12.9225740432739,362.014770507812,58.0390739440918,75.9378356933594,402.756866455078,65.1083450317383,82.362663269043,27119,3808,4868.07080078125,683.565551757812,57,565,101.421882629395,10.2319421768188,424,896,,,1.60838949680328,0.761112868785858,1.9583398103714,0.66229385137558,670,66,120.270195007324,11.8475112915039,47.005184173584,23.1708110137728,590.944582595023,377.410784718771,,,,1003.94180331282,641.174274136513,,,14589,67.4625125843219
2012,SP,35062,Bauru,47.536332318941,30.8393677958895,23.1746796964188,100,99.0325181402849,100,95.3910239183015,100,100,6.9604944907283,,,,1.64593541622162,22.3394889831543,75.6502075195312,,,,,,693.294982910156,176.354583740234,133.518692016602,8.74329662322998,371.613677978516,78.1299362182617,97.7522506713867,414.803100585938,88.727783203125,105.293830871582,34056,6629,5504.978515625,1071.54406738281,79,1407,227.434371948242,12.769947052002,625,957,,,1.54694163799286,1.01028060913086,1.58824193477631,0.992095530033112,587,69,94.8855590820312,11.1534976959229,34.1309967041016,23.262280504844,455.514455284688,358.314970034588,,,,773.862756580954,608.732845287839,,,18072,75.2788487567731
2012,SP,35161,Itapetininga,55.9075877898442,39.1146737353501,33.7449173723281,100,97.6879521862221,100,96.4768795218622,100,100,32.1484743630072,,,,0.728929400444031,17.2665157318115,81.4123001098633,,,,,,651.044128417969,180.129959106445,131.349151611328,9.27667808532715,395.934173583984,95.5412216186523,103.20777130127,441.969329833984,108.78197479248,111.39575958252,25938,3906,5477.38671875,824.838928222656,16,372,78.5560913085938,3.37875652313232,271,479,,,1.01151525974274,0.572276890277863,1.03469133377075,0.590596079826355,150,3,31.6758422851562,0.633516848087311,19.4937362670898,28.1321526405612,526.272798158754,359.390747087448,,,,894.07243518139,610.56045753139,,,20760,111.638731019674
2012,SP,35112,Alta Sorocabana,70.6619182440954,55.5439839649154,51.2324616262213,99.3204502017414,95.9439371416437,99.8301125504353,90.6986621363347,97.048205563814,100,2.6120195370567,,,,2.22453212738037,19.8544692993164,77.2765045166016,,,,,,704.494567871094,165.301803588867,122.773933410645,7.94107055664062,341.279479980469,57.5793685913086,82.8787536621094,380.193267822266,65.5096130371094,89.4553604125977,32416,7210,8205.85546875,1825.15478515625,55,787,199.222854614258,13.9228172302246,479,888,,,2.24790215492249,1.21255075931549,2.14664530754089,1.19647622108459,558,38,141.253311157227,9.61940097808838,28.2010459899902,20.636288844614,425.524250883687,303.604418849203,,,,722.913106182526,515.786381211469,,,13358,80.7107411845666
2012,SP,35051,Norte - Barretos,58.6798831401097,57.0791692431878,43.2455649894285,96.8679458239278,94.5541760722348,97.2911963882619,89.1083521444695,96.6422121896163,100,17.0993227990971,,,,0.476992130279541,15.8810329437256,83.277214050293,,,,,,736.663391113281,188.015701293945,155.06819152832,4.37530374526978,401.834320068359,85.7467880249023,111.505546569824,447.736572265625,97.9241714477539,120.592308044434,19912,3927,7130.98779296875,1406.357421875,45,740,265.012603759766,16.1156311035156,374,674,,,2.41376352310181,1.33938801288605,2.70375537872314,1.39507651329041,191,8,68.4019012451172,2.86500120162964,28.5432910919189,22.3411985852047,580.734867884644,368.409784306721,,,,986.596759971129,625.882686986986,,,10304,87.7753251290481
2012,SP,35133,Vale das Cachoeiras,58.6988856268446,69.6790823359006,48.18593133094,100,95.8128078817734,100,92.487684729064,94.5197044334975,95.4433497536946,4.00246305418719,,,,0.810185194015503,16.5509262084961,77.7199096679688,,,,,,714.564819335938,150.276504516602,138.25439453125,7.25552034378052,356.712432861328,56.7669219970703,90.9883270263672,395.839721679688,63.6935615539551,99.390510559082,12611,3034,9475.685546875,2279.69458007812,7,184,138.25439453125,5.25967788696289,95,230,,,1.72817981243134,0.713813424110413,1.91076588630676,0.753448843955994,73,1,54.8509254455566,0.751382529735565,20.9793529510498,25.3821581729425,622.901695753712,367.634689220962,,,,1058.23298857476,624.565896240349,,,4800,93.8176815598326
2012,SP,35023,Consórcios do DRS II,78.6545981287698,74.0893187898745,73.0583215919705,100,100,100,98.4004921562596,100,100,10.0276837896032,,,,1.14977312088013,17.7004547119141,80.8169403076172,,,,,,712.618957519531,158.232681274414,107.903244018555,16.4794006347656,346.585174560547,63.5158576965332,73.4285278320312,388.207763671875,72.490592956543,78.9458541870117,16091,2675,6135.23388671875,1019.93353271484,14,261,99.515007019043,5.33796977996826,200,228,,,0.86932647228241,0.762567102909088,1.22620797157288,0.761423230171204,215,6,81.9759674072266,2.28770136833191,20.3948574066162,27.0324587205241,576.593391851424,403.890010950065,,,,979.560904089501,686.159206592001,,,7835,70.5410049618261
2012,SP,35163,Sorocaba,47.4907181803857,11.6437838830367,11.130890911435,100,92.9312736142331,100,94.586063417667,99.3926060548089,100,35.9175474675977,,,,0.754272758960724,16.3149642944336,81.9802932739258,,,,,,631.151977539062,149.470199584961,115.948844909668,12.3662309646606,388.124572753906,77.7011947631836,92.9575958251953,434.812622070312,89.0495376586914,100.468772888184,73346,11990,4587.04638671875,749.8525390625,125,1955,122.265365600586,7.8174786567688,932,2439,,,1.52534639835358,0.582871198654175,1.63419699668884,0.544878244400024,914,138,57.1614036560059,8.63049697875977,36.7619743347168,24.0232361355561,503.112314044422,365.677838450427,,,,854.725635376179,621.241448653813,,,39343,61.4756916785311
2012,SP,35157,Votuporanga,81.678886501312,70.6551199127515,51.4415445583043,100,100,100,100,100,100,23.1111111111111,,,,3.27868843078613,13.7978143692017,82.559196472168,,,,,,778.656860351562,196.751770019531,133.603317260742,7.57372665405273,351.070434570312,70.0778503417969,76.7381439208984,391.434204101562,79.0657730102539,83.1565093994141,14061,3262,7338.26708984375,1702.39855957031,17,212,110.640251159668,8.87209606170654,241,268,,,1.39865982532501,1.25775003433228,1.64225101470947,1.31998515129089,305,13,159.175827026367,6.78454399108887,26.3563861846924,22.2501105594948,525.348959289376,382.774275393822,,,,892.50294713156,650.286181849952,,,6270,72.3296191582521
2012,SP,35093,Marília,95.8852744251608,82.6499317240772,67.2947317416968,95.1429185471739,91.6612937889534,96.0885450247152,90.8016333548248,95.7876638727703,97.9368149580916,15.3019557274876,,,,1.26713752746582,15.5795593261719,82.9871215820312,,,,,,727.776794433594,181.277740478516,156.751922607422,3.95604395866394,363.037506103516,70.3661041259766,98.5751113891602,404.530303955078,80.3568725585938,107.919357299805,24321,3726,6483.61181640625,993.29541015625,64,675,179.94482421875,17.0614337921143,462,844,,,2.24997663497925,1.23162233829498,2.86058950424194,1.20836281776428,209,24,55.7162475585938,6.39803791046143,27.5862064361572,23.1955371651757,605.778865393996,327.350491172973,,,,1029.1434162266,556.128023004062,,,13906,90.4028418882578
2012,SP,35072,Região Metropolitana de Campinas,53.5575564128975,21.6058648127149,23.5256200141366,100,94.5624917513528,100,90.7667942457437,98.0968721129735,100,29.362544542695,,,,0.991440951824188,18.0266551971436,79.9302215576172,,,,,,564.385070800781,129.366500854492,113.16178894043,6.81763553619385,328.261291503906,60.7486457824707,86.0329284667969,369.270538330078,69.9080963134766,93.1778182983398,136525,17844,4628.34423828125,604.930786132812,307,2855,96.7875671386719,10.4076299667358,2937,7251,,,2.45816683769226,0.995674550533295,2.63867330551147,1.00881123542786,2660,339,90.1768569946289,11.4924640655518,48.1589164733887,24.6680669442755,707.010326664973,522.185887066144,,,,1201.1231564149,887.129278389468,,,67385,56.7334152756662
2012,SP,35031,Central do DRS III,63.1402365017165,37.6755557096785,36.5391684294483,100,90.7356948228883,99.2370572207085,95.4495912806539,97.4659400544959,96.3487738419619,10.7629427792916,,,,0.567449033260345,13.2834663391113,85.9685287475586,,,,,,671.960876464844,172.246307373047,134.19189453125,3.47739696502686,354.042999267578,71.4746398925781,92.3216171264648,396.758270263672,82.1531295776367,100.831604003906,12835,1917,4284.4599609375,639.915100097656,19,463,154.554351806641,6.34240293502808,331,610,,,2.03624510765076,1.10491335391998,2.01020789146423,1.06886184215546,372,65,124.177574157715,21.6976947784424,48.4803276062012,29.4117482733293,688.510389951849,447.564493691551,,,,1169.69405058675,760.356754473221,,,6579,55.6053879996134
2012,SP,35104,Rio Claro,45.7592133903775,34.5267582376342,27.3336836047937,100,98.9704417137164,100,94.5533045499834,97.1438060445035,97.6419794088343,23.7130521421455,,,,0.491098821163177,20.3192138671875,78.6678924560547,,,,,,710.492431640625,175.013946533203,108.380195617676,10.5649719238281,365.387603759766,72.3906478881836,82.45556640625,408.429351806641,82.1872787475586,88.8429412841797,7755,774,3112.92016601562,310.689910888672,18,124,49.7746086120605,7.22534656524658,172,326,,,1.30859053134918,0.690421998500824,1.86725032329559,0.709990620613098,266,20,106.774566650391,8.02816295623779,41.4554252624512,22.1703543698373,640.433533459523,407.981637474996,,,,1088.01741384941,693.110374320595,,,5078,51.3819360556143
2012,SP,35022,Lagos do DRS II,76.2518159300175,94.1446055120661,64.5222144417387,99.2611907866145,95.9148196436332,98.2616253802695,93.2637983485441,98.7831377661886,100,14.819643633203,,,,0.795978188514709,19.6899871826172,78.9694213867188,,,,,,702.507385253906,161.961349487305,94.1400375366211,13.3285303115845,354.929595947266,66.9920883178711,64.6482162475586,394.131591796875,75.2920379638672,69.8735198974609,16498,4253,8350.1201171875,2152.56762695312,14,401,202.957824707031,7.08580923080444,192,219,,,1.10842299461365,0.971768140792847,1.30302965641022,0.975690603256226,158,1,79.9684143066406,0.506129205226898,20.1191425323486,22.4689891192043,598.651787089256,462.316822674963,,,,1017.03539111501,785.419137984096,,,7052,84.1194635055923
2012,SP,35063,Polo Cuesta,56.1151385171662,39.3764511955192,36.2044701253124,97.938689217759,94.4238900634249,99.7357293868922,94.5560253699789,99.4450317124736,100,12.869978858351,,,,1.25621569156647,16.958911895752,81.4184799194336,,,,,,692.898132324219,181.0673828125,141.853164672852,3.19881892204285,375.065887451172,78.4407577514648,97.0196914672852,416.744415283203,88.7357635498047,105.401695251465,20985,4489,7155.74169921875,1530.71838378906,52,525,179.021423339844,17.7316455841064,398,1010,,,3.44403100013733,1.35715281963348,4.55200338363647,1.35050344467163,160,7,54.5589065551758,2.38695216178894,26.2956886291504,24.2500181676487,481.962521621878,356.658521495465,,,,818.794752227814,605.918743961857,,,9476,79.6971795626229
2012,SP,35172,Circuito da Fé e Vale Histórico,62.4225545130024,51.7843130753843,48.8829945956699,94.6808510638298,88.2651391162029,99.1653027823241,93.6661211129296,97.3322422258592,98.0687397708674,9.5417348608838,,,,1.47742366790771,27.1082344055176,71.0325393676758,,,,,,726.87109375,183.858154296875,141.264709472656,11.4840993881226,424.919036865234,90.9081573486328,106.36287689209,474.048370361328,101.954681396484,115.081817626953,26989,5183,5776.65625,1109.35595703125,54,708,151.538497924805,11.5580215454102,342,726,,,1.55391180515289,0.732008039951324,1.73134875297546,0.722322821617126,243,22,52.0110969543457,4.70882368087769,25.6483192443848,26.1160222571515,493.108263672528,311.978210271778,,,,837.729990324849,530.012417812784,,,21159,116.888069009936
2012,SP,35153,Jales,85.1432259345679,85.1571265452018,77.2198778732066,99.712368168744,95.9731543624161,96.6442953020134,93.7679769894535,96.8360498561841,100,12.176414189837,,,,0.190294951200485,9.0390100479126,90.4852523803711,,,,,,856.106384277344,222.490936279297,128.657806396484,14.0112991333008,384.747680664062,78.5426712036133,85.0161590576172,430.206970214844,89.0978546142578,91.7928161621094,10152,2369,9820.556640625,2291.65649414062,10,107,103.506652832031,9.67351913452148,112,116,,,1.12212812900543,1.08343410491943,1.63047158718109,1.2370011806488,155,14,149.939544677734,13.5429258346558,14.9542922973633,22.3592324086832,559.342037169407,423.814644785958,,,,950.252984803737,720.008696734907,,,4131,91.1626852933699
2012,SP,35162,Itapeva,76.2260194374077,92.8035399398034,72.9925615805083,100,93.6882678872561,93.905083112503,89.9542278968923,95.0132498193206,94.5555287882438,9.25078294386895,,,,1.00416362285614,14.6216020584106,84.1048278808594,,,,,,669.442016601562,200.654083251953,124.605476379395,14.453332901001,418.073303222656,111.999786376953,98.7341995239258,467.189910888672,127.676254272461,107.601364135742,20884,4991,7456.33447265625,1781.96545410156,18,371,132.460266113281,6.42664337158203,210,227,,,0.81047111749649,0.749775052070618,0.970601677894592,0.794672310352325,84,2,29.991003036499,0.71407151222229,8.15648174285889,25.4854408189181,546.2459840292,308.124204813228,,,,928.004409229825,523.464938905298,,,23717,213.197560242101
2012,SP,35021,Central do DRS II,73.6831769427425,69.1085736321179,59.2955996400874,100,100,100,97.5654290931223,100,100,13.6640292148509,,,,1.6624401807785,12.5950975418091,85.5452270507812,,,,,,711.623413085938,129.072341918945,116.648262023926,19.1076622009277,355.658203125,53.9141426086426,79.2615432739258,397.573760986328,61.5955657958984,85.4238052368164,17924,3138,6185.80908203125,1082.96520996094,37,505,174.282165527344,12.7691879272461,273,506,,,1.74627280235291,0.942159056663513,1.86671733856201,0.938621640205383,284,17,98.0121459960938,5.86692428588867,27.991096496582,23.660148452745,509.822874727584,367.486010726278,,,,866.126048531519,624.313309854987,,,8011,63.2072896911539
2012,SP,35083,Alta Mogiana,79.7856849174262,63.5424518604811,60.587267868156,100,83.0958549222798,87.3704663212435,83.8730569948187,92.0336787564767,94.7538860103627,9.26165803108808,,,,2.55288100242615,15.2443475723267,81.3274993896484,,,,,,668.302856445312,171.636093139648,116.911544799805,13.3995037078857,361.316040039062,80.9540710449219,83.3632659912109,405.695159912109,92.4158020019531,90.6003799438477,7140,1579,5920.20166015625,1309.24353027344,9,168,139.298858642578,7.46243906021118,98,192,,,1.59198701381683,0.812576711177826,1.48191606998444,0.768423914909363,110,1,91.2075881958008,0.829159915447235,27.6906242370605,19.872294845016,558.085411466858,326.007445785597,,,,948.118133057798,553.846354895334,,,4835,96.1703439740563
2012,SP,35101,Araras,59.3763099538896,48.3902966615575,45.8697453849624,97.6430149766757,99.5580653081267,100,98.919715197643,100,100,29.8551436287749,,,,0.587227821350098,18.9625644683838,79.9608535766602,,,,,,699.458129882812,139.706588745117,114.417533874512,10.4497356414795,390.407073974609,62.6366996765137,84.0000152587891,434.764739990234,70.4402313232422,91.1254959106445,17593,2867,5425.73486328125,884.191589355469,33,412,127.062057495117,10.177300453186,280,525,,,1.61911606788635,0.863528549671173,1.58226191997528,0.878640294075012,323,15,99.6141891479492,4.62604570388794,42.5503692626953,23.6134976980417,519.219914262134,339.404884709393,,,,882.090457198555,576.606947663381,,,9333,75.188092178263
2012,SP,35095,Tupã,76.4009312780989,74.7286448298009,72.3065189466923,98.5274431057564,95.7831325301205,97.0548862115127,89.0896921017403,93.3065595716198,92.7041499330656,18.1392235609103,,,,0.97339391708374,15.1849451065063,83.4523010253906,,,,,,841.55859375,198.65788269043,143.127532958984,12.5464687347412,369.5009765625,71.1950912475586,88.6647415161133,413.640441894531,80.5642166137695,95.9490051269531,14368,3771,11237.466796875,2949.36572265625,13,505,394.969421386719,10.1675300598145,100,148,,,1.15753412246704,0.782117664813995,1.45376121997833,0.915468692779541,102,3,79.7760009765625,2.34635305404663,15.4679412841797,24.3465976425825,501.454025141077,352.772935774661,,,,851.90840749886,599.317614092217,,,4676,84.0646581580627
2012,SP,35151,Catanduva,69.8862010221465,49.4722316865417,39.0538330494037,100,99.0906507530548,100,96.9025291275931,100,100,30.747371412333,,,,0.86883407831192,13.2006731033325,85.6782531738281,,,,,,787.958801269531,198.799957275391,134.288711547852,8.3124475479126,373.834381103516,73.5275115966797,86.7409057617188,419.900634765625,84.430534362793,94.8088684082031,22481,6022,7399.3740234375,1982.07507324219,39,386,127.047653198242,12.8364210128784,252,485,,,1.59632420539856,0.829430282115936,1.73612594604492,0.878883421421051,351,26,115.527793884277,8.55761432647705,31.5078182220459,24.3250903165724,529.062624825644,408.122107748873,,,,898.812005857523,693.349015953365,,,7467,57.6424490033389
2012,SP,35011,Alto do Tietê,40.9976994973526,25.2763594461998,17.3323607631084,100,93.7917268910455,100,93.0483859866474,100,100,30.1970771101475,,,,1.25685811042786,29.0367012023926,68.5479431152344,,,,,,546.304809570312,120.293518066406,136.192123413086,7.12183618545532,418.361999511719,80.6716842651367,121.983367919922,467.223724365234,92.0270614624023,132.865386962891,134887,19524,4819.13623046875,697.5380859375,232,2939,105.00227355957,8.2887134552002,2007,4072,,,1.45481204986572,0.71704512834549,1.30937552452087,0.699833571910858,1084,198,38.7282981872559,7.07398796081543,34.9474639892578,23.4848125934713,440.823868895879,304.657266520758,,,,748.905266106739,517.575039270322,,,117353,106.979940511732
2012,SP,35092,Assis,69.1016597690379,41.5523569067389,49.2156658597742,98.7915407854985,90.4330312185297,94.7633434038268,86.2705605908023,90.7351460221551,97.8851963746224,3.25612621685129,,,,0.799200773239136,13.1535129547119,85.614387512207,,,,,,760.914794921875,170.586090087891,109.662483215332,17.2280502319336,372.561187744141,68.2241363525391,73.9528121948242,415.360229492188,77.7442855834961,79.5244750976562,16339,2800,6865.03955078125,1176.45581054688,24,441,185.291778564453,10.0839061737061,260,434,,,1.82350647449493,1.0924232006073,1.58348846435547,1.06395721435547,216,15,90.7551574707031,6.30244159698486,13.6410045623779,26.0401926913699,591.631133627019,400.534879286516,,,,1005.10816865642,680.45925259993,,,9693,98.135885627569
2012,SP,35071,Bragança,40.9875581541706,31.2708541627581,24.5797106956177,100,91.8809439943642,95.2976400140895,91.7400493131384,94.2409299048961,99.841493483621,26.9813314547376,,,,0.813835203647614,23.482536315918,74.584602355957,,,,,,738.137084960938,188.985000610352,182.137725830078,1.82436609268188,380.235778808594,72.6357727050781,118.922744750977,425.462036132812,82.5566024780273,129.73323059082,21747,4143,4963.59521484375,945.609741210938,24,417,95.1772308349609,5.47782611846924,314,903,,,2.06103205680847,0.716682255268097,1.99758064746857,0.686554193496704,338,47,77.1460494995117,10.727409362793,35.7040138244629,24.5246030370567,464.44774670867,367.252717039684,,,,789.039314528787,623.916972717262,,,13879,74.8676328313185
2012,SP,35155,São José do Rio Preto,58.1939166976707,38.5434900614185,31.2295296937612,100,93.2981465570148,97.2996194918375,90.9537252976556,95.2129618264392,98.7848287713269,14.8520927948938,,,,0.735471427440643,15.553412437439,83.1806106567383,,,,,,692.996948242188,162.203262329102,137.395706176758,2.79601788520813,327.657928466797,58.5936470031738,88.3570861816406,366.935241699219,66.8775939941406,96.4701080322266,53134,10232,7799.55517578125,1501.95812988281,168,1122,164.698699951172,24.6607685089111,786,2078,,,3.05030202865601,1.15377163887024,3.62065577507019,1.17311120033264,1111,75,163.083999633789,11.0092716217041,39.3143997192383,24.8602843671807,539.159602921641,366.77762126275,,,,915.96552362596,623.109843715508,,,16522,54.7863024373675
2012,SP,35064,Jaú,56.8777228168559,48.9459613037848,31.0181433144852,100,92.3757993113625,96.9011313330054,89.1539596655189,96.7781603541564,95.0073782587309,9.96064928676832,,,,1.18730306625366,15.774169921875,82.5781402587891,,,,,,774.033203125,184.450469970703,132.648635864258,12.1083173751831,407.697448730469,82.9466323852539,94.8759918212891,452.930633544922,92.550178527832,102.01091003418,27702,7543,8294.880859375,2258.61987304688,30,881,263.800109863281,8.98297691345215,407,434,,,1.29953742027283,1.2186906337738,1.51640141010284,1.20431780815125,294,9,88.0331802368164,2.69489312171936,14.0862064361572,25.5878802082441,453.022019062176,361.66752512195,,,,769.628415511469,614.428421995441,,,8917,67.1337716245123
2012,SP,35121,Vale do Ribeira,85.4052158923661,91.4862846353586,72.6521728015426,88.3909415971394,90.8462455303933,97.9737783075089,89.0822407628129,94.9702026221693,96.4481525625745,25.196662693683,,,,1.16654253005981,34.6984367370605,63.3159599304199,,,,,,672.087890625,196.899368286133,103.070068359375,9.51877307891846,402.009460449219,91.1309585571289,79.0025939941406,446.650238037109,102.291206359863,85.7619705200195,15246,2076,5418.64208984375,737.839538574219,9,290,103.070068359375,3.19872617721558,280,285,,,1.01292991638184,0.995159268379211,1.34915161132812,1.10960257053375,49,7,17.4152870178223,2.48789811134338,10.3823547363281,27.3555477071113,555.019404847043,389.568283138245,,,,942.909366778312,661.828361248069,,,23172,208.8780853776
2012,SP,35131,Horizonte Verde,44.7910953217228,32.4062658823411,20.3117845083959,94.337948171814,88.3031593894214,94.5864394746184,90.3088391906283,92.2080227192048,96.1483848065318,12.7440539581115,,,,1.80656933784485,25.3832111358643,70.9489059448242,,,,,,586.194580078125,145.883331298828,112.013236999512,5.86050367355347,367.223297119141,77.7257614135742,89.7458419799805,409.801544189453,88.7634887695312,97.0578842163086,22074,3247,5340.34619140625,785.544250488281,17,371,89.755744934082,4.11279726028442,213,518,,,1.25319349765778,0.515309274196625,1.26323354244232,0.497648447751999,312,37,75.4819259643555,8.95138168334961,45.2901229858398,25.2798904404482,521.053225006727,382.252482907601,,,,885.205025550934,649.399720910973,,,15354,92.6761685721713
2012,SP,35014,Rota dos Bandeirantes,32.9123399514305,21.0475800859395,1.20118029019819,92.5927180355631,95.1160033869602,99.7595258255715,93.2701100762066,97.727349703641,99.7933954276037,25.2836579170195,,,,3.03773760795593,26.7230529785156,68.9221038818359,,,,,,528.381713867188,103.044227600098,144.82194519043,1.9395866394043,411.8232421875,72.3354034423828,126.694213867188,460.347534179688,81.9205169677734,138.637680053711,98657,13269,5525.0185546875,743.094482421875,138,1628,91.171745300293,7.72831726074219,1410,3544,,,1.98472142219543,0.789632380008698,1.66380035877228,0.73412013053894,645,120,36.1214828491211,6.72027587890625,44.071849822998,25.8111507439094,634.145481103102,526.567768794621,,,,1077.33479011791,894.573553832475,,,68078,92.0720639006815
2012,SP,35052,Sul - Barretos,64.2728497482805,62.0456640431114,53.7857193504928,100,100,100,93.8078703703704,100,100,12.0949074074074,,,,0.621118009090424,22.1343879699707,76.6233749389648,,,,,,707.475708007812,160.508117675781,106.086906433105,10.2239532470703,357.536285400391,68.9294204711914,71.3488845825195,398.687255859375,78.8496780395508,76.6714706420898,8703,2082,5995.2880859375,1434.23986816406,0,227,156.374862670898,0,116,163,,,1.12286794185638,0.799096167087555,1.43630659580231,0.896227717399597,113,6,77.8429946899414,4.13325595855713,33.0088729858398,24.7298066038359,555.146542894541,342.898346481763,,,,943.125358606369,582.541907412325,,,4914,82.2589294680216
2012,SP,35094,Ourinhos,55.1413084873659,54.5753660027101,31.866813097273,98.1179422835634,89.0840652446675,97.0514429109159,89.8682559598494,95.5144291091594,93.6010037641154,11.0727728983689,,,,0.72273325920105,15.6044673919678,82.2601852416992,,,,,,735.599670410156,179.937026977539,90.3969345092773,16.7734413146973,385.200286865234,79.9067230224609,65.3698959350586,428.721282958984,90.278190612793,70.6072463989258,17030,3827,7296.01806640625,1639.56896972656,32,277,118.672752380371,13.7094869613647,156,272,,,1.16530644893646,0.668337523937225,1.34460079669952,0.650557994842529,247,12,105.820106506348,5.14105796813965,22.9595355987549,22.9870932643122,554.934103423668,341.78969824852,,,,942.764450203509,580.658451096279,,,7866,79.1063199900364
2012,SP,35041,Baixada Santista,51.3226588057406,42.683613412586,29.8340257120439,100,95.8503654155828,100,90.4372600024774,100,100,8.79061893554647,,,,2.20773673057556,25.1581115722656,72.343147277832,,,,,,742.32080078125,191.435180664062,182.423095703125,2.33529233932495,416.26708984375,88.5056381225586,125.913955688477,464.644134521484,100.72095489502,136.923614501953,76901,11346,4414.259765625,651.281433105469,176,1749,100.395843505859,10.102725982666,1279,3343,,,1.91894400119781,0.734169721603394,2.00626659393311,0.754977881908417,1325,236,76.0574569702148,13.5468378067017,39.8530731201172,21.2130007057177,647.411395795973,438.745341447922,,,,1099.8719394744,745.374104884865,,,61161,91.4358278792175
2012,SP,35032,Centro Oeste do DRS III,53.8756975351874,32.6698747637229,33.0998802611662,97.7643504531722,96.2537764350453,100,97.8851963746224,96.3141993957704,98.7311178247734,32.3262839879154,,,,0.973654091358185,23.7113399505615,74.9140930175781,,,,,,750.067138671875,207.666229248047,149.577774047852,6.19554710388184,391.702392578125,84.4320983886719,109.97029876709,433.762573242188,94.9471130371094,118.552711486816,10790,2361,7834.68017578125,1714.33544921875,8,150,108.915855407715,5.80884552001953,72,127,,,0.922154188156128,0.522796094417572,1.01981544494629,0.530420184135437,102,5,74.0627822875977,3.63052845001221,21.7933349609375,23.6505907138216,470.949749514273,313.817489164549,,,,800.085413628532,533.137125311235,,,3840,70.6079581825374
2012,SP,35073,Jundiaí,39.6791871460117,20.3898692759672,10.1380704607199,100,98.0523906904275,100,93.2320576492356,100,100,23.439478040705,,,,1.13729417324066,20.4985904693604,78.1184616088867,,,,,,570.332397460938,112.496139526367,145.933624267578,0.878234028816223,341.031127929688,52.4374580383301,106.748374938965,381.28466796875,59.5627517700195,116.169013977051,31942,5495,4324.1298828125,743.882446289062,53,554,74.997428894043,7.17484426498413,414,1237,,,1.67458152770996,0.560450077056885,1.31248879432678,0.560450077056885,474,80,64.1674728393555,10.8299531936646,54.8903999328613,24.8347350002808,758.936905289535,611.580364824461,,,,1289.33999521775,1038.99944667629,,,16077,57.8498125299972
2012,SP,35171,Alto Vale do Paraíba,38.1861478235703,21.4317266731319,15.0089108458449,100,96.5998008251529,99.8861858016788,95.4616588419405,100,100,28.4535495803101,,,,1.60667073726654,18.7173748016357,78.7743225097656,,,,,,548.472839355469,105.141067504883,98.3010330200195,14.5198650360107,349.186676025391,55.8954048156738,79.975227355957,390.036987304688,63.3375434875488,86.6237335205078,49576,7045,4844.30615234375,688.400390625,136,985,96.2490234375,13.2892055511475,818,2137,,,2.08816409111023,0.799306631088257,2.2647590637207,0.844279825687408,975,157,95.2718734741211,15.341215133667,45.4358901977539,27.2919484467083,662.26876176591,508.258423078742,,,,1125.1127678425,863.468238551035,,,29131,77.5431984767044
2012,SP,35143,Rio Pardo,39.5510632083467,38.64897605447,30.5589205598303,100,94.5548489666137,98.8871224165342,90.3418124006359,100,96.5421303656598,18.2034976152623,,,,0.843373477458954,13.6144580841064,84.9799194335938,,,,,,821.325561523438,211.504150390625,146.748474121094,6.97674417495728,388.474243164062,79.2174682617188,90.8162460327148,433.849792480469,90.0967864990234,99.3831329345703,18682,4062,8703.349609375,1892.3564453125,13,536,249.705337524414,6.05628633499146,165,393,,,1.8308619260788,0.768682479858398,1.91215586662292,0.762393236160278,143,4,66.6191482543945,1.86347270011902,28.2604942321777,24.8333658566321,508.453391288127,345.132231921213,,,,863.799465440127,586.337002659036,,,8800,100.319192201301
2012,SP,35065,Lins,43.8471149841412,67.5301957517701,17.6849389677378,100,100,98.1564524165421,94.0209267563528,100,100,9.96512207274539,,,,0.61640590429306,26.8373641967773,71.9298248291016,,,,,,778.429382324219,157.295989990234,123.855117797852,19.8090686798096,402.544921875,68.2756500244141,92.1197204589844,452.836791992188,76.7994232177734,100.261322021484,10141,2033,6280.07373046875,1258.98718261719,20,446,276.196899414062,12.3855113983154,151,225,,,1.39337003231049,0.935106098651886,1.84497678279877,0.908012807369232,141,16,87.3178558349609,9.90840911865234,39.1301651000977,20.6111873809443,448.95795477851,318.844785834846,,,,762.724072624011,541.677880965179,,,5081,74.4339086418634
2012,SP,35012,Franco da Rocha,36.7806762843229,34.9468818826829,26.2923249274103,100,93.1804538359947,99.6758314323448,93.7327410253332,97.8869011886181,100,23.5562492496098,,,,1.39442229270935,25.7675189971924,71.7834548950195,,,,,,519.517944335938,121.263397216797,144.421981811523,2.03580212593079,435.921081542969,89.8853073120117,135.916290283203,486.617401123047,103.356185913086,148.464157104492,24473,3702,4462.67529296875,675.063293457031,46,485,88.4402236938477,8.38814544677734,350,700,,,1.27645683288574,0.638228416442871,1.09141623973846,0.592139184474945,190,39,34.6466865539551,7.11168813705444,29.4963645935059,22.1281829499505,417.707642400095,270.308029197355,,,,709.633654525068,459.219930726228,,,24454,117.665904239604
2012,SP,35114,Extremo Oeste Paulista,91.4616700190386,76.4157945121492,73.8428938678484,78.5054575986566,77.4979009235936,78.5054575986566,75.1469353484467,80.352644836272,85.7262804366079,6.54911838790932,,,,3.13390302658081,41.9753074645996,54.7958221435547,,,,,,693.474060058594,224.20588684082,101.153358459473,11.1278200149536,354.108001708984,98.0382232666016,73.4384307861328,395.648406982422,112.132553100586,78.8658447265625,9045,2581,9432.2900390625,2691.51342773438,4,147,153.29426574707,4.17127227783203,44,78,,,0.813398122787476,0.458839982748032,0.927326023578644,0.577981948852539,32,0,33.3701782226562,0,15.071849822998,22.5582081778204,469.837710847247,313.793914310822,,,,798.196197384557,533.097074548674,,,4662,111.254170184881
2012,SP,35174,Vale do Paraíba/Região Serrana,54.4331312613843,34.9579135359745,35.1544711976321,100,93.3585594989562,100,95.0026096033403,99.8695198329854,100,7.08507306889353,,,,3.13755011558533,21.096887588501,74.7991943359375,,,,,,626.18212890625,146.480361938477,135.344421386719,9.43912410736084,382.621398925781,74.476318359375,103.040748596191,425.615447998047,84.1261596679688,110.891502380371,26448,3461,4531.1259765625,592.945617675781,73,899,154.018524169922,12.5065097808838,452,1090,,,1.86741042137146,0.774375677108765,2.17806029319763,0.787438988685608,338,26,57.9068565368652,4.45437335968018,32.1103782653809,24.1037356766511,501.496544884717,402.536515025653,,,,851.980643287736,683.859784312565,,,18918,80.6006913087341
2012,SP,35033,Norte do DRS III,44.1231887004731,30.2597156141136,20.5169913111843,98.9495798319328,90.1260504201681,96.0609243697479,94.0651260504202,100,100,21.2710084033613,,,,0.82944530248642,21.5655784606934,77.3976135253906,,,,,,729.802368164062,156.339294433594,136.632659912109,5.22052192687988,387.350708007812,66.5468673706055,100.99486541748,431.576965332031,75.6413345336914,108.489242553711,11421,2524,7502.3154296875,1657.98474121094,20,189,124.151794433594,13.1377563476562,98,132,,,0.86709189414978,0.643750011920929,1.41592168807983,0.645063817501068,131,16,86.0522994995117,10.5102043151855,37.1969299316406,26.5161615552829,514.082537198563,359.523124949367,,,,873.362688562704,610.78535115649,,,5134,73.9966336629336
2012,SP,35173,Litoral Norte,91.9839392234496,95.7202713139015,77.5645348979428,100,91.7380236056468,100,95.0705855126128,96.8062948391576,100,25.2024994214302,,,,0.799644589424133,19.5246562957764,79.253662109375,,,,,,519.668640136719,110.475479125977,80.1030654907227,15.6069364547729,354.114959716797,61.7016334533691,69.3174209594727,394.017822265625,70.8636856079102,74.7384414672852,19451,2760,6492.01953125,921.185241699219,23,346,115.481918334961,7.67654371261597,261,370,,,1.23492228984833,0.871120870113373,1.44811320304871,0.871955275535583,75,1,25.0322074890137,0.333762764930725,17.0709648132324,30.2670536056203,844.440419791602,604.332686824652,,,,1434.59989786689,1026.68653758927,,,12424,104.207554265197
2012,SP,35102,Limeira,39.3783987308428,22.7623812769555,19.5106125231047,92.5711640823883,97.8014348530433,100,95.464012959963,100,99.768572089794,24.4387873177505,,,,1.49425292015076,25.0804595947266,72.6666641235352,,,,,,629.469604492188,132.082611083984,127.784912109375,4.27856159210205,369.232025146484,65.6442184448242,94.8982772827148,411.340911865234,73.977424621582,103.237983703613,15935,1809,4565.58837890625,518.302490234375,52,291,83.375358581543,14.8986892700195,191,641,,,1.83654987812042,0.547240316867828,2.13738894462585,0.54000586271286,217,21,62.1733741760254,6.01677799224854,46.0504150390625,20.3296754847017,545.982558291149,332.663951821303,,,,927.556881461084,565.154935885964,,,10627,76.4864990558522
2012,SP,35013,Mananciais,36.3653810976067,24.0987472173992,18.6567947437708,94.2571495001163,85.8172518019065,97.1460125552197,86.5438270169728,94.2397116949547,98.3201581027668,26.5112764473378,,,,1.78319013118744,28.6723937988281,68.522346496582,,,,,,529.6474609375,114.179504394531,138.967849731445,2.24069380760193,428.544189453125,85.5254974365234,125.696762084961,477.234558105469,96.7249526977539,136.719863891602,64177,8638,6142.2451171875,826.724731445312,72,1005,96.1864242553711,6.89096784591675,635,1234,,,1.18103528022766,0.607745051383972,1.10707700252533,0.619253933429718,410,29,39.240234375,2.7755286693573,30.3169078826904,26.2332093190469,455.417880815875,345.439771430545,,,,773.698688495334,586.859474272588,,,39143,96.600444274238
2012,SP,35132,Aquífero Guarani,40.9485059024565,33.2915926105456,19.4259610158786,100,92.2683342808414,100,92.1735834754595,96.8068978586318,98.408186469585,22.2380140231192,,,,0.72291362285614,20.3422393798828,69.4180068969727,,,,,,637.171508789062,150.047027587891,123.865104675293,2.67182612419128,347.816619873047,62.0112915039062,90.2608108520508,388.721466064453,70.4297714233398,98.6048049926758,49752,8231,5841.26708984375,966.382629394531,147,1420,166.71891784668,17.2589302062988,1022,2853,,,3.3496413230896,1.19990658760071,3.65880513191223,1.07692193984985,761,141,89.3472518920898,16.5544834136963,40.1902961730957,25.2872751513047,563.476420580492,408.813993771114,,,,957.276791197028,694.524444785973,,,18757,54.1954641335695
2012,SP,35081,Três Colinas,29.5137355584082,16.180487804878,17.5522464698331,94.6473326172574,86.1797350519155,94.7547440028643,80.343716433942,89.6706050841389,90.1360544217687,19.656283566058,,,,1.06991326808929,23.2060508728027,75.2444229125977,,,,,,584.350402832031,188.092437744141,100.365531921387,5.30110263824463,347.587219238281,88.6699981689453,78.6268768310547,388.532104492188,101.852546691895,85.3771743774414,20570,3078,5097.57763671875,762.778015136719,48,333,82.5227661132812,11.8951740264893,172,581,,,1.43981170654297,0.426243722438812,1.47778952121735,0.418871194124222,267,36,66.1669006347656,8.92138004302979,31.0139389038086,27.496993048628,412.310263661119,314.659394963897,,,,700.464175179686,534.567419202254,,,11600,71.5703440030074
2012,SP,35034,Coração do DRS III,59.9167061314316,42.6865754798451,37.9984399810569,100,90.9303810943155,95.89099425165,88.3968490525868,92.4845646157122,96.1890568447945,23.8875878220141,,,,1.10072684288025,16.5316715240479,81.9106979370117,,,,,,669.37744140625,158.889923095703,119.435836791992,6.33520460128784,354.576507568359,62.5647888183594,84.9659881591797,397.199737548828,71.5533981323242,92.3561553955078,19989,3900,5364.9501953125,1046.74096679688,25,353,94.7434844970703,6.70987844467163,214,552,,,1.4815411567688,0.574365556240082,1.71491074562073,0.586174964904785,299,29,80.2501449584961,7.7834587097168,37.5074157714844,24.0570358019969,565.426540197812,358.320426290198,,,,960.589803386243,608.74211479171,,,9920,62.4459697675498
2012,SP,35015,Grande ABC,55.5593866955288,45.3649180304876,38.4022821646278,94.4484280198566,89.7186982901269,93.7396580253723,87.1980143408715,93.4969663541092,99.0485383342526,34.4649751792609,,,,0.748383522033691,20.4154624938965,78.4069366455078,,,,,,567.987731933594,109.944038391113,147.834991455078,1.20026528835297,345.377807617188,53.0148849487305,108.853675842285,387.287902832031,60.6766624450684,118.993774414062,119643,18350,4506.349609375,691.152160644531,285,2539,95.6313552856445,10.7345161437988,2022,6141,,,2.31300568580627,0.761585652828217,1.92310738563538,0.769457638263702,2775,399,104.520286560059,15.0283222198486,51.9353942871094,24.6148246423076,727.882992751625,452.944815467023,,,,1236.58323617222,769.4972561459,,,73346,67.9951777145417
2012,SP,35111,Alta Paulista,84.8219375475044,67.9828033949835,59.8587534836585,100,100,100,96.9675599435825,100,100,9.59097320169252,,,,2.23325061798096,17.4937973022461,79.7766723632812,,,,,,827.839965820312,223.823394775391,130.308135986328,12.222222328186,360.238342285156,78.6479187011719,80.3593521118164,402.330535888672,89.4167098999023,86.8074340820312,10483,2321,8035.4130859375,1779.08935546875,10,218,167.101028442383,7.66518449783325,130,143,,,1.09612143039703,0.996474027633667,1.14613676071167,0.984018087387085,99,0,75.8853302001953,0,14.0717458724976,24.3644757009325,607.43932989772,387.384570705877,,,,1031.96434018005,658.118503738857,,,5462,95.9592218970079
2012,SP,35141,Baixa Mogiana,30.3036777951638,53.3030466397549,24.8796860001841,100,99.7600639829379,100,98.0271927486004,100,100,25.5131964809384,,,,2.5231077671051,21.6337738037109,75.3934555053711,,,,,,725.993774414062,208.743057250977,136.93798828125,5.16411399841309,394.086883544922,89.0381927490234,92.4838180541992,439.839874267578,101.53263092041,100.77530670166,21023,3210,6679.46044921875,1019.88616943359,25,414,131.536727905273,7.94303894042969,285,439,,,1.39479768276215,0.905506432056427,1.88265907764435,0.89128839969635,393,22,124.864570617676,6.98987436294556,35.5091972351074,26.4124785363016,696.039251547295,414.793812390121,,,,1182.48465584763,704.683417496217,,,6041,45.1149406003149
2012,SP,35154,Fernandópolis,80.7499549305931,83.6010456102398,68.9354606093384,100,100,100,94.3220338983051,100,100,29.7457627118644,,,,1.43426299095154,13.3864545822144,83.8246994018555,,,,,,802.365966796875,176.748016357422,108.498779296875,16.466739654541,361.204315185547,65.2087860107422,75.4047088623047,400.734161376953,72.1259841918945,80.4323120117188,9871,1905,8637.0283203125,1666.85620117188,16,140,122.49861907959,13.9998426437378,165,179,,,1.56623232364655,1.44373381137848,1.46998345851898,1.41770279407501,159,0,139.123428344727,0,17.1375579833984,23.3887318218924,661.040479362169,489.99956836731,,,,1123.02606785791,832.448701245312,,,3528,70.365118531943
2012,SP,35115,Pontal do Paranapanema,100,100,100,93.0054644808743,98.1420765027322,98.1420765027322,93.7704918032787,95.0819672131148,97.9234972677596,10.4918032786885,,,,0.732984304428101,19.0575923919678,80.1047134399414,,,,,,639.408447265625,143.540664672852,139.190948486328,6.12244892120361,410.443206787109,82.3431701660156,106.40470123291,453.458282470703,91.915901184082,115.578880310059,7202,1730,10442.2216796875,2508.3369140625,0,111,160.939544677734,0,57,65,,,0.942438721656799,0.826446294784546,1.08199214935303,0.916340410709381,6,0,8.69943428039551,0,16.3476867675781,22.8891082969146,638.691081318093,429.400509965963,,,,1085.05720303341,729.498391246108,,,5068,176.325684157261
2012,SP,35113,Alto Capivari,98.6563344234324,88.6588226930186,96.5128679084317,94.3181818181818,84.0909090909091,94.0656565656566,92.4242424242424,95.5808080808081,96.3383838383838,1.76767676767677,,,,0.527009248733521,17.3913040161133,81.5546798706055,,,,,,762.279235839844,208.678253173828,158.664459228516,4.97737550735474,405.797393798828,88.0828323364258,118.943588256836,450.852478027344,99.364875793457,128.071868896484,5904,1477,10182.119140625,2547.25439453125,5,97,167.287521362305,8.62306880950928,52,42,,,0.724337756633759,0.896799087524414,0.946812927722931,0.863169133663177,28,0,48.2891845703125,0,19.4898586273193,23.6017335156526,637.038995694314,469.180970817017,,,,1082.25051376133,797.080477248226,,,2637,106.654360903878
2012,SP,35082,Alta Anhanguera,75.9004601827236,53.9297715280495,48.8562907383166,99.7953964194373,95.4987212276215,99.0281329923274,95.3452685421995,100,97.1867007672634,14.3222506393862,,,,0.896860957145691,24.9626312255859,73.3432998657227,,,,,,605.962097167969,147.589477539062,114.430610656738,9.3347635269165,357.663024902344,73.0361099243164,87.3031616210938,400.583770751953,83.3417053222656,94.4078903198242,10566,2731,6869.73779296875,1775.625,8,227,147.589477539062,5.20139122009277,100,168,,,1.09229218959808,0.650173902511597,1.13585388660431,0.620916068553925,138,0,89.7239990234375,0,37.2510643005371,21.8216763851342,515.554354885125,384.544860563635,,,,875.863124891109,653.294187203846,,,4439,67.6406082794925
2012,SP,35152,Santa Fé do Sul,100,100,100,90.9278350515464,95.6701030927835,99.5876288659794,98.5567010309278,100,100,21.2371134020619,,,,0.602409660816193,10.4417667388916,87.1485977172852,,,,,,840.537414550781,230.821151733398,100.167671203613,13.4715023040771,329.642364501953,71.0250701904297,61.4493675231934,368.994506835938,79.8918228149414,66.6460189819336,4011,692,8734.185546875,1506.87023925781,6,39,84.9247665405273,13.0653486251831,52,55,,,1.1976569890976,1.13233017921448,1.33919823169708,1.17315936088562,43,0,93.6349945068359,0,11.6717109680176,21.1158188290084,593.305382514884,410.963596624737,,,,1007.95251057474,698.176354336944,,,1405,68.9077258928035
2012,SP,35016,São Paulo,59.5515753636683,35.22819468001,31.5636087859925,100,85.8096185127919,96.175931301264,83.3541215218104,91.2350483109836,95.19476712439,25.725239543158,,,,1.20804524421692,23.9914951324463,74.4423065185547,,,,,,606.937744140625,127.451538085938,148.488311767578,1.3407883644104,344.086761474609,58.6593742370605,104.645965576172,393.611663818359,69.3835983276367,114.988952636719,579467,80959,4953.3173828125,692.042175292969,1894,16579,141.718246459961,16.1900215148926,14230,32713,,,2.79632616043091,1.21638858318329,2.82579350471497,1.13435292243958,16182,2514,138.324676513672,21.4898166656494,54.7891159057617,18.1177701635052,558.538247799777,424.381837249603,,,,948.887446015504,720.972286623956,,,228078,40.6136477437793
2012,TO,17007,Cantão,95.6524361349244,100,95.6524361349244,90.15769439913,87.9282218597064,96.5198477433388,96.1392060902665,98.9124524197934,100,34.1489940184883,,,,1.63674759864807,40.0211181640625,58.0781402587891,,,,,,472.958892822266,155.710067749023,80.7693939208984,4.22535228729248,328.795928955078,80.7721862792969,69.5311813354492,362.953918457031,89.9692535400391,74.4934463500977,9110,1491,7585.6611328125,1241.51708984375,0,106,88.2634582519531,0,81,85,,,0.70777302980423,0.674466073513031,1.0135725736618,0.810816407203674,10,0,8.32674121856689,0,2.55297899246216,18.4704069642768,392.480736272064,201.553189206679,,,,666.776259134517,342.413955885729,,,11753,258.189518377139
2012,TO,17002,Bico do Papagaio,97.8284107183628,100,97.8284107183628,85.9977949283352,75.2480705622933,88.9470782800441,85.3362734288864,86.3285556780595,89.1400220507167,37.2657111356119,,,,1.48588407039642,49.7176818847656,48.6478462219238,,,,,,443.737060546875,151.102294921875,94.1870956420898,4.31328058242798,332.627197265625,94.0073623657227,85.7218627929688,368.055908203125,104.885093688965,92.155876159668,13527,3337,6813.2021484375,1680.76110839844,0,222,111.815696716309,0,111,124,,,0.624556124210358,0.559078454971313,0.700233221054077,0.567892789840698,0,0,0,0,1.50598621368408,18.1311016250762,352.486175082477,155.014773877106,,,,598.830443120674,263.350940527974,,,27253,393.48127166203
2012,TO,17005,Ilha do Bananal,98.8196709912562,100,88.1115315304875,99.4638069705094,87.5526618153964,99.5404059747223,99.6170049789353,100,100,42.3592493297587,,,,2.76695251464844,39.166015625,58.0670318603516,,,,,,495.236602783203,130.859786987305,94.7605285644531,2.05011391639709,340.317443847656,66.5315399169922,83.1593170166016,377.374359130859,75.8032379150391,89.6430969238281,11768,2988,6637.74951171875,1685.3837890625,20,238,134.244094848633,11.2810153961182,189,171,,,0.964526832103729,1.0660560131073,1.40716564655304,1.00950992107391,121,4,68.2501449584961,2.25620317459106,6.11543846130371,19.1828356943073,418.717972095947,223.311700261346,,,,711.350079798551,379.378976750628,,,14484,194.789595890775
2012,TO,17003,Sudeste,88.0117588783839,100,88.0117588783839,86.5567533291059,89.2200380469245,99.5561192136969,94.7368421052632,98.3512999365885,94.6100190234623,35.8275206087508,,,,3.05397725105286,49.5028419494629,46.9460220336914,,,,,,494.088775634766,138.470733642578,84.9706802368164,3.39702749252319,353.414031982422,72.5627365112305,73.9322814941406,389.000518798828,81.6638717651367,78.7519378662109,5682,1076,5960.53564453125,1128.74633789062,0,178,186.725692749023,0,72,52,,,0.545490801334381,0.755294919013977,0.701008081436157,0.771030247211456,1,0,1.04902076721191,0,4.90836811065674,19.4739611377725,428.085318917117,267.527582100649,,,,727.264044215663,454.496294780493,,,12190,359.915038767358
2012,TO,17006,Capim Dourado,83.7880736352122,97.719549999838,79.8037646860656,93.7522123893805,83.858407079646,100,93.5929203539823,87.9469026548673,85.6637168141593,30.141592920354,,,,1.7137097120285,39.5833320617676,57.4764785766602,,,,,,360.196014404297,84.4064483642578,71.1116638183594,2.66094422340393,348.487213134766,75.4119644165039,83.9505157470703,389.430145263672,86.0260162353516,90.9480972290039,23460,3593,7253.38916015625,1110.88781738281,52,480,148.406936645508,16.0774192810059,366,541,,,1.67266988754272,1.13160300254822,2.23545694351196,1.06930291652679,107,39,33.0823822021484,12.0580644607544,14.4978122711182,18.8023108587629,529.341300547175,301.029035615501,,,,899.285441463254,511.411123422472,,,20872,167.377051943294
2012,TO,17001,Médio Norte Araguaia,84.2922057194359,99.5268227650825,82.7939989109413,100,78.5504981441688,96.0539167806212,89.548739988279,92.3031842156671,86.2473139285017,35.7296346942762,,,,0.85368275642395,47.7069702148438,51.0819931030273,,,,,,479.358245849609,136.59716796875,92.393310546875,2.11640214920044,381.184661865234,93.8520812988281,87.0691528320312,423.502960205078,105.789016723633,93.7564239501953,19443,3409,7044.71826171875,1235.17175292969,54,520,188.409896850586,19.5656433105469,347,294,,,1.06524050235748,1.25727367401123,1.33580803871155,1.27294433116913,109,2,39.4936103820801,0.724653422832489,4.76206016540527,20.2439822613914,382.339306299895,175.608870369959,,,,649.54722312285,298.33776497747,,,24863,229.717802623949
2012,TO,17004,Cerrado Tocantins Araguaia,97.2828296517143,100,97.2828296517143,90.7698199923401,87.5909613175029,91.574109536576,95.4423592493298,96.2466487935657,91.9188050555343,41.4017617770969,,,,1.442511677742,49.1726760864258,48.9605445861816,,,,,,498.028900146484,136.005249023438,114.323257446289,3.82585740089417,368.569213867188,81.1449584960938,94.1940536499023,410.112121582031,92.2924194335938,101.371459960938,11610,2704,7628.12109375,1776.60974121094,0,217,142.575561523438,0,130,89,,,0.584756910800934,0.854139268398285,0.81406044960022,0.815867304801941,12,0,7.88436269760132,0,3.77858090400696,17.4017561314157,384.743456484223,198.88925048515,,,,653.631577125877,337.888253268637,,,16518,286.9599134551
2012,TO,17008,Amor Perfeito,97.1051138821855,100,97.1051138821855,89.5833333333333,86.3247863247863,100,97.9166666666667,94.3910256410256,100,40.8653846153846,,,,1.49006617069244,37.1964683532715,61.092716217041,,,,,,536.96044921875,142.191619873047,106.643714904785,3.83275270462036,367.231231689453,68.3528289794922,87.6696701049805,409.646301269531,79.1352233886719,94.37939453125,10139,2363,9484.7421875,2210.5185546875,0,162,151.546340942383,0,117,73,,,0.682893991470337,1.09450125694275,0.975696444511414,1.08046925067902,0,0,0,0,2.86347723007202,18.8909439290663,405.893509172559,223.63153917447,,,,689.562902433651,379.92234353098,,,11757,305.903722647927
2013,AC,12002,Baixo Acre e Purus,87.1299766829757,96.8689437124193,63.3259127427842,100,76.1652140962486,86.0932171276999,74.3273967411898,92.6297840090944,99.1663508904888,85.1743084501705,,,,3.92697548866272,52.0585708618164,43.3964042663574,,,,,,439.774230957031,117.922950744629,95.5615463256836,7.12733602523804,398.363006591797,98.4324264526367,101.790969848633,444.188018798828,111.319267272949,109.939254760742,30992,4944,5923.287109375,944.91259765625,48,820,156.720932006836,9.17390823364258,498,655,,,1.25185632705688,0.951793015003204,1.45674026012421,1.01223564147949,188,15,35.9311408996582,2.86684656143188,7.92606592178345,16.2968629458115,279.771791293814,166.246447478064,,,,448.772190084909,266.670138485174,,,43589,274.226973750083
2013,AC,12001,Alto Acre,89.6710299407098,100,89.6710299407098,68.2517482517483,72.5874125874126,81.6083916083916,72.1678321678322,100,92.6573426573427,84.6853146853147,,,,5.56402444839478,54.8780479431152,38.5670738220215,,,,,,394.236419677734,95.8535614013672,81.9393310546875,11.3725490570068,322.286743164062,71.295524597168,82.3011779785156,357.103607177734,79.8986587524414,86.6559524536133,5055,1526,7815.1572265625,2359.234375,0,77,119.043937683105,0,65,37,,,0.572029292583466,1.00491631031036,0.854178905487061,1.17884421348572,0,0,0,0,0.859589993953705,15.8809885745813,287.24711563385,135.17315685051,,,,460.763097603351,216.826554814411,,,7539,371.649419359532
2013,AC,12003,Juruá e Tarauacá/Envira,93.4264793346528,97.8622895196123,93.4264793346528,95.0929752066116,68.853305785124,69.5247933884298,58.5227272727273,86.6391184573003,88.0165289256198,74.1735537190083,,,,11.3610372543335,59.893253326416,28.4216537475586,,,,,,348.672790527344,88.4348449707031,75.0774993896484,9.24702739715576,354.572052001953,87.3368453979492,75.7075347900391,394.030120849609,97.8176040649414,81.651725769043,14597,3592,6723.35107421875,1654.46850585938,0,306,140.943023681641,0,164,122,,,0.561929702758789,0.755380928516388,0.973474144935608,0.920390188694,38,10,17.5027294158936,4.60598134994507,0.719454288482666,17.4149724416069,249.009958847737,115.744891418388,,,,399.428205639553,185.662350634984,,,26922,535.75152120399
2013,AL,27010,10ª Região de Saúde,81.666786163563,100,81.666786163563,82.5691411935953,84.061135371179,94.6870451237263,82.6783114992722,93.0494905385735,100,93.4497816593886,,,,3.75854206085205,47.7980270385742,48.177677154541,,,,,,548.746459960938,175.725738525391,137.028015136719,12.1387281417847,390.580078125,101.16096496582,120.749984741211,431.692016601562,113.006286621094,128.719512939453,6828,2049,4331.60791015625,1299.86291503906,0,153,97.0615081787109,0,79,88,,,0.558262288570404,0.501167297363281,0.564447581768036,0.520516157150269,0,0,0,0,2.7989239692688,17.9328360215494,383.02994291187,202.166444260828,,,,614.404996135356,324.288154760141,,,23683,539.435097649608
2013,AL,27005,5ª Região de Saúde,93.6213506209009,93.6124456238618,90.0281843156287,100,100,100,98.3678227921889,99.5628096764792,100,98.6009909647333,,,,4.03248405456543,43.0411643981934,52.7303276062012,,,,,,521.720275878906,161.629287719727,117.863723754883,3.98671102523804,442.917114257812,118.475112915039,116.506942749023,496.272796630859,133.746643066406,126.899459838867,11888,2576,5151.337890625,1116.23876953125,7,286,123.930236816406,3.03325748443604,111,115,,,0.498320877552032,0.480987966060638,0.68031632900238,0.50547069311142,16,0,6.93315982818604,0,3.2117862701416,19.7252472757841,417.706606463043,169.534003528212,,,,670.028624860507,271.943592688076,,,32603,384.687812728176
2013,AL,27007,7ª Região de Saúde,100,99.9037708670783,92.9690970997775,98.0744544287548,93.5931847356751,99.7549305636597,98.296183918777,100,100,100,,,,12.3672780990601,42.2055969238281,45.3667945861816,,,,,,577.941467285156,187.141098022461,95.8053588867188,11.5332889556885,418.985717773438,113.979034423828,85.4233474731445,466.856231689453,128.628158569336,91.2268218994141,28011,5478,5443.41552734375,1064.54711914062,56,771,149.829467773438,10.8825559616089,409,510,,,0.991089880466461,0.794815242290497,1.09602880477905,0.79855614900589,133,23,25.8460693359375,4.46962118148804,4.16374349594116,19.5421110652521,504.237431992709,144.731851239006,,,,808.829709498884,232.159323694505,,,76861,456.550140420551
2013,AL,27004,4ª Região de Saúde,96.1561269764152,100,94.0127033573159,92.596991290578,92.4386381631037,100,93.0720506730008,96.3974663499604,100,93.784639746635,,,,2.55658006668091,55.0712471008301,41.9949722290039,,,,,,574.456237792969,178.471832275391,128.276626586914,5.21844673156738,449.171295166016,116.274017333984,116.867179870605,500.297607421875,133.387573242188,126.30721282959,8104,1640,5649.7490234375,1143.33520507812,0,206,143.614059448242,0,82,80,,,0.557724475860596,0.571667611598969,0.781685709953308,0.618377029895782,0,0,0,0,2.57250428199768,16.5454738068872,455.50968908101,149.013174994321,,,,730.667233563588,239.026846074978,,,24086,531.494339997464
2013,AL,27001,1ª Região de Saúde,58.2863197038476,42.2105060386271,44.7107154223689,100,74.597413220183,86.427074280456,71.9646234855069,96.5799294514595,100,83.0018915188385,,,,3.0901198387146,47.9898719787598,46.8168678283691,,,,,,616.819702148438,177.98210144043,128.79638671875,1.66622591018677,473.425689697266,117.713134765625,118.540863037109,527.297607421875,133.571914672852,127.592491149902,64148,8866,5232.4453125,723.184814453125,130,2067,168.601745605469,10.6038827896118,796,2101,,,1.71375060081482,0.649283885955811,2.06565690040588,0.662885427474976,925,126,75.4507064819336,10.2776098251343,24.4035320281982,21.9492904358135,472.396079442577,216.947210520665,,,,757.754104438395,347.997467321229,,,124384,265.307369824333
2013,AL,27008,8ª Região de Saúde,100,100,100,91.3613575009641,91.9398380254531,94.7165445430004,94.4465869649055,96.3748553798689,100,96.6448129579638,,,,4.54176807403564,48.2968368530273,46.9991874694824,,,,,,735.551879882812,247.308609008789,133.852600097656,9.27209663391113,465.3515625,122.701789855957,106.63729095459,516.39453125,138.762100219727,113.673683166504,9294,2057,5923.93359375,1311.11804199219,16,151,96.2463912963867,10.1982927322388,62,85,,,0.541784346103668,0.395183861255646,0.947644531726837,0.52776163816452,30,2,19.1217994689941,1.27478659152985,28.2409858703613,18.4163517702617,464.112018930425,143.977274673787,,,,744.465931382627,230.948933697021,,,24904,495.936234158778
2013,AL,27003,3ª Região de Saúde,91.7331305412323,98.7804651852951,91.7331305412323,91.8223732103858,83.669012375637,94.2004367871876,87.2603736957049,95.729191943703,100,87.8427566124727,,,,3.21027278900146,50.6955604553223,45.8801498413086,,,,,,641.804321289062,196.711212158203,130.536468505859,11.5112991333008,511.670623779297,145.239486694336,123.188247680664,568.3623046875,163.031356811523,134.543182373047,12067,1850,5469.38720703125,838.515502929688,0,245,111.046646118164,0,97,116,,,0.525771915912628,0.43965408205986,0.741519689559937,0.479766845703125,4,0,1.8130065202713,0,2.0264880657196,18.3744896966521,404.052982081797,146.797811336589,,,,648.127321345122,235.473258360086,,,34779,465.68572675029
2013,AL,27009,9ª Região de Saúde,92.9975704738015,100,91.1559106776361,94.0253748558247,86.7820069204152,91.4648212226067,87.5893886966551,92.6643598615917,100,93.4025374855825,,,,3.30413007736206,48.0100135803223,48.4355430603027,,,,,,550.772338867188,167.923599243164,127.331382751465,5.43056631088257,377.558624267578,89.6424179077148,103.111434936523,420.009155273438,100.505859375,111.777168273926,11433,1385,4885.1669921875,591.791809082031,10,248,105.967056274414,4.27286529541016,122,102,,,0.435832262039185,0.521289527416229,0.654175639152527,0.525562405586243,15,0,6.40929794311523,0,1.74247443675995,16.4375636510253,568.568904009618,134.21672287022,,,,912.02158404386,215.292372365132,,,39672,576.24366826476
2013,AL,27006,6ª Região de Saúde,100,100,100,83.4981633229726,90.7883582933032,93.9248375247245,91.2122068380899,93.3597061316756,100,92.9641141565414,,,,3.53717017173767,55.4556350708008,40.6474838256836,,,,,,532.957214355469,166.765640258789,108.372924804688,8.63509750366211,405.185943603516,106.209259033203,103.085922241211,450.005798339844,120.183563232422,110.507270812988,10215,2263,5054.9287109375,1119.853515625,28,407,201.405380249023,13.8558988571167,125,183,,,0.905581951141357,0.618566930294037,0.930324614048004,0.681908130645752,26,0,12.8661918640137,0,2.73010683059692,19.4204163141944,539.845863149329,173.179113096949,,,,865.947954200195,277.790586041826,,,31535,431.681151897891
2013,AL,27002,2ª Região de Saúde,99.3727780599289,100,99.3727780599289,96.9214804565894,89.1041162227603,100,93.3932895191975,99.792459356624,100,98.6163957108267,,,,3.08596611022949,57.2005882263184,39.1991195678711,,,,,,540.410339355469,205.664733886719,115.493408203125,5.37142848968506,462.976623535156,162.06169128418,118.228507995605,514.917236328125,182.564544677734,127.541038513184,7442,1044,4596.26708984375,644.786743164062,0,131,80.9071502685547,0,77,79,,,0.487913340330124,0.475561112165451,0.697592556476593,0.519411563873291,0,0,0,0,1.6138197183609,17.2120414198086,357.108051258665,142.976380031619,,,,572.824592212018,229.343433447932,,,26149,448.963910166744
2013,AM,13008,Triângulo,78.6182592356637,100,73.7796666209688,100,78.7211367673179,89.6269982238011,83.1616341030195,95.1332149200711,100,91.0834813499112,,,,5.76671028137207,59.1415481567383,33.9777183532715,,,,,,260.778015136719,66.1913681030273,64.5963897705078,7.9510703086853,273.711669921875,68.9741439819336,63.3792190551758,305.850708007812,77.9090270996094,66.5330581665039,5885,1468,4693.20703125,1170.7099609375,0,187,149.129943847656,0,80,50,,,0.398743152618408,0.637989044189453,0.507400691509247,0.694610595703125,17,1,13.5572671890259,0.797486305236816,1.78796434402466,22.1358632568156,422.859587397084,218.244548580919,,,,678.294342174397,350.078482136511,,,15588,476.97546148834
2013,AM,13009,Alto Solimões,72.9985484832514,100,68.6830941498691,100,82.5008611780916,100,92.3010678608336,100,100,100,,,,2.7285783290863,58.5607147216797,36.7959136962891,,,,,,329.164489746094,88.8490219116211,104.080284118652,6.2982006072998,295.371490478516,76.9392166137695,92.3596572875977,323.882446289062,85.5054092407227,96.5467681884766,5563,1395,2353.65307617188,590.211364746094,0,288,121.850090026855,0,158,85,,,0.35962700843811,0.668483138084412,0.419176995754242,0.728667795658112,28,0,11.8465366363525,0,0.508131802082062,18.974189603389,290.135010638076,155.584557010513,,,,465.395469436796,249.567771182734,,,29654,515.349585534611
2013,AM,13002,Rio Negro e Solimões,90.0337648806653,100,86.0444924656081,100,69.7780203784571,78.7481804949054,63.2278020378457,95.2874818049491,99.4177583697234,78.056768558952,,,,4.35253763198853,58.1181144714355,33.5560760498047,,,,,,314.324859619141,81.6284332275391,67.2234115600586,8.46063423156738,293.586944580078,72.512077331543,72.3469161987305,325.956268310547,81.0112075805664,77.3498001098633,11599,2466,4284.19970703125,910.84033203125,0,337,124.47412109375,0,167,156,,,0.576200723648071,0.616830229759216,0.620062112808228,0.619692742824554,0,0,0,0,1.05710661411285,22.9045903609167,425.870109838535,235.596724817906,,,,683.123416410586,377.91250391762,,,31616,435.078260955245
2013,AM,13003,Rio Madeira,78.1647512939732,100,74.655671550136,100,75.4200988467875,88.995057660626,71.1037891268534,92.0922570016474,93.9703459637562,83.0642504118616,,,,4.91586923599243,50.7093353271484,44.1108551025391,,,,,,284.006896972656,62.49267578125,59.1448554992676,10.609037399292,258.057312011719,55.5142364501953,53.6058540344238,288.524566650391,62.6327476501465,57.3605155944824,6374,1565,3556.5029296875,873.223571777344,0,257,143.398376464844,0,80,74,,,0.412898033857346,0.446376264095306,0.412619054317474,0.479296505451202,0,0,0,0,0.666216552257538,21.7992391897852,264.531925591164,164.87669289174,,,,424.326452091274,264.472962841623,,,19264,362.571144166386
2013,AM,13001,Manaus,57.7523017829293,38.9995354911246,36.8671294720387,100,76.6033819141115,84.1305193962721,74.9059378108377,93.7594602776456,97.0959650564373,81.8362669203823,,,,4.63853788375854,53.6251029968262,34.1801338195801,,,,,,454.794982910156,86.3688888549805,91.5414581298828,13.6767654418945,415.352264404297,74.2991027832031,97.3204193115234,463.028533935547,84.1826019287109,104.046737670898,109501,19534,4759.677734375,849.083984375,202,2946,128.0537109375,8.78032970428467,1585,2868,,,1.24663293361664,0.68895161151886,1.28794825077057,0.648201286792755,1197,214,52.029972076416,9.30193328857422,25.006986618042,21.2939330336598,336.899003429581,255.328250005569,,,,540.407962172772,409.563156512841,,,179950,211.317205565491
2013,AM,13005,Baixo Amazonas,79.2737437773129,100,72.0175347041019,100,78.377239199157,95.5110642781876,80.0632244467861,100,99.8103266596417,93.4246575342466,,,,4.44123125076294,61.8260688781738,33.381534576416,,,,,,350.916900634766,110.151336669922,75.7562561035156,14.5161294937134,291.334197998047,87.587890625,75.6436996459961,323.88720703125,98.1404571533203,80.4665756225586,10593,1634,4611.98876953125,711.412231445312,0,323,140.627990722656,0,139,83,,,0.3613660633564,0.605179309844971,0.491327226161957,0.61562842130661,6,0,2.61228466033936,0,0.641751289367676,20.41506051262,337.410380385616,146.491985791277,,,,541.228244144223,234.982694250248,,,29099,488.693762809896
2013,AM,13006,Regional Purus,77.9770951158947,100,72.1719776432386,100,74.3805309734513,84.2035398230089,76.5486725663717,84.6017699115044,99.3805309734513,85.1327433628319,,,,1.61616158485413,52.6868705749512,44.4040412902832,,,,,,316.064758300781,81.8238677978516,74.604118347168,17.5126895904541,295.155456542969,73.2539672851562,75.9008560180664,326.530944824219,83.8673400878906,80.0032119750977,4581,1261,3674.8544921875,1011.56762695312,0,177,141.988479614258,0,51,42,,,0.336921811103821,0.409119337797165,0.390267759561539,0.433185189962387,0,0,0,0,0.418745696544647,19.4480181508702,316.260492745386,189.171815232321,,,,507.302445719506,303.443922746988,,,17719,513.827200643645
2013,AM,13007,Regional Juruá,71.7219930814263,100,71.7219930814263,100,51.7884322678843,71.9178082191781,62.2526636225266,76.5601217656012,75.5327245053273,74.2009132420091,,,,10.0807867050171,55.6023902893066,34.0709533691406,,,,,,313.025207519531,74.0746612548828,74.0746612548828,24.9363861083984,313.761901855469,79.3102340698242,79.1254730224609,344.460693359375,85.3739624023438,83.975456237793,5390,1686,4293.14453125,1342.90197753906,0,212,168.858367919922,0,58,41,,,0.326565712690353,0.461971014738083,0.364797800779343,0.479095816612244,0,0,0,0,1.75548994541168,15.9371540863854,269.945961339317,150.004583111055,,,,433.010918343788,240.617129318893,,,17689,558.077005720048
2013,AM,13004,Médio Amazonas,100,100,98.1581117700192,100,81.6823644040273,93.73173108152,77.2003897369276,100,100,94.4462487820721,,,,3.70710778236389,53.8296585083008,41.2990188598633,,,,,,374.618927001953,91.7690658569336,68.5125274658203,16.9463081359863,318.178894042969,67.9558563232422,67.0308456420898,353.417022705078,75.1825714111328,71.9680938720703,6054,1472,3805.27368164062,925.233337402344,0,232,145.824829101562,0,118,77,,,0.483987540006638,0.7416952252388,0.587227761745453,0.711681723594666,0,0,0,0,1.04654455184937,19.9933401304939,406.54187075651,203.475731350304,,,,652.119661016906,326.388336597191,,,18257,415.389797042748
2013,AP,16002,Área Norte,93.6315631457182,96.6709640958621,85.8414425233562,92.4347826086957,67.304347826087,90.7826086956522,74.9565217391304,95.304347826087,100,94.2608695652174,,,,10.4253540039062,68.7239379882812,19.0992488861084,,,,,,268.976898193359,33.0032997131348,47.8547859191895,23.3128833770752,284.588989257812,37.513614654541,46.7828903198242,309.606872558594,40.7957153320312,48.6635437011719,2450,495,4042.904296875,816.831665039062,0,113,186.468643188477,0,25,19,,,0.313531339168549,0.41254124045372,0.417904287576675,0.495049506425858,0,0,0,0,1.51650166511536,15.7403109164737,263.387731443566,99.0071379385269,,,,422.491090094537,158.813903007289,,,6340,342.050489416437
2013,AP,16001,Área Central,81.8020756960376,68.351978189496,58.8928761097147,100,70.6436268323464,82.5356761479468,71.1969711678478,82.4968449665081,86.2246383846228,79.7107076982817,,,,4.85765314102173,61.7119216918945,33.1485481262207,,,,,,388.769592285156,71.9123001098633,91.0486297607422,7.5647668838501,398.285766601562,72.6963958740234,100.151672363281,439.080352783203,81.8512191772461,105.959777832031,24680,3310,4971.41650390625,666.749938964844,26,744,149.867660522461,5.2373104095459,378,540,,,1.0877491235733,0.761424362659454,1.18141639232635,0.805186152458191,169,24,34.0425186157227,4.8344407081604,12.0222463607788,16.4192667656049,242.027935616729,160.732092650192,,,,388.228585255694,257.824753889518,,,28229,187.760773854246
2013,AP,16003,Área Sudoeste,100,95.7915446455829,89.4274148867607,100,91.6689429117727,100,97.6509150505326,100,100,100,,,,3.49107837677002,62.9945678710938,31.6783027648926,,,,,,312.614837646484,61.244815826416,71.363525390625,10.9028959274292,324.623840332031,70.4297561645508,82.2613677978516,360.376556396484,79.9550399780273,88.3491439819336,9721,1317,5177.05078125,701.386291503906,0,166,88.4055557250977,0,88,79,,,0.420725256204605,0.468655973672867,0.762497961521149,0.530433356761932,22,0,11.7163991928101,0,4.63223838806152,18.3874614145859,232.737200257031,104.627016393797,,,,373.32564012463,167.828554379821,,,19039,369.214696501969
2013,BA,29023,Seabra,78.9399444808053,98.2012683653434,77.8854183123068,100,87.6929012345679,93.0941358024691,90.5478395061728,97.6466049382716,100,82.445987654321,,,,4.46019172668457,37.4739456176758,57.4822845458984,,,,,,476.915954589844,128.612747192383,68.9982528686523,19.5601844787598,277.209625244141,55.9664192199707,59.2196159362793,305.645080566406,62.5682144165039,62.4484939575195,14324,6826,7906.64794921875,3767.85668945312,0,308,170.011703491211,0,101,60,,,0.331191629171371,0.557505905628204,0.587865114212036,0.555711925029755,4,0,2.20794415473938,0,1.68852531909943,19.9160576914736,344.085525955487,175.630107303198,,,,551.93561275588,281.722140516052,,,29555,575.950280992165
2013,BA,29017,Paulo Afonso,88.5733474047779,95.7689724647414,88.5733474047779,100,100,96.0891089108911,93.2425742574257,100,100,90.4455445544555,,,,5.04385948181152,37.6370620727539,56.9353065490723,,,,,,536.343811035156,170.358444213867,125.527275085449,3.26747727394104,350.896301269531,89.7771148681641,102.141082763672,390.267883300781,100.339538574219,110.567687988281,10026,1789,4086.15747070312,729.117858886719,0,243,99.0361328125,0,171,182,,,0.741752088069916,0.696920931339264,0.801662862300873,0.721374273300171,33,0,13.44935131073,0,6.38599634170532,22.2041300037841,465.988435191325,204.126356064202,,,,747.475825378804,327.431981049083,,,36535,478.049786897209
2013,BA,29001,Alagoinhas,84.4960515499663,96.5843082712918,83.4114452456922,79.8025613660619,82.5640341515475,94.1835645677695,86.832977588047,92.75613660619,100,85.4589114194237,,,,4.30730104446411,47.7051277160645,46.1516723632812,,,,,,585.773254394531,172.986465454102,95.2289505004883,13.2415599822998,389.947967529297,90.0051879882812,85.9059982299805,431.821838378906,100.562324523926,91.8596115112305,21948,4301,4213.88134765625,825.765563964844,10,631,121.148124694824,1.91993856430054,345,458,,,0.879331886768341,0.662378787994385,0.811318039894104,0.679082274436951,123,5,23.6152439117432,0.959969282150269,8.20063400268555,21.6835743421431,380.813355341093,194.592181679364,,,,610.849445184159,312.138543853186,,,73364,391.238203077755
2013,BA,29019,Ribeira do Pombal,85.1669116786137,97.894089791458,85.1669116786137,78.5763332570382,84.6646829938201,89.9748226138704,78.7136644541085,87.2510872053101,100,79.6749828336004,,,,4.61697196960449,46.6339950561523,48.5168952941895,,,,,,541.821533203125,161.400253295898,86.4312286376953,18.7535743713379,299.861145019531,66.302864074707,68.3835983276367,332.383972167969,74.6731414794922,73.2782211303711,15207,5040,4710.96630859375,1561.33825683594,7,409,126.703842163086,2.1685254573822,186,132,,,0.408921927213669,0.576208174228668,0.596964061260223,0.624225556850433,35,0,10.8426265716553,0,1.01301109790802,19.7707665184816,284.982829317448,152.989288937908,,,,457.131034754942,245.404792022418,,,54413,530.945824607908
2013,BA,29025,Serrinha,77.0793686239674,100,75.5227669415897,99.6849880512709,80.4040842928525,93.6237236584836,79.4155985227026,96.1764066912883,100,82.0117314794699,,,,5.21790361404419,47.3262672424316,46.4428749084473,,,,,,541.002868652344,144.224319458008,83.7535858154297,27.1966533660889,315.756591796875,72.1654739379883,69.6969680786133,349.016174316406,81.6140747070312,74.1169052124023,34832,11580,5631.86279296875,1872.3291015625,0,1022,165.243560791016,0,315,256,,,0.41391733288765,0.509312331676483,0.659882843494415,0.536556482315063,116,0,18.7556285858154,0,2.90356540679932,20.6492116917386,313.898101457051,137.220595283563,,,,503.513016101172,220.110779522757,,,103526,531.438841992305
2013,BA,29015,Jequié,84.8919847982338,100,77.942317966915,100,95.6367459587331,98.5017742147457,97.8183729793665,100,100,94.5459324484164,,,,4.21461248397827,47.4837112426758,47.7471237182617,,,,,,623.923645019531,189.8984375,97.7301559448242,18.8474998474121,366.274383544922,91.3728790283203,79.9989700317383,405.236053466797,102.507423400879,85.1730804443359,43120,15735,8565.2939453125,3125.57739257812,10,1210,240.352630615234,1.98638534545898,456,302,,,0.599888384342194,0.905791699886322,1.11644792556763,0.957338392734528,225,16,44.6936683654785,3.17821645736694,4.78738737106323,18.4310341177284,378.081608052356,178.205933352659,,,,606.467544464807,285.853933403923,,,73640,412.303746664115
2013,BA,29026,Teixeira de Freitas,88.4281171729857,100,86.3035364825914,99.861476658817,82.9893337027289,90.0263194348248,85.3165258346031,98.1437872281479,100,86.8125779193794,,,,2.41827130317688,47.395133972168,49.0520973205566,,,,,,571.150146484375,141.58088684082,92.8549957275391,14.24547290802,410.230133056641,82.5180740356445,81.9629058837891,453.827392578125,91.6989288330078,88.2135314941406,27387,7039,6294.60302734375,1617.83740234375,22,733,168.472045898438,5.05645990371704,336,336,,,0.77225935459137,0.77225935459137,0.864367365837097,0.809435784816742,125,12,28.729887008667,2.75806903839111,8.54036045074463,20.9226237219085,488.840072813113,208.431822167548,,,,784.131341702059,334.338229329509,,,49052,300.404957648587
2013,BA,29012,Itabuna,76.9859151606663,99.3456959058809,68.905416882933,83.3163654874014,67.9180453041486,78.8241282769152,73.568337999491,73.8737592262662,83.901756172054,69.6487655892085,,,,4.76914548873901,54.4097328186035,40.3925895690918,,,,,,681.109252929688,190.401000976562,109.51927947998,15.7954549789429,422.106414794922,96.8164596557617,91.587516784668,466.677001953125,108.541877746582,97.7634735107422,31624,9428,6119.1474609375,1824.28930664062,34,1233,238.581741333008,6.57889652252197,529,463,,,0.895890891551971,1.02359890937805,1.30049300193787,1.09195172786713,188,32,36.3774261474609,6.19190263748169,8.68801307678223,18.3235851444632,403.333697541724,158.19988545419,,,,646.973542056474,253.762928485879,,,67232,344.176115195006
2013,BA,29022,Santo Antônio de Jesus,91.9701591268237,98.7835801697843,90.2061666237918,88.2687927107062,79.2385291246339,92.7107061503417,87.3901724698991,94.2238854539538,100,82.5903026358607,,,,3.61141204833984,47.4720115661621,47.9776077270508,,,,,,600.70703125,200.534759521484,95.1082077026367,12.2852878570557,366.310760498047,98.5278167724609,80.3174133300781,408.143402099609,111.248352050781,86.2430419921875,27771,7851,6229.36328125,1761.07202148438,30,976,218.928329467773,6.72935438156128,326,320,,,0.717797815799713,0.731256484985352,0.976261079311371,0.751220226287842,86,20,19.2908153533936,4.48623609542847,3.80926322937012,20.1872319680542,378.586786068426,163.466908235416,,,,607.277882932478,262.211576356442,,,65873,403.108502243422
2013,BA,29006,Feira de Santana,77.5132700659482,98.6772674004458,69.3237436521979,100,85.2454080096357,97.9825353809094,90.2137910267992,100,100,83.1195423065342,,,,28.9863395690918,33.0014038085938,32.6503257751465,,,,,,587.517822265625,151.808303833008,94.0960540771484,16.6564979553223,379.733642578125,78.6520538330078,80.2682266235352,421.984252929688,89.0918350219727,85.6424865722656,53283,9342,4774.9716796875,837.18603515625,79,1661,148.850997924805,7.07960796356201,933,1088,,,0.975014388561249,0.836110651493073,1.41876685619354,0.896690607070923,443,34,39.6995735168457,3.04691982269287,11.6942577362061,23.0942910470536,381.327269169368,167.460422156975,,,,611.673796464049,268.617433002762,,,129955,336.656373485737
2013,BA,29010,Irecê,80.3359424646204,96.3644478963879,79.7907483432353,99.0387503754881,77.6809852808651,91.5740462601382,84.0943226194052,94.0072093721838,100,82.8927605887654,,,,3.65149450302124,48.7941589355469,46.9429359436035,,,,,,509.163208007812,127.7841796875,90.7810363769531,13.081395149231,331.896942138672,66.7717437744141,73.0952911376953,366.577392578125,75.2700653076172,78.002555847168,31975,15272,7887.8359375,3767.4130859375,20,826,203.763961791992,4.93375205993652,284,186,,,0.458838939666748,0.700592815876007,0.805249989032745,0.772872269153595,69,0,17.0214443206787,0,1.40636599063873,21.0976036266849,336.136307867894,174.086750172385,,,,539.184548775719,279.246495074906,,,67134,504.555775457885
2013,BA,29028,Vitória da Conquista,73.3669169487962,97.0805473365819,67.2677412168543,99.6160630901733,89.6440801079174,95.8182006848604,96.4823077721283,96.3681643665041,100,93.4211891667531,,,,1.01207971572876,44.379150390625,51.311351776123,,,,,,632.093811035156,163.606216430664,109.949584960938,14.7448482513428,372.847900390625,75.3043975830078,87.6907043457031,413.260772705078,84.9041900634766,94.1935424804688,38639,9987,5992.01953125,1548.75390625,40,1288,199.739166259766,6.20307970046997,483,591,,,0.916504979133606,0.749021828174591,1.30415868759155,0.778835415840149,322,19,49.9347915649414,2.94646286964417,8.02058219909668,21.6767709356477,432.44656399227,163.77092539977,,,,693.672477557588,262.699239705343,,,82757,377.877649488168
2013,BA,29011,Itaberaba,86.4190079240466,100,86.3610967239389,98.4560870665654,79.8785117691724,89.6481903315616,83.371298405467,84.9152113389015,100,75.7276638825614,,,,3.70578336715698,55.2779350280762,40.5109481811523,,,,,,579.128967285156,163.354309082031,86.2702484130859,19.1034488677979,358.675384521484,81.8839950561523,71.4290390014648,399.025238037109,92.0546646118164,76.5402069091797,15361,5810,6135.1728515625,2320.51000976562,0,461,184.123077392578,0,141,101,,,0.403393298387527,0.563153028488159,0.684270858764648,0.583122968673706,31,0,12.3813781738281,0,1.92869925498962,20.4057515783681,381.636485872224,171.603572911651,,,,612.169800211638,275.26331688344,,,41463,521.569749281885
2013,BA,29024,Senhor do Bonfim,80.3127849273022,100,74.6406870967517,97.0252739879222,85.7526280474167,97.8751957056587,89.7785730261686,96.7345112950123,100,79.0650861104898,,,,5.89073657989502,41.0451316833496,52.3040390014648,,,,,,559.289855957031,133.68391418457,93.1012954711914,25.1219520568848,343.792205810547,70.3421173095703,77.2508392333984,380.915405273438,78.8831024169922,83.5925064086914,22517,6618,7678.9814453125,2256.93920898438,0,400,136.412155151367,0,98,122,,,0.416057080030441,0.334209769964218,0.65179431438446,0.574465692043304,69,0,23.5310974121094,0,5.67986106872559,19.2437595105838,361.077879296938,141.564517932548,,,,579.19245515759,227.078714609169,,,47750,451.450098111561
2013,BA,29002,Barreiras,66.4390418478235,96.4231306795375,64.9156321183133,100,100,100,100,100,100,94.6739130434783,,,,1.66458594799042,36.3434600830078,61.8393669128418,,,,,,435.840454101562,87.7295608520508,87.0277252197266,13.3655395507812,349.175079345703,62.5675468444824,83.7063903808594,385.449401855469,70.529899597168,88.7984466552734,22109,4913,5172.30078125,1149.37414550781,24,720,168.44075012207,5.61469173431396,323,334,,,0.781377911567688,0.755643963813782,0.906363308429718,0.816352784633636,164,1,38.3670616149902,0.233945488929749,4.37969350814819,20.1346652757694,490.331987430414,258.113994049312,,,,786.524469998266,414.031671546988,,,51319,382.891511655782
2013,BA,29003,Brumado,92.3123551613088,99.5704418063396,90.6210633186738,100,97.3579920739762,100,100,100,100,100,,,,7.19553518295288,28.4034290313721,64.2216491699219,,,,,,533.154113769531,160.835647583008,89.1884384155273,10.6116771697998,275.039367675781,58.245964050293,71.496826171875,304.072814941406,66.855712890625,75.9112777709961,22689,7143,5605.5302734375,1764.7451171875,0,616,152.188568115234,0,312,247,,,0.610236644744873,0.770825266838074,0.813628315925598,0.834690093994141,105,0,25.941234588623,0,2.28455805778503,19.9902514870621,438.780403819314,177.680190489347,,,,703.832369509827,285.010607580761,,,58839,405.144835740511
2013,BA,29009,Ilhéus,65.8382969811576,73.315182910679,56.5433916241138,86.9444444444444,54.1865079365079,67.4603174603175,61.8849206349206,72.2023809523809,77.7777777777778,60.0595238095238,,,,8.37742519378662,65.7186965942383,25.1763668060303,,,,,,665.804077148438,190.319458007812,96.1019058227539,16.1792449951172,444.952850341797,107.513618469238,82.2326431274414,493.449584960938,121.281715393066,87.8793716430664,17595,4066,5525.859375,1276.9619140625,14,483,151.69026184082,4.39681911468506,290,279,,,0.876223266124725,0.910769701004028,1.22749769687653,0.945865750312805,107,7,33.6042594909668,2.19840955734253,7.98273944854736,17.93044762146,326.092690354869,148.268713942271,,,,523.073931594298,237.832682019994,,,42456,351.345357704553
2013,BA,29008,Ibotirama,71.1451835985641,95.0294112898452,64.5417704896859,100,85.3457172342621,100,100,100,100,100,,,,1.08505427837372,50.8575439453125,47.5323753356934,,,,,,520.906494140625,164.442016601562,96.7918167114258,12.8871126174927,322.23388671875,79.603141784668,78.8290786743164,356.311462402344,89.5751342773438,85.2425842285156,9739,3085,5068.04052734375,1605.39123535156,0,247,128.535369873047,0,105,64,,,0.333047121763229,0.546405434608459,0.521036624908447,0.592979967594147,28,0,14.5708112716675,0,0.925766944885254,18.9325863823113,304.229879648568,153.273462131364,,,,488.004558099903,245.860624348475,,,32397,566.115935510192
2013,BA,29018,Porto Seguro,88.1346491890337,99.6105424201071,87.1689824245515,100,95.0531743474057,100,98.4531098936513,100,100,96.954560103126,,,,2.98889827728271,48.095645904541,48.2322807312012,,,,,,529.523559570312,149.118698120117,110.109916687012,4.70219421386719,434.457305908203,112.838111877441,107.659797668457,484.031799316406,127.528007507324,115.630889892578,19084,3804,5279.74267578125,1052.40734863281,5,499,138.052383422852,1.38329041004181,323,297,,,0.821674525737762,0.893605589866638,1.05980789661407,0.932683527469635,137,13,37.902156829834,3.59655499458313,8.68485069274902,19.3836037672,430.673374938286,171.061192532992,,,,690.828166730143,274.393303401151,,,40240,299.284320704401
2013,BA,29021,Santa Maria da Vitória,89.8493134784894,100,85.2406409809986,100,97.5521305530372,100,100,100,100,95.5122393472348,,,,2.58403849601746,43.6542434692383,53.4415740966797,,,,,,420.686950683594,102.410667419434,77.979362487793,22.2752590179443,269.967468261719,49.7266883850098,66.1160583496094,296.874145507812,55.4562644958496,69.8761444091797,15791,7006,5284.85888671875,2344.73583984375,0,483,161.648208618164,0,190,128,,,0.428384482860565,0.635883212089539,0.731935083866119,0.689933300018311,25,0,8.36688423156738,0,1.70717906951904,20.3733670608274,407.566954957803,193.66817434253,,,,653.763962895621,310.656375853732,,,46094,483.894709917776
2013,BA,29013,Itapetinga,82.6607242247273,99.6947091221745,78.6109472739809,82.4061386681282,74.020279528638,84.0504247739107,83.17347218416,82.9816388051521,100,69.6629213483146,,,,3.82653069496155,51.7857131958008,43.7818870544434,,,,,,558.709167480469,180.543579101562,102.877311706543,16.5211067199707,338.184204101562,85.218994140625,83.2983703613281,375.234252929688,97.0174102783203,90.1796188354492,14952,6302,6079.92724609375,2562.58032226562,0,554,225.272842407227,0,153,121,,,0.492021918296814,0.622143447399139,0.755009710788727,0.677750051021576,38,8,15.4519281387329,3.25303745269775,3.1928563117981,18.9793728558777,336.00737355711,160.390170460117,,,,538.977729736673,257.27628840853,,,31538,349.381956825261
2013,BA,29005,Cruz das Almas,92.1276343363252,100,92.1276343363252,90.6258850184084,87.5955819881054,98.8954970263381,95.4120645709431,97.5644293401303,100,90.6542056074766,,,,5.65631723403931,44.881649017334,48.6320304870605,,,,,,610.650512695312,203.421493530273,120.81770324707,5.94184589385986,392.653869628906,103.819717407227,102.052886962891,434.06640625,115.927146911621,109.135292053223,12657,2024,4885.58984375,781.262084960938,19,438,169.067581176758,7.33398199081421,192,164,,,0.633038401603699,0.741118133068085,0.874480843544006,0.783385038375854,31,0,11.9659700393677,0,3.45662140846252,19.5327943691959,375.348291644947,151.185436778613,,,,602.083126776822,242.511295575288,,,36005,402.704060447737
2013,BA,29007,Guanambi,85.0022002732486,98.1462409886715,81.8642189490758,100,100,100,100,100,100,100,,,,2.88022470474243,31.9107837677002,65.086051940918,,,,,,478.180358886719,116.809120178223,77.9471969604492,12.3773937225342,270.685028076172,46.260612487793,61.2079048156738,300.339080810547,52.7242469787598,65.4256057739258,28228,9523,6304.56591796875,2126.90869140625,20,818,182.695724487305,4.46688795089722,313,269,,,0.600796461105347,0.699068009853363,0.734914779663086,0.724752604961395,101,0,22.5577850341797,0,1.85241854190826,19.0767105135753,373.021917257536,159.616796905447,,,,598.351470615319,256.035746814691,,,62868,452.619346778611
2013,BA,29014,Jacobina,89.7642607990052,98.588146649384,86.2076233231113,88.5804085908853,85.6120132704732,91.4964204644666,88.0740352715209,93.5044525929806,100,84.6341889296316,,,,8.03839206695557,41.2117576599121,49.9700050354004,,,,,,574.355590820312,159.571868896484,79.6570358276367,25.3590660095215,342.196472167969,80.7212219238281,64.1926879882812,379.471984863281,90.6457061767578,69.3579177856445,24244,7895,6249.85498046875,2035.25012207031,0,899,231.752990722656,0,217,166,,,0.427931010723114,0.559403777122498,0.780200719833374,0.630940437316895,70,0,18.0452842712402,0,2.87616038322449,19.4688823333187,347.995978470517,149.916138935009,,,,558.208233491793,240.475259095304,,,63751,471.506854778079
2013,BA,29027,Valença,75.0961211210368,91.5228079161345,69.2904391075647,100,81.2543554006969,100,93.2404181184669,100,100,84.1347270615563,,,,3.89850068092346,60.1384086608887,35.2710494995117,,,,,,475.5654296875,136.535430908203,75.5232238769531,17.0596389770508,362.341735839844,89.9720840454102,73.4155960083008,400.094421386719,100.982940673828,78.1749496459961,20335,6618,6706.39599609375,2182.58813476562,0,435,143.461135864258,0,164,123,,,0.405648738145828,0.540865004062653,0.756304025650024,0.5779669880867,27,0,8.90448474884033,0,1.90424048900604,20.1746751578931,311.412402988863,174.130301868833,,,,499.525793728606,279.316354834913,,,43365,409.627699850493
2013,BA,29004,Camaçari,75.9839419213286,83.8895421030076,61.8635283085906,100,87.6015581524763,93.8786867000557,89.0150250417362,96.6388425153033,93.6338341680579,86.8113522537563,,,,6.17633724212646,49.2747039794922,44.0843162536621,,,,,,485.111450195312,106.981414794922,91.8491744995117,4.96916961669922,432.820404052734,90.7644500732422,96.4106674194336,480.66796875,101.349685668945,103.937507629395,21189,2668,3728.33764648438,469.451354980469,8,402,70.7344207763672,1.40765023231506,343,734,,,1.29151904582977,0.603530049324036,1.2874721288681,0.597019672393799,231,0,40.6459007263184,0,21.5139980316162,18.4850020074199,483.755852701104,350.526852181906,,,,775.975921228864,562.26791989919,,,57710,261.253365593875
2013,BA,29016,Juazeiro,79.2924568754899,100,74.3323155104638,86.4482835988333,84.4962979582679,92.6295714606237,89.4996634507516,94.9517612743998,100,86.0107695759479,,,,2.19843459129333,56.7679557800293,40.0897789001465,,,,,,516.407958984375,116.915222167969,91.0851135253906,15.5697631835938,364.590484619141,71.1028060913086,81.5370330810547,404.080718994141,80.1846923828125,87.5892181396484,32265,7351,6266.22900390625,1427.64758300781,31,812,157.699600219727,6.02055168151855,341,471,,,0.914735376834869,0.66226065158844,0.8569575548172,0.690129995346069,105,7,20.3921909332275,1.35947930812836,6.94810485839844,19.9832354814853,404.10870077803,147.930800203176,,,,648.216697765889,237.290646355669,,,75638,473.829072971698
2013,BA,29020,Salvador,42.2806000691515,37.1709153853846,30.6646596234161,100,83.7719396310788,96.0558971492454,86.036892118502,93.6500838457239,100,77.2163219675797,,,,5.15405130386353,45.8642158508301,47.8642616271973,,,,,,561.240844726562,125.045829772949,109.415100097656,3.61183643341064,396.198059082031,74.3616027832031,96.6390380859375,441.800598144531,84.5772933959961,103.380226135254,163318,23425,4985.8974609375,715.136352539062,551,6654,203.138412475586,16.8213500976562,4344,7330,,,2.23775863647461,1.3261696100235,2.53436088562012,1.31446945667267,3394,567,103.614639282227,17.3098106384277,26.5832901000977,16.4546777921768,352.639095056533,185.810133264472,,,,565.656095156079,298.051565740214,,,235586,190.393291230146
2013,CE,23019,19ª Região Brejo Santo,100,100,100,100,98.901443816698,99.7175141242938,97.5517890772128,100,100,100,,,,0.823994755744934,22.4126567840576,76.6644668579102,,,,,,537.8603515625,138.833145141602,117.110946655273,3.07287096977234,294.337005615234,45.4860420227051,86.5483703613281,327.369689941406,51.8543891906738,93.1432342529297,15469,5865,7304.79541015625,2769.57958984375,8,504,237.999664306641,3.77777242660522,135,125,,,0.590276956558228,0.637499094009399,0.776686429977417,0.631124138832092,77,0,36.3610610961914,0,1.77555310726166,20.3476850346086,478.432823968652,167.8089679874,,,,767.437436161802,269.176523234631,,,34741,496.156476498826
2013,CE,23003,3ª Região Maracanaú,95.63652766045,84.3519582803298,83.8128549920964,93.4901462174189,100,100,100,100,100,100,,,,1.50032615661621,38.7997398376465,59.2954978942871,,,,,,527.788757324219,123.673271179199,86.7067718505859,8.39750671386719,377.560516357422,68.9194259643555,82.311164855957,420.042694091797,77.7001953125,88.1238632202148,24466,3537,4735.19580078125,684.557678222656,0,440,85.1584320068359,0,270,284,,,0.549658954143524,0.522563099861145,0.931130051612854,0.707589149475098,105,0,20.3218994140625,0,12.2616529464722,25.642513149527,467.89689850692,237.746220842819,,,,750.537124939692,381.360435655906,,,60583,297.96320780424
2013,CE,23012,12ª Região Acaraú,96.9145272603394,100,96.9145272603394,100,100,100,100,100,100,100,,,,0.776754915714264,23.820484161377,74.7986221313477,,,,,,483.858520507812,151.914352416992,94.3229370117188,3.46766638755798,320.471923828125,70.0898895263672,84.3862380981445,354.733673095703,79.1644744873047,89.1316375732422,8704,1671,3947.05224609375,757.7578125,0,237,107.473731994629,0,129,111,,,0.503358006477356,0.584983587265015,0.665588915348053,0.674545049667358,17,0,7.70908641815186,0,0.906497836112976,24.7062623493226,370.655606910997,186.168289569128,,,,594.555754572162,298.626071799206,,,35384,520.812780193621
2013,CE,23018,18ª Região Iguatú,96.5091502235575,96.8431164594421,94.5749828342644,86.7585527935023,99.5077528919518,98.5478710312577,95.4467142505538,96.9234555746985,100,96.6281073098695,,,,0.720022141933441,19.9390754699707,79.2578201293945,,,,,,671.397888183594,204.077117919922,125.926651000977,4.66541004180908,341.224609375,72.6940460205078,90.0461883544922,378.858184814453,81.3906021118164,96.7465667724609,15239,3912,4821.5986328125,1237.75146484375,0,556,175.917633056641,0,207,162,,,0.512565791606903,0.654945135116577,0.821449935436249,0.702404975891113,44,0,13.9215393066406,0,1.88162267208099,21.4635653403284,384.852043561921,155.242923707994,,,,617.327764351183,249.019769096217,,,48932,426.747946591174
2013,CE,23014,14ª Região Tauá,87.5360656619057,100,87.5360656619057,100,94.4929482874412,96.5748824714574,91.3364674278039,90.7991940899933,100,90.8663532572196,,,,0.659340679645538,18.534797668457,80.2197799682617,,,,,,557.94482421875,164.668167114258,119.121650695801,4.23861837387085,271.205810546875,50.8758087158203,68.1668090820312,301.187225341797,56.4070587158203,74.2371292114258,7012,2154,6141.7724609375,1886.6767578125,0,141,123.501129150391,0,74,57,,,0.499259859323502,0.648161947727203,0.647286057472229,0.738379061222076,0,0,0,0,1.42945981025696,19.507366969261,395.953301665225,144.189775291812,,,,635.134905981432,231.289798540129,,,17285,414.764169874039
2013,CE,23011,11ª Região Sobral,99.1088013151167,99.7055225841526,99.1088013151167,100,99.2983225523517,100,100,100,100,99.8136169279684,,,,0.67217630147934,25.4214878082275,73.5206604003906,,,,,,591.249755859375,145.826782226562,118.186408996582,9.53788280487061,348.368499755859,64.2137451171875,91.0799102783203,386.835418701172,73.2391967773438,97.6985473632812,32833,5289,5215.61083984375,840.171936035156,74,1248,198.248168945312,11.7551002502441,566,451,,,0.716425716876984,0.899106323719025,1.16375494003296,0.953553080558777,322,50,51.1505699157715,7.94263505935669,3.55051684379578,20.6418006446337,533.025341682051,183.045338491357,,,,855.007393172808,293.616654701728,,,88750,412.904567913785
2013,CE,23020,20ª Região Crato,100,96.7884036370848,100,100,100,100,100,100,100,100,,,,0.792423665523529,25.4735221862793,73.2508697509766,,,,,,614.716064453125,163.099960327148,137.781188964844,4.74137926101685,352.271881103516,63.2993202209473,97.9328689575195,390.412078857422,70.7890777587891,105.314888000488,22613,6261,6657.36328125,1843.26501464844,11,714,210.204635620117,3.23844695091248,254,223,,,0.656521499156952,0.747786819934845,0.815279006958008,0.759783804416656,215,4,63.2969169616699,1.17761707305908,4.82675790786743,21.6975258584911,436.361136853416,167.891469584522,,,,699.951707597256,269.308861174259,,,51477,472.185936358953
2013,CE,23010,10ª Região Limoeiro do Norte,96.0697261640088,100,96.0699548943723,99.6628455832771,98.9548213081591,100,99.1908293998651,100,100,100,,,,0.626612603664398,22.4106159210205,76.188720703125,,,,,,650.705688476562,158.413177490234,119.819595336914,3.37931036949158,363.937438964844,59.0981903076172,78.5172882080078,403.562103271484,66.8155746459961,84.5048217773438,13410,3199,6017.90576171875,1435.59130859375,0,470,210.918395996094,0,149,103,,,0.462225407361984,0.668656170368195,0.725985586643219,0.713532447814941,71,0,31.8621406555176,0,2.97484683990479,26.487776644755,471.55963910079,234.404351133014,,,,756.412399607028,375.999858802493,,,31320,368.595600268746
2013,CE,23006,6ª Região Itapipoca,95.2984489322308,70.2428490081546,89.5396935110143,83.8451830037863,87.4842238115271,95.7719814892722,88.4728649558267,100,100,97.7702986958351,,,,1.40749144554138,45.1759376525879,52.2360954284668,,,,,,503.399780273438,128.214553833008,124.361114501953,5.70633268356323,316.484924316406,61.7534103393555,94.2162475585938,349.968048095703,68.7145385742188,101.397407531738,14427,1970,5053.9658203125,690.116638183594,0,252,88.2788772583008,0,148,111,,,0.388847440481186,0.518463253974915,0.582045078277588,0.566105842590332,42,0,14.7131462097168,0,1.35290884971619,20.6391341291106,325.339456982998,132.607653392062,,,,521.865696166499,212.711320035402,,,45847,506.134833227457
2013,CE,23002,2ª Região Caucaia,83.4536840780018,86.1216936600711,81.9015130218528,99.7379514640538,93.0044434316965,100,87.6723253959212,100,100,93.9956705024496,,,,3.2649359703064,39.6100196838379,56.1387596130371,,,,,,518.970764160156,125.785308837891,98.5516815185547,5.18202686309814,372.667205810547,68.2088623046875,90.3840637207031,414.282836914062,76.9421997070312,97.3453216552734,27380,4062,4660.35400390625,691.393676757812,0,566,96.3389511108398,0,290,380,,,0.646798610687256,0.493609458208084,0.697989284992218,0.549651145935059,29,0,4.93609476089478,0,8.0778341293335,20.885581754828,340.217052897616,160.94542208984,,,,545.730329805671,258.166948216535,,,70350,339.548274981646
2013,CE,23001,1ª Região Fortaleza,54.2555535584963,53.8576165290325,41.057415285625,100,87.7400221172213,95.4081632653061,83.1079722529406,98.984618477933,100,90.9595858047653,,,,4.40209913253784,46.4360313415527,44.5050201416016,,,,,,595.647644042969,104.451278686523,96.3741989135742,7.27933931350708,393.123260498047,52.6536560058594,83.2204360961914,439.537261962891,60.1893692016602,89.5129470825195,147807,27431,5426.58349609375,1007.10119628906,403,5550,203.762588500977,14.7957344055176,2372,5351,,,1.96456515789032,0.870855629444122,2.0317976474762,0.789130330085754,2866,322,105.222267150879,11.8219022750854,33.5410499572754,26.0668399421587,560.022893098763,273.814410196707,,,,898.313225473406,439.216162474851,,,212576,204.464198489361
2013,CE,23007,7ª Região Aracati,86.4337478751007,87.4626465062181,86.4337478751007,97.2583961617546,100,98.6977381768335,99.0404386566141,100,100,99.3831391363948,,,,1.18964314460754,27.0118961334229,71.1686477661133,,,,,,505.324737548828,133.118469238281,107.72087097168,5.19930696487427,306.752716064453,51.7743835449219,87.4917755126953,340.840881347656,57.8822555541992,95.160041809082,5235,604,4584.70556640625,528.970764160156,0,139,121.733345031738,0,95,92,,,0.80571711063385,0.831990480422974,0.908402264118195,0.820167422294617,19,0,16.6398086547852,0,3.83065938949585,22.2132293530098,411.80855025954,201.768692304994,,,,660.567758246866,323.650134695629,,,15647,394.604755596998
2013,CE,23004,4ª Região Baturité,98.6930289926144,100,98.6930289926144,84.2239185750636,98.4732824427481,100,97.0992366412214,100,100,100,,,,4.17112302780151,33.6363639831543,61.6042785644531,,,,,,610.230651855469,157.830810546875,97.4623413085938,8.93921375274658,355.732574462891,65.2952499389648,73.9478988647461,395.855438232422,72.189338684082,79.4640502929688,6976,1242,5073.8603515625,903.344970703125,0,197,143.284194946289,0,103,131,,,0.952803492546082,0.749150812625885,1.19627749919891,0.762242794036865,14,0,10.1826324462891,0,1.37101876735687,25.7881789747975,481.550477478202,237.628323600564,,,,772.438355614533,381.171320794229,,,22217,490.277590381184
2013,CE,23015,15ª Região Crateús,88.6908782914928,100,88.6908782914928,92.5566343042071,98.4316654219567,100,98.2325118247448,100,100,99.0789146128952,,,,1.43143427371979,33.1806488037109,65.0443725585938,,,,,,681.653442382812,205.737838745117,138.277313232422,5.41605138778687,342.585144042969,64.8745269775391,90.0813064575195,378.459350585938,73.6891021728516,96.1999816894531,16274,4766,5461.95361328125,1599.58654785156,2,380,127.537322998047,0.671249032020569,161,127,,,0.426243156194687,0.540355503559113,0.557136714458466,0.617968678474426,43,0,14.4318552017212,0,2.12920212745667,22.6114651457502,376.109295518752,169.932192275811,,,,603.30382659624,272.582313395052,,,49458,507.462628631484
2013,CE,23017,17ª Região Icó,88.5215565559332,100,88.5215565559332,89.2056074766355,99.2990654205608,100,97.196261682243,100,100,100,,,,1.38955438137054,29.5639667510986,68.9506454467773,,,,,,660.904357910156,194.725555419922,139.504867553711,3.69393134117126,348.8720703125,69.4063720703125,92.9541091918945,388.713714599609,79.6138916015625,100.177543640137,10144,3304,5896.40576171875,1920.51708984375,0,296,172.056015014648,0,118,74,,,0.430140018463135,0.685898959636688,0.643175601959229,0.663520038127899,79,0,45.920352935791,0,1.3282026052475,21.2936092005506,388.440606571385,159.957162446887,,,,623.084053337886,256.581715329798,,,28703,528.949904867064
2013,CE,23008,8ª Região Quixadá,91.8792584121257,100,91.8792584121257,93.6435124508519,100,100,100,100,100,100,,,,0.953061699867249,29.9976177215576,68.8348846435547,,,,,,642.697448730469,175.023101806641,110.690284729004,7.36015701293945,363.188018798828,64.2501907348633,85.0182418823242,403.14111328125,72.9578552246094,91.1982269287109,16614,2987,5239.34033203125,941.97119140625,8,614,193.629165649414,2.52285552024841,212,121,,,0.381581902503967,0.668556690216064,0.641278326511383,0.73147040605545,66,42,20.8135585784912,13.2449913024902,2.01576161384583,25.8295877583026,409.833118370394,187.84463396193,,,,657.399036728676,301.315037477323,,,50033,469.498342580205
2013,CE,23021,21ª Região Juazeiro do Norte,95.0635962472652,100,93.0908146994475,100,87.0291660559871,92.0709365381797,87.249010699106,98.6662758317456,100,94.4159460647809,,,,1.08260416984558,34.7174835205078,64.1405868530273,,,,,,630.211975097656,147.089782714844,132.816253662109,4.45297527313232,391.717102050781,61.7143173217773,106.022361755371,433.119476318359,69.458740234375,113.952323913574,20989,3702,5077.7421875,895.6025390625,57,1030,249.181686401367,13.7896661758423,315,541,,,1.30880868434906,0.762060523033142,1.29937362670898,0.671762406826019,284,51,68.7064056396484,12.3381223678589,7.53448009490967,19.1648161690572,447.797037710242,122.47917173186,,,,718.295638017752,196.464575230061,,,52293,383.173112693456
2013,CE,23016,16ª Região Camocim,93.5486432825943,90.9199205823958,86.5996029119788,95.8787878787879,95.1919191919192,99.1919191919192,89.6161616161616,100,100,97.8181818181818,,,,1.6400910615921,49.6127548217773,48.6104774475098,,,,,,525.84765625,175.282562255859,109.713897705078,8.76543235778809,360.573669433594,102.041915893555,100.462135314941,400.403289794922,116.446556091309,106.537910461426,6223,1358,4039.9384765625,881.606384277344,0,150,97.3792037963867,0,79,72,,,0.467420160770416,0.51286381483078,0.613002061843872,0.548244893550873,8,0,5.19355726242065,0,1.22243356704712,22.9608173471982,337.818500409937,156.873991879335,,,,541.882895266429,251.636108763793,,,24549,505.590574497626
2013,CE,23022,22ª Região Cascavel,95.2879788247471,93.7054385195782,93.9727661987059,99.7460757156048,100,100,100,100,100,100,,,,2.94978618621826,36.6133766174316,59.9864883422852,,,,,,524.367980957031,137.53385925293,90.1861343383789,6.14250612258911,324.351226806641,53.5362815856934,76.7577896118164,361.635284423828,61.7757949829102,83.2836837768555,14033,2585,4519.93603515625,832.611328125,0,291,93.7291641235352,0,165,185,,,0.595872700214386,0.531454026699066,0.688152432441711,0.605374455451965,21,0,6.76396036148071,0,5.30584383010864,26.1525127342797,374.473553087777,216.969369720222,,,,600.67998911152,348.033012121759,,,42157,382.1139543097
2013,CE,23005,5ª Região Canindé,85.4499371405779,100,78.3915056472501,97.6243504083148,100,99.8886414253897,100,100,100,96.2509279881217,,,,2.03045678138733,44.3576736450195,52.9871139526367,,,,,,591.906799316406,176.133209228516,120.068267822266,5.11316013336182,324.465423583984,64.0826797485352,87.7222747802734,360.028045654297,72.0441207885742,94.9109497070312,9716,1955,4820.59228515625,969.973022460938,0,232,115.106773376465,0,98,111,,,0.550726354122162,0.486226886510849,0.622420012950897,0.501359462738037,19,0,9.42684745788574,0,1.31182026863098,22.1203681637823,326.889006386418,141.141953559635,,,,524.35127441655,226.40089381027,,,34506,551.080751770793
2013,CE,23013,13ª Região Tianguá,98.8764231751436,97.7568365609704,95.1874733985954,100,100,100,100,100,100,100,,,,1.19772636890411,26.8777904510498,71.8432769775391,,,,,,602.314025878906,208.655303955078,118.907608032227,1.18343198299408,362.018188476562,81.5423126220703,94.6645889282227,402.151031494141,92.7031555175781,101.997894287109,15977,3425,5176.53076171875,1109.6962890625,0,385,124.739585876465,0,206,137,,,0.443878531455994,0.667437791824341,0.629853904247284,0.742281556129456,27,0,8.74797058105469,0,1.50789093971252,21.6936897268238,332.529298532077,149.473621116717,,,,533.398670679126,239.765431669358,,,48333,502.839653461154
2013,CE,23009,9ª Região Russas,92.1471940931552,98.4081799845485,90.5590036347421,95.8450988301735,98.7091569181121,98.9511899959661,96.1274707543364,97.0552642194433,100,96.2484872932634,,,,1.11158609390259,25.2244548797607,73.0226593017578,,,,,,637.269104003906,170.479629516602,98.9390716552734,4.9363055229187,369.304748535156,61.0329399108887,78.8355560302734,409.185699462891,69.0998916625977,84.675651550293,13441,4484,6819.6923828125,2275.09130859375,0,359,182.149368286133,0,131,90,,,0.456641852855682,0.66466760635376,0.808382928371429,0.716674029827118,81,0,41.0977668762207,0,2.22739744186401,21.8087364708365,367.76821664465,156.584154021922,,,,589.924192371177,251.171189947498,,,30175,417.691571564205
2013,DF,53001,Distrito Federal,59.7160993335176,20.754893654296,26.7034719610713,100,100,100,100,100,100,100,,,,5.17853116989136,27.2827301025391,66.3552627563477,,,,,,412.482055664062,85.0780410766602,79.979866027832,0.657433390617371,315.225921630859,56.6983909606934,73.2210159301758,351.270843505859,64.5696792602539,78.7282867431641,143063,25259,5172.7666015625,913.296325683594,367,4824,174.422637939453,13.2697162628174,3664,8055,,,2.91246771812439,1.32480216026306,3.22517371177673,1.19505178928375,2680,782,96.9014663696289,28.2749805450439,30.3223495483398,,,,,,,,,,,93272,79.3897405999523
2013,ES,32002,Metropolitana,60.9483567694861,49.707558526261,41.9128314834482,94.8657310887762,94.4643246102623,96.8416467000653,93.9789028222921,96.8540934125774,99.4181161900613,92.9458256837913,,,,1.82329988479614,31.9557285308838,65.0438232421875,,,,,,560.29150390625,131.205062866211,117.915412902832,0.948766589164734,366.973937988281,69.4426727294922,91.6128463745117,410.090270996094,78.8142700195312,99.590690612793,102051,15523,4931.71533203125,750.164306640625,199,3066,148.16748046875,9.61687183380127,1699,4974,,,2.40373468399048,0.821058511734009,2.46788740158081,0.850283682346344,1803,407,87.1317596435547,19.6686763763428,41.3402252197266,19.5491586743843,400.408072754919,268.302472123168,,,,642.280649192367,430.37465451068,,,91054,109.01510339368
2013,ES,32003,Norte,75.0024977520232,100,66.3564330564031,,,,,,,,,,,3.36134457588196,33.1504020690918,62.888011932373,,,,,,593.976013183594,160.314422607422,126.57698059082,1.57545602321625,398.028839111328,88.7533187866211,97.824577331543,443.365600585938,100.463287353516,106.559074401855,26871,6630,6617.2177734375,1632.6953125,10,615,151.449111938477,2.4625871181488,212,376,,,0.925932765007019,0.522068500518799,1.13100469112396,0.559253513813019,74,0,18.22314453125,0,13.3917951583862,22.8700308798939,404.331653537085,260.734446474408,,,,648.574328524529,418.235048050334,,,34686,224.785301788178
2013,ES,32001,Central,83.201466747657,99.4528008565751,76.0110915499,,,,,,,,,,,0.676718533039093,28.6358776092529,69.1321411132812,,,,,,557.333740234375,134.291351318359,119.698036193848,0.647249162197113,352.320648193359,65.7599945068359,91.1743850708008,393.319000244141,74.6179428100586,99.5100173950195,32878,6786,5391.00244140625,1112.69982910156,65,903,148.064834594727,10.6580438613892,466,895,,,1.46753072738647,0.764099776744843,1.54767096042633,0.767297208309174,408,42,66.8997192382812,6.8867359161377,23.6639728546143,24.630424406813,581.656270332747,319.060492887031,,,,933.014572722644,511.793828463967,,,36398,147.790198137664
2013,ES,32004,Sul,87.4797455726205,86.2816366212756,77.0219478563667,100,100,100,100,100,100,100,,,,0.830895245075226,40.5617332458496,55.810417175293,,,,,,647.151794433594,178.911209106445,149.425415039062,0.972947299480438,359.811431884766,77.2000885009766,101.140319824219,399.994689941406,87.2274932861328,109.94017791748,48895,11100,7508.8955078125,1704.64758300781,59,1116,171.386184692383,9.06073951721191,587,892,,,1.36986088752747,0.90146678686142,1.37473678588867,0.885456919670105,265,39,40.6965408325195,5.98930215835571,19.2087669372559,21.4065147890457,514.151293785437,322.62598524777,,,,824.732190046858,517.513110626263,,,39533,154.235720026018
2013,GO,52001,Central,73.6438779451526,47.0581454080875,57.7674777906528,100,99.02302033067,100,97.6267700340163,98.8648049996045,100,99.4422909579938,,,,4.85411739349365,22.8821086883545,72.0675354003906,,,,,,611.668090820312,131.907150268555,125.346031188965,1.30584836006165,407.533508300781,70.3845748901367,105.365417480469,454.877990722656,80.0007095336914,113.82901763916,114801,22197,6549.77197265625,1266.41137695312,454,4167,237.740966796875,25.9021835327148,1620,4935,,,2.81557869911194,0.924262940883636,2.62273859977722,0.904451191425323,3294,393,187.933456420898,22.4219341278076,26.03369140625,22.0797014924887,705.381910445469,286.010908411949,,,,1131.47856448632,458.780140637582,,,51814,77.7682548495357
2013,GO,52011,Pirineus,65.0347697921604,71.9924075673266,63.2297273606773,100,100,100,99.628079962808,100,100,100,,,,2.28440117835999,43.4171409606934,53.9605293273926,,,,,,651.936584472656,156.173645019531,137.665710449219,0.956937789916992,438.644104003906,87.1139221191406,114.28328704834,488.475036621094,98.6040725708008,123.3896484375,34247,6877,7121.80908203125,1430.10131835938,83,786,163.452041625977,17.2602024078369,283,802,,,1.6677930355072,0.588510513305664,1.43244087696075,0.544580161571503,289,27,60.0987777709961,5.61476469039917,14.1955814361572,18.6796204346292,526.998219956953,248.668197375679,,,,845.339497049427,398.879997960742,,,24674,121.31504880085
2013,GO,52015,Sudoeste I,60.6428782520967,60.2176726553822,54.1845427957077,100,100,100,100,100,100,100,,,,1.33333337306976,37.9259262084961,60.2469139099121,,,,,,560.004455566406,137.460037231445,106.967140197754,2.67934322357178,397.4013671875,83.5125732421875,95.4935684204102,443.710388183594,94.8027572631836,102.639541625977,21751,5107,5263.896484375,1235.93029785156,18,671,162.386764526367,4.35612821578979,257,422,,,1.02127003669739,0.621958255767822,1.42318332195282,0.690990805625916,296,29,71.6341018676758,7.01820611953735,21.4449768066406,19.6862123097275,571.073259720974,372.579447132098,,,,916.038733850634,597.64171969182,,,18462,114.236532518232
2013,GO,52010,Oeste II,90.6913187763184,100,90.6913187763184,100,98.959236773634,100,100,100,100,100,,,,2.47801756858826,27.6578731536865,69.6242980957031,,,,,,602.181213378906,178.758438110352,130.006134033203,2.09895062446594,323.923767089844,74.3882369995117,91.9662094116211,362.799072265625,85.058349609375,99.7766571044922,7055,2012,6369.39794921875,1816.474609375,0,211,190.495101928711,0,64,63,,,0.568776845932007,0.577805042266846,0.939384639263153,0.677792429924011,21,0,18.959228515625,0,7.04290199279785,17.8674346914569,586.450694149389,321.691625568075,,,,940.705141047776,516.014336794045,,,6916,153.440064129099
2013,GO,52003,Entorno Norte,83.6456297004516,89.3352569082233,83.6456297004516,100,100,100,100,100,100,100,,,,2.05973219871521,43.4346046447754,53.6560249328613,,,,,,449.255401611328,95.6558380126953,79.3044128417969,1.63785254955292,381.212188720703,74.9466018676758,75.0728912353516,425.337707519531,84.1211090087891,80.7755889892578,11220,1957,4586.57470703125,799.993469238281,0,239,97.6997604370117,0,143,208,,,0.850274085998535,0.584563434123993,0.819104194641113,0.610316932201385,47,0,19.2129249572754,0,5.08202266693115,20.4272379810603,368.73164139478,156.569147838499,,,,591.469588470971,251.147119051115,,,20436,236.438671851741
2013,GO,52017,Sul,78.6731709830765,99.5422358301377,74.8805132455308,100,100,100,100,100,100,100,,,,2.09899759292603,32.518798828125,65.2882232666016,,,,,,710.394592285156,201.424118041992,138.583129882812,2.75336837768555,417.877807617188,92.1057052612305,102.413414001465,464.431457519531,104.017349243164,110.809043884277,13615,3407,5666.09375,1417.8759765625,10,426,177.286514282227,4.16165542602539,108,268,,,1.11532366275787,0.44945877790451,1.49101710319519,0.521559476852417,248,0,103.209053039551,0,18.2933883666992,20.5902956724664,514.190719445283,318.580410869412,,,,824.795431375202,511.023745613689,,,10507,112.068448143352
2013,GO,52004,Entorno Sul,65.0113416496608,63.8663246967399,55.2458769067073,100,91.1268855368234,100,96.4749536178108,100,100,100,,,,4.71883583068848,44.3020057678223,50.0589866638184,,,,,,405.33056640625,84.6322174072266,78.6050033569336,3.59355640411377,410.121643066406,89.1223297119141,90.3965911865234,456.861785888672,100.401527404785,98.4679565429688,34708,5873,4358.1826171875,737.455505371094,0,284,35.6610527038574,0,292,500,,,0.62783545255661,0.366655915975571,0.518184006214142,0.368633598089218,191,22,23.9833145141602,2.76247596740723,9.31795692443848,19.3790328070451,258.764802132713,120.235448211273,,,,415.075610135515,192.865496446519,,,57581,200.994831910626
2013,GO,52014,Serra da Mesa,99.0988752505425,99.2065464062681,97.8291838526396,94.1040462427746,87.9190751445087,94.0462427745665,97.8612716763006,100,100,90.5202312138728,,,,1.05750167369843,28.2881698608398,70.5221405029297,,,,,,557.718200683594,149.90690612793,111.221260070801,1.87861275672913,370.137512207031,76.5167999267578,89.0922622680664,410.239929199219,86.5565032958984,95.3208465576172,6620,1783,5335.396484375,1437.01086425781,0,279,224.860366821289,0,68,66,,,0.531927764415741,0.548046767711639,0.817838907241821,0.607687175273895,68,12,54.8046760559082,9.67141342163086,7.90235090255737,18.4839390579116,526.401644508047,318.180235923347,,,,844.38255114177,510.381838914903,,,9305,187.154900439128
2013,GO,52007,Nordeste II,80.3631712482439,98.7964186114781,80.3631712482439,100,100,100,100,100,100,100,,,,2.17086839675903,44.8879547119141,52.6610641479492,,,,,,464.989044189453,101.304809570312,72.9394607543945,9.1503267288208,363.801055908203,63.3912773132324,63.3872032165527,406.5341796875,72.9747924804688,68.714714050293,6663,2372,6749.939453125,2402.94995117188,0,170,172.218170166016,0,45,41,,,0.415349692106247,0.455871611833572,0.676462829113007,0.550085067749023,2,0,2.02609610557556,0,2.43334150314331,20.8137392639703,455.47600917385,263.435328191945,,,,730.613208797087,422.567438381519,,,12325,361.974065884791
2013,GO,52012,Rio Vermelho,90.415866258242,98.9050412751155,90.415866258242,100,100,100,100,100,100,100,,,,2.61075949668884,22.3892402648926,74.4857559204102,,,,,,612.107849121094,171.980422973633,129.239730834961,5.1537823677063,373.718231201172,87.6730194091797,96.6527786254883,415.825347900391,100.118705749512,103.950294494629,14244,4690,7247.60107421875,2386.35546875,10,480,244.232543945312,5.0881781578064,106,111,,,0.564787745475769,0.539346873760223,0.987233757972717,0.613634288311005,159,0,80.9020309448242,0,4.87549209594727,20.6402897689818,550.965360483262,300.955649635036,,,,883.784352745293,482.752479728388,,,15629,213.409473285477
2013,GO,52009,Oeste I,95.3152757013455,100,95.3152757013455,100,100,100,100,100,100,100,,,,2.6438570022583,35.0699844360352,61.1197509765625,,,,,,669.154663085938,206.56135559082,147.543823242188,1.94552528858185,355.069519042969,85.8317489624023,95.4461898803711,392.587005615234,95.8974914550781,103.126808166504,6504,1803,5644.853515625,1564.83251953125,0,305,264.710998535156,0,79,85,,,0.737719118595123,0.685644865036011,0.94623327255249,0.722313821315765,65,0,56.413818359375,0,4.03055047988892,19.8338132253451,609.422064926057,335.421083242706,,,,977.552717156231,538.037281855192,,,8423,186.279301931476
2013,GO,52005,Estrada de Ferro,71.1508023700548,69.1241150467196,52.5091521207223,100,96.9578565447949,100,97.2369522746302,100,100,96.1205693552889,,,,1.29066956043243,24.2538318634033,74.4017181396484,,,,,,535.095458984375,132.442337036133,116.819114685059,5.04313182830811,336.696929931641,69.5583343505859,90.2816314697266,375.844543457031,79.8447723388672,97.6649551391602,16746,4351,5946.05712890625,1544.923828125,12,603,214.109191894531,4.26087951660156,173,287,,,1.01906037330627,0.614276766777039,1.43201053142548,0.71556144952774,265,6,94.0944213867188,2.13043975830078,17.6876201629639,19.9489737928516,628.37602660713,378.471600225749,,,,1007.95610720161,607.093117332465,,,12552,111.546594526273
2013,GO,52002,Centro Sul,63.827239473123,63.4235898445337,61.7539768762642,100,100,100,100,100,100,100,,,,3.73911690711975,34.8336448669434,60.805347442627,,,,,,523.822387695312,118.734680175781,112.384590148926,1.96706318855286,426.107666015625,89.3374481201172,105.799072265625,474.002044677734,101.017532348633,113.779098510742,54088,13358,6480.4453125,1600.46203613281,73,950,113.82234954834,8.74634838104248,499,850,,,1.01841044425964,0.597866833209991,0.905546605587006,0.581003189086914,198,22,23.722972869873,2.6358859539032,12.4153823852539,17.6684536243427,466.047161654699,194.253593624628,,,,747.570026454125,311.595426542618,,,38378,118.416297237921
2013,GO,52016,Sudoeste II,71.4982300099593,69.5315196276611,63.1413132438642,100,100,100,100,100,100,100,,,,0.749850034713745,22.1955604553223,76.9945983886719,,,,,,599.69873046875,169.993347167969,134.105865478516,2.04724407196045,403.005798339844,93.7974243164062,113.070350646973,448.200012207031,106.579429626465,120.753677368164,12825,3437,6056.0126953125,1622.96423339844,6,308,145.438751220703,2.83322238922119,130,191,,,0.901909112930298,0.613864839076996,1.07202053070068,0.620239615440369,192,0,90.6631164550781,0,20.6702461242676,22.1303133733759,625.410342222704,408.127773808795,,,,1003.19895613165,654.663552889439,,,9580,112.175733153349
2013,GO,52018,São Patrício II,87.4590644935355,88.0850070355437,82.2533931512295,100,100,100,100,100,100,100,,,,2.78578281402588,41.114315032959,56.0038414001465,,,,,,529.451904296875,149.115875244141,103.837768554688,2.96465229988098,364.898193359375,81.2630004882812,87.5974884033203,403.845947265625,92.0030746459961,93.4302291870117,10203,3273,6159.63232421875,1975.93615722656,0,327,197.412506103516,0,86,100,,,0.60370796918869,0.51918888092041,0.822853982448578,0.55510950088501,60,6,36.2224769592285,3.62224793434143,6.79956293106079,20.4266458258394,416.66319584584,223.464432509976,,,,668.354926216071,358.45151621546,,,10498,162.915783353461
2013,GO,52008,Norte,77.1596810767318,96.6125374881135,77.1596810767318,100,96.1269499731038,100,100,100,100,100,,,,2.04986143112183,36.5650978088379,61.2742385864258,,,,,,559.772888183594,145.902099609375,99.6756896972656,5.29032278060913,349.465728759766,72.2080917358398,74.6694717407227,389.833526611328,81.3644943237305,80.1687545776367,8214,2174,5932.87060546875,1570.25329589844,0,311,224.631454467773,0,81,70,,,0.505601346492767,0.585052967071533,0.868370294570923,0.697729825973511,117,0,84.5076522827148,0,5.32470417022705,19.025949850269,618.212463055591,293.542852236615,,,,991.653088755763,470.861869500098,,,13383,264.655496765902
2013,GO,52006,Nordeste I,94.7102356825686,100,94.7102356825686,100,100,100,100,97.4212034383954,100,96.9914040114613,,,,2.24867725372314,51.1904754638672,46.2962951660156,,,,,,551.491027832031,166.781555175781,108.96395111084,7.66129016876221,386.974975585938,92.2591094970703,95.5589294433594,422.797729492188,102.44458770752,100.323318481445,1553,384,3453.490234375,853.921569824219,0,88,195.690368652344,0,26,29,,,0.644888699054718,0.578176081180573,0.742733895778656,0.708265721797943,14,0,31.1325588226318,0,4.32297801971436,21.101151707111,485.517744243385,298.026578611368,,,,778.802110111113,478.05405887571,,,6092,400.201297376601
2013,GO,52013,São Patrício I,97.4398586144463,97.7648970814512,97.4398586144463,100,100,100,100,100,100,100,,,,0.658895075321198,32.1844902038574,66.8525085449219,,,,,,610.899108886719,178.355850219727,127.397033691406,0.695134043693542,351.726654052734,81.0733489990234,88.8484573364258,390.255126953125,91.083366394043,96.8219299316406,13810,3985,8377.8720703125,2417.51049804688,0,527,319.705902099609,0,127,145,,,0.879646182060242,0.770448744297028,1.10092270374298,0.900575697422028,218,10,132.250259399414,6.06652545928955,8.23955535888672,19.2019857654754,601.985897781936,299.847725615096,,,,965.624620332489,480.975297380671,,,13786,206.811362614295
2013,MA,21001,Açailândia,75.5244881003334,100,73.6200379091691,100,100,100,100,100,100,100,,,,2.83971381187439,67.8796768188477,28.8599071502686,,,,,,404.265991210938,107.780708312988,95.0590515136719,8.04195785522461,370.466491699219,94.2386703491211,100.575492858887,412.050384521484,107.043212890625,108.06559753418,19648,6091,6943.19775390625,2152.43383789062,0,389,137.464569091797,0,122,120,,,0.424055248498917,0.431122839450836,0.436511874198914,0.458951443433762,213,0,75.2698059082031,0,4.64835214614868,22.0470179147271,392.960637915671,170.614481958726,,,,630.334478251158,273.676750521319,,,36380,367.296633269816
2013,MA,21005,Caxias,99.1153228814807,99.606087673727,99.1153228814807,96.2088574875065,90.3670515250732,92.1592279855247,82.4401171807686,98.7937273823884,99.1900740996036,96.4328795450629,,,,6.06060600280762,54.8387107849121,38.7683296203613,,,,,,482.950531005859,162.327835083008,117.628868103027,5.8455114364624,365.664886474609,102.925689697266,105.541389465332,401.762573242188,115.594161987305,111.724060058594,19118,5673,6425.22509765625,1906.59594726562,21,450,151.237121582031,7.05773210525513,211,193,,,0.64863920211792,0.709134042263031,0.649395406246185,0.730979382991791,23,6,7.72989702224731,2.01649498939514,3.30873203277588,19.7769734072606,444.986392104095,130.58975511712,,,,713.787179254308,209.474479666234,,,45831,475.882946682953
2013,MA,21006,Chapadinha,97.3986179026966,100,94.0588741167073,100,90.7362336477031,100,91.4511712808032,100,100,100,,,,4.3624701499939,63.6086616516113,31.932638168335,,,,,,387.876983642578,145.350051879883,92.4703140258789,5.78158473968506,272.369018554688,82.0321578979492,82.4688034057617,301.716400146484,92.667724609375,88.8403549194336,20539,7954,5686.37060546875,2202.12231445312,0,458,126.80061340332,0,152,130,,,0.359914392232895,0.420822978019714,0.488099306821823,0.458752423524857,36,0,9.96685981750488,0,0.918058574199677,22.9058804555269,313.9656655234,122.87923706155,,,,503.621393267741,197.106306097036,,,60837,660.459083579592
2013,MA,21016,São Luís,55.0616581307751,54.379493962207,42.9297433087559,100,84.7710512776539,87.1419996570057,77.7010804321729,100,100,85.4184530955239,,,,3.18071222305298,56.2353477478027,39.6770629882812,,,,,,510.745269775391,119.439796447754,117.499443054199,1.40706348419189,403.568176269531,84.6047668457031,113.477554321289,449.127868652344,95.7047348022461,121.560127258301,67034,6170,4817.4052734375,443.407684326172,269,3130,224.937759399414,19.3317127227783,1582,1802,,,1.29500913619995,1.13690590858459,1.53669142723083,1.1810849905014,783,94,56.2703742980957,6.75531959533691,24.693208694458,26.485337060137,535.294272707033,299.144105966754,,,,858.646906436543,479.846645599472,,,125196,248.355506251059
2013,MA,21002,Bacabal,99.2212343435654,100,99.2212343435654,100,97.1011285682673,98.4509847311352,100,100,100,100,,,,2.99555349349976,70.1614761352539,25.1345653533936,,,,,,441.575714111328,141.559555053711,117.903717041016,4.50680255889893,337.424621582031,90.9777755737305,101.222671508789,373.756774902344,102.545181274414,110.084091186523,16583,4827,6226.7431640625,1812.48803710938,0,446,167.468338012695,0,177,118,,,0.443077653646469,0.664616465568542,0.572527706623077,0.771349370479584,23,0,8.63625907897949,0,2.04116106033325,19.6517532997261,370.40114684163,118.531323774414,,,,594.147584033985,190.1319697669,,,42259,504.494199801132
2013,MA,21007,Codó,85.81974393531,100,83.131064690027,100,77.752808988764,88.7467588591184,76.8885047536733,100,95.0388936905791,89.2307692307692,,,,6.76536750793457,70.4272842407227,22.2263870239258,,,,,,489.864135742188,137.413009643555,126.18212890625,10.7889413833618,366.221221923828,85.9941635131836,109.849418640137,404.083404541016,96.5235137939453,118.551872253418,17564,3688,5801.7353515625,1218.21911621094,20,532,175.730087280273,6.60639429092407,215,194,,,0.640820264816284,0.710187375545502,0.765350818634033,0.814651012420654,10,10,3.30319714546204,3.30319714546204,1.1052497625351,19.4255352427098,329.140263464927,94.7558939119912,,,,527.96243751807,151.994630472517,,,50812,526.361663043725
2013,MA,21014,Santa Inês,92.0482754072413,100,92.0482754072413,100,90.5509603252488,94.7147062946867,85.6021309406982,100,100,100,,,,3.66766476631165,74.6856307983398,21.4520950317383,,,,,,483.125640869141,137.331253051758,121.235725402832,11.2305212020874,384.129058837891,94.3186950683594,104.250480651855,427.67919921875,106.725555419922,113.885284423828,25906,7951,6725.33740234375,2064.12255859375,0,746,193.665634155273,0,199,145,,,0.376427829265594,0.516614735126495,0.498507261276245,0.562694728374481,40,0,10.3842163085938,0,1.28556597232819,20.581848666839,374.835848695911,118.952091452061,,,,601.261134883111,190.806908549475,,,58245,498.778355855799
2013,MA,21003,Balsas,87.5503099420411,100,87.5503099420411,98.5092570329406,94.8304880981005,95.4075498918009,99.7836018273623,100,100,100,,,,2.59212207794189,56.4930114746094,40.8894538879395,,,,,,438.808319091797,131.550506591797,103.032562255859,11.425576210022,346.065246582031,91.9910659790039,92.870735168457,384.373229980469,104.265846252441,99.891471862793,15030,5765,6913.30078125,2651.70849609375,0,318,146.269439697266,0,112,83,,,0.381772428750992,0.515162825584412,0.515392780303955,0.530341684818268,63,0,28.9779071807861,0,2.39504718780518,20.5253269872004,452.450689376369,229.804358812061,,,,725.760398637263,368.62117127041,,,29241,457.144979686971
2013,MA,21019,Zé Doca,100,100,100,100,97.3570989551321,100,96.1278426551936,100,100,100,,,,12.6486263275146,62.4641227722168,24.7027473449707,,,,,,351.556549072266,108.757392883301,86.5902862548828,9.85221672058105,308.669799804688,87.2622451782227,86.4847869873047,342.831604003906,98.6078033447266,93.5459213256836,16055,4761,5560.828125,1649.025390625,0,423,146.510757446289,0,138,100,,,0.346361130475998,0.477978348731995,0.537639081478119,0.521966218948364,5,0,1.73180568218231,0,0.499452739953995,20.1400306693954,339.535671963579,137.092545517975,,,,544.63735037184,219.905379351864,,,45302,545.42599853134
2013,MA,21008,Imperatriz,84.2749050108573,87.4266822053993,78.3165562379884,100,92.9768555466879,95.8798882681564,88.8966480446927,100,100,100,,,,1.25675117969513,64.0527648925781,34.2023277282715,,,,,,510.289703369141,128.609603881836,122.952285766602,8.09312629699707,390.039337158203,81.8720474243164,113.916557312012,431.444885253906,92.3969421386719,121.300827026367,32593,6428,6146.29443359375,1212.173828125,115,1105,208.377731323242,21.6863689422607,377,389,,,0.733565032482147,0.710935771465302,0.914316236972809,0.705467045307159,287,37,54.1216354370117,6.97735357284546,7.64510536193848,24.3142148384541,535.715403358032,200.149761944208,,,,859.322427452034,321.053264867384,,,59102,338.355388335397
2013,MA,21009,Itapecuru Mirim,94.9824671998739,100,93.5030140656397,94.2175309775126,93.9574728468717,98.7150068838917,94.6611595533119,100,100,100,,,,9.74711894989014,61.235595703125,28.8412284851074,,,,,,399.668670654297,138.599197387695,94.8598022460938,5.88235282897949,316.932037353516,94.9611129760742,88.7521667480469,350.647308349609,106.953590393066,94.9961242675781,20119,7109,5499.955078125,1943.39575195312,0,441,120.556694030762,0,182,124,,,0.338980257511139,0.497535556554794,0.459947019815445,0.521455526351929,0,0,0,0,1.22388279438019,19.6182598733558,312.720333898983,118.633244457321,,,,501.623800165566,190.295457185956,,,56160,581.508869936434
2013,MA,21011,Pinheiro,94.1078493702744,100,91.9010513816132,100,83.7148887806462,83.9746712128592,66.4555934404936,100,100,97.2722844617633,,,,6.47664022445679,71.6309661865234,19.9527740478516,,,,,,368.417510986328,120.304878234863,69.0782852172852,11.0955057144165,279.423309326172,76.2392883300781,64.2991027832031,310.055450439453,86.5782699584961,68.4680938720703,25457,9374,6586.2392578125,2425.24291992188,0,528,136.604248046875,0,181,138,,,0.35703381896019,0.468283504247665,0.464532047510147,0.491050869226456,6,0,1.55232095718384,0,0.824282467365265,21.1898608069944,316.43735198926,121.991315601877,,,,507.586139475203,195.682022196797,,,65755,601.853824654679
2013,MA,21004,Barra do Corda,72.7338362906063,100,72.7338362906063,100,78.7118360518611,84.1698034295274,74.8013383521539,91.5098285236303,100,80.3220409870347,,,,10.884051322937,63.2829856872559,25.3665046691895,,,,,,431.520111083984,146.066665649414,104.206092834473,5.57275533676147,348.419281005859,102.82495880127,97.1720962524414,384.756591796875,116.062042236328,103.805328369141,16215,5270,7220.9482421875,2346.86376953125,0,421,187.481903076172,0,119,80,,,0.356260150671005,0.529936969280243,0.462358891963959,0.556990504264832,14,0,6.23455286026001,0,0.87773597240448,22.028083040515,326.026926528753,114.386882241254,,,,522.96844213041,183.484015393396,,,33985,464.111850738572
2013,MA,21013,Rosário,100,100,100,100,82.2492163009404,87.6371473354232,77.7037617554859,93.4561128526646,95.3565830721003,91.5164576802508,,,,3.78423595428467,73.9075927734375,22.2663593292236,,,,,,385.432800292969,128.009994506836,101.005142211914,4.82256603240967,314.900329589844,90.5399551391602,99.2028884887695,349.872436523438,102.565910339355,108.392082214355,19067,7650,6687.03125,2682.94897460938,0,418,146.597732543945,0,158,131,,,0.459433108568192,0.554125428199768,0.691692352294922,0.602260708808899,17,0,5.96210908889771,0,1.99520230293274,18.3467658018576,305.128105793699,117.735516702508,,,,489.445371387325,188.855443349093,,,47230,641.798500183852
2013,MA,21018,Viana,95.4856946731506,100,95.4856946731506,100,83.8856400259909,91.5312973792506,71.6482564435781,95.6465237166991,100,89.38704786658,,,,6.54008436203003,71.3314590454102,21.4017810821533,,,,,,404.519714355469,119.95580291748,106.711471557617,12.9092607498169,284.715545654297,74.7471008300781,83.8802108764648,315.233795166016,83.4561614990234,90.8428192138672,15111,6029,5718.1455078125,2281.4306640625,0,433,163.851303100586,0,132,86,,,0.325432151556015,0.499500513076782,0.554086089134216,0.542449951171875,6,0,2.27045679092407,0,0.671676814556122,20.8523293538599,347.957773782332,102.299335501806,,,,558.146950681582,164.094802499809,,,48919,638.290608436842
2013,MA,21015,São João dos Patos,97.5152308011465,100,97.5152308011465,88.8732724291403,83.813539470602,90.7238229093465,84.3523073319278,90.8643710470836,100,87.5380651206372,,,,3.69599175453186,55.4398765563965,40.6038513183594,,,,,,461.455963134766,131.785171508789,107.257331848145,9.72972965240479,327.563659667969,73.1130981445312,90.0836029052734,360.999938964844,82.4327697753906,97.4361724853516,18341,8232,7624.83203125,3422.25708007812,0,598,248.604202270508,0,135,95,,,0.394939780235291,0.56123024225235,0.549693822860718,0.607064008712769,6,5,2.49435663223267,2.0786304473877,0.998989760875702,21.2934750141537,398.17608190745,153.565174381977,,,,638.700390381299,246.328549813644,,,40220,574.549177685967
2013,MA,21010,Pedreiras,100,100,100,100,99.922740149369,100,100,100,100,100,,,,2.15324378013611,54.390380859375,43.2326622009277,,,,,,465.03515625,152.869400024414,123.030029296875,7.40375137329102,323.249542236328,87.2209930419922,99.2962341308594,357.225402832031,97.5853424072266,107.431297302246,20640,9826,9475.1484375,4510.794921875,0,477,218.975082397461,0,147,86,,,0.39479786157608,0.674828886985779,0.641202211380005,0.791087687015533,54,0,24.7896327972412,0,1.03841018676758,18.5389814649706,433.84055400286,129.918725835206,,,,695.908528401442,208.398104957179,,,35438,503.528972330014
2013,MA,21012,Presidente Dutra,97.0887130658956,99.5951402587969,97.0887130658956,100,97.1044045676998,100,100,100,100,100,,,,2.90438842773438,55.4589767456055,41.5942344665527,,,,,,446.785980224609,124.806411743164,108.375312805176,4.46009397506714,324.478637695312,69.6260528564453,92.2039642333984,360.538879394531,78.7652893066406,99.2406387329102,22083,8453,7720.16796875,2955.15014648438,10,673,235.279312133789,3.49597787857056,234,121,,,0.42301332950592,0.818058848381042,0.752421855926514,0.889376759529114,2,2,0.699195563793182,0.699195563793182,0.915247023105621,19.7514200318695,412.518015462549,148.056711163975,,,,661.705786678793,237.492615744262,,,47056,503.343545536986
2013,MA,21017,Timon,100,100,100,71.6505894962487,83.6012861736334,95.8467309753483,91.5862808145766,100,97.400857449089,100,,,,3.03194379806519,60.9637260437012,31.4564151763916,,,,,,485.929168701172,184.189498901367,107.616340637207,3.74787044525146,358.046752929688,109.87329864502,103.26399230957,397.720153808594,124.552406311035,111.129570007324,12595,2760,5213.18359375,1142.38879394531,0,218,90.2321624755859,0,178,258,,,1.06788516044617,0.73675799369812,0.708094835281372,0.65728747844696,0,0,0,0,5.16641187667847,20.087168061494,357.107305001166,116.367193549462,,,,572.823395166345,186.660563817826,,,34043,420.235280906997
2013,MG,31074,Patrocínio / Monte Carmelo,93.5846049966239,90.5669142471303,77.7847400405132,100,100,100,100,100,100,100,,,,0.283975660800934,21.1359024047852,78.53955078125,,,,,,572.881469726562,126.603645324707,86.5124893188477,9.30018424987793,334.0458984375,65.5163421630859,64.8570709228516,372.371154785156,74.2961044311523,69.1570816040039,13343,2976,7038.63525390625,1569.88525390625,10,236,124.493583679199,5.27515172958374,142,195,,,1.0286545753479,0.749071598052979,1.20748233795166,0.781777501106262,138,11,72.7970962524414,5.80266714096069,14.6010932922363,26.0356390895354,583.32273440393,340.755514340404,,,,935.687689720838,546.594057059368,,,9106,125.100804122367
2013,MG,31024,Sete Lagoas,80.1551792761817,77.4771858650669,73.2577098109172,100,100,100,100,100,100,100,,,,2.94896030426025,32.6843109130859,64.1776962280273,,,,,,605.481079101562,154.63557434082,98.1924209594727,7.58859777450562,366.42333984375,73.6464691162109,78.49853515625,409.535034179688,83.7174530029297,83.6709136962891,24388,4597,5688.1630859375,1072.18664550781,28,385,89.7959213256836,6.53061246871948,318,404,,,0.942274034023285,0.741690933704376,1.16962099075317,0.711661815643311,113,8,26.3556842803955,1.8658891916275,25.2382507324219,27.4836997483542,603.098716018885,349.640618730448,,,,967.409653323315,560.84634367416,,,19878,117.849312915648
2013,MG,31059,Manhuaçu,96.6018437521028,100,94.7666558594491,100,100,100,100,100,100,100,,,,1.2865241765976,27.2568683624268,71.4347991943359,,,,,,646.053100585938,183.904205322266,107.775024414062,12.0609979629517,361.416839599609,79.5782623291016,81.4431076049805,403.549957275391,89.9049682617188,88.1850433349609,20348,4148,6074.8095703125,1238.36791992188,20,539,160.91618347168,5.97091579437256,258,279,,,0.832942724227905,0.770248115062714,1.05349338054657,0.755320847034454,135,6,40.3036804199219,1.79127466678619,7.20779085159302,24.1046350219597,479.917621857794,249.540755457806,,,,769.819148762141,400.27963800194,,,31938,233.060681282199
2013,MG,31060,Ponte Nova,93.240131812229,92.9838827873464,90.5452619933527,100,100,100,100,100,100,100,,,,0.720720708370209,28.6036033630371,70.6306304931641,,,,,,768.782470703125,232.173248291016,108.161026000977,6.4887809753418,355.890350341797,78.8967819213867,70.7866668701172,399.473541259766,89.7846298217773,77.2843017578125,13676,2906,6375.90625,1354.81018066406,16,319,148.721420288086,7.45938110351562,150,217,,,1.01167857646942,0.69931697845459,1.33814311027527,0.937201321125031,131,2,61.0736846923828,0.932422637939453,13.1863212585449,22.5562836352615,586.073789357046,293.506421405451,,,,940.100561192418,470.803432072177,,,18059,216.553847814251
2013,MG,31037,Ipatinga,82.2093714333801,81.4977568097785,68.3423534300035,95.7956850451779,94.3204868154158,98.3404019915176,99.6312004425595,100,100,99.8893601327678,,,,0.908037066459656,28.8639869689941,70.0927352905273,,,,,,535.027526855469,154.802322387695,99.2781829833984,2.67814445495605,319.384704589844,75.664176940918,82.3028869628906,355.896636962891,84.9587860107422,87.9066925048828,23928,4493,6122.49609375,1149.63110351562,30,481,123.074249267578,7.67614841461182,266,486,,,1.2435359954834,0.680618464946747,1.38631236553192,0.664434611797333,145,10,37.1013832092285,2.55871605873108,32.4739456176758,21.5302178146585,645.480520790073,301.529150645733,,,,1035.39283082295,483.672412733056,,,24374,161.205996109404
2013,MG,31081,Santa Maria do Suaçuí,82.8600520420862,100,72.6032356601425,96.4093357271095,96.229802513465,100,95.6912028725314,100,100,99.4614003590664,,,,2.23463678359985,58.2867774963379,38.5474853515625,,,,,,578.369018554688,202.429153442383,66.7348861694336,14.615385055542,314.208831787109,71.2837600708008,51.6757965087891,349.713745117188,82.1275787353516,56.1185493469238,3360,1891,7474.30712890625,4206.5224609375,0,53,117.898292541504,0,23,18,,,0.400409311056137,0.511634111404419,0.619522213935852,0.483827918767929,3,0,6.67348861694336,0,2.18445515632629,21.6241622547923,388.745301805979,232.005168675763,,,,623.572804355652,372.151413750993,,,5822,406.111524282939
2013,MG,31072,Uberaba,73.4865370192358,63.2947595254946,60.9594684525759,100,91.439454691259,100,97.8348035284683,100,98.9775461106656,97.8949478748998,,,,2.09534788131714,27.6047668457031,67.8777389526367,,,,,,713.979064941406,153.579605102539,133.391937255859,7.94559764862061,392.048217773438,64.9346466064453,98.9373779296875,437.435211181641,73.5023040771484,107.059860229492,22245,3791,5684.48974609375,968.752563476562,55,602,153.835144042969,14.054705619812,380,1038,,,2.65250635147095,0.971052408218384,2.88236474990845,0.987470865249634,339,42,86.6280975341797,10.732684135437,32.4592170715332,22.0581682856385,592.479892287665,310.494267616906,,,,950.376367873244,498.053044743576,,,10522,66.0997679443009
2013,MG,31089,Campo Belo,100,100,100,100,100,100,100,100,100,100,,,,0.464252561330795,28.3194065093994,71.2163391113281,,,,,,761.418701171875,227.503311157227,150.644073486328,2.42261099815369,351.234802246094,82.0695419311523,91.3759841918945,394.856323242188,93.2546997070312,99.8475570678711,6503,1442,6664.20703125,1477.74670410156,9,117,119.900390625,9.22310733795166,85,93,,,0.953054368495941,0.871071219444275,0.914112389087677,0.88593065738678,28,2,28.6941108703613,2.04957938194275,10.9539766311646,25.6141416584216,574.040464400361,285.952046865348,,,,920.798323572816,458.685722879961,,,5486,138.573439151342
2013,MG,31062,Águas Formosas,97.9297666907192,96.9418960244648,97.9297666907192,100,100,100,100,100,100,100,,,,2.972651720047,30.9155769348145,65.7550506591797,,,,,,735.442932128906,247.958984375,160.245590209961,7.11009168624878,437.366577148438,113.828315734863,123.057899475098,482.861663818359,128.961166381836,131.726959228516,3467,1543,5848.12109375,2602.72583007812,0,102,172.053161621094,0,31,27,,,0.455434858798981,0.52290666103363,0.552425622940063,0.803758203983307,9,0,15.1811618804932,0,2.9130961894989,18.8442872629302,448.778636855692,246.728340411358,,,,719.870187032332,395.768340940913,,,8626,442.769395382272
2013,MG,31068,Pedra azul,100,100,100,81.5400843881856,83.1223628691983,83.1223628691983,86.9198312236287,82.4894514767932,94.620253164557,86.4978902953586,,,,1.50564622879028,30.3638648986816,68.0050201416016,,,,,,464.01123046875,133.941390991211,78.1324768066406,17.1821308135986,287.766754150391,64.9262161254883,64.5010528564453,314.604766845703,71.9286651611328,66.8108749389648,4249,1518,6775.20166015625,2420.51220703125,0,155,247.153747558594,0,37,38,,,0.605925321578979,0.589979887008667,0.827167809009552,0.642599761486053,10,0,15.9454030990601,0,3.58133745193481,18.3616336250185,358.8764909154,184.50591019494,,,,575.661284696688,295.959506921253,,,9175,441.16033323984
2013,MG,31040,Resplendor,94.5641678121486,96.2397900644121,87.7480772944665,94.1704035874439,99.6412556053812,100,100,100,100,100,,,,1.28322637081146,31.4390468597412,67.1860656738281,,,,,,746.410400390625,272.640930175781,129.616180419922,3.59281444549561,362.008422851562,95.2202377319336,84.5014801025391,397.794738769531,106.828811645508,90.4613265991211,7608,2412,8501.033203125,2695.12255859375,0,126,140.789993286133,0,74,76,,,0.849209427833557,0.82686185836792,0.752556025981903,0.809542417526245,22,0,24.5823783874512,0,8.5267333984375,21.5411178632988,433.571762656169,266.070069249176,,,,695.477369560257,426.79373478221,,,8604,252.956356785638
2013,MG,31008,São Lourenço,88.5741119406534,91.483189880641,87.3852774739645,99.2597577388964,90.9488559892328,99.5962314939435,100,100,100,100,,,,0.942408382892609,17.3821983337402,81.605583190918,,,,,,763.918212890625,258.646423339844,141.538146972656,2.79187822341919,368.844604492188,96.9599838256836,92.4890594482422,412.316101074219,110.255020141602,100.900802612305,19201,4600,7445.68212890625,1783.76843261719,30,589,228.399917602539,11.6332731246948,211,331,,,1.28353774547577,0.81820684671402,1.51271319389343,0.898670315742493,134,3,51.9619522094727,1.16332721710205,24.0863037109375,22.4311901149179,437.288186043838,279.44611748927,,,,701.438754928147,448.24978807346,,,16100,151.885524370225
2013,MG,31006,Poços de Caldas,69.2377695783608,54.0215437429888,56.8710664197831,100,95.0317519611505,100,100,100,100,95.9656331714606,,,,0.60606062412262,22.3106060028076,74.6590881347656,,,,,,730.10302734375,199.517654418945,146.020614624023,3.66366362571716,370.466644287109,76.5250015258789,94.4312744140625,414.478881835938,87.3897857666016,102.392204284668,13498,2458,5918.87744140625,1077.83386230469,42,325,142.512603759766,18.417013168335,196,438,,,1.92063140869141,0.859460651874542,2.04966020584106,0.799057245254517,314,27,137.689102172852,11.8395090103149,39.4808158874512,31.3394450122472,772.25387835158,434.229918854767,,,,1238.74556003912,696.533095004546,,,6897,74.6626119973497
2013,MG,31041,Além  Paraíba,88.1090259159964,75.4048257372654,75.2403932082216,100,100,100,100,100,100,100,,,,2.12121200561523,26.9696960449219,70.6060638427734,,,,,,828.302673339844,273.761047363281,187.772003173828,1.69491529464722,405.767700195312,109.486541748047,112.030426025391,451.617401123047,124.287750244141,120.944892883301,4099,1267,7193.2470703125,2223.43115234375,5,102,178.997619628906,8.77439308166504,49,94,,,1.64958584308624,0.859890520572662,1.45654916763306,0.776095032691956,41,0,71.9500198364258,0,17.1697311401367,25.78978933888,499.567638650657,346.003759377653,,,,801.339056579,555.012584204569,,,3733,172.532715305425
2013,MG,31001,Alfenas / Machado,77.2064397232171,63.8600090406481,68.0343544629507,100,100,100,100,100,100,100,,,,1.39135587215424,22.4393138885498,75.932502746582,,,,,,682.401306152344,195.068908691406,123.70223236084,6.3247013092041,350.851470947266,78.5556182861328,88.4447250366211,389.628234863281,89.5281219482422,94.7243499755859,19508,4346,6629.6240234375,1476.95031738281,36,525,178.416687011719,12.2342863082886,224,410,,,1.3933492898941,0.761244475841522,1.4229154586792,0.759120464324951,137,0,46.5582580566406,0,17.0155143737793,23.4912550200285,562.572447476804,266.819803781267,,,,902.402876887805,427.99635784293,,,14959,131.619093717767
2013,MG,31013,Barbacena,88.2287582562167,81.8774669641325,76.6401323634892,100,100,100,100,100,100,100,,,,2.19473266601562,34.0383071899414,63.6871490478516,,,,,,735.044250488281,223.653030395508,151.82600402832,5.14920997619629,391.697692871094,91.6314010620117,107.222366333008,434.743988037109,103.603828430176,115.364906311035,12637,2685,5435.19873046875,1154.82385253906,37,443,190.535171508789,15.9137735366821,260,519,,,2.23222923278809,1.11826515197754,2.53050494194031,1.12095332145691,140,3,60.2142753601074,1.2903059720993,19.3696422576904,21.632198519884,588.73085195121,230.353746264025,,,,944.362662793375,369.502424555035,,,16784,176.167245585057
2013,MG,31094,Almenara/Jacinto,93.9454296753138,99.2584771183797,93.8452400950301,100,100,100,100,100,100,100,,,,1.91115701198578,32.9545440673828,63.6880149841309,,,,,,588.591918945312,190.115188598633,97.7062606811523,16.2000007629395,314.274810791016,74.2080917358398,70.0077896118164,348.068969726562,83.9197769165039,74.703971862793,11355,3574,6683.4609375,2103.62744140625,0,369,217.190414428711,0,105,106,,,0.623907446861267,0.618021488189697,0.814169764518738,0.635384976863861,120,0,70.6310272216797,0,3.6304349899292,19.6506770510257,425.452219961871,200.681086964103,,,,682.453093808378,321.905544833575,,,23911,417.855407053935
2013,MG,31036,Governador Valadares,73.9220010797541,78.3298673064492,68.6413739508107,100,92.9510961214165,96.8971332209106,97.7065767284992,100,100,98.6003372681282,,,,2.29466390609741,35.312328338623,61.7555999755859,,,,,,662.490173339844,193.818649291992,119.181884765625,6.044349193573,380.982269287109,93.1764602661133,91.6605529785156,423.150573730469,105.184761047363,98.7129287719727,24616,5021,5832.5673828125,1189.68640136719,38,511,121.077423095703,9.00380039215088,363,546,,,1.29370403289795,0.860099911689758,1.49634873867035,0.789313435554504,244,10,57.8138771057129,2.3694212436676,19.7524433135986,19.1710732155059,576.01129413142,199.477754369534,,,,923.959662929446,319.975320912973,,,35625,231.44735482074
2013,MG,31092,Passos,81.2310867953266,73.2309264714724,70.9503196456843,100,100,100,100,100,100,100,,,,1.83523654937744,16.3947792053223,81.6884155273438,,,,,,670.38671875,155.38117980957,118.734672546387,9.69387722015381,352.005889892578,63.618480682373,79.4553833007812,394.307037353516,72.5648727416992,85.9635620117188,13993,3031,6837.26025390625,1481.00732421875,38,334,163.199096679688,18.5675621032715,241,315,,,1.53915309906006,1.17757427692413,1.7967780828476,1.13445353507996,129,13,63.0319862365723,6.35206031799316,14.845253944397,28.5709055721158,521.864292293715,362.82471588328,,,,837.104342423887,581.99449490916,,,8010,91.9139586998063
2013,MG,31095,Serro,91.8786052688961,95.4942811267271,91.8786052688961,74.9211356466877,100,100,100,100,100,100,,,,2.2116904258728,24.960506439209,72.511848449707,,,,,,524.184875488281,129.090301513672,76.280632019043,19.7761192321777,324.497528076172,54.939079284668,64.1990051269531,359.165283203125,60.6266136169434,66.0199966430664,3667,931,7172.33544921875,1820.95568847656,0,80,156.473098754883,0,48,36,,,0.704128921031952,0.938838601112366,0.823439657688141,0.865980803966522,20,0,39.1182746887207,0,11.039176940918,20.8374485393673,623.436415250805,464.842173451874,,,,1000.03264859882,745.637146829959,,,5229,324.808720747157
2013,MG,31090,Lima Duarte,97.0492779092674,97.4078430816763,97.0492779092674,76.7932489451477,100,100,100,100,100,100,,,,2.03125,21.875,75.9375,,,,,,756.940979003906,226.244338989258,160.605560302734,4.79704809188843,367.837371826172,87.3278656005859,109.457527160645,406.838928222656,96.3133392333984,116.270095825195,4836,1338,6753.8125,1868.61071777344,0,161,224.847778320312,0,57,73,,,1.01949608325958,0.796044886112213,1.09176862239838,0.734246671199799,67,0,93.5701904296875,0,7.71046304702759,22.1392556123317,544.819980163103,384.092382493939,,,,873.926762126781,616.109218479835,,,6678,234.043603499536
2013,MG,31099,Teófilo Otoni / Malacacheta,89.7657984542625,100,81.9420110681536,100,92.6974664679583,94.3616492796821,95.0322901142573,97.317436661699,96.8455042225534,95.8022851465474,,,,4.08911466598511,41.0039482116699,54.7941360473633,,,,,,700.939636230469,183.041061401367,91.1616287231445,16.1290321350098,405.109344482422,81.1389007568359,75.5232925415039,447.107482910156,91.6318664550781,80.5427703857422,15194,3606,5453.18798828125,1294.2080078125,26,465,166.890380859375,9.33150577545166,242,258,,,0.925972461700439,0.868547797203064,1.30228340625763,1.00493133068085,69,4,24.7643795013428,1.43561625480652,11.0653705596924,19.67180838804,530.812504997165,157.328742273887,,,,851.457858887081,252.365558039438,,,28948,328.24701834064
2013,MG,31035,Coronel Fabriciano/Timóteo,86.8664411588194,81.8716242020841,61.8750795642607,100,97.1506105834464,99.2537313432836,97.0149253731343,98.3717774762551,100,97.9986431478969,,,,1.05782794952393,31.3469676971436,66.6078948974609,,,,,,620.913879394531,187.428939819336,133.243316650391,3.14735341072083,360.484924316406,90.5252304077148,104.913436889648,400.244934082031,101.694519042969,112.705024719238,10658,1796,4733.69091796875,797.683349609375,18,91,40.4171409606934,7.99459934234619,126,251,,,1.11480247974396,0.559621930122375,1.28024625778198,0.600927352905273,82,8,36.4198417663574,3.55315518379211,32.1147499084473,21.0731304372654,337.508482111494,236.694805527259,,,,541.385605707265,379.67389695352,,,11385,123.546418250846
2013,MG,31045,Muriaé,99.8502840377429,92.7273056560034,99.8502840377429,100,86.7300951427141,100,100,100,100,100,,,,8.31643009185791,23.0730228424072,68.6105499267578,,,,,,758.92041015625,219.951293945312,170.418029785156,3.03030300140381,385.853546142578,82.0228729248047,117.130477905273,430.439239501953,91.9201126098633,126.832969665527,12611,3477,7436.4765625,2050.32348632812,45,496,292.482147216797,26.5356788635254,173,229,,,1.35037124156952,1.02014946937561,1.57209157943726,1.05582511425018,322,24,189.877517700195,14.152361869812,13.7820415496826,22.8509755238801,398.429630031249,250.158638881116,,,,639.107098099338,401.270763289495,,,10751,164.687266875384
2013,MG,31046,Santos Dumont,80.8900003969672,77.9028224365845,72.5536898098527,100,100,100,100,100,100,100,,,,3.72439479827881,33.7057723999023,62.3836135864258,,,,,,813.294250488281,211.143692016602,170.087982177734,11.2980766296387,420.312591552734,90.0091705322266,108.020652770996,464.668853759766,100.809707641602,117.446998596191,3154,837,6166.177734375,1636.36364746094,6,56,109.481918334961,11.7302055358887,33,45,,,0.879765391349792,0.645161271095276,1.16862165927887,0.686705768108368,24,0,46.9208221435547,0,24.5884647369385,25.698645492876,338.429753524522,270.72125166342,,,,542.863385106595,434.254534560744,,,3307,165.576970932143
2013,MG,31064,Araçuaí,94.3697488494114,100,90.4345662818179,78.4436493738819,76.9230769230769,79.1592128801431,80.2325581395349,81.0375670840787,73.9713774597495,81.7531305903399,,,,2.20022010803223,35.7535743713379,62.0462036132812,,,,,,602.89208984375,139.043380737305,58.9543952941895,24.538745880127,326.181060791016,67.8134155273438,48.0982971191406,363.410430908203,77.002555847168,52.1101837158203,5912,1786,6576.19580078125,1986.65185546875,0,150,166.85205078125,0,59,70,,,0.778642952442169,0.656284749507904,0.723859846591949,0.697997748851776,26,0,28.9210224151611,0,2.60622906684875,20.7301985131683,362.547663911483,182.311480335013,,,,581.550085486839,292.439498382604,,,11551,358.025136728794
2013,MG,31075,Uberlândia / Araguari,44.8635044915936,38.5514083463005,36.0344767320629,100,97.9987436058512,100,100,100,100,100,,,,0.578383982181549,15.0811462402344,84.2282485961914,,,,,,571.834106445312,113.222923278809,116.141036987305,4.32741355895996,333.630889892578,54.2104454040527,82.5881042480469,373.879943847656,61.347713470459,90.2804336547852,49393,7831,5765.380859375,914.07080078125,144,1216,141.93717956543,16.8083515167236,681,1996,,,2.32982420921326,0.794894933700562,2.42979884147644,0.761628389358521,564,80,65.8327102661133,9.33797264099121,32.0675315856934,29.6069532251963,646.950335010797,395.021156385793,,,,1037.75050864243,633.639684191581,,,20748,58.0942123736252
2013,MG,31061,Viçosa,83.5925621845162,84.4667943805875,83.5925621845162,100,100,100,100,100,100,100,,,,1.94552528858185,28.5343704223633,69.1958465576172,,,,,,605.407836914062,149.309173583984,97.3109512329102,8.22085857391357,313.100250244141,61.1790962219238,62.481258392334,351.642028808594,70.0508117675781,68.2631225585938,6873,1084,5105.48193359375,805.229553222656,19,150,111.424751281738,14.1138019561768,76,142,,,1.0548210144043,0.564552068710327,1.36755311489105,0.709032833576202,121,5,89.8826293945312,3.71415829658508,23.7646713256836,22.4555518826843,551.971944630072,237.105760602166,,,,885.398979330695,380.333095681669,,,10199,201.848141870793
2013,MG,31082,São Gotardo,88.7696291806711,91.1543335720976,88.7696291806711,100,100,100,100,100,100,100,,,,1.38888883590698,27.0833339691162,71.5277786254883,,,,,,593.2861328125,146.703491210938,107.870208740234,8.54545497894287,325.529602050781,57.1400680541992,82.140251159668,358.912048339844,64.4479827880859,86.4459686279297,4573,998,4932.90478515625,1076.54467773438,0,109,117.57852935791,0,63,69,,,0.744304478168488,0.679582297801971,0.945482432842255,0.702504754066467,66,0,71.1943359375,0,6.81739711761475,26.7997689101766,539.01320749086,377.61211413223,,,,864.612320247574,605.714445613089,,,5053,126.125508198538
2013,MG,31086,Divinópolis,64.992104069922,44.8441921916287,49.0907953781447,99.895724713243,100,100,100,100,100,100,,,,1.14184212684631,21.8979949951172,76.7317962646484,,,,,,577.742065429688,148.830718994141,102.756851196289,6.76810073852539,326.91943359375,68.7356262207031,71.5578231811523,366.575042724609,78.3714828491211,78.0188980102539,11677,2177,3539.50390625,659.886962890625,22,360,109.12232208252,6.66858625411987,325,535,,,1.6216789484024,0.985132098197937,1.70579409599304,0.949894666671753,342,13,103.666206359863,3.94052839279175,53.643928527832,24.6072901075774,556.480962740753,256.970497330475,,,,892.631738299371,412.197428271444,,,8066,57.7914095507289
2013,MG,31070,Araxá,77.7076601850016,78.7172368743366,62.8352132883855,100,95.4715219421102,100,100,100,100,100,,,,1.90217387676239,25.2264499664307,72.1920318603516,,,,,,627.563049316406,162.115753173828,97.1564788818359,16.2016201019287,379.019470214844,83.6112899780273,78.7766723632812,420.046142578125,95.2039794921875,83.2284774780273,10351,3086,5846.8994140625,1743.16796875,21,335,189.229187011719,11.8621282577515,150,202,,,1.14102375507355,0.847294867038727,1.10459005832672,0.850825250148773,96,2,54.2268714904785,1.1297265291214,25.2516460418701,21.7047079405072,507.681211751471,393.642186973532,,,,814.353756713804,631.427727366561,,,7286,113.489573477607
2013,MG,31002,Guaxupé,64.3054632745354,57.3411635267305,54.231948046381,100,100,100,100,100,100,100,,,,1.48056757450104,10.5490436553955,87.5385589599609,,,,,,742.960754394531,218.476684570312,140.749404907227,5.08953809738159,376.786102294922,86.8822860717773,95.1100387573242,422.537536621094,99.1980590820312,102.377937316895,9649,2395,6756.67138671875,1677.08862304688,7,205,143.550384521484,4.90172052383423,85,146,,,1.02235889434814,0.595208942890167,1.25921702384949,0.579103291034698,88,1,61.6216278076172,0.700245797634125,15.529351234436,25.3944735363187,431.516452686112,312.340414934602,,,,692.180518393453,501.014385381782,,,6482,116.103982911844
2013,MG,31087,Lagoa da Prata/Sto Ant do Monte,86.6899554475496,91.4109963547995,86.6899554475496,100,100,100,100,100,100,100,,,,0.497512429952621,22.3169860839844,77.1855010986328,,,,,,543.304565429688,145.045104980469,117.18334197998,2.86576175689697,323.572662353516,74.0479431152344,82.2779693603516,361.253814697266,83.2604064941406,89.1779556274414,6388,1382,5234.7353515625,1132.49914550781,10,150,122.919586181641,8.19463920593262,96,94,,,0.770296096801758,0.786685347557068,0.93132072687149,0.832780182361603,41,0,33.5980186462402,0,27.1521167755127,26.6725130787262,484.396582335997,323.648204227352,,,,777.003693329024,519.152816502584,,,4483,92.630423369545
2013,MG,31044,Leopoldina / Cataguases,98.2963622255694,89.1648409329499,95.3980099502487,100,100,100,100,100,100,100,,,,1.66577112674713,29.231595993042,68.9414291381836,,,,,,769.53125,242.1875,176.897323608398,2.32052206993103,360.488555908203,96.1521224975586,112.124153137207,398.9814453125,107.575897216797,120.367225646973,12687,3756,7079.79931640625,2095.98217773438,16,229,127.790176391602,8.9285717010498,124,238,,,1.328125,0.691964268684387,1.34095978736877,0.722237706184387,137,2,76.4508895874023,1.11607146263123,16.2075901031494,21.8555821438936,444.425857301221,223.521309680728,,,,712.888044892186,358.542750904871,,,11055,140.345535036663
2013,MG,31027,Turmalina/Minas Novas/Capelinha,97.2798220006524,100,96.5537720303469,100,89.4465894465894,99.7425997425997,100,96.3320463320463,100,98.5842985842986,,,,1.10533154010773,24.187255859375,74.5773696899414,,,,,,472.386688232422,91.0328521728516,71.3500747680664,25.1736106872559,344.270141601562,50.1423835754395,66.726921081543,382.314544677734,56.7754936218262,70.1846771240234,9441,3050,7742.71337890625,2501.35327148438,0,165,135.319107055664,0,88,64,,,0.524874091148376,0.721701920032501,0.7680384516716,0.700788974761963,16,0,13.1218528747559,0,4.51719760894775,22.3563190731362,400.771103422631,222.025798991156,,,,642.862974047435,356.143854274332,,,13845,316.131130414326
2013,MG,31058,Unaí,67.0255278423407,79.233188148206,63.556710091994,100,100,100,100,100,100,100,,,,1.88463735580444,31.6105079650879,66.1907501220703,,,,,,489.927581787109,91.2908554077148,63.5232200622559,19.6428565979004,340.838104248047,55.3076934814453,56.371337890625,377.744598388672,62.1247978210449,59.8714790344238,11995,2217,4562.640625,843.299255371094,8,235,89.3889617919922,3.04302835464478,148,210,,,0.798794984817505,0.562960267066956,0.929169714450836,0.513320863246918,274,0,104.223724365234,0,12.175537109375,27.7558237086709,516.980902453161,376.462620004667,,,,829.271066797174,603.870582103009,,,18394,192.537512946357
2013,MG,31019,Curvelo,87.7107115731241,86.9775429925295,81.4993254962421,100,84.3361986628462,100,100,100,100,100,,,,2.08234739303589,38.8547096252441,58.7789878845215,,,,,,653.982055664062,138.991943359375,106.874290466309,11.8543605804443,367.692749023438,60.0518608093262,81.4169845581055,408.203430175781,67.3991546630859,87.9713439941406,10780,2080,5969.455078125,1151.80578613281,20,176,97.4604873657227,11.0750560760498,111,165,,,0.913692116737366,0.614665567874908,1.09823024272919,0.621587514877319,59,0,32.6714134216309,0,13.5763568878174,25.0415350140485,532.72583868001,298.7834701754,,,,854.52697083451,479.268162282192,,,14024,198.548283260017
2013,MG,31030,Formiga,89.4867313154401,99.5193358094822,89.4867313154401,100,100,100,100,99.76,100,100,,,,0.897226750850677,18.5154972076416,80.3425750732422,,,,,,750.436584472656,210.056350708008,152.393814086914,2.30515909194946,367.733184814453,83.1391372680664,102.651275634766,409.480773925781,93.1376190185547,110.994468688965,7104,1491,5851.9228515625,1228.21179199219,5,301,247.948867797852,4.11875200271606,99,116,,,0.9555504322052,0.815512895584106,1.26342713832855,0.852169752120972,139,12,114.501304626465,9.8850040435791,17.3185272216797,22.5520842902358,471.212949107034,294.404716651072,,,,755.856286258149,472.244356201289,,,4875,99.6930555640643
2013,MG,31021,Itabira,90.5950113296801,97.8225347789584,90.2181076274476,100,95.8932238193019,98.7679671457905,97.0225872689938,93.4633812457221,97.9123887748118,94.2847364818617,,,,1.52448916435242,24.8459300994873,73.3376617431641,,,,,,564.932006835938,163.104888916016,99.3576889038086,5.36964988708496,330.688842773438,69.4821243286133,76.015007019043,368.851196289062,79.0801162719727,81.2550659179688,12747,2799,5604.03759765625,1230.54064941406,12,297,130.571838378906,5.27562952041626,257,313,,,1.37606012821198,1.12986397743225,1.56818091869354,1.17778432369232,100,4,43.9635810852051,1.75854325294495,38.801815032959,20.4927308806908,940.673870767089,586.680808630027,,,,1508.9022062859,941.07425967467,,,10127,111.55531096835
2013,MG,31015,São João Del Rei,74.2040175358241,76.2136578769439,69.1029248184257,100,96.0257380772142,100,100,100,100,100,,,,1.77235126495361,41.5517921447754,56.6364707946777,,,,,,746.163635253906,221.290817260742,161.171356201172,6.51428556442261,387.585357666016,93.5887832641602,109.89624786377,431.487091064453,105.881042480469,118.503852844238,14682,3871,6260.10009765625,1650.51403808594,26,447,190.591522216797,11.0858602523804,170,223,,,0.950825691223145,0.724844694137573,1.22893154621124,0.690414547920227,141,0,60.1194725036621,0,18.0051422119141,19.7161674568824,476.318738441048,229.792547521306,,,,764.046305169424,368.602225190124,,,12950,125.454923450471
2013,MG,31023,João Monlevade,68.8346477903653,62.6240253812424,64.3450412295536,100,100,100,100,100,100,100,,,,2.70906949043274,18.4334506988525,78.3274459838867,,,,,,645.8037109375,199.159423828125,100.311920166016,7.48299312591553,337.992340087891,83.5520935058594,71.7116241455078,373.357757568359,92.7552490234375,76.3319854736328,8395,1786,6146.8505859375,1307.71594238281,6,185,135.457702636719,4.39322280883789,90,127,,,0.929898798465729,0.658983409404755,1.64013648033142,0.670149505138397,92,4,67.3627471923828,2.92881512641907,30.0716094970703,25.0152853898588,569.445490677028,346.824453537086,,,,913.427686198453,556.329031133029,,,6367,129.883897182834
2013,MG,31097,Juiz de Fora,69.1823299137943,48.5724349986812,55.4723614253786,100,90.7831495617755,100,100,94.8402601074357,100,94.4020356234097,,,,3.78809452056885,23.5403022766113,72.6431198120117,,,,,,755.810302734375,179.038787841797,141.577331542969,6.67559719085693,384.290130615234,76.1009979248047,100.779777526855,427.433441162109,85.8095092773438,108.193908691406,39807,7347,6717.2451171875,1239.77197265625,154,1492,251.768035888672,25.986780166626,727,2164,,,3.6516489982605,1.22677850723267,3.78327035903931,1.37751030921936,602,53,101.584686279297,8.94350242614746,38.129695892334,26.3178429022292,726.217020512195,302.605526150084,,,,1164.89943916444,485.398989205285,,,19790,85.0538342961673
2013,MG,31016,Belo Horizonte/ Nova Lima/ Caeté ,90.597320615393,49.3170232619356,65.3867811314406,100,94.3256351039261,100,96.9214780600462,93.729792147806,100,90.4549653579677,,,,0.798375904560089,26.7364673614502,71.8812026977539,,,,,,581.830993652344,119.031539916992,94.5286102294922,6.23112964630127,333.221099853516,51.5961112976074,70.9347381591797,372.64990234375,58.9267959594727,76.5707168579102,177337,28731,5371.16943359375,870.202331542969,802,6348,192.267730712891,24.2909145355225,4313,13500,,,4.08886957168579,1.30631816387177,4.03429841995239,1.32599008083344,4161,672,126.028045654297,20.3534851074219,48.9419822692871,20.2836701318037,908.085915970082,312.664065752906,,,,1456.62900255436,501.533542391434,,,110371,86.830703078326
2013,MG,31085,Taiobeiras,100,100,100,93.2394366197183,99.0985915492958,100,97.7464788732394,97.8028169014084,98.1971830985916,99.0422535211268,,,,1.03155338764191,15.4733009338379,83.4951477050781,,,,,,515.104309082031,120.240478515625,74.2225189208984,16.8587894439697,315.271759033203,56.4057960510254,57.6589965820312,352.066864013672,64.5708999633789,62.5041732788086,8626,1970,6402.4345703125,1462.18359375,10,167,123.951606750488,7.42225170135498,97,54,,,0.400801599025726,0.719958424568176,0.669301569461823,0.771543085575104,7,0,5.19557619094849,0,1.18533360958099,19.6182745345422,457.365893514065,184.96452818551,,,,733.6447064704,296.695160073017,,,17652,384.105689292238
2013,MG,31017,Betim,84.1838195254765,77.4591987553481,62.6019447685725,93.7610665555671,100,100,100,99.9687532548693,99.9687532548693,100,,,,1.26746511459351,27.1457080841064,71.1676635742188,,,,,,514.288635253906,106.66283416748,88.9855651855469,11.8263912200928,384.583129882812,66.9387664794922,80.7282257080078,428.233032226562,76.2410736083984,86.5191345214844,30635,4054,4589.34814453125,607.318969726562,46,696,104.265914916992,6.89113807678223,508,646,,,0.967755436897278,0.761021316051483,1.44335639476776,0.723419666290283,129,13,19.3251476287842,1.94749557971954,32.1888046264648,27.6515919046626,820.982645848765,576.624788251183,,,,1316.90967947632,924.943747487997,,,36663,138.781752969548
2013,MG,31047,São João Nepomuceno / bicas,83.5971862061061,87.7161563919254,83.5971862061061,38.9214536928488,100,100,100,100,100,100,,,,2.10249662399292,26.8068332672119,67.9369277954102,,,,,,786.022521972656,245.194198608398,156.924285888672,6.77361869812012,369.191162109375,104.926284790039,100.582717895508,408.207000732422,116.65209197998,108.653587341309,5814,1683,8146.0517578125,2358.06762695312,0,107,149.918731689453,0,44,69,,,0.966765701770782,0.61648827791214,0.956607639789581,0.65957236289978,28,0,39.231071472168,0,16.5260887145996,22.2073168566332,448.306392062371,330.285098943404,,,,719.112675600695,529.798828251343,,,3512,133.513007729152
2013,MG,31011,Três Pontas,71.6224140066895,61.1652971053392,54.2792253375728,100,100,100,100,100,100,100,,,,0.437773615121841,16.3852405548096,83.1144485473633,,,,,,700.6982421875,205.516586303711,144.0234375,6.00461912155151,388.269836425781,92.3070297241211,101.544052124023,430.118347167969,103.561073303223,108.760200500488,8217,1629,6648.54248046875,1318.05712890625,10,171,138.359588623047,8.0912036895752,90,124,,,1.00330924987793,0.728208363056183,1.13115036487579,0.70959860086441,40,0,32.3648147583008,0,16.5327568054199,31.8438076879602,513.482533131904,320.998585999073,,,,823.659454365607,514.902656149766,,,7437,196.669026492377
2013,MG,31083,Bocaiúva,96.7681200644751,100,96.7681200644751,74.8576850094877,94.2125237191651,96.3946869070209,100,100,100,100,,,,2.33297991752625,36.9034996032715,60.7635192871094,,,,,,523.490844726562,119.276390075684,95.4211120605469,10.6329116821289,366.954833984375,66.2355194091797,79.2106781005859,410.843048095703,77.0923233032227,85.6806793212891,4986,677,6607.912109375,897.223510742188,0,60,79.5175933837891,0,41,48,,,0.636140763759613,0.543370246887207,0.66032737493515,0.591080784797668,0,0,0,0,8.61573123931885,20.3412870806172,433.753135118184,225.282889080527,,,,695.768302812045,361.368439090232,,,8295,330.377606447106
2013,MG,31028,Bom Despacho,90.1600573105269,85.4790433852465,80.9982237662045,100,100,100,100,100,100,100,,,,1.17753624916077,23.3695659637451,74.909423828125,,,,,,670.870788574219,184.010269165039,102.547393798828,4.14285707473755,348.1826171875,78.4676361083984,73.5657730102539,388.015686035156,88.6647491455078,79.6505966186523,7543,1669,7229.11181640625,1599.54760742188,0,198,189.760589599609,0,89,105,,,1.00630617141724,0.852964282035828,1.14742863178253,0.812472462654114,60,0,57.5032119750977,0,16.2714920043945,24.5445201256426,442.557371418284,319.508941024864,,,,709.890871739201,512.513168509024,,,4875,121.977948735538
2013,MG,31034,Caratinga,98.161692645739,99.9308829445929,98.161692645739,98.8582677165354,98.3858267716535,100,100,100,100,100,,,,1.6222962141037,27.4126453399658,70.7570724487305,,,,,,673.202026367188,194.144409179688,135.648941040039,8.9887638092041,363.3349609375,79.1473388671875,101.483680725098,402.205749511719,88.5049285888672,109.177543640137,11575,2309,5836.93896484375,1164.36218261719,16,326,164.39241027832,8.06833839416504,132,186,,,0.937944412231445,0.665637969970703,1.00488638877869,0.672445595264435,44,0,22.187931060791,0,7.44858932495117,24.2414580750169,486.274659223446,246.251369984549,,,,780.016251078433,395.00324928512,,,20053,249.275091428804
2013,MG,31007,Pouso Alegre,82.8300520587785,69.6157357952341,68.9449593297009,100,100,100,100,100,100,100,,,,2.15524220466614,22.3788681030273,75.2714309692383,,,,,,600.328125,165.235015869141,112.537399291992,5.30546617507935,316.924011230469,66.6780319213867,80.7642135620117,353.457397460938,75.8675384521484,87.5325317382812,27327,6012,5274.9736328125,1160.50573730469,35,518,99.990348815918,6.75610446929932,412,776,,,1.49792492389679,0.795290052890778,1.57055306434631,0.766480088233948,307,37,59.2606887817383,7.14216756820679,24.4756298065186,22.5799614495647,421.182301436642,315.978579149103,,,,675.603866160409,506.850237934606,,,18116,83.5798683144313
2013,MG,31053,Januária,83.5009264089511,99.8255113237754,78.1043694123149,91.2521440823328,94.568324757004,100,100,97.9988564894225,100,96.2835906232133,,,,1.37724554538727,47.7844314575195,50.3592796325684,,,,,,557.607788085938,126.052627563477,77.9075241088867,24.0188388824463,344.434265136719,61.4143028259277,68.5277709960938,379.663940429688,69.3270111083984,73.928108215332,4110,689,3597.751953125,603.126831054688,0,93,81.4089889526367,0,74,67,,,0.586494863033295,0.647770464420319,0.574896275997162,0.658274829387665,0,0,0,0,3.99866938591003,25.7838464073149,432.821974178404,201.003127021388,,,,694.27465996716,322.422118077555,,,15003,478.754609998625
2013,MG,31051,Francisco Sá,100,100,100,41.2060301507538,100,100,100,95.0753768844221,100,97.3869346733668,,,,5.45657014846802,27.1714916229248,67.371940612793,,,,,,517.581359863281,139.664810180664,82.1557693481445,13.4920635223389,368.440399169922,80.6686019897461,76.4520263671875,404.961059570312,91.0651168823242,80.8527221679688,4464,1201,6112.38916015625,1644.48461914062,0,149,204.020156860352,0,50,40,,,0.547705113887787,0.684631407260895,0.774318099021912,0.714070558547974,6,0,8.21557712554932,0,4.37753295898438,20.4734604568893,483.556608036801,246.098837099175,,,,775.656319799613,394.758576594165,,,9624,401.985825230681
2013,MG,31048,Ubá,81.8558143307065,76.180708560306,79.8282667171301,100,98.3516483516484,100,100,100,100,100,,,,1.94174754619598,28.9834384918213,69.017707824707,,,,,,736.271850585938,210.974624633789,150.743179321289,7.15243625640869,378.454040527344,85.1986389160156,99.2701950073242,419.930725097656,96.2638168334961,107.248634338379,23656,6945,7785.984375,2285.83276367188,44,706,232.368316650391,14.4818782806396,202,305,,,1.00385749340057,0.664849877357483,1.17574751377106,0.668881714344025,243,7,79.9794616699219,2.30393505096436,30.0861015319824,21.3763520527172,351.496428955227,235.309914941009,,,,563.823184245199,377.452442179452,,,18609,146.622131701899
2013,MG,31077,João Pinheiro,73.4020439979214,81.1291067613604,64.7410358565737,93.0255402750491,100,100,100,100,100,100,,,,1.17270791530609,39.5522384643555,58.8486137390137,,,,,,562.087036132812,123.00122833252,88.6753082275391,12.4681930541992,384.208526611328,66.1244583129883,80.6532974243164,428.337432861328,76.1398849487305,85.2817535400391,3118,480,4459.509765625,686.518493652344,0,50,71.5123443603516,0,38,47,,,0.67221599817276,0.543493807315826,1.10593843460083,0.507737636566162,12,0,17.1629619598389,0,9.60982894897461,29.6538259464219,486.831492228411,341.953321434028,,,,780.909447515407,548.515417716277,,,4954,194.739037882377
2013,MG,31049,Brasília de Minas/São Francisco,95.0132877582612,97.7482394838802,92.3288921499324,92.4522189828312,100,100,100,100,100,100,,,,1.07889413833618,32.5691184997559,66.1159820556641,,,,,,554.64453125,108.298187255859,76.7294845581055,22.3715419769287,374.3642578125,57.0801429748535,64.252067565918,412.923858642578,64.9156799316406,68.7159881591797,13532,2406,5933.162109375,1054.92077636719,10,296,129.782440185547,4.3845419883728,125,124,,,0.543683171272278,0.5480677485466,0.739781856536865,0.626770257949829,6,0,2.63072514533997,0,1.26099419593811,19.6594125896271,457.242070174528,175.914391960538,,,,733.446085762391,282.178151637445,,,32296,421.32946638413
2013,MG,31003,Itajubá,78.7098081941875,69.9460308612258,64.5141510629133,87.2632003224506,86.739218057235,91.8984280532044,91.8984280532044,90.1652559451834,92.4627166465135,91.4953647722692,,,,0.437201917171478,20.3100166320801,78.4976119995117,,,,,,683.728454589844,192.01953125,140.417388916016,3.26560235023499,349.790466308594,79.7470016479492,97.003776550293,388.642791748047,90.6788101196289,104.748596191406,13503,3083,6699.84423828125,1529.70593261719,33,255,126.52449798584,16.37375831604,181,331,,,1.64233756065369,0.898075819015503,1.6144278049469,0.900060534477234,80,5,39.6939582824707,2.48087239265442,29.7342491149902,23.4506809427799,403.040512768972,301.516873722245,,,,646.503254569809,483.652719747513,,,9841,126.466112605224
2013,MG,31055,Pirapora,91.4758980085613,100,91.4758980085613,93.8404106392907,95.0536630891274,94.2137190853943,95.5669622025198,96.8735417638824,100,92.1138590760616,,,,0.727650701999664,23.4927234649658,75.7796249389648,,,,,,550.426635742188,98.6151885986328,91.621208190918,14.8665819168091,396.409118652344,59.6900405883789,83.2118682861328,436.613372802734,67.503791809082,89.6306762695312,8499,1478,5944.18798828125,1033.71105957031,10,210,146.873687744141,6.99398517608643,97,93,,,0.650440633296967,0.678416550159454,1.1139669418335,0.744334876537323,139,0,97.2163925170898,0,10.9301996231079,20.1090938285255,510.41906457858,226.985272626703,,,,818.745451114693,364.099173267715,,,14098,282.470022813716
2013,MG,31073,Ituiutaba,68.9432712571502,70.7001849382822,65.3907358823276,100,100,100,100,100,100,100,,,,1.25874125957489,25.4545459747314,73.1468505859375,,,,,,736.136352539062,219.106964111328,128.206481933594,6.78087091445923,359.629669189453,80.5186309814453,84.066520690918,400.890991210938,90.950309753418,91.1521682739258,10255,2423,5388.35009765625,1273.13232421875,10,236,124.002983093262,5.25436353683472,91,210,,,1.10341644287109,0.478147089481354,1.40252101421356,0.585073411464691,118,5,62.0014915466309,2.62718176841736,21.9921398162842,21.5086721147417,522.180075363704,350.766140921297,,,,837.610879052385,562.651754635145,,,8898,116.489226740533
2013,MG,31042,Carangola,94.5835240825964,99.3245468199086,94.5835240825964,100,100,100,100,100,100,100,,,,1.6676961183548,25.3860416412354,72.9462661743164,,,,,,673.904296875,207.052383422852,119.665252685547,9.81308364868164,360.878173828125,87.0456848144531,88.0260772705078,401.543151855469,98.5271377563477,95.7196884155273,10924,3455,8600.15234375,2720.02270507812,21,240,188.945129394531,16.5326995849609,113,148,,,1.16516160964966,0.889616668224335,1.25353288650513,0.862258970737457,93,5,73.2162399291992,3.93635702133179,6.20842218399048,23.3125840371651,429.305614964114,269.23715810919,,,,688.634190574501,431.873951759517,,,13214,277.793792067207
2013,MG,31010,Três Corações,87.7986463755869,80.0551653765515,77.037013416666,100,100,100,100,100,97.3275326289621,100,,,,2.88763332366943,26.0514755249023,69.3659744262695,,,,,,623.358032226562,179.545776367188,114.256401062012,6.35910224914551,370.893890380859,90.4109878540039,90.4481430053711,409.172760009766,100.721496582031,95.9888916015625,8636,2375,6712.369140625,1845.97924804688,15,336,261.157501220703,11.6588163375854,93,141,,,1.09592878818512,0.722846627235413,1.44841361045837,0.788718938827515,42,3,32.6446876525879,2.33176326751709,22.1890602111816,22.648123822792,428.768497678209,260.367112291654,,,,687.772619436062,417.645820076616,,,7568,153.911487010184
2013,MG,31096,Itambacuri,100,100,100,100,100,100,100,100,99.8491704374057,100,,,,2.83911681175232,38.3280754089355,57.2555198669434,,,,,,773.841491699219,241.5458984375,109.590263366699,8.09248542785645,451.310760498047,100.109603881836,85.3044967651367,496.511352539062,112.30818939209,91.7854537963867,3024,649,6763.28515625,1451.51184082031,0,79,176.68635559082,0,43,30,,,0.67096084356308,0.961710512638092,0.838701009750366,1.03327965736389,21,0,46.9672584533691,0,4.88906764984131,23.0042782590425,563.751641030168,312.096572286099,,,,904.294380212819,500.623245878765,,,5795,393.92708288727
2013,MG,31080,Peçanha/São João Evangelista,82.3492473268328,100,82.3492473268328,98.4679665738162,100,100,100,100,100,100,,,,7.21649503707886,15.6357383728027,77.1477661132812,,,,,,649.138793945312,168.29524230957,96.1687088012695,18.7830696105957,361.328796386719,68.6482925415039,74.3900146484375,399.691436767578,76.1548004150391,78.1896667480469,3804,1380,6532.60302734375,2369.87182617188,0,77,132.231979370117,0,35,17,,,0.291940718889236,0.601054430007935,0.536226391792297,0.584740102291107,5,0,8.58649158477783,0,4.83419466018677,21.55693206634,457.117988241872,280.551940260576,,,,733.247050254162,450.023599881398,,,7386,373.85227826424
2013,MG,31091,Cassia,84.5451352300667,70.0944234385008,78.3466600549598,100,100,100,100,100,100,100,,,,0.924214422702789,18.6691303253174,80.4066543579102,,,,,,632.962585449219,157.735092163086,109.201210021973,13.4185304641724,363.149749755859,80.5470352172852,88.7159576416016,400.302276611328,89.2147064208984,93.2445068359375,3899,945,7884.73193359375,1911.02124023438,0,57,115.267944335938,0,38,53,,,1.07178974151611,0.768453001976013,0.946916103363037,0.694641053676605,27,0,54.6006050109863,0,10.6814966201782,28.2026535489877,622.430838095999,443.648899924064,,,,998.41963729423,711.641754613467,,,2561,131.379977702368
2013,MG,31093,Piumhi,100,100,100,100,100,100,100,100,100,100,,,,1.27551019191742,19.2602043151855,79.4642868041992,,,,,,603.672790527344,150.918197631836,102.838066101074,6.85840702056885,296.554473876953,56.6611251831055,73.6090393066406,332.744689941406,65.7604675292969,79.0421142578125,5976,1512,7981.30224609375,2019.36560058594,10,118,157.595993041992,13.3555927276611,58,72,,,0.961602687835693,0.774624347686768,1.1412353515625,0.757596015930176,61,0,81.4691162109375,0,6.99833059310913,24.6482611434892,576.687821465824,375.885479475567,,,,925.044856873083,602.944811073582,,,3931,134.27766234566
2013,MG,31067,Padre Paraíso,100,100,100,66.8071654373024,91.3593256059009,96.2065331928346,100,99.2623814541623,98.6301369863014,98.9462592202318,,,,3.18906617164612,39.2938499450684,57.5170860290527,,,,,,734.744323730469,234.077835083008,128.417694091797,12.3893804550171,485.378051757812,120.553634643555,108.848457336426,537.135803222656,135.255218505859,114.671691894531,4275,1527,6949.185546875,2482.20043945312,0,91,147.924179077148,0,29,26,,,0.422640532255173,0.471406728029251,0.610796868801117,0.657124757766724,0,0,0,0,1.85311615467072,21.5334387178683,395.151146542861,191.646036177869,,,,633.848196876892,307.412734425079,,,9008,484.674248427853
2013,MG,31079,Conselheiro Lafaiete,84.3504154731857,80.0328975355208,79.4838490116559,100,100,100,100,100,100,100,,,,0.469483554363251,25.7746486663818,73.2863845825195,,,,,,587.013732910156,197.701782226562,121.833030700684,6.88679265975952,323.364685058594,82.7113800048828,91.0410385131836,357.717193603516,93.2095947265625,97.3379211425781,10424,3177,5772.67041015625,1759.37976074219,9,259,143.430709838867,4.9840784072876,142,235,,,1.30139827728271,0.78637683391571,1.39401912689209,0.730859756469727,65,1,35.9961242675781,0.553786516189575,29.6486225128174,26.4270067475133,473.434181629021,284.650196960986,,,,759.419288013866,456.597470772625,,,9024,133.301649907568
2013,MG,31026,Diamantina,86.5074782006121,100,86.5074782006121,75.9278897136797,86.8504772004242,91.7815482502651,90.0318133616119,95.6521739130435,99.9469777306469,82.0254506892895,,,,2.88671016693115,25.9259262084961,71.1328964233398,,,,,,620.357055664062,157.213775634766,87.1049270629883,18.3789958953857,369.742309570312,66.4323272705078,76.5029602050781,409.997467041016,75.4709930419922,81.6926422119141,10262,3100,7267.2421875,2195.32739257812,20,366,259.190277099609,14.1634035110474,139,127,,,0.899376094341278,0.98435652256012,1.10651588439941,0.992146372795105,29,0,20.5369338989258,0,7.41949892044067,21.2091164142676,464.189818170374,234.159751732627,,,,744.590726434829,375.607505420125,,,14967,320.656071224082
2013,MG,31066,Nanuque,95.9879318847727,100,95.9879318847727,100,100,92.5586136595311,88.0733944954128,88.9908256880734,94.1896024464832,90.72375127421,,,,1.6412661075592,27.315357208252,71.0433731079102,,,,,,704.850891113281,249.276519775391,120.340393066406,9.14634132385254,375.632507324219,99.0548477172852,81.0828704833984,416.9912109375,112.543395996094,87.8082275390625,3717,1208,5325.0625,1730.60949707031,0,82,117.475143432617,0,38,52,,,0.744964301586151,0.544396996498108,0.757499814033508,0.585943102836609,25,0,35.8155937194824,0,9.42093372344971,20.9549178588678,406.314503459963,201.75822426211,,,,651.754949052369,323.633343272486,,,5483,205.825310958695
2013,MG,31020,Guanhães,95.2362243394558,100,95.2362243394558,100,91.4509803921569,100,100,99.0588235294118,100,93.4901960784314,,,,1.13043475151062,22.6086959838867,76.0869598388672,,,,,,610.259643554688,180.182113647461,121.193923950195,12.3022842407227,327.614318847656,70.5748443603516,99.1250534057617,360.975921630859,79.0645446777344,105.883598327637,6671,2426,7154.7314453125,2601.91552734375,0,243,260.620544433594,0,72,87,,,0.933085918426514,0.772209048271179,1.07224440574646,0.814037024974823,18,0,19.3052272796631,0,7.31668090820312,20.1304002415329,472.357613991255,263.317324447644,,,,757.692403347115,422.378152683617,,,8688,253.051394425628
2013,MG,31088,Oliveira/Santo Antônio do Amparo,99.7948758799924,99.8745357324226,97.9517460443904,93.9688715953307,100,100,100,100,100,100,,,,0.672430336475372,21.1335258483887,77.8097991943359,,,,,,660.615112304688,203.341018676758,123.56128692627,3.09278345108032,333.891845703125,78.5520858764648,83.6954650878906,372.869750976562,87.9469146728516,90.1441650390625,6623,1685,6443.67236328125,1639.37622070312,18,223,216.961944580078,17.512622833252,77,91,,,0.885360419750214,0.749151110649109,1.23707234859467,0.7474485039711,33,1,32.1064758300781,0.972923517227173,16.3947353363037,24.7938347598982,482.495389572293,279.242135939138,,,,773.954056207298,447.922588370565,,,5701,142.284825246368
2013,MG,31071,Frutal / Iturama,83.6919136480059,80.2286864251738,70.7696060495182,100,100,100,100,100,100,100,,,,1.44782829284668,27.6585121154785,70.494255065918,,,,,,575.943725585938,138.084869384766,93.2367935180664,15.3688526153564,352.106323242188,70.5777893066406,74.793083190918,394.371154785156,80.7052459716797,80.3586502075195,8804,2824,5195.2958984375,1666.46008300781,0,134,79.0742416381836,0,121,158,,,0.932367920875549,0.714028596878052,1.01955616474152,0.651624858379364,55,0,32.4558448791504,0,25.0092945098877,24.7316009674003,652.923595232247,482.286903182791,,,,1047.33200740302,773.619630448408,,,7631,126.036202846118
2013,MG,31004,Lavras,82.6748108622822,76.1370036405019,69.4192035023138,100,100,100,100,100,100,100,,,,1.14135205745697,22.5636520385742,76.1194000244141,,,,,,649.603942871094,199.573715209961,117.030479431152,4.09051370620728,345.206604003906,87.5883636474609,83.233039855957,384.153594970703,98.9097442626953,90.1582794189453,9234,1973,5220.5771484375,1115.46447753906,38,262,148.125534057617,21.4838562011719,129,258,,,1.45864069461823,0.729320347309113,1.89340615272522,0.719143807888031,105,2,59.3632850646973,1.1307293176651,27.0696582794189,26.8822681862001,649.00821270335,342.535889760344,,,,1041.0514786035,549.449895286248,,,8212,113.894386815011
2013,MG,31052,Janaúba/Monte Azul,100,99.925264656535,100,94.8249619482496,94.1653982749873,94.9771689497717,91.7300862506342,90.3855910705226,100,93.9878234398782,,,,1.40768814086914,26.8814296722412,71.65673828125,,,,,,571.844604492188,114.881134033203,83.0510101318359,18.4261035919189,368.133056640625,58.0314331054688,70.0381774902344,408.292785644531,65.2300796508789,75.41162109375,17127,3841,6266.1435546875,1405.28161621094,20,280,102.441772460938,7.31726932525635,213,170,,,0.621967911720276,0.779289186000824,0.730263471603394,0.812582790851593,28,0,10.244176864624,0,3.75741791725159,22.8428292123855,413.522097304761,201.13309786145,,,,663.316399404509,322.630599777129,,,36716,372.214016616636
2013,MG,31038,Mantena,100,100,100,85.0292397660819,95.2046783625731,100,100,100,100,100,,,,1.43603134155273,36.6840744018555,61.6187973022461,,,,,,695.282409667969,235.591567993164,156.58219909668,3.71900820732117,372.040924072266,97.4459075927734,102.364692687988,415.077301025391,109.720367431641,113.380668640137,4841,2201,6954.2607421875,3161.81127929688,0,145,208.297424316406,0,55,58,,,0.83318966627121,0.790093660354614,0.867666482925415,0.753821194171906,62,0,89.0651016235352,0,5.14135503768921,20.3813654439418,415.298742234703,250.005165375996,,,,666.166253682262,401.024581783154,,,7596,260.478415030377
2013,MG,31084,Montes Claros ,86.2100264113978,75.0664004860689,72.3570622589805,100,84.8731132857854,91.4911262232543,91.8892021894178,87.4937800630287,94.7752529441035,84.9560457787361,,,,1.79211473464966,30.2704467773438,67.7908096313477,,,,,,524.601501464844,95.3602523803711,84.551155090332,14.3772897720337,350.564208984375,49.7201042175293,73.8867721557617,388.829681396484,56.0212097167969,79.582145690918,27688,5013,6650.71728515625,1204.13342285156,93,892,214.260314941406,22.3388004302979,423,912,,,2.19064354896545,1.0160551071167,2.0188992023468,0.989993214607239,170,0,40.8343658447266,0,20.4608993530273,18.1037821273186,702.479886829291,134.118910342036,,,,1126.82352943833,215.135474694042,,,31196,185.452037699377
2013,MG,31065,Itaobim,98.4569165642496,100,97.606544759351,100,87.1143375680581,95.1905626134301,99.7277676950998,98.0943738656987,100,100,,,,2.07253885269165,30.8808288574219,66.9430084228516,,,,,,652.051574707031,160.260330200195,70.9549560546875,21.2007503509521,371.654205322266,73.4999771118164,53.557975769043,413.758544921875,83.2219772338867,58.5565605163574,5035,1294,6159.6240234375,1583.02954101562,0,113,138.239822387695,0,60,39,,,0.477110922336578,0.7340167760849,0.739827752113342,0.75664895772934,9,0,11.0102519989014,0,2.69506502151489,17.0301091242738,397.096115113122,169.220478552036,,,,636.968053245849,271.440678189248,,,10909,425.227236839305
2013,MG,31032,Pará de Minas,83.7036900010637,84.0667243205246,77.1075645253037,90.79386257505,100,100,100,100,100,100,,,,0.97339391708374,26.1518497467041,72.7774200439453,,,,,,493.007965087891,112.510353088379,83.2753829956055,9.97304534912109,357.444671630859,69.4065246582031,76.3148193359375,396.468597412109,79.0019454956055,81.754020690918,10837,1677,4800.2939453125,742.834106445312,6,156,69.1008453369141,2.65772485733032,135,160,,,0.708726644515991,0.597988128662109,1.09852635860443,0.611941158771515,43,0,19.0470275878906,0,23.6940612792969,29.7040722850403,434.684629145428,311.112688420534,,,,697.262479950934,499.045032024191,,,5126,57.3767871754436
2013,MG,31025,Vespasiano,86.5352348993289,74.8530145876089,77.4443258084198,89.5179233621755,97.5278121137206,100,100,97.0333745364648,100,98.7391841779975,,,,1.31826746463776,35.4284362792969,62.8295669555664,,,,,,520.701293945312,112.746337890625,91.7314910888672,8.84048652648926,363.481750488281,62.2476348876953,79.0963592529297,404.984283447266,70.9020843505859,85.0263366699219,15450,2176,5153.64208984375,725.846252441406,0,226,75.386604309082,0,202,312,,,1.04073548316956,0.673809468746185,1.67760217189789,0.731266736984253,123,11,41.028995513916,3.66925954818726,29.4791660308838,26.007447862134,557.964408912579,341.959758512804,,,,895.011282657024,548.525743210233,,,11896,106.544091192738
2013,MG,31078,Congonhas,88.021880365478,88.6025383294651,87.9079920278164,100,100,100,100,100,100,100,,,,0.937081634998322,18.0053539276123,81.0575637817383,,,,,,621.373229980469,181.129043579102,127.46117401123,9.58164596557617,387.218170166016,96.6330413818359,103.346084594727,432.600006103516,108.798217773438,111.181900024414,6749,1525,5659.44384765625,1278.80456542969,0,155,129.976852416992,0,90,180,,,1.5094085931778,0.754704296588898,1.81087112426758,0.733949959278107,64,4,53.6678619384766,3.35424137115479,37.306713104248,22.631416309579,869.778974929437,693.867494022912,,,,1395.18217209742,1113.00868998037,,,4445,93.5223322680729
2013,MG,31018,Contagem,79.2276800043793,54.6636791384772,59.5996944460341,82.3128657524675,98.6374355838938,100,100,100,100,100,,,,0.844622850418091,28.0816192626953,70.5719985961914,,,,,,477.984191894531,103.478622436523,81.5982131958008,8.80121421813965,349.778442382812,65.3655624389648,72.1335906982422,389.844573974609,74.2716445922852,77.4704513549805,35723,5242,4318.41943359375,633.685668945312,43,461,55.7285575866699,5.19810819625854,438,780,,,0.942912697792053,0.529481709003448,1.68506360054016,0.607211589813232,221,18,26.7158584594727,2.17595243453979,45.5344619750977,26.4174216530903,556.96782728866,316.569376994934,,,,893.412700770349,507.797916190318,,,33221,100.835049909846
2013,MG,31050,Coração de Jesus,100,100,100,70.8480565371025,100,100,100,100,100,100,,,,1.4056224822998,32.5301208496094,66.0642547607422,,,,,,588.494018554688,169.637054443359,90.0542449951172,14.5907468795776,361.922302246094,75.4937973022461,75.0044708251953,400.023986816406,84.7544860839844,79.3407745361328,2827,620,5920.54296875,1298.45654296875,0,30,62.828540802002,0,41,32,,,0.670171082019806,0.858656704425812,0.825148165225983,0.847138166427612,0,0,0,0,1.38013362884521,20.7522697511186,453.677916098367,240.020889646621,,,,727.728950295796,385.009152690885,,,7511,461.561467663613
2013,MG,31012,Varginha,77.7444019661387,58.8031826602842,57.2637902785363,100,100,100,100,100,100,100,,,,1.46504819393158,16.9526996612549,81.5822525024414,,,,,,625.494750976562,183.84651184082,117.703430175781,4.32972526550293,356.495971679688,91.3356399536133,86.0379867553711,398.965637207031,104.008964538574,93.5632705688477,11191,1790,5828.40283203125,932.252807617188,32,327,170.305404663086,16.6659717559814,152,327,,,1.70305407047272,0.791633665561676,2.10746431350708,0.865979552268982,205,12,106.766387939453,6.24973964691162,35.7172622680664,24.7423801436433,626.987127753894,302.296517025949,,,,1005.72822290602,484.903318427495,,,5933,78.4434224203668
2013,MG,31057,Patos de Minas,84.5213525956501,95.8923068781776,76.8888834613553,100,99.7577016268605,100,100,100,100,99.5846313603323,,,,0.888099491596222,24.0142097473145,75.0266418457031,,,,,,565.821105957031,141.25798034668,100.222145080566,4.60251045227051,312.830841064453,59.7053871154785,74.3095321655273,346.79931640625,67.5659027099609,79.7612991333008,12738,2622,5026.10107421875,1034.57666015625,71,376,148.360336303711,28.0148525238037,265,339,,,1.33761048316956,1.04562473297119,1.91329598426819,1.06426846981049,185,31,72.9964447021484,12.2318363189697,12.5194826126099,27.1454720965536,640.087636664024,331.598983251054,,,,1026.74229315105,531.906384326012,,,10992,112.943665320009
2013,MG,31098,salinas,100,100,100,98.9350372736954,94.1427050053248,99.4675186368477,100,100,100,100,,,,3.50058341026306,21.7036170959473,74.7957992553711,,,,,,683.206420898438,157.774368286133,91.1906890869141,21.8220348358154,391.194244384766,68.3384170532227,68.0860824584961,430.317443847656,76.4498672485352,73.5780944824219,5207,1251,7536.98291015625,1810.78649902344,0,49,70.9260940551758,0,53,34,,,0.492140233516693,0.767159759998322,0.982471108436584,0.799004137516022,26,0,37.6342544555664,0,4.31201696395874,20.9756017726087,511.211494584219,220.540731094716,,,,820.016560498078,353.761708564686,,,8134,322.446357293572
2013,MG,31022,Ouro Preto,100,92.1580993820446,87.8329900247645,100,100,100,100,100,100,100,,,,2.44979929924011,19.7188758850098,77.7510070800781,,,,,,547.837341308594,141.177795410156,98.4307327270508,10.9856262207031,336.939880371094,67.5741729736328,78.8999862670898,376.510620117188,76.7340240478516,85.546875,10740,2128,6040.83447265625,1196.91772460938,10,178,100.118118286133,5.6246132850647,138,289,,,1.62551319599152,0.776196658611298,2.09741830825806,0.844113826751709,50,0,28.1230659484863,0,40.4342193603516,24.4290076327288,944.31279952339,747.43073362212,,,,1514.73928521361,1198.92761780299,,,8177,132.09976177617
2013,MG,31031,Itaúna,80.5212856883855,69.2762606946447,72.7512108366644,100,100,100,100,100,100,98.6973180076628,,,,1.00874245166779,32.1452598571777,66.6442489624023,,,,,,678.424926757812,199.240036010742,142.914794921875,2.97397780418396,379.264587402344,89.8840789794922,100.622589111328,422.283843994141,103.036849975586,110.490837097168,5859,1200,4925.51611328125,1008.81030273438,10,109,91.6335983276367,8.40675258636475,127,140,,,1.17694532871246,1.06765758991241,1.5067001581192,1.16013181209564,38,0,31.9456596374512,0,27.0907592773438,23.653285409754,563.843323878524,371.835726952862,,,,904.441445477903,596.448744045124,,,3351,69.7518343854182
2013,MG,31009,São Sebastião do Paraíso,99.3528793558584,99.865941759142,96.1387916552883,100,100,100,100,100,100,100,,,,1.37434554100037,12.9581155776978,85.5366516113281,,,,,,696.51416015625,186.277053833008,107.716728210449,13.7209300994873,320.965698242188,67.2759399414062,73.9338302612305,356.685272216797,75.6177368164062,79.2591857910156,8734,1791,7073.66845703125,1450.53125,20,158,127.964233398438,16.1980037689209,113,174,,,1.4092264175415,0.915187239646912,2.06281590461731,1.03991186618805,107,17,86.6593246459961,13.7683038711548,19.201114654541,28.2355897660286,662.594513704934,332.003450602217,,,,1062.84479102945,532.555176322374,,,5105,105.594912697236
2013,MG,31076,Manga,100,100,100,100,100,100,100,100,100,100,,,,0.862998902797699,27.5080909729004,71.5210342407227,,,,,,578.392883300781,123.941337585449,99.8416290283203,18.1547622680664,362.094146728516,56.9001312255859,71.9384384155273,400.887603759766,65.461784362793,77.4131317138672,4606,1199,7928.802734375,2063.96752929688,0,67,115.334297180176,0,44,26,,,0.447565943002701,0.757419288158417,0.62401020526886,0.752255022525787,1,0,1.72140741348267,0,0.988087832927704,20.1040199324304,370.770701194678,214.213519379582,,,,594.740373305577,343.612448536003,,,8598,520.293558344234
2013,MS,50004,Três Lagoas,84.6100208412424,95.4862052668686,76.4749633922415,100,100,100,100,100,100,100,,,,0.445544540882111,30.173267364502,69.0099029541016,,,,,,636.632629394531,163.026245117188,156.610870361328,1.42264378070831,416.804992675781,91.1245574951172,115.324775695801,465.003082275391,104.251808166504,125.883766174316,16852,3494,6359.533203125,1318.55029296875,10,316,119.250686645508,3.7737557888031,236,314,,,1.1849592924118,0.890606343746185,1.14863693714142,0.91239982843399,257,4,96.9855270385742,1.50950229167938,23.2965259552002,23.9393356081543,784.131637956756,463.625397941649,,,,1257.79826069441,743.685359596371,,,12452,117.948840178044
2013,MS,50001,Campo Grande,62.7686640691313,96.4333164354146,56.0785921955092,100,100,100,100,100,100,100,,,,1.26508975028992,33.5827865600586,64.9873046875,,,,,,541.612426757812,132.409881591797,134.606094360352,1.38652718067169,360.867980957031,73.0294418334961,107.817764282227,401.303497314453,82.8937530517578,117.359428405762,87552,14329,6224.42822265625,1018.70697021484,172,2184,154.726165771484,12.1853933334351,1091,2604,,,1.84481191635132,0.772922337055206,2.07534265518188,0.865552604198456,1125,81,79.7009735107422,5.73847007751465,21.5844459533691,26.9381629987261,822.094758345892,422.268431197694,,,,1318.69358041447,677.346089096216,,,74595,133.621902961935
2013,MS,50003,Dourados,79.1984103970053,86.5194812041968,75.2827278958191,100,100,100,100,100,100,100,,,,3.93964171409607,35.7764053344727,60.1873207092285,,,,,,610.523010253906,171.701629638672,139.682983398438,2.04763889312744,426.273834228516,97.7674407958984,113.224311828613,473.380859375,110.461029052734,122.993141174316,52854,13696,6742.28662109375,1747.12145996094,55,1163,148.357360839844,7.01603984832764,595,776,,,0.989899456501007,0.759007930755615,1.16648042201996,0.814657926559448,667,30,85.0854263305664,3.82693076133728,17.4983863830566,22.6688418198156,669.679219143545,344.05457671907,,,,1074.20912036762,551.88596816325,,,51435,194.587415274868
2013,MS,50002,Corumbá,76.3966000687016,90.1445130573019,68.4883247190024,100,100,100,100,100,100,100,,,,3.01614284515381,36.873405456543,60.0679702758789,,,,,,604.802673339844,223.108444213867,168.691741943359,1.15681231021881,447.388793945312,141.58366394043,156.518646240234,496.387420654297,162.142211914062,168.863021850586,7864,1600,6113.32666015625,1243.81005859375,7,132,102.614334106445,5.44166898727417,53,115,,,0.893988490104675,0.412012100219727,0.922168612480164,0.485863327980042,45,3,34.9821586608887,2.33214402198792,17.0091037750244,18.0099754198939,649.920999120301,356.317461483967,,,,1042.51564751603,571.556434679019,,,8539,173.696229141978
2013,MT,51002,Baixada Cuiabana,49.1103014942711,45.8910508603885,40.4692401275416,100,83.1020659882824,89.8242368177613,82.0166512488437,92.1122417514647,97.3666358310207,84.1813135985199,,,,0.848639130592346,32.2907180786133,65.8725814819336,,,,,,566.244323730469,146.440704345703,129.114151000977,2.30414748191833,432.385833740234,94.8427886962891,118.874572753906,481.133453369141,108.215896606445,127.41788482666,54460,9823,5684.3623046875,1025.29357910156,179,1761,183.807601928711,18.6834526062012,922,1824,,,1.90383338928223,0.962354421615601,2.48445558547974,1.00133919715881,864,193,90.1815872192383,20.1447296142578,27.3365020751953,21.2772920763326,628.763008140268,257.227792379622,,,,1008.57685080605,412.610146301985,,,55346,144.638135137787
2013,MT,51006,Médio Araguaia,83.0495292190575,98.954736680847,78.9486088688295,100,90.1234567901235,100,96.7320261437908,100,100,91.7937545388526,,,,8.88005256652832,36.5805168151855,53.6779327392578,,,,,,389.254760742188,91.6559143066406,67.8932723999023,17.1511631011963,337.813568115234,67.1443176269531,65.0825271606445,371.534851074219,74.2739944458008,70.3179244995117,4309,1280,4875.86865234375,1448.38977050781,0,154,174.259399414062,0,71,57,,,0.644986093044281,0.803403735160828,0.807929933071136,0.828863680362701,75,0,84.8665924072266,0,5.2187294960022,25.6730687367537,674.380597004695,476.563837805728,,,,1081.75043691496,764.439460527107,,,4973,177.69656746153
2013,MT,51001,Alto Tapajós,90.1629396784975,96.3343546076715,86.1938962279166,100,100,100,100,100,100,100,,,,1.33146464824677,26.6292915344238,70.7077789306641,,,,,,524.475524902344,130.394470214844,101.417915344238,4.41988945007324,397.935028076172,83.737060546875,83.0636215209961,444.191223144531,95.6581954956055,91.5689315795898,6336,1458,6119.84716796875,1408.26025390625,0,168,162.268676757812,0,78,86,,,0.830661058425903,0.753390252590179,0.854808151721954,0.746629059314728,63,0,60.8507499694824,0,2.58374214172363,18.5430450617462,474.823570599575,238.251828822095,,,,761.647958489584,382.171463812586,,,6962,176.127324073393
2013,MT,51013,Sul Matogrossense,77.647797636781,92.8773359453197,72.9860877430251,100,98.0705341170457,100,93.841042678252,100,100,98.364426271403,,,,1.83278930187225,33.3542556762695,64.6623153686523,,,,,,526.381103515625,118.260009765625,96.3446884155273,4.59544372558594,401.895080566406,82.5498962402344,88.8425445556641,446.480682373047,92.9335250854492,95.0640869140625,29545,5038,6108.37744140625,1041.59777832031,28,734,151.753219604492,5.78895139694214,344,454,,,0.938637137413025,0.711214005947113,1.27325916290283,0.750082671642303,297,2,61.4042358398438,0.413496524095535,14.9204015731812,24.7223819642559,656.559793489601,386.043365490162,,,,1053.16470643243,619.238722380083,,,25989,136.698535860839
2013,MT,51009,Norte Araguaia Karajá,97.9446783466884,100,97.9446783466884,100,100,100,100,100,100,100,,,,2.06611561775208,55.7851257324219,41.3223152160645,,,,,,393.116088867188,82.9911804199219,69.8873062133789,27.7777786254883,309.336364746094,63.7659645080566,57.7483825683594,340.981658935547,72.7793426513672,62.096549987793,1186,396,5180.396484375,1729.71081542969,0,40,174.71826171875,0,15,8,,,0.349436521530151,0.655193507671356,0.516510903835297,0.622433841228485,0,0,0,0,1.96994841098785,20.2855151533393,762.337145511658,477.816692916869,,,,1222.8384741443,766.449121792405,,,1767,218.937731822415
2013,MT,51004,Centro Norte,84.1198129377658,97.0216052648285,76.6024081088516,99.7690531177829,100,100,100,100,100,99.4611239414935,,,,0.594795525074005,29.219331741333,69.7397766113281,,,,,,545.632385253906,156.483245849609,114.273948669434,8.49056625366211,403.06396484375,94.656852722168,96.87109375,451.6005859375,109.06763458252,105.545738220215,5222,1194,5376.02294921875,1229.21704101562,0,218,224.429916381836,0,69,41,,,0.422092974185944,0.710351586341858,0.664539039134979,0.671488106250763,32,0,32.9438400268555,0,6.37772178649902,23.9089014229606,555.756039303503,353.387752605584,,,,891.468913852082,566.8569906658,,,6966,215.203670689796
2013,MT,51005,Garças Araguaia,89.621527457894,100,89.621527457894,100,88.7887323943662,97.0140845070423,83.7746478873239,100,100,98.4788732394366,,,,9.9089994430542,40.3437805175781,44.7927207946777,,,,,,553.242431640625,143.403045654297,123.848091125488,9.72017669677734,387.122497558594,92.3719787597656,102.46363067627,426.288909912109,101.682281494141,106.932159423828,5800,1554,4725.7822265625,1266.18371582031,10,233,189.846084594727,8.14790058135986,82,106,,,0.863677501678467,0.668127834796906,1.14070606231689,0.67525726556778,72,0,58.6648864746094,0,14.3500823974609,20.4341200082237,631.762650367195,285.559096467617,,,,1013.38847246892,458.055404827633,,,8646,183.675716881701
2013,MT,51011,Oeste Matogrossense,62.8919526513739,66.0835100205632,54.7252735544498,94.9532085561497,84.8262032085562,95.153743315508,91.1430481283422,92.7139037433155,98.2286096256685,91.677807486631,,,,2.32161140441895,37.4871978759766,60.1570510864258,,,,,,556.379455566406,161.26188659668,119.261199951172,4.00745582580566,370.788726806641,95.6539154052734,98.9352035522461,413.468658447266,108.912498474121,106.965827941895,13493,2255,6996.484375,1169.2783203125,25,350,181.484436035156,12.963173866272,172,165,,,0.85556948184967,0.891866385936737,0.977293729782104,0.92142242193222,79,0,40.9636306762695,0,9.98579216003418,23.2153930669202,366.057165420531,248.205575566577,,,,587.179554673272,398.137922423064,,,15331,215.086348689353
2013,MT,51007,Médio Norte Matogrossense,68.6532468076979,67.1215008129248,54.1463823681501,100,98.9740666856654,100,97.4066685665432,100,100,100,,,,1.11899566650391,30.1310043334961,68.3406143188477,,,,,,485.221771240234,123.543548583984,93.5529098510742,7.93357944488525,426.908752441406,100.143157958984,97.5390930175781,473.132019042969,111.746315002441,103.698669433594,12076,3113,5405.47802734375,1393.44592285156,0,308,137.867446899414,0,118,199,,,0.89076691865921,0.528193473815918,1.02841055393219,0.516667187213898,128,23,57.2955589294434,10.295295715332,17.0024566650391,26.0541775630551,584.042592028284,368.843624209927,,,,936.842388274029,591.649216206036,,,10689,125.211675595285
2013,MT,51008,Noroeste Matogrossense,74.5391614629795,98.3957181088314,72.3982158786797,97.2348141432457,92.2937443336355,94.7869446962829,93.7896645512239,96.8268359020852,100,95.0135992747053,,,,0.429799437522888,36.6762161254883,62.7507171630859,,,,,,380.041015625,91.5926208496094,81.339714050293,1.61870503425598,340.935974121094,79.5619659423828,84.0557022094727,380.234008789062,91.0211563110352,91.8855285644531,7221,1677,4935.74853515625,1146.27478027344,0,226,154.477096557617,0,85,57,,,0.389610379934311,0.580997943878174,0.568181812763214,0.618421077728271,87,0,59.4668502807617,0,1.70813393592834,27.673519810852,559.090532177195,309.776110223422,,,,896.817657779512,496.90107347153,,,11343,217.659519142525
2013,MT,51012,Sudoeste Matogrossense,87.7416730691011,100,81.4236001265422,100,95.3311617806732,100,100,100,100,100,,,,1.01767539978027,38.725227355957,59.9892883300781,,,,,,443.910278320312,90.3611831665039,91.2384719848633,9.68379402160645,366.252593994141,69.284912109375,82.1312561035156,406.532806396484,78.3804016113281,89.1875839233398,7774,2250,6820.076171875,1973.90930175781,0,157,137.735000610352,0,69,53,,,0.464965313673019,0.60533219575882,0.601384341716766,0.628799796104431,51,0,44.741943359375,0,7.8587908744812,20.2623874055718,544.498935123602,347.477782221706,,,,873.411784956185,557.377012930217,,,7760,188.376274946362
2013,MT,51003,Araguaia Xingu,89.6460724522394,96.5806785610566,85.8580501786684,100,100,100,100,100,100,100,,,,0.365965247154236,43.1838989257812,56.3586463928223,,,,,,311.072235107422,63.1865463256836,68.0470504760742,16.40625,274.911376953125,47.0992660522461,71.5746841430664,303.140930175781,53.3141708374023,75.5749130249023,4195,1220,5097.453125,1482.45361328125,0,107,130.018463134766,0,46,33,,,0.400991529226303,0.558957934379578,0.535262942314148,0.556527674198151,24,0,29.1630210876465,0,1.88101482391357,23.6855200825699,538.54870421116,289.498520379951,,,,863.867226708413,464.374497573314,,,7329,253.488415867026
2013,MT,51014,Teles Pires,85.7892644362642,88.0007894217486,76.8945406909728,100,100,100,100,100,100,100,,,,0.315231412649155,22.8542766571045,76.6298904418945,,,,,,379.041442871094,69.6587295532227,71.0192489624023,5.02512550354004,375.451904296875,68.2117538452148,82.4196472167969,420.212860107422,78.8850784301758,88.8434906005859,20197,2804,5495.6923828125,762.980712890625,22,343,93.3318099975586,5.98629665374756,357,372,,,1.01222836971283,0.971412718296051,1.20766735076904,0.972092986106873,240,4,65.3050537109375,1.0884176492691,14.2735080718994,24.5286308127903,556.597190469955,386.60859441662,,,,892.818175153285,620.14538642242,,,11709,81.3937311500696
2013,MT,51010,Norte Matogrossense,68.9533030285141,100,66.1933998465081,100,100,93.2405566600398,97.4155069582505,100,95.8250497017893,91.351888667992,,,,0.459981590509415,25.390983581543,73.873046875,,,,,,528.527465820312,141.518295288086,89.531982421875,14.4808740615845,372.378173828125,77.9398345947266,80.7211990356445,414.739349365234,87.7902603149414,84.9709396362305,4729,1084,6828.9794921875,1565.36560058594,8,136,196.392730712891,11.5525131225586,57,64,,,0.92420107126236,0.823116600513458,1.50399279594421,1.02528560161591,58,10,83.7557220458984,14.4406414031982,2.36537718772888,21.2437314607392,507.824440468974,310.234462202641,,,,814.583504913005,497.636299923748,,,3551,123.518462701178
2013,MT,51015,Vale do Peixoto,89.8024865984031,100,89.8024865984031,100,100,93.5246504782929,86.3870493009566,100,94.8491537895511,86.7549668874172,,,,1.10893666744232,27.9191131591797,70.5153274536133,,,,,,501.768615722656,125.193748474121,88.4305038452148,7.12871265411377,404.170379638672,89.4028701782227,80.760498046875,448.173095703125,100.366714477539,85.4201354980469,5627,1237,5590.994140625,1229.08471679688,0,165,163.944198608398,0,55,52,,,0.516672611236572,0.546480655670166,0.671425998210907,0.586721539497375,29,0,28.8144359588623,0,1.52319061756134,26.3636120072063,588.606818048667,274.993232658916,,,,944.163704328579,441.107070545461,,,7069,191.023979604547
2013,MT,51016,Vale dos Arinos,75.6223966831104,100,69.5759832619921,100,100,100,100,100,100,100,,,,0.607533395290375,31.1057109832764,68.0437393188477,,,,,,410.281402587891,76.8106689453125,82.4309616088867,10.9589042663574,320.028411865234,53.2469940185547,79.4226150512695,351.458923339844,59.6361618041992,82.4215469360352,2089,396,3913.59741210938,741.878662109375,3,90,168.608795166016,5.62029314041138,30,26,,,0.487092047929764,0.562029302120209,0.782625794410706,0.632282972335815,75,0,140.50732421875,0,2.84012150764465,23.2203846865354,622.64543390447,330.428295395807,,,,998.763862959388,530.028524695221,,,2573,126.072888247222
2013,PA,15011,Tocantins,46.3983283669566,99.2439746515706,41.2095131464319,100,84.0092892095878,87.8245002902878,75.0103674214149,96.0272041137928,100,87.4595670564817,,,,3.36055016517639,52.0584449768066,44.0825080871582,,,,,,333.963958740234,90.522216796875,83.2988815307617,7.91532421112061,291.498016357422,73.5672378540039,84.5075302124023,323.097259521484,82.8653411865234,90.459098815918,41120,11850,6319.6494140625,1821.20251464844,0,683,104.968887329102,0,187,213,,,0.32735538482666,0.287396520376205,0.412344843149185,0.316328257322311,169,0,25.9732666015625,0,4.86176538467407,17.6904430735515,274.023047812808,105.729093854543,,,,439.550830811064,169.596358465483,,,87751,487.434636536959
2013,PA,15003,Carajás,50.1881483446326,82.316266055022,43.9429755784229,100,95.3647957532207,100,91.6164951123195,100,100,98.9253576746294,,,,1.67859792709351,59.6581077575684,38.5336952209473,,,,,,421.418853759766,94.0521697998047,79.9005126953125,8.91530418395996,408.960510253906,95.3651123046875,88.0412292480469,455.121917724609,107.845664978027,94.2437362670898,44869,12618,5619.2099609375,1580.22680664062,38,955,119.600296020508,4.75896453857422,444,466,,,0.583599328994751,0.556047439575195,0.670356512069702,0.566504657268524,424,0,53.1000289916992,0,17.5213813781738,21.3180685431051,554.144041728418,353.158665161964,,,,888.883164664012,566.489519473229,,,72619,262.913606695875
2013,PA,15007,Metropolitana II,67.4544933009836,100,65.2855298856207,92.3955613577023,89.9804177545692,98.8740208877285,91.0737597911227,100,98.9066579634465,93.8642297650131,,,,3.00594758987427,65.3271179199219,31.5222625732422,,,,,,403.481231689453,101.810317993164,77.5146713256836,15.1254482269287,344.536254882812,80.9760894775391,77.5711517333984,383.577362060547,91.8779067993164,83.3590545654297,26341,10202,7618.708984375,2950.763671875,0,492,142.30305480957,0,120,91,,,0.26320281624794,0.347080618143082,0.418087542057037,0.389670312404633,44,0,12.7262897491455,0,3.50927424430847,19.4211659185651,293.344623512479,106.729498221411,,,,470.543897705098,171.201072281032,,,47808,439.006522071393
2013,PA,15013,Marajó I,32.8762597059309,86.3570864768618,26.9150283605925,100,88.148568188262,94.5279274170683,86.4757584349305,98.5256592004536,97.278140062376,96.3708534165013,,,,8.30536937713623,59.4239387512207,31.3758392333984,,,,,,264.479949951172,69.9963684082031,67.3382797241211,10.8877725601196,239.286651611328,60.5778465270996,66.8971405029297,264.042877197266,68.1494903564453,71.7981719970703,11206,3884,4964.42578125,1720.67016601562,0,218,96.577262878418,0,68,43,,,0.190496444702148,0.30125018954277,0.226491406559944,0.341232299804688,0,0,0,0,0.581235647201538,21.96404204455,245.313792097302,128.27226347985,,,,393.499313238212,205.757072014978,,,32154,491.848059526495
2013,PA,15001,Araguaia,60.6948836455039,100,59.4786345576907,100,91.0231535377053,96.5334368128315,86.3407062475747,100,100,91.9674039580908,,,,1.59213626384735,57.5937957763672,40.0802993774414,,,,,,363.442810058594,76.822135925293,77.7970352172852,13.7339057922363,348.317535400391,72.7678375244141,85.9063720703125,385.541473388672,82.1873168945312,92.6361541748047,38160,13389,7440.4384765625,2610.587890625,24,922,179.771606445312,4.67952108383179,238,189,,,0.368512272834778,0.464052498340607,0.543506860733032,0.532977938652039,328,5,63.9534530639648,0.974900245666504,3.71924424171448,18.7741575501676,366.904267355056,145.286855869271,,,,588.538361394364,233.049587299279,,,45971,235.198936282828
2013,PA,15002,Baixo Amazonas,40.0696635304572,92.8717134769451,31.2380715525215,100,82.0849524319979,84.6442449417124,76.9596676939569,90.1849122336862,85.9640895082406,83.9541739246952,,,,3.34186673164368,52.8264045715332,43.6034049987793,,,,,,397.479949951172,109.133865356445,80.1884613037109,13.6585369110107,318.055969238281,82.3514251708984,76.7207794189453,353.834686279297,93.4153137207031,81.9133377075195,44432,10527,6024.59619140625,1427.37048339844,35,1039,140.879440307617,4.74569845199585,411,269,,,0.364740818738937,0.557280600070953,0.552772164344788,0.644499719142914,245,8,33.2198867797852,1.08473110198975,4.99204349517822,19.8722393425758,317.186345380698,130.924001176962,,,,508.787573698004,210.010632133961,,,88446,411.949399686929
2013,PA,15012,Xingu,63.4844225483652,90.8117950501907,58.0156260283375,100,94.5861530452889,100,91.2892590664584,100,100,100,,,,4.57354736328125,55.6242256164551,39.4932022094727,,,,,,443.818603515625,97.4384994506836,100.49299621582,5.78114223480225,422.429595947266,95.7848815917969,104.560707092285,467.071441650391,107.101791381836,111.859107971191,30850,9765,9423.126953125,2982.71752929688,20,562,171.662811279297,6.10899686813354,198,145,,,0.442902266979218,0.604790687561035,0.509643077850342,0.662215232849121,39,0,11.912543296814,0,1.92983210086823,18.840271155289,401.439674879797,211.535070301265,,,,643.93540624538,339.316041620393,,,38097,372.993450950404
2013,PA,15014,Marajó II,38.2740750344267,85.4030814081832,35.0574128645463,100,87.5335332176109,82.2471200883699,63.7683446425754,93.8772289727,100,84.9455578349377,,,,21.2837352752686,51.9328956604004,26.1998538970947,,,,,,234.695739746094,44.3013572692871,57.4903106689453,21.9020175933838,228.533340454102,45.0290985107422,56.3465843200684,252.585723876953,50.2382469177246,60.1352233886719,15474,3163,5232.97119140625,1069.65795898438,0,260,87.9263610839844,0,109,106,,,0.358469009399414,0.368614345788956,0.510818302631378,0.404038518667221,17,17,5.74903106689453,5.74903106689453,0.576593995094299,20.7524077938802,251.461561927755,101.607622701217,,,,403.360736786996,162.98525007855,,,38730,494.404187709251
2013,PA,15006,Metropolitana I,57.808509789157,47.0678689560364,36.4419562638632,100,81.8418056001635,83.1381938158778,72.2561242664019,89.415749364945,98.6101783993693,80.3848287541242,,,,3.99333930015564,43.000301361084,52.9155311584473,,,,,,552.012512207031,130.033554077148,127.373138427734,3.50892019271851,410.3701171875,84.980712890625,114.256408691406,457.857086181641,96.6911544799805,122.844367980957,118678,27722,5539.16796875,1293.89453125,226,3639,169.846405029297,10.5483064651489,1478,3346,,,1.5617094039917,0.68984055519104,1.65706431865692,0.719875276088715,3067,466,143.14892578125,21.7500476837158,24.9275150299072,18.5618594453062,385.873827655406,149.276270869421,,,,618.966772641856,239.448869008471,,,152922,175.073237434457
2013,PA,15009,Rio Caetés,81.4373475253822,100,80.1692417935443,100,79.4954654435526,81.0695298655269,66.7987073908058,100,88.147607630564,77.7754612738455,,,,20.3636360168457,51.812671661377,27.779613494873,,,,,,410.611541748047,115.283332824707,84.4630813598633,17.862232208252,337.024719238281,87.8816452026367,83.1539916992188,374.210601806641,99.4485397338867,89.047492980957,36366,9400,7093.728515625,1833.60961914062,30,723,141.031890869141,5.8519458770752,225,184,,,0.358919352293015,0.43889594078064,0.537696301937103,0.523895442485809,391,0,76.2703628540039,0,1.76221597194672,17.4321614462944,297.691921852423,96.6581004395573,,,,477.51724761985,155.045893737559,,,73873,475.872706932543
2013,PA,15008,Metropolitana III,67.4672009855635,99.9535067037669,64.6953037050673,100,87.7992066748735,90.3911913554917,78.8948160306388,88.8592531801395,98.3312816304199,89.1875256462864,,,,2.25799560546875,51.0007820129395,46.5346527099609,,,,,,398.935852050781,115.106170654297,86.3581466674805,11.0094366073608,344.348541259766,93.0260009765625,88.4765472412109,382.990447998047,105.372299194336,94.6871032714844,58514,17699,6675.24560546875,2019.09228515625,6,1366,155.832534790039,0.684476733207703,337,297,,,0.338815987110138,0.384447783231735,0.514697968959808,0.418158262968063,294,14,33.5393600463867,1.59711241722107,3.56874775886536,20.6050556104238,359.280595247972,126.604552417496,,,,576.309494387567,203.081954761662,,,113262,382.338343061817
2013,PA,15010,Tapajós,42.8205608644057,86.7957445922595,40.2223471363438,100,85.5654761904762,91.0714285714286,79.7619047619048,100,91.4434523809524,95.5109126984127,,,,3.62340354919434,61.9542617797852,33.0561332702637,,,,,,381.848358154297,99.6126174926758,68.7142562866211,10.265700340271,366.968444824219,95.5722351074219,73.1821746826172,409.081390380859,109.030754089355,79.3489837646484,14657,4324,6759.36181640625,1994.09704589844,0,255,117.59822845459,0,95,47,,,0.216749683022499,0.438111037015915,0.289729744195938,0.580151259899139,299,0,137.889694213867,0,1.16399192810059,21.4762275807267,332.573040970082,153.941480346129,,,,533.468836401026,246.932169109547,,,23261,367.068243506174
2013,PA,15004,Lago de Tucuruí,46.1651790460665,86.8002571904475,40.1733504118591,100,83.919798167574,88.5274199973443,72.4472181649183,97.1982472447218,95.0869738414553,91.9798167574027,,,,1.7222375869751,57.9636268615723,40.1487998962402,,,,,,346.349365234375,76.7506332397461,71.4072341918945,6.80224418640137,354.764282226562,83.5640106201172,82.5404891967773,393.394287109375,93.225456237793,89.0836181640625,18323,5470,4450.322265625,1328.56311035156,7,513,124.598335266113,1.70017218589783,187,129,,,0.313317447900772,0.454188853502274,0.471251308917999,0.500275671482086,125,17,30.3602180480957,4.12898969650269,2.32073497772217,19.8811920241553,326.495859903782,139.066758713711,,,,523.720641831252,223.072146006385,,,45678,349.40834887241
2013,PB,25011,11ª Região,100,100,100,76.2489762489762,100,100,100,100,100,100,,,,1.35265696048737,34.2028999328613,64.3478240966797,,,,,,613.8359375,194.601608276367,141.746856689453,10.9589042663574,359.653686523438,91.6256561279297,109.59935760498,397.056640625,103.985694885254,116.050720214844,3504,1609,4209.16064453125,1932.80236816406,0,118,141.746856689453,0,68,55,,,0.660684466362,0.816846251487732,0.697622716426849,0.81624561548233,4,0,4.80497789382935,0,0.973008036613464,20.3588988426782,450.673296239953,175.599975803457,,,,722.909344187555,281.673807626354,,,12712,535.698770804882
2013,PB,25007,7ª Região,100,100,100,88.4263959390863,100,100,100,100,100,100,,,,3.86888766288757,38.9038162231445,56.958625793457,,,,,,616.696411132812,188.36051940918,130.042495727539,12.7173910140991,353.061492919922,83.7386779785156,96.34912109375,392.084167480469,95.0283050537109,102.502265930176,4761,1193,3191.40380859375,799.6943359375,0,390,261.425628662109,0,159,115,,,0.770870506763458,1.06581223011017,1.03665328025818,1.07218027114868,10,0,6.70322179794312,0,1.20590960979462,19.4838809787523,564.01337993222,217.255055205896,,,,904.71422647309,348.491270263112,,,24218,548.089811766265
2013,PB,25003,3ª Região,100,100,100,32.7720207253886,91.9365284974093,99.0284974093264,95.5958549222798,100,100,100,,,,2.11748623847961,30.0546455383301,66.7349700927734,,,,,,758.429016113281,260.387054443359,136.909866333008,10.0817441940308,382.784912109375,89.9893188476562,94.8593826293945,423.544982910156,102.22452545166,101.098335266113,10290,2383,5316.23583984375,1231.15551757812,0,295,152.409103393555,0,123,99,,,0.511474609375,0.635468423366547,0.714772820472717,0.692169785499573,17,4,8.78289699554443,2.06656408309937,2.95931959152222,22.5274954262509,404.310236391384,185.286263830314,,,,648.539974026753,297.211245019535,,,30054,452.643132247927
2013,PB,25002,2ª Região,99.9852996695767,100,99.9852996695767,88.1965671290854,100,100,100,100,100,100,,,,2.92039561271667,26.4013195037842,69.9717407226562,,,,,,692.361389160156,274.715362548828,136.702041625977,5.30303049087524,355.381286621094,99.3561096191406,94.2696914672852,394.809783935547,111.864265441895,101.803771972656,16816,4498,5512.66552734375,1474.54626464844,6,389,127.523002624512,1.96693575382233,246,230,,,0.753992080688477,0.806443691253662,0.920362055301666,0.821031808853149,12,0,3.93387150764465,0,2.3967113494873,19.6086796707019,397.004537885178,177.550241420165,,,,636.821157402789,284.802160803098,,,47336,498.9233200223
2013,PB,25015,15ª Região,100,99.9615371406985,100,33.9983022071307,87.4363327674024,89.4736842105263,90.4923599320883,94.6095076400679,100,98.1748726655348,,,,1.89933526515961,31.0541305541992,66.0018997192383,,,,,,617.408386230469,200.204238891602,100.773941040039,11.7519044876099,306.977661132812,71.9201354980469,74.5592880249023,340.319641113281,82.3597717285156,78.7973327636719,4997,810,3357.11596679688,544.179321289062,0,146,98.0866394042969,0,103,92,,,0.618080198764801,0.691981077194214,0.79309093952179,0.759499609470367,0,0,0,0,2.27010107040405,19.9423640356496,423.828395291869,191.576069087581,,,,679.848373189116,307.300502651471,,,22857,494.647092317041
2013,PB,25001,1ª Região Mata Atlântica,94.1819231708852,99.7284716515685,88.1347622913669,100,87.9427202772257,93.0336849615247,84.3652856342048,100,100,92.6412882841563,,,,2.16898512840271,34.7140655517578,59.9896965026855,,,,,,647.446960449219,166.901031494141,133.037048339844,2.65255284309387,425.209808349609,90.0736618041992,110.478179931641,474.085235595703,101.919738769531,119.047325134277,73956,13846,5962.96240234375,1116.38244628906,167,2342,188.831985473633,13.4649620056152,1623,2548,,,2.05441451072693,1.30860078334808,2.16886687278748,1.26441633701324,828,87,66.7604141235352,7.01468086242676,21.1461982727051,22.7518827790156,607.367415059582,260.083322983269,,,,974.256924838601,417.190603527237,,,120739,263.09385548245
2013,PB,25005,5ª Região,99.7423984543907,100,99.7423984543907,66.452442159383,53.9203084832905,79.1131105398458,80.0771208226221,75.1285347043702,77.0565552699229,74.6143958868895,,,,0.783289790153503,30.0913829803467,68.6031341552734,,,,,,794.826416015625,282.705291748047,153.546005249023,7.72727251052856,366.999084472656,95.9778442382812,105.850257873535,405.519409179688,106.553939819336,113.293876647949,6454,2030,5829.3291015625,1833.52001953125,0,170,153.546005249023,0,75,63,,,0.569023430347443,0.677408874034882,0.792794167995453,0.795052230358124,0,0,0,0,2.21196579933167,19.8580834585634,601.672535640449,272.659169438202,,,,965.121967031116,437.363080994148,,,18099,497.736547228552
2013,PB,25010,10ª Região,100,100,100,85.968137254902,85.4166666666667,88.8480392156863,82.843137254902,89.4607843137255,99.1421568627451,75.5514705882353,,,,1.75324678421021,25.5194797515869,72.4025955200195,,,,,,654.3662109375,141.461135864258,126.707511901855,4.6419095993042,319.993835449219,46.6656303405762,86.9074783325195,354.802581787109,52.1505699157715,91.3983993530273,1709,510,1483.17224121094,442.608428955078,14,212,183.986251831055,12.1500358581543,123,86,,,0.746359348297119,1.06746745109558,1.10500240325928,0.934467911720276,86,2,74.6359329223633,1.73571932315826,4.57535648345947,17.6558322398003,515.445645224104,157.88102017326,,,,826.808414126434,253.251447790119,,,17111,457.76414267372
2013,PB,25006,6ª Região,99.8748303157449,100,99.8748303157449,100,90.192023633678,98.6115214180207,99.4682422451994,100,100,100,,,,1.96690607070923,31.0334053039551,66.6874771118164,,,,,,680.286804199219,190.048370361328,149.015197753906,6.22222232818604,389.930023193359,81.3885116577148,114.030166625977,432.309631347656,92.3439178466797,121.547714233398,6443,1080,2782.91284179688,466.482391357422,6,428,184.865234375,2.5915687084198,283,161,,,0.695404291152954,1.22235655784607,1.15681147575378,1.19384932518005,53,11,22.8921909332275,4.7512092590332,3.34269165992737,18.9939750934564,497.377415024254,206.553342903013,,,,797.825795113106,331.325026141025,,,32627,442.182780650091
2013,PB,25016,16ª Região,93.6338135674077,90.2070413128518,85.4590210857743,100,85.1735397266901,96.2268714475753,96.7468859596082,99.9758132785101,100,94.2556536461483,,,,2.69047331809998,30.3778896331787,64.0332641601562,,,,,,681.396240234375,212.643585205078,133.581390380859,5.7739896774292,395.18603515625,89.5794982910156,101.382194519043,437.986694335938,101.109298706055,109.203163146973,31804,7392,5958.5166015625,1384.89990234375,133,1707,319.808441162109,24.9177055358887,491,947,,,1.7742155790329,0.919894278049469,1.81131112575531,0.876662969589233,470,22,88.0550537109375,4.12172603607178,15.5720672607422,20.1948714435039,553.151912992677,167.377021909979,,,,887.291725500237,268.483653570158,,,56677,277.543868667186
2013,PB,25014,14ª Região,100,100,100,39.8456539398863,93.2981316003249,96.3850528025995,91.3484971567831,100,100,100,,,,1.84615385532379,43.0329666137695,51.5164833068848,,,,,,661.471984863281,217.7685546875,157.882202148438,5.34979438781738,401.473693847656,94.3347473144531,125.081344604492,445.247863769531,107.355491638184,136.022888183594,6914,1041,4705.16162109375,708.428344726562,0,60,40.8316040039062,0,100,74,,,0.503589749336243,0.680526733398438,0.740413069725037,0.735649406909943,0,0,0,0,1.9047943353653,19.8881790426631,356.180933424335,183.241981457204,,,,571.337434771825,293.932082837066,,,24027,456.591606730447
2013,PB,25004,4ª Região,100,100,100,71.8811881188119,100,100,100,100,100,100,,,,2.03942894935608,22.4337177276611,75.0509872436523,,,,,,631.263916015625,214.956237792969,102.489685058594,7.61494255065918,291.757049560547,65.9751968383789,71.8642883300781,326.324462890625,75.63623046875,76.6217803955078,7279,2118,6601.96826171875,1921.00134277344,0,310,281.166381835938,0,86,57,,,0.516983330249786,0.780009984970093,0.780690252780914,0.876150727272034,0,0,0,0,1.15550315380096,23.1915461904751,510.688776317215,243.567651402983,,,,819.178086324552,390.698389742808,,,18879,561.159076108157
2013,PB,25008,8ª Região,100,100,100,89.6981627296588,81.8241469816273,90.748031496063,85.8923884514436,87.1391076115486,99.9343832020997,86.4173228346457,,,,1.72176313400269,34.2286491394043,63.9807167053223,,,,,,562.247619628906,154.052352905273,114.016151428223,4.17956638336182,322.428771972656,61.1639747619629,85.2337951660156,356.406158447266,68.1931457519531,91.2300872802734,7572,3203,6590.3076171875,2787.73852539062,0,221,192.347869873047,0,132,70,,,0.609246611595154,1.14886510372162,0.865130186080933,1.01178455352783,2,0,1.74070465564728,0,1.8312212228775,21.7527951058526,488.100048790616,209.475018512751,,,,782.944294931705,336.011584267691,,,17009,418.23626318774
2013,PB,25009,9ª Região,100,100,100,90.8835341365462,88.5542168674699,99.2771084337349,96.5863453815261,100,100,93.2530120481928,,,,1.78883075714111,34.9912757873535,62.7399635314941,,,,,,714.042236328125,151.358474731445,135.182754516602,14.0776700973511,376.067077636719,57.7512054443359,94.9964599609375,415.698791503906,65.710205078125,102.385818481445,8187,2259,4729.66357421875,1305.03356933594,7,338,195.263977050781,4.04392862319946,207,166,,,0.958988785743713,1.1958475112915,0.955955862998962,1.00000584125519,0,0,0,0,2.37205290794373,17.7663635926375,460.982259259046,177.584919172315,,,,739.445592857186,284.857786178007,,,25363,497.999452994062
2013,PB,25013,13ª Região,98.6898672874645,98.6898672874645,98.6898672874645,79.4600938967136,55.3990610328638,84.2723004694836,87.3239436619718,80.3990610328639,85.5633802816901,91.3145539906103,,,,0.631313145160675,18.1818180084229,80.8080825805664,,,,,,622.876586914062,166.544540405273,136.566513061523,3.20855617523193,304.436889648438,50.2173385620117,84.7248077392578,335.168701171875,55.4065399169922,92.0857315063477,2092,409,3484.11157226562,681.167114257812,0,80,133.235626220703,0,66,46,,,0.766104876995087,1.09919393062592,0.93514758348465,1.22743320465088,0,0,0,0,19.7854900360107,19.0001093277922,563.336117133042,202.870015008505,,,,903.627852796014,325.416728101487,,,9030,454.423246320915
2013,PB,25012,12ª Região,100,100,100,45.1042076287849,94.5733385764845,97.2473456547385,94.6126622099882,100,100,99.2921745969328,,,,2.20994472503662,38.5556449890137,57.3401718139648,,,,,,664.7421875,209.313293457031,129.958251953125,11.3321800231934,361.562866210938,90.7814483642578,95.7310638427734,400.574157714844,101.765113830566,103.109069824219,8275,1963,4758.42724609375,1128.79663085938,0,262,150.659561157227,0,134,88,,,0.506032109260559,0.770548939704895,0.711895227432251,0.791537761688232,1,0,0.575036525726318,0,2.3363733291626,20.3510866031293,415.743177606133,191.292159844369,,,,666.879156988436,306.84509371881,,,29712,548.344382390997
2013,PE,26010,Recife,64.1316119880771,74.7401764424287,59.1329310942326,100,92.6999861840287,97.8792484111633,88.3427742470296,96.1246200607903,100,92.266510085659,,,,2.06845235824585,42.3726844787598,53.7202377319336,,,,,,637.3291015625,151.916625976562,138.752319335938,1.69628429412842,406.521057128906,81.2063217163086,107.860206604004,455.674682617188,92.8492431640625,117.217132568359,255309,41817,6258.78369140625,1025.12475585938,779,8805,215.850570678711,19.096830368042,4428,8349,,,2.04671931266785,1.08550405502319,2.37392115592957,1.20177042484283,3409,565,83.5700836181641,13.8507175445557,29.0139694213867,17.3621995887193,412.869327820888,209.809799224823,,,,662.269314601771,336.548594352445,,,396476,237.082517403541
2013,PE,26001,Afogados da Ingazeira,100,99.7818861082878,100,94.5667125171939,99.1059147180193,97.0426409903714,100,100,100,100,,,,1.51843822002411,22.451192855835,75.8857574462891,,,,,,716.175842285156,230.333282470703,160.697647094727,4.26327610015869,368.671051025391,79.1356353759766,99.7663192749023,408.1015625,89.4030838012695,108.652130126953,13294,3698,7121.04833984375,1980.8662109375,0,362,193.908493041992,0,123,147,,,0.78741842508316,0.658860325813293,1.04212427139282,0.682161509990692,90,4,48.2092933654785,2.14263534545898,1.42913770675659,19.5533682848147,430.581367847441,189.642425668037,,,,690.680581358969,304.198812562491,,,31297,503.265566250056
2013,PE,26009,Petrolina,75.5648647444182,94.2283524221222,75.5648647444182,100,91.0821163514484,100,94.3021307158248,98.7191764424228,100,96.8877184582236,,,,0.577693939208984,37.6444244384766,59.3256301879883,,,,,,452.454620361328,91.6091613769531,100.641052246094,10.2661600112915,365.803314208984,64.7086410522461,92.829345703125,405.829406738281,73.1541061401367,99.924446105957,24363,3891,5239.140625,836.739990234375,56,575,123.650863647461,12.0425186157227,371,575,,,1.23650860786438,0.797816872596741,1.21935880184174,0.868942975997925,231,29,49.6753883361816,6.23630428314209,14.9604635238647,19.563201011035,361.091100745193,140.922875965664,,,,579.213663222428,226.049479069027,,,56573,377.792471698019
2013,PE,26003,Caruaru,73.9223641032282,93.4106133870677,72.6905997429087,98.7837362416445,94.3961401216264,97.7584560486505,93.7025682263658,100,100,95.6978438960647,,,,1.62058138847351,36.6403312683105,61.2731704711914,,,,,,690.780822753906,196.830047607422,141.708450317383,6.88241147994995,422.840057373047,90.2020797729492,110.785140991211,472.078430175781,102.735130310059,120.690284729004,60737,10536,4649.8896484375,806.612731933594,36,1653,126.550010681152,2.75607991218567,746,1002,,,0.767108917236328,0.571121037006378,0.964589774608612,0.616098701953888,243,19,18.6035404205322,1.4545978307724,7.45933055877686,23.382486911058,352.25552936411,173.651277134922,,,,565.040830782806,278.54796793662,,,178002,381.897310074534
2013,PE,26008,Palmares,88.69061711874,98.5820165731638,86.820560330777,100,100,100,100,100,100,100,,,,3.78211903572083,48.7633514404297,46.7519950866699,,,,,,604.968872070312,200.655502319336,130.434417724609,3.77722644805908,458.341552734375,132.392303466797,116.974761962891,511.592193603516,150.171783447266,128.242172241211,33600,5538,5604.34326171875,923.715881347656,30,1126,187.812225341797,5.00387811660767,271,351,,,0.585453748703003,0.452016979455948,0.755252003669739,0.510145366191864,44,0,7.3390212059021,0,3.40063548088074,20.7738159065414,376.091348489541,174.22972929634,,,,603.275038391513,279.475842909786,,,90604,430.015604011242
2013,PE,26004,Garanhuns,89.9453539263966,98.8941548183254,89.366680361941,91.8179829359002,96.7840735068913,100,94.9026471231678,100,100,100,,,,2.51396656036377,28.2355670928955,68.4706726074219,,,,,,694.356994628906,207.517623901367,150.938995361328,10.5035190582275,425.911346435547,100.377517700195,115.734985351562,473.366607666016,113.627067565918,124.990074157715,25354,3731,4765.7626953125,701.311828613281,21,613,115.224914550781,3.94734621047974,307,337,,,0.633455097675323,0.577064394950867,0.829224646091461,0.680729269981384,76,5,14.2856340408325,0.939844310283661,5.23474502563477,21.5496745922151,360.488965327504,170.949222267919,,,,578.247798762418,274.213695797222,,,84238,499.716282549226
2013,PE,26005,Goiana,99.0292219964089,99.0765770209743,99.0292219964089,67.7923702313946,100,100,97.9362101313321,97.9779028559516,100,97.0606629143215,,,,3.06326293945312,36.6481704711914,59.2674789428711,,,,,,670.763977050781,226.583435058594,139.287841796875,2.34449768066406,423.131500244141,110.606750488281,107.497596740723,473.008575439453,126.243721008301,116.90943145752,16644,2674,5341.720703125,858.192810058594,0,417,133.83186340332,0,195,282,,,0.905049979686737,0.625832438468933,0.850811183452606,0.631609380245209,38,0,12.1957092285156,0,3.87374234199524,23.62157785433,400.949223755735,209.578297576365,,,,643.148690672459,336.177250617945,,,45971,397.280909533609
2013,PE,26007,Ouricuri,95.8139115267795,100,94.099780470935,74.973114149639,92.3336918113381,99.5698263942234,100,100,100,100,,,,0.933287262916565,32.0601463317871,66.6781921386719,,,,,,547.870849609375,143.608123779297,112.668159484863,5.11454439163208,360.970031738281,66.6114196777344,90.2515106201172,399.591613769531,75.1209030151367,97.0966720581055,17904,4271,5225.9345703125,1246.64697265625,0,488,142.440582275391,0,231,206,,,0.601286053657532,0.674257636070251,0.730518758296967,0.686079084873199,172,10,50.2044677734375,2.91886425018311,2.97694969177246,19.0350795476817,328.796699269856,141.60378056002,,,,527.411338154036,227.141694422958,,,57372,572.613116935395
2013,PE,26002,Arcoverde,81.6942644527043,95.4069063960523,80.7734713350541,93.8899321103568,87.2887476527517,95.1610573450816,88.8343203813376,100,100,94.8721652462805,,,,2.44440937042236,27.7874145507812,69.3266067504883,,,,,,562.681396484375,140.670349121094,118.589820861816,14.2416229248047,363.183471679688,74.6419525146484,97.1773452758789,400.479736328125,83.4136199951172,103.076454162598,19139,4303,4748.306640625,1067.55651855469,6,592,146.872756958008,1.48857522010803,235,342,,,0.848487854003906,0.583025276660919,0.849728345870972,0.627372443675995,92,7,22.8248195648193,1.73667109012604,3.17686748504639,22.2431913028869,357.486397085169,186.51523698445,,,,573.431483580103,299.182598069057,,,62747,492.206846778543
2013,PE,26011,Salgueiro,98.4725043658006,100,98.4725043658006,100,91.3982569154983,94.732853353543,100,97.0443349753695,100,97.9916635089049,,,,0.414937764406204,28.3402481079102,70.8298721313477,,,,,,573.536560058594,153.128692626953,111.366325378418,6.4320387840271,373.561187744141,81.7979888916016,91.8812408447266,414.389801025391,91.4635620117188,99.4179000854492,10820,2921,7531.14794921875,2033.13146972656,10,394,274.239562988281,6.96039533615112,98,134,,,0.932693004608154,0.682118773460388,1.30350804328918,0.742848217487335,77,1,53.595043182373,0.69603955745697,2.51827096939087,18.0222106006382,374.998417666228,168.457378076683,,,,601.521906108513,270.21661528428,,,20816,484.666816214259
2013,PE,26012,Serra Talhada,78.5079450579047,96.7416211538546,76.1899926267037,86.0985479647703,99.024041894787,98.4289454891693,93.9776243751488,99.1430611759105,100,95.6200904546536,,,,8.69216346740723,32.30810546875,55.7100830078125,,,,,,615.191650390625,197.18782043457,123.296089172363,8.24022388458252,362.526000976562,82.7696380615234,95.3924179077148,400.674591064453,93.3557357788086,102.808731079102,16791,4788,7213.46533203125,2056.93969726562,6,581,249.599395751953,2.57761859893799,126,132,,,0.567076086997986,0.541299879550934,0.918921053409576,0.543018281459808,134,11,57.5668144226074,4.72563409805298,2.77652478218079,20.4144529795587,390.79181704266,196.350675114901,,,,626.855548196839,314.959281950713,,,34668,469.905697556112
2013,PE,26006,Limoeiro,96.84356669812,99.923081887267,96.84356669812,83.9646017699115,98.7256637168142,99.834808259587,96.4837758112094,100,100,97.3569321533923,,,,6.73322772979736,31.3283824920654,61.2930717468262,,,,,,633.507934570312,186.62663269043,143.506500244141,3.90099549293518,377.329437255859,85.5354766845703,105.570037841797,420.148498535156,97.3572998046875,114.698631286621,31877,5782,5432.96533203125,985.456787109375,10,953,162.424819946289,1.70435273647308,317,430,,,0.732871651649475,0.540279805660248,0.843143343925476,0.577179074287415,21,0,3.57914066314697,0,2.7186131477356,20.7521099557814,359.626613237379,162.019008832188,,,,576.864529797666,259.889051332728,,,88659,433.629506081254
2013,PI,22009,Vale do Rio Guaribas,100,99.1385108701919,100,93.957078313253,91.0203313253012,96.4043674698795,94.7289156626506,95.4631024096386,100,92.6393072289157,,,,1.53321981430054,45.2086868286133,52.7257232666016,,,,,,595.646850585938,215.154525756836,135.447723388672,3.93309211730957,353.968078613281,92.617919921875,99.9005355834961,394.323822021484,104.332099914551,109.157409667969,28337,10980,7630.58056640625,2956.69165039062,0,985,265.240570068359,0,251,220,,,0.592415452003479,0.675892174243927,0.767851233482361,0.742740869522095,134,68,36.0834884643555,18.3110237121582,3.15676665306091,18.6789558353796,510.856953362821,174.191828369293,,,,819.447853268279,279.41504735224,,,61412,509.76832281236
2013,PI,22004,Entre Rios,100,99.9573517636647,96.3225588941801,100,90.9847434119279,97.3082652694303,90.6251605280732,95.5360353418606,100,91.2107669389223,,,,5.72574949264526,40.3893089294434,51.8245391845703,,,,,,558.732299804688,165.326477050781,121.531929016113,3.11157202720642,379.919097900391,87.9875869750977,105.973937988281,422.639984130859,100.065963745117,114.043830871582,74314,14717,6152.26416015625,1218.38244628906,129,2654,219.717803955078,10.6795768737793,1104,1963,,,1.62511706352234,0.913973093032837,1.68571746349335,0.930323600769043,822,68,68.0512619018555,5.62954473495483,16.9846668243408,25.8712728321186,773.30606353137,281.692220828819,,,,1240.43333365391,451.852684241744,,,130504,329.647281406021
2013,PI,22002,Chapada das Mangabeiras,100,99.3808993251908,100,82.1623258631133,93.3070866141732,93.0950938824955,90.732889158086,91.3082980012114,95.6995760145366,89.9454875832829,,,,1.44000005722046,53.6319999694824,44.3839988708496,,,,,,445.242401123047,129.496917724609,92.8663177490234,8.45886421203613,294.591491699219,63.1051254272461,74.325080871582,327.710845947266,71.1441116333008,80.3065032958984,12287,3926,6339.158203125,2025.517578125,0,343,176.961929321289,0,124,102,,,0.52624249458313,0.639745771884918,0.685276031494141,0.731322288513184,0,0,0,0,1.42652988433838,18.8580587251014,404.515363462783,191.40434470274,,,,648.86901122043,307.025045544378,,,31422,602.011083623818
2013,PI,22006,Serra da Capivara,99.6531128921713,99.4460996181444,99.6531128921713,88.4736605132823,88.9689329131022,94.2818550202611,89.779378658262,92.8410625844214,96.6231427285007,91.9405673120216,,,,1.10789978504181,40.558765411377,57.8998069763184,,,,,,497.878021240234,162.06787109375,122.924362182617,4.41379308700562,314.979248046875,79.2315521240234,95.2648849487305,345.838104248047,88.2455368041992,100.806541442871,13234,4552,9088.162109375,3125.98706054688,0,413,283.618774414062,0,96,81,,,0.556249916553497,0.659259140491486,0.682951271533966,0.680891096591949,0,0,0,0,1.58222198486328,17.759217658955,404.729841443943,169.203765775772,,,,649.213047882902,271.413869806703,,,25602,597.403409607195
2013,PI,22007,Tabuleiros do Alto Parnaíba,97.7508461622448,100,91.1999126542199,95.4707985697259,100,100,96.4243146603099,96.6626936829559,100,90.3456495828367,,,,0.859950840473175,52.9484024047852,45.9459457397461,,,,,,442.944061279297,141.914123535156,94.6094131469727,8.25242710113525,305.169555664062,76.2163238525391,87.7094497680664,342.49560546875,87.0496292114258,97.5155944824219,2921,1127,6280.77490234375,2423.291015625,0,63,135.463485717773,0,34,26,,,0.559055626392365,0.731072723865509,0.835358142852783,0.72247189283371,0,0,0,0,4.81862926483154,17.0042358419797,486.733179670568,293.031032943216,,,,780.751747764149,470.040877990682,,,6351,419.111566970944
2013,PI,22010,Vale do Sambito,100,97.4531023839422,100,73.2498157700811,90.7885040530582,89.0198968312454,90.1252763448784,87.2512896094326,93.4414148857774,83.4193072955048,,,,2.75,33.8333320617676,62.8333320617676,,,,,,633.462951660156,235.205917358398,147.120834350586,4.58579874038696,319.102752685547,80.4287490844727,90.8945999145508,356.506896972656,91.1530456542969,99.8142318725586,6369,2082,5968.23291015625,1950.99096679688,0,189,177.10725402832,0,69,44,,,0.412313163280487,0.646582007408142,0.701400935649872,0.684533596038818,0,0,0,0,1.71016263961792,20.1079658325825,417.842556484002,197.301744104155,,,,670.24669755599,316.484858604655,,,18073,522.445691626327
2013,PI,22011,Vale dos Rios Piauí e Itaueiras,100,100,100,81.1567164179104,83.5820895522388,88.1218905472637,90.4850746268657,89.1169154228856,100,87.0646766169154,,,,2.18045115470886,50.9022560119629,46.766918182373,,,,,,562.955444335938,178.205169677734,123.927047729492,2.81569957733154,328.392578125,73.9241104125977,88.2867736816406,365.764709472656,84.3540802001953,95.9850234985352,13222,3347,6351.02099609375,1607.68920898438,10,403,193.575973510742,4.80337381362915,171,140,,,0.672472357749939,0.821376919746399,0.872052550315857,0.816213309764862,69,0,33.1432800292969,0,3.91619062423706,17.1196303277308,525.369349076656,198.270483317408,,,,842.726681979917,318.03877944972,,,31708,496.718797609689
2013,PI,22001,Carnaubais,100,100,100,64.897466827503,86.6907921190189,85.7659831121833,90.2694008845999,90.1487736228388,85.3638922396462,88.0579010856454,,,,2.5537633895874,44.4444427490234,52.0161285400391,,,,,,584.253540039062,225.425521850586,125.991256713867,3.80549693107605,305.195709228516,77.510368347168,81.7821350097656,335.97998046875,87.146110534668,88.737663269043,11572,3521,7146.91552734375,2174.58447265625,0,365,225.425521850586,0,106,84,,,0.518787503242493,0.65466046333313,0.658983647823334,0.656822085380554,21,0,12.9696884155273,0,2.57355666160583,18.2924447528565,410.465978686972,144.612744663903,,,,658.414185929297,231.968268984108,,,26949,519.143854481581
2013,PI,22003,Cocais,99.5511582019608,99.5329167779993,99.5511582019608,79.2762633508688,90.8496732026144,95.4088952654232,91.853977363303,96.1581380519687,100,92.8423401881078,,,,2.99349975585938,47.0407104492188,49.8289413452148,,,,,,544.706237792969,191.655914306641,128.359024047852,5.09259271621704,331.290588378906,89.6117095947266,98.0720672607422,366.91455078125,100.354583740234,106.023147583008,23131,7329,5833.1484375,1848.21862792969,0,545,137.437454223633,0,220,202,,,0.509401202201843,0.554793417453766,0.632842779159546,0.621746897697449,25,0,6.30447053909302,0,1.61646628379822,17.6607060263875,341.063742339268,111.148079480333,,,,547.088474861306,178.288764644383,,,65565,594.653779842023
2013,PI,22008,Vale do Canindé,98.1055724033359,97.3170962850644,98.1055724033359,75.6115107913669,91.726618705036,93.5971223021583,86.8345323741007,87.410071942446,100,88.4892086330935,,,,1.49253726005554,45.7973289489746,52.1602516174316,,,,,,580.536682128906,203.420059204102,116.10733795166,5.59999990463257,344.719055175781,84.9778671264648,89.9964065551758,384.465759277344,96.7672119140625,96.9307403564453,7047,2511,6545.66748046875,2332.3642578125,0,248,230.356964111328,0,62,52,,,0.483006536960602,0.575892388820648,0.64578902721405,0.603293716907501,25,0,23.2214679718018,0,2.2877790927887,16.20681979912,391.524718516567,153.358208271398,,,,628.031169934973,245.996562681245,,,18705,548.785506417388
2013,PI,22005,Planície Litorânea,90.9510775965837,100,88.7288471438783,100,79.3720930232558,85.7906976744186,80.3255813953488,83.4186046511628,91.5813953488372,83.7906976744186,,,,2.71336960792542,58.3374443054199,38.8258514404297,,,,,,582.570129394531,186.800399780273,118.476524353027,9.85651874542236,371.391082763672,96.7933654785156,102.871688842773,410.822540283203,109.621978759766,109.921051025391,17943,4664,6520.93310546875,1695.01379394531,22,817,296.918151855469,7.99534797668457,149,190,,,0.690507352352142,0.541503131389618,0.828245401382446,0.568123996257782,128,21,46.5183906555176,7.63192319869995,4.57152223587036,22.511642802915,436.767100233443,166.517198353032,,,,700.602899321433,267.104440537446,,,34904,363.866219957541
2013,PR,41018,18ª RS Cornélio Procópio,89.8936903983161,72.4943374228488,78.225888991238,98.9107519325369,94.0618411806044,98.3134223471539,97.0836261419536,98.3134223471539,100,93.9564300773015,,,,0.715819597244263,15.1037940979004,84.1803894042969,,,,,,802.116760253906,239.581909179688,155.772125244141,4.04814004898071,401.526641845703,92.6899108886719,93.5183639526367,447.989166259766,105.608543395996,102.267677307129,17492,5526,7675.3974609375,2424.77954101562,18,578,253.623352050781,7.89830493927002,193,215,,,0.943408668041229,0.846873819828033,0.988385081291199,0.865412890911102,211,10,92.5856857299805,4.38794708251953,10.4858770370483,21.1586047936961,470.776636227046,299.637483427077,,,,755.156411957709,480.638055206508,,,13360,152.578281708182
2013,PR,41002,2ª RS Metropolitana,65.0579104165101,43.6980556939435,49.2526289232226,100,95.7935715711719,100,96.2387702136155,100,100,97.0792573367938,,,,0.54528397321701,18.469295501709,79.978889465332,,,,,,573.320251464844,146.300964355469,115.022026062012,1.67869389057159,378.335693359375,83.0569915771484,90.7343063354492,424.903961181641,95.2311172485352,98.9416961669922,217655,28837,6386.509765625,846.145446777344,596,5544,162.674011230469,17.4880428314209,3170,8544,,,2.50701069831848,0.930152595043182,2.34652996063232,0.918987810611725,3023,359,88.7019348144531,10.5339050292969,41.2097778320312,21.1606731960556,636.613828329521,339.256256862839,,,,1021.17007814324,544.189150336655,,,93754,70.1247812660988
2013,PR,41011,11ª RS Campo Mourão,94.1016596136598,81.0387483972719,82.2601325523859,100,100,100,100,100,100,100,,,,0.405405402183533,14.3918914794922,85.0675659179688,,,,,,750.9580078125,249.033111572266,163.84538269043,2.72727274894714,403.038208007812,106.607635498047,111.019905090332,450.779449462891,121.283638000488,121.271957397461,27472,7965,8154.27587890625,2364.18188476562,28,633,187.887908935547,8.31099796295166,271,257,,,0.762830853462219,0.804385840892792,1.02373683452606,0.839336514472961,172,5,51.0532722473145,1.48410665988922,15.3759393692017,22.6403857622776,574.195655121916,340.42198787435,,,,921.047259606256,546.059058866984,,,19276,143.981779994387
2013,PR,41012,12ª RS Umuarama,87.8453567966819,76.776469527452,84.2001848414947,100,98.7031294051311,100,100,99.6334930927544,100,94.0231181279955,,,,0.472747504711151,25.222469329834,74.2769775390625,,,,,,765.575866699219,207.458221435547,156.787002563477,9.64028739929199,382.408905029297,79.0288696289062,102.518768310547,426.892517089844,89.1544342041016,111.664489746094,18126,3706,6655.55322265625,1360.77905273438,44,402,147.607437133789,16.1560382843018,196,308,,,1.13092267513275,0.719678044319153,1.45844960212708,0.769798457622528,191,15,70.1318893432617,5.50774002075195,11.5181531906128,23.1468047222345,603.815207166162,346.48316177272,,,,968.558951827831,555.781576895974,,,8450,73.0378803136906
2013,PR,41014,14ª RS Paranavaí,93.7809959097788,88.6167580899086,85.7760937434482,100,100,100,100,100,100,100,,,,0.570807278156281,23.2671928405762,76.0804595947266,,,,,,743.614624023438,227.060729980469,136.756713867188,4.79760122299194,393.656127929688,88.9159469604492,93.2317352294922,441.184936523438,102.412689208984,100.982788085938,20388,5021,7576.619140625,1865.91149902344,20,600,222.972900390625,7.43242979049683,205,205,,,0.761824071407318,0.761824071407318,0.948192238807678,0.832896649837494,132,11,49.0540390014648,4.08783626556396,13.6381368637085,25.7104510193278,565.185610969632,396.543137981541,,,,906.594561468667,636.081041881126,,,11527,109.879123850378
2013,PR,41017,17ª RS Londrina,79.5497709942661,49.9247205157239,61.5993185820987,100,96.7437946992007,100,99.6129575094657,97.8544383676904,100,100,,,,0.835723042488098,17.4027042388916,81.3928680419922,,,,,,687.505310058594,203.875610351562,120.661071777344,1.54483199119568,364.146728515625,85.9490203857422,86.9387435913086,407.887390136719,98.1473236083984,94.0451431274414,59648,11113,6531.02685546875,1216.79357910156,124,1606,175.845443725586,13.5771083831787,1087,1802,,,1.97306036949158,1.19018685817719,2.09925079345703,1.25103747844696,789,106,86.3898239135742,11.606237411499,28.5553951263428,26.4132982697103,641.676504434587,328.809086220723,,,,1029.29094062495,527.431207630668,,,28116,77.3947339474081
2013,PR,41008,8ª RS Francisco Beltrão,85.3819396459204,96.710017554022,81.7917451991073,100,100,100,100,100,100,100,,,,1.09423851966858,17.5748100280762,81.2639541625977,,,,,,633.377563476562,183.134963989258,120.65699005127,6.56108617782593,353.905426025391,77.6762542724609,82.1280899047852,393.620361328125,88.6158828735352,88.046028137207,30396,8063,8711.3779296875,2310.82495117188,39,762,218.386291503906,11.1772508621216,284,275,,,0.788139522075653,0.813933134078979,1.07774496078491,0.910802662372589,277,32,79.3871459960938,9.17107772827148,7.19671678543091,20.8254961658376,558.927359004124,317.643790618534,,,,896.555917373507,509.521345677939,,,16377,127.672147219318
2013,PR,41010,10ª RS Cascavel,57.7988231648251,60.6091554580165,47.4649707350445,100,100,100,100,100,100,100,,,,0.15900357067585,22.4327545166016,77.1167373657227,,,,,,588.610473632812,153.871490478516,115.640197753906,2.60450172424316,371.718231201172,77.1937408447266,85.1175003051758,414.546417236328,88.0159530639648,93.405029296875,36338,6926,6877.46875,1310.84118652344,81,1138,215.382232666016,15.3303689956665,497,799,,,1.51221787929535,0.940641164779663,1.62908840179443,0.960703134536743,596,91,112.801239013672,17.2230072021484,18.5561828613281,24.1912999039308,428.637040113791,326.748998459399,,,,687.561752933709,524.126692575233,,,23305,109.737047677234
2013,PR,41015,15ª RS Maringá,79.917214960611,56.1993946728001,60.4376200436498,100,100,100,100,100,100,100,,,,0.758238554000854,17.6241855621338,81.5495300292969,,,,,,617.744445800781,170.159454345703,111.510391235352,2.62336039543152,338.946929931641,74.2070846557617,80.2240829467773,378.044799804688,85.0165634155273,86.6909103393555,53463,10163,6876.216796875,1307.12817382812,82,1297,166.8154296875,10.5465421676636,945,1342,,,1.72603166103363,1.21542465686798,1.8737154006958,1.32661354541779,812,80,104.436492919922,10.2893095016479,33.9669418334961,21.3593802953919,583.406408578011,283.528495306743,,,,935.821908550342,454.798188201396,,,18428,55.4882529173712
2013,PR,41001,1ª RS Paranaguá,57.3223695425001,50.6225496372166,40.7358684938004,100,90.347018572825,98.3626588465298,100,100,100,100,,,,0.955196738243103,33.0452575683594,64.6349792480469,,,,,,646.625793457031,163.983734130859,122.808776855469,8.5825023651123,422.593719482422,89.1340942382812,93.5380477905273,472.326080322266,101.695213317871,102.658058166504,15463,2905,5536.419921875,1040.11511230469,4,285,102.042274475098,1.4321722984314,180,227,,,0.812757790088654,0.644477546215057,1.02015423774719,0.690486073493958,109,21,39.0266952514648,7.51890468597412,20.2988948822021,20.8185362951534,402.132770505208,301.413056351548,,,,645.047176807795,483.486189917608,,,15076,136.162962963229
2013,PR,41006,6ª RS União da Vitória,75.803714895556,64.7402690841068,53.7880423052018,100,100,100,100,100,100,100,,,,0.641299724578857,21.1628894805908,78.1530532836914,,,,,,627.39794921875,172.009658813477,108.453544616699,6.97026014328003,381.596832275391,81.7698287963867,85.1121978759766,427.751739501953,93.5184783935547,92.4583129882812,13869,3341,8086.7861328125,1948.08227539062,22,259,151.018646240234,12.8278388977051,108,173,,,1.00873458385468,0.62973028421402,1.06019175052643,0.635998427867889,66,5,38.4835166931152,2.91541790962219,8.38649082183838,27.8444993122436,467.195118382871,370.828699464734,,,,749.411423875368,594.833406311348,,,9549,142.392318921783
2013,PR,41016,16ª RS Apucarana,99.9579695904307,91.3812101350085,98.0325224493505,100,100,100,100,100,100,100,,,,0.563493669033051,17.4481792449951,81.8474578857422,,,,,,706.979919433594,212.753677368164,143.759918212891,2.83825826644897,382.505798339844,88.6711730957031,99.7637481689453,426.335876464844,100.921524047852,108.867477416992,26353,6335,7243.79541015625,1741.33666992188,74,721,198.185272216797,20.3407897949219,483,466,,,1.28092002868652,1.32764887809753,1.241819024086,1.50906682014465,212,13,58.2736167907715,3.57338213920593,13.015082359314,20.2590287176353,447.826932066804,243.50894742011,,,,718.343590514333,390.604224727677,,,12505,81.4701850616432
2013,PR,41003,3ª RS Ponta Grossa,59.8490283673249,57.8849588282533,45.1846435977035,100,91.3961212900461,95.0391085395907,94.0212150433944,94.6319511411122,99.6142719382835,93.0783242258652,,,,0.649904131889343,21.2124443054199,77.5303649902344,,,,,,635.407836914062,177.993743896484,123.468658447266,7.51173686981201,427.717163085938,101.387870788574,103.702827453613,478.82275390625,116.486717224121,112.216102600098,39413,10038,6531.90625,1663.59509277344,61,1179,195.395370483398,10.1095142364502,444,716,,,1.1866250038147,0.735840022563934,1.24032139778137,0.735881507396698,329,36,54.5250854492188,5.96627044677734,19.496280670166,23.2134625450126,404.251143500487,285.236733384431,,,,648.4451851778,457.538313429052,,,25577,102.916517279347
2013,PR,41022,22ª RS Ivaiporã,79.0550343007531,87.7537927665872,79.0550343007531,100,91.6207276736494,100,100,98.0705622932745,100,92.9437706725469,,,,1.92532086372375,19.894983291626,78.1213531494141,,,,,,792.197204589844,239.112731933594,132.275131225586,10.4587154388428,400.944183349609,84.1830673217773,91.1491012573242,448.358551025391,96.8631362915039,97.4298248291016,12643,4928,9188.7607421875,3581.603515625,30,459,333.594970703125,21.8035926818848,105,77,,,0.559625566005707,0.763125777244568,0.816362857818604,0.849976718425751,53,12,38.5196800231934,8.72143745422363,4.91234970092773,22.0653761194169,489.328360219085,323.939874104701,,,,784.914586530123,519.620673998274,,,12151,219.389885798068
2013,PR,41020,20ª RS Toledo,61.536476067043,55.2737077960591,39.9020824638095,100,97.2200158856235,100,100,98.6298649722002,100,99.5830023828435,,,,0.455806583166122,20.4716606140137,79.0130767822266,,,,,,652.42626953125,181.701782226562,117.149833679199,4.23452758789062,356.735931396484,72.9633178710938,78.2930297851562,398.442687988281,83.1770477294922,84.6544494628906,27204,6987,7226.63037109375,1856.06774902344,16,596,158.324935913086,4.2503342628479,243,343,,,0.911165356636047,0.645519495010376,1.18086230754852,0.638612687587738,512,34,136.010696411133,9.03195953369141,23.4182777404785,22.5604327556784,445.905254478623,353.991186802234,,,,715.261094398851,567.824938451924,,,10227,65.3466058173238
2013,PR,41019,19ª RS Jacarezinho,93.2574446510661,81.0446696979143,88.6908664853651,100,100,100,100,100,100,99.1105121293801,,,,0.876472175121307,23.3086833953857,75.6231155395508,,,,,,805.132080078125,271.880981445312,155.560775756836,4.04699754714966,423.552032470703,107.732948303223,106.163215637207,474.434387207031,123.111633300781,115.891159057617,21182,6168,7421.3701171875,2161.03344726562,19,787,275.734985351562,6.65687990188599,177,230,,,0.805832803249359,0.620140910148621,1.045743227005,0.703789889812469,156,15,54.6564865112305,5.25543165206909,7.28823232650757,22.0074080870932,423.788722611417,297.3189478902,,,,679.784735623619,476.918973072236,,,16160,137.924990127404
2013,PR,41005,5ª RS Guarapuava,84.1789151682459,79.2206177269223,70.2676243898358,100,95.561581275867,98.2874268588554,100,100,100,99.5718567147139,,,,0.292397648096085,26.856725692749,72.8362579345703,,,,,,677.573303222656,230.870269775391,121.627059936523,3.32898163795471,451.047332763672,128.317230224609,98.8088073730469,505.355712890625,147.131362915039,106.976783752441,34111,8224,7543.31005859375,1818.65625,29,766,169.393325805664,6.41306304931641,307,358,,,0.791681587696075,0.678900122642517,0.899708569049835,0.698249876499176,241,23,53.2947654724121,5.08622264862061,7.95971727371216,18.1006925907803,367.776741912825,221.863579604761,,,,589.937867457047,355.883643804326,,,36618,219.39222879491
2013,PR,41007,7ª RS Pato Branco,77.3690268296555,81.1481981266868,66.8649785680267,100,99.7310381925766,100,100,100,100,100,,,,0.814249336719513,16.9720096588135,82.0356216430664,,,,,,619.025146484375,160.74560546875,108.58056640625,7.11610507965088,383.814605712891,81.9634475708008,80.3454742431641,427.80078125,92.4687271118164,86.3422775268555,21033,5790,8127.3134765625,2237.30078125,52,566,218.706771850586,20.0932006835938,241,323,,,1.24809694290161,0.93124258518219,1.40932559967041,0.938004732131958,92,6,35.5495109558105,2.31844639778137,14.4914484024048,22.8305172465603,671.113193666783,351.399925982341,,,,1076.50930897614,563.668387186171,,,14427,142.144085666137
2013,PR,41013,13ª RS Cianorte,88.7235670897771,83.1208588153368,84.8562780531864,100,100,100,100,100,100,100,,,,0.293398529291153,16.1858196258545,83.422981262207,,,,,,628.75927734375,183.637619018555,144.381759643555,0.846560835838318,349.026794433594,79.3069610595703,99.0830917358398,389.699981689453,90.9787521362305,107.898506164551,11292,2315,7513.173828125,1540.29382324219,15,244,162.346298217773,9.98030567169189,135,150,,,0.998030543327332,0.898227512836456,1.1590461730957,0.927669405937195,45,3,29.9409160614014,1.99606108665466,17.5992698669434,24.6607397447956,640.43846938843,401.413818465423,,,,1027.30505170993,643.893930871281,,,3561,52.3976768016384
2013,PR,41021,21ª RS Telêmaco Borba,90.9244168104877,82.8986318905512,73.7367560833438,100,100,100,100,100,100,100,,,,0.390015602111816,23.3229331970215,76.1310424804688,,,,,,651.010620117188,203.510131835938,128.094940185547,6.04770040512085,426.343048095703,110.742012023926,106.183769226074,474.646789550781,125.778381347656,114.252098083496,12766,4871,7079.04736328125,2701.083984375,10,214,118.668037414551,5.54523515701294,96,106,,,0.587794959545135,0.532342612743378,0.707987904548645,0.576149940490723,93,10,51.570686340332,5.54523515701294,10.59361743927,18.2128548250387,393.354770125056,254.927748215445,,,,630.966692006416,408.920725534879,,,12851,194.818201948686
2013,PR,41004,4ª RS Irati,76.7892680769514,65.7815532787892,65.7434706763962,100,98.8245537657815,99.6517196343056,100,99.9564649542882,100,100,,,,0.219106048345566,11.7002630233765,87.9929885864258,,,,,,677.428405761719,210.503723144531,154.44889831543,4.84154939651489,414.047332763672,101.604217529297,117.145606994629,465.880950927734,118.338829040527,128.022262573242,11054,2791,6591.8076171875,1664.35095214844,20,231,137.751724243164,11.9265565872192,104,99,,,0.590364515781403,0.620180904865265,0.843505680561066,0.632405638694763,95,2,56.6511421203613,1.19265568256378,7.1314845085144,21.8705523200892,390.292325853659,279.146999438285,,,,626.054331770481,447.76998322175,,,10097,153.555640274325
2013,PR,41009,9ª RS Foz do Iguaçu,69.5927938086208,72.914509763723,51.4901850238327,100,100,100,100,100,100,100,,,,0.843881845474243,26.7229251861572,72.2456665039062,,,,,,576.007141113281,148.574264526367,102.974739074707,3.69725966453552,399.403961181641,84.5975494384766,84.8217926025391,444.789337158203,95.9453201293945,91.3254852294922,24535,3595,6147.166015625,900.7158203125,35,460,115.251533508301,8.76913833618164,309,487,,,1.22016298770905,0.774189651012421,1.58289217948914,0.835824191570282,356,36,89.1946640014648,9.01968574523926,19.8944187164307,26.2876000097506,689.026589731068,349.243182759022,,,,1105.2435639432,560.208830469235,,,18790,112.257467276383
2013,RJ,33001,Baia da Ilha Grande,100,69.4865415954842,93.3286621897167,100,100,100,96.9128996692393,100,100,100,,,,1.14942526817322,27.105052947998,70.1951370239258,,,,,,557.109436035156,145.183792114258,125.749732971191,3.48837208747864,401.746368408203,90.6669082641602,100.859176635742,449.349426269531,104.052124023438,110.331069946289,10214,1487,3892.14477539062,566.635925292969,8,389,148.232269287109,3.04847836494446,256,652,,,2.48450994491577,0.975513100624084,2.35942697525024,0.973893582820892,99,23,37.7249221801758,8.76437568664551,22.4230823516846,30.9570023267178,1252.27225937031,928.81069326875,,,,2008.72633306337,1489.8728962805,,,13799,139.741714411046
2013,RJ,33007,Noroeste,87.0131585662777,79.2921453896983,78.0246239015764,100,90.1341948310139,98.4840954274354,92.1471172962227,95.8996023856859,89.4383697813121,97.6640159045726,,,,2.33258080482483,32.2297477722168,64.5347366333008,,,,,,824.741638183594,228.295074462891,175.114364624023,4.8094048500061,390.820709228516,90.1455993652344,107.380249023438,437.273773193359,102.746131896973,116.888954162598,24071,6715,7072.4462890625,1972.97485351562,80,978,287.352111816406,23.5052833557129,293,572,,,1.68062782287598,0.86088103055954,1.84428334236145,0.829442739486694,338,30,99.3098297119141,8.81448173522949,14.7378129959106,24.9316807180482,684.053800303494,371.665072617454,,,,1097.26688555141,596.175003367073,,,23586,169.352784142736
2013,RJ,33002,Baixada Litorânea,60.0799440950384,52.3185185185185,51.9802935010482,100,91.9785031847134,100,89.8089171974522,100,100,97.4522292993631,,,,2.79660201072693,40.7082176208496,54.4430656433105,,,,,,667.433471679688,169.963333129883,155.383483886719,6.6140775680542,407.004974365234,87.5435104370117,116.078323364258,455.072570800781,99.6498565673828,125.694786071777,22877,3124,3088.36474609375,421.735870361328,58,969,130.813720703125,7.82992315292358,550,1157,,,1.56193470954895,0.742492735385895,1.99187171459198,0.611206531524658,393,55,53.0544815063477,7.42492723464966,18.6807117462158,29.6647617730162,836.036973871308,447.393991867633,,,,1341.05780293684,717.649126213772,,,42296,151.662705768272
2013,RJ,33003,Centro-Sul,95.3639309557192,93.0169577557204,93.6461805587796,100,100,100,100,100,100,100,,,,2.23747777938843,33.409610748291,64.0732269287109,,,,,,822.218688964844,272.560333251953,202.378326416016,3.16409134864807,438.597839355469,124.355926513672,136.302627563477,487.683197021484,140.202651977539,147.4599609375,20014,4865,6054.4091796875,1471.70483398438,35,720,217.806274414062,10.5878047943115,355,597,,,1.80597698688507,1.07390594482422,2.11022520065308,1.07534277439117,149,2,45.0737953186035,0.605017423629761,15.4527492523193,21.0318600182971,815.738510845033,312.738628366204,,,,1308.49774509279,501.653145683507,,,21643,192.067329403569
2013,RJ,33004,Médio Paraíba,83.8407242578563,65.1750062661056,68.2095339518971,100,97.113309352518,100,90.0989208633093,97.6798561151079,100,96.6636690647482,,,,2.06902694702148,22.3668956756592,75.3589553833008,,,,,,750.405700683594,222.35498046875,168.26252746582,2.37772750854492,411.463043212891,102.353340148926,116.349082946777,459.030517578125,115.979499816895,125.891746520996,48323,9659,5457.013671875,1090.77026367188,84,1436,162.164413452148,9.48594093322754,835,2011,,,2.27097940444946,0.942947685718536,2.51673865318298,0.914743959903717,1250,248,141.15983581543,28.0061111450195,34.5690269470215,25.2512052635404,862.479667597717,452.126982592986,,,,1383.47360733394,725.241151855976,,,37347,114.509456361329
2013,RJ,33005,Metropolitana I,48.9622837410796,43.1283628186367,35.3246451951806,100,89.3174227069,96.7498358502955,84.1959519255474,98.3527933997545,100,90.9139570070513,,,,2.02322173118591,31.896203994751,63.5685501098633,,,,,,793.075317382812,198.633773803711,177.589859008789,5.34150266647339,425.238037109375,90.2794952392578,122.669784545898,485.237365722656,105.449813842773,133.844940185547,336858,47184,3300.19116210938,462.260711669922,818,13719,134.404769897461,8.01392936706543,12632,25802,,,2.52781677246094,1.2375545501709,2.76793098449707,1.3063268661499,15061,3240,147.552322387695,31.7422161102295,41.3909873962402,20.1522801657775,545.028041771529,306.196701149242,,,,874.260506509136,491.15946799372,,,504693,130.031978868291
2013,RJ,33009,Serrana,59.805658307278,53.7094696854713,47.3630631529191,100,97.979969444916,100,94.3982345951451,100,100,95.3233746392803,,,,2.04876399040222,29.5631561279297,67.3975601196289,,,,,,808.546997070312,229.710494995117,179.441436767578,4.30220365524292,418.259063720703,96.0875244140625,119.34302520752,465.3759765625,108.734786987305,128.956405639648,45480,9907,4823.2841796875,1050.66564941406,84,2138,226.741012573242,8.90844058990479,581,2128,,,2.25680494308472,0.61616712808609,2.30360078811646,0.597210168838501,771,87,81.7667541503906,9.22659873962402,25.0560493469238,26.9481672695036,740.001229105264,365.952122957907,,,,1187.01020826769,587.011059716059,,,44876,129.056133904111
2013,RJ,33008,Norte,43.6124846890169,38.3363751734663,22.0742208992447,100,90.667361835245,97.1237400069517,77.4070212026416,100,100,92.3965936739659,,,,7.81146764755249,23.2582035064697,58.9751129150391,,,,,,713.345275878906,174.45881652832,152.948654174805,6.64973831176758,443.299194335938,90.4360885620117,119.318405151367,494.042785644531,102.657012939453,129.097320556641,43847,7553,4963.98193359375,855.0859375,106,1738,196.761474609375,12.0004119873047,983,1930,,,2.18498063087463,1.11286842823029,2.46220731735229,0.912201166152954,910,217,103.022407531738,24.5668811798096,32.1446876525879,31.0547241542011,1475.33406626924,795.255993414095,,,,2366.53201155365,1275.64245198613,,,52883,156.815832659348
2013,RJ,33006,Metropolitana II,79.6384645376245,55.2403907013484,62.9850474198824,100,87.6869391824526,96.3193752077102,80.1262878032569,95.5425390495181,100,88.7088733798604,,,,2.08619046211243,27.6066989898682,68.5658493041992,,,,,,747.352661132812,185.540771484375,171.355850219727,6.39507961273193,399.211578369141,80.5349502563477,111.649169921875,447.066986083984,91.974967956543,121.516677856445,71805,21732,3548.94921875,1074.10021972656,68,2300,113.677085876465,3.3608877658844,1777,4690,,,2.3180239200592,0.878279030323029,2.39550971984863,0.888052821159363,2720,592,134.435501098633,29.2594928741455,35.1047172546387,22.4510305823273,530.886565564097,242.593104702824,,,,851.576656864058,389.135153310186,,,111114,143.954106813329
2013,RN,24004,4ª Região de Saúde - Caicó,100,100,100,100,89.7765905779505,91.4035939776591,84.8227294803303,92.8363283147159,100,87.4210781932977,,,,1.20967745780945,28.7634410858154,70,,,,,,628.613708496094,191.858139038086,125.067939758301,6.875,298.882843017578,61.999210357666,87.1742248535156,329.638397216797,69.8245162963867,93.8942184448242,19891,5792,6512.37255859375,1896.31799316406,4,849,277.965118408203,1.30961191654205,181,263,,,0.861069798469543,0.592599391937256,0.776517987251282,0.606923282146454,59,5,19.3167762756348,1.63701486587524,3.75040102005005,20.9584269096818,438.866847592813,215.408052756459,,,,703.971030957334,345.528557937853,,,38250,332.167892530223
2013,RN,24008,8ª Região de Saúde - Açu,100,100,100,100,89.9377096310494,100,87.8294202204121,95.5917585050312,100,94.2980354575946,,,,2.57234716415405,41.3183288574219,56.0021438598633,,,,,,510.962890625,157.982055664062,91.2197647094727,4.39844751358032,321.214080810547,76.1651840209961,73.6240539550781,359.764617919922,86.9430313110352,79.6051788330078,7363,1270,4867.037109375,839.486267089844,0,223,147.405853271484,0,116,115,,,0.760164737701416,0.766774833202362,0.779334127902985,0.777020573616028,0,0,0,0,7.78012084960938,22.5730604960377,498.387295443858,272.419586838393,,,,799.445709134936,436.978774886926,,,20609,383.045184654999
2013,RN,24003,3ª Região de Saúde - João Câmara,100,100,100,56.4151747655584,95.2046035805627,100,92.0502983802216,100,100,99.0196078431373,,,,1.46438872814178,48.0585746765137,49.3232765197754,,,,,,474.878387451172,145.593933105469,108.678642272949,2.54975128173828,305.768280029297,67.2248611450195,89.8957214355469,338.847412109375,76.3284454345703,95.0206909179688,13842,1913,4087.8525390625,564.951721191406,0,410,121.082176208496,0,198,195,,,0.57587867975235,0.584738314151764,0.756763637065887,0.593302667140961,0,0,0,0,4.74317312240601,24.4445563415418,523.290024833737,319.847835788012,,,,839.391310354078,513.056777799878,,,48031,417.912034487011
2013,RN,24006,6ª Região de Saúde - Pau dos Ferros,99.9282522241811,99.8417449059079,99.9282522241811,83.127802690583,82.9035874439462,88.2006726457399,86.7993273542601,90.6390134529148,100,86.7152466367713,,,,1.85185182094574,33.0459785461426,64.9425277709961,,,,,,688.527648925781,194.024993896484,168.315673828125,3.61726951599121,356.497894287109,72.577262878418,101.840538024902,396.490325927734,81.80078125,111.080345153809,20246,7262,8132.9814453125,2917.20385742188,0,938,376.802154541016,0,187,173,,,0.694954931735992,0.751194059848785,0.864074051380157,0.841076254844666,19,0,7.63245296478271,0,1.95350635051727,21.4643370535573,595.772095913049,280.650458709401,,,,955.657277089775,450.181629895211,,,38342,504.653210751773
2013,RN,24002,2ª Região de Saúde - Mossoró,89.5250470472265,96.2736356304328,82.3133793350659,100,91.644665320702,99.3632551638453,91.9552725578506,100,100,92.1882279857121,,,,2.4837007522583,40.3135681152344,57.0785484313965,,,,,,565.713256835938,148.142379760742,104.392723083496,4.17304754257202,365.941253662109,73.5797348022461,87.8495712280273,406.425018310547,82.4810333251953,94.5853271484375,21172,3793,4585.48291015625,821.497131347656,64,743,160.92073059082,13.8612747192383,383,426,,,0.922641098499298,0.829510629177094,1.08816421031952,0.828915059566498,156,28,33.7868576049805,6.06430768966675,14.362229347229,27.9290213737666,537.672833102669,277.716999835291,,,,862.462272356969,445.476170644404,,,47313,262.370476020421
2013,RN,24001,1ª Região de Saúde - São José de Mipibu,99.4903970201798,99.32948449223,99.4903970201798,75.4649983090971,87.6733175515725,92.0020290835306,87.1153195806561,96.7365573216097,100,89.8884004058167,,,,3.86899399757385,44.7003784179688,51.3226547241211,,,,,,561.093505859375,184.227523803711,115.854415893555,4.35203075408936,340.806701660156,82.2729034423828,93.8902740478516,377.751800537109,92.0179443359375,101.44361114502,16542,1742,4488.20556640625,472.642608642578,0,426,115.583099365234,0,241,252,,,0.683731019496918,0.65388560295105,0.890817403793335,0.63930207490921,26,0,7.05436754226685,0,3.47888851165771,21.4621530333664,414.533494465845,205.560842923278,,,,664.938746378541,329.732991477683,,,53062,462.782802750623
2013,RN,24005,5ª Região de Saúde - Santa Cruz,100,100,100,85.5421686746988,87.5753012048193,96.9879518072289,89.1942771084337,94.5030120481928,100,91.039156626506,,,,2.47242307662964,38.1133499145508,58.9958152770996,,,,,,601.906311035156,205.793151855469,125.848442077637,4.37018013000488,314.160064697266,68.109748840332,84.2672958374023,348.827301025391,76.966911315918,91.5457763671875,9598,1427,4950.3828125,736.007080078125,0,349,180.004531860352,0,136,127,,,0.655030846595764,0.701450347900391,0.918977320194244,0.747611999511719,0,0,0,0,2.7717604637146,21.4413097043602,452.64712571615,223.289110190226,,,,726.075495330922,358.170287786243,,,30404,465.391809297059
2013,RN,24007,7ª Região de Saúde - Metropolitana,73.3554852156281,56.1267234216374,59.5139764378559,100,80.5758487322733,86.8124194241513,79.5981951009884,85.6521272024065,100,79.5337344220026,,,,2.95064663887024,38.3003425598145,58.1314315795898,,,,,,557.920532226562,130.72184753418,120.362159729004,2.08362865447998,362.428924560547,68.0034637451172,97.6637268066406,404.494476318359,77.3759307861328,105.083755493164,56499,6962,4468.0302734375,550.56591796875,203,2329,184.180999755859,16.053560256958,1048,2584,,,2.04346799850464,0.828774929046631,2.43529748916626,0.825809359550476,854,162,67.5356674194336,12.8112154006958,32.3169250488281,24.5104904468494,483.310852656103,267.375801484401,,,,775.262112149474,428.888214401319,,,85539,169.630272890187
2013,RO,11005,Zona da Mata,84.8894394457508,100,81.195433674794,93.4479553903346,92.9832713754647,96.1895910780669,97.1189591078067,97.7695167286245,100,96.4219330855019,,,,0.695479393005371,34.1778450012207,65.0273208618164,,,,,,439.113037109375,125.772445678711,85.7869873046875,9.10595989227295,328.476196289062,77.849006652832,75.2830276489258,362.353454589844,86.1410903930664,80.623664855957,11758,4609,8548.1640625,3350.78149414062,0,259,188.295166015625,0,71,60,,,0.43620502948761,0.516175925731659,0.793711364269257,0.628862261772156,27,0,19.6292266845703,0,4.38095235824585,26.1420722370182,498.310887120705,265.828888804544,,,,799.323145203943,426.406865627737,,,12280,233.797835897155
2013,RO,11001,Vale do Jamari,58.6324801197167,87.1630792253215,54.5998712349267,100,99.9480789200415,100,100,100,100,100,,,,3.68863582611084,35.638729095459,60.5370216369629,,,,,,404.3154296875,90.8989944458008,92.1329193115234,6.30722284317017,352.459686279297,73.1660995483398,90.2018737792969,395.699493408203,83.0753479003906,98.0772018432617,12638,3455,5198.1064453125,1421.06799316406,5,307,126.271453857422,2.05653834342957,119,142,,,0.584056913852692,0.489456117153168,0.770790576934814,0.566987633705139,190,8,78.1484603881836,3.29046130180359,4.53507852554321,22.0988076535377,410.177086835624,212.258533526654,,,,657.950784568397,340.476523792675,,,19583,224.332943433399
2013,RO,11003,Central,75.6907643786847,89.9979831696973,73.2793368428129,100,90.6296296296296,92.3888888888889,89.537037037037,100,100,94.2592592592593,,,,1.86216163635254,38.2223091125488,59.8579368591309,,,,,,479.17138671875,128.467254638672,104.666404724121,9.09634971618652,360.35595703125,82.9193115234375,97.0542984008789,401.295776367188,94.0414962768555,103.73876953125,23959,7424,6870.41748046875,2128.88598632812,6,602,172.627868652344,1.72054362297058,160,235,,,0.673879563808441,0.458811610937119,1.06386947631836,0.532078087329865,186,11,53.3368492126465,3.15432977676392,6.8076171875,22.7006116514052,378.015911375082,209.984124620119,,,,606.362162712039,336.828223649854,,,26900,205.126012418513
2013,RO,11006,Cone Sul,61.9374300241751,80.550108039108,59.7980417465966,100,98.989010989011,98.1978021978022,95.956043956044,95.7362637362637,100,95.4725274725275,,,,0.867678940296173,36.1388282775879,61.995662689209,,,,,,477.240600585938,115.384353637695,97.6329116821289,6.86695289611816,375.883117675781,90.1786956787109,89.9747161865234,421.704315185547,103.421051025391,98.3105697631836,9966,2864,6804.26318359375,1955.38928222656,10,334,228.037719726562,6.82747650146484,82,114,,,0.7783322930336,0.559853076934814,0.976329147815704,0.636662185192108,34,0,23.2134208679199,0,8.52273845672607,23.0518033679154,614.972823976666,292.520895421624,,,,986.456496498156,469.222584152869,,,8378,158.236304260329
2013,RO,11002,Café,50.3136468774094,91.5003855050116,50.3136468774094,100,91.1494252873563,93.1034482758621,94.3295019157088,95.9386973180077,94.9425287356322,91.9157088122605,,,,1.15084254741669,31.4837646484375,67.2831878662109,,,,,,470.772613525391,135.788284301758,98.7007369995117,6.73443460464478,351.664184570312,89.3819808959961,87.9414215087891,389.325225830078,99.8313217163086,94.6731491088867,13740,4260,8219.080078125,2548.27368164062,27,371,221.927124023438,16.151029586792,142,235,,,1.4057377576828,0.849424540996552,1.54810619354248,0.871258318424225,311,10,186.035934448242,5.98186302185059,7.70045232772827,22.7682243259015,398.460922575564,235.016071249201,,,,639.157293380217,376.98109774367,,,11143,176.16539479478
2013,RO,11004,Madeira-Mamoré,68.6901172155864,63.7670254292238,58.9862496028716,100,99.1648681617716,100,92.999906164962,96.1152294266679,100,96.7814581964906,,,,16.0372085571289,38.427906036377,45.0418586730957,,,,,,459.985626220703,99.8976440429688,89.539192199707,5.38167953491211,437.200805664062,92.8643417358398,97.9249954223633,486.170196533203,105.192001342773,105.288398742676,34831,5504,6115.17529296875,966.320983886719,110,1484,260.541473388672,19.3123741149902,557,954,,,1.6749095916748,0.977908372879028,2.42199110984802,1.17849373817444,622,91,109.202697753906,15.9766006469727,20.968147277832,19.6818814767251,420.239422164331,241.937531317099,,,,674.091426346289,388.083570866107,,,34479,172.704393799443
2013,RO,11007,Vale do Guaporé,79.5259328796057,100,79.5259328796057,91.8454935622318,94.8497854077253,100,100,100,79.6852646638054,82.2603719599428,,,,2.0467836856842,32.6023406982422,65.3508758544922,,,,,,268.924743652344,60.007999420166,42.2278518676758,9.09090900421143,231.6923828125,47.057746887207,43.5610122680664,262.641906738281,55.4428215026855,48.0657768249512,1313,388,2918.16674804688,862.337219238281,0,117,260.03466796875,0,22,13,,,0.288927406072617,0.488954097032547,0.77399206161499,0.616748929023743,0,0,0,0,1.62910604476929,22.2997496861187,453.685551122836,243.794107629282,,,,727.741197372731,391.06164029128,,,5069,295.611238490446
2013,RR,14001,Centro Norte,73.9057055057228,56.5408576432223,63.7022878450132,100,68.5780080598733,80.1842256764537,77.4208405296488,83.3506044905009,85.5843408175014,80.1727115716753,,,,4.35425901412964,57.0281143188477,37.5924758911133,,,,,,407.070129394531,90.4060287475586,92.836296081543,5.01492547988892,409.787506103516,95.7510986328125,98.0019989013672,453.779907226562,108.578002929688,103.888656616211,29330,4618,7127.98046875,1122.29846191406,30,723,175.708480834961,7.29080867767334,368,564,,,1.37067198753357,0.894339144229889,1.74882197380066,0.959834933280945,60,3,14.5816173553467,0.729080855846405,7.22251796722412,17.0191887968174,409.130793460613,216.209289137536,,,,656.272461792524,346.813793321481,,,36010,280.311109295906
2013,RR,14002,Sul,97.6727072026492,100,91.6028227131162,25.2931323283082,97.7386934673367,100,97.1524288107203,100,100,100,,,,3.49702382087708,55.2083320617676,39.9553565979004,,,,,,339.242858886719,84.182487487793,61.5662956237793,7.77777767181396,320.567474365234,85.3947143554688,65.0508041381836,357.424133300781,98.9663619995117,69.8915786743164,4121,1049,5177.85107421875,1318.02136230469,0,103,129.41487121582,0,54,28,,,0.351807415485382,0.678485691547394,0.582052826881409,0.778373897075653,0,0,0,0,0.511377215385437,19.5294073775775,342.574375758495,126.28884797229,,,,549.511629335983,202.57554425244,,,10703,424.57158096223
2013,RS,43022,Região 22 - Pampa,68.798020397561,52.4786044349657,53.2130260027889,100,100,100,100,100,100,100,,,,1.07020545005798,26.7123279571533,71.6609573364258,,,,,,821.372802734375,205.343200683594,183.418533325195,1.43229162693024,393.695281982422,78.7903671264648,105.700317382812,438.327209472656,89.123291015625,114.883491516113,12789,3739,6838.89111328125,1999.42248535156,44,362,193.578750610352,23.5289077758789,135,216,,,1.1550555229187,0.721909701824188,1.31654942035675,0.755866169929504,158,5,84.4901733398438,2.67373967170715,7.32978963851929,16.3870927901825,383.514926726962,215.041275119921,,,,615.182941788303,344.940222700543,,,12902,207.676124604226
2013,RS,43018,Região 18 - Araucárias,84.7658256416642,72.306099895715,68.0475352934767,100,100,100,100,100,100,100,,,,2.02976989746094,19.3504734039307,78.1461410522461,,,,,,726.285461425781,211.421310424805,106.471168518066,3.2460732460022,324.599182128906,72.171516418457,58.8296699523926,361.984558105469,81.3181533813477,64.4391174316406,9680,2291,7361.720703125,1742.32458496094,0,375,285.190612792969,0,92,109,,,0.828954100608826,0.699667632579803,1.15140962600708,0.740735113620758,140,0,106.471168518066,0,6.44682884216309,19.9359231367354,520.165430856301,389.532703665567,,,,834.379257938446,624.835848265012,,,5951,115.786983164876
2013,RS,43001,Região 01 - Verdes Campos,65.6463860168581,39.9524821509587,34.4779006184484,100,82.9451243584682,93.9005132254244,94.3150414528227,98.2826687722069,97.0983024082116,94.7690485590209,,,,1.53233826160431,25.3134326934814,72.8955230712891,,,,,,817.926818847656,208.034362792969,129.526443481445,4.72799777984619,383.855621337891,61.4150085449219,79.9060363769531,428.031372070312,70.1717834472656,86.1845245361328,21926,5116,5107.90771484375,1191.82958984375,32,920,214.324325561523,7.45475912094116,556,943,,,2.19682431221008,1.29526436328888,2.42163181304932,1.30930030345917,708,65,164.936538696289,15.1424789428711,14.6849431991577,18.1742288134843,378.161341735268,227.039574355274,,,,606.595442489616,364.186276779987,,,20901,121.981426504172
2013,RS,43013,Região 13 - Diversidade,88.1840885246196,85.4918980962544,77.7329913824798,100,100,100,100,100,100,100,,,,0.654946565628052,20.8548774719238,78.4557037353516,,,,,,771.464172363281,217.097640991211,145.170349121094,4.83229112625122,329.065734863281,67.9519348144531,81.1165924072266,368.335906982422,78.606819152832,87.7427291870117,15128,2869,6634.85498046875,1258.28918457031,25,542,237.710952758789,10.964527130127,242,352,,,1.54380548000336,1.06136631965637,1.76737225055695,1.01728880405426,227,25,99.5579071044922,10.964527130127,19.5475597381592,23.3446454947642,603.188941647895,387.839358170161,,,,967.554381113579,622.119611710106,,,10858,117.90178804191
2013,RS,43014,Região 14 - Fronteira Noroeste,88.5181572296369,83.4873409302532,83.2106593357868,100,99.1209711176224,100,100,100,100,100,,,,0.644641399383545,21.4343280792236,77.880744934082,,,,,,835.05029296875,263.217620849609,152.343200683594,4.07736539840698,330.479736328125,78.0366058349609,84.7609252929688,369.474761962891,88.6213150024414,92.3545684814453,17394,4695,7592.71533203125,2049.43090820312,26,613,267.582763671875,11.3493509292603,190,225,,,0.982155323028564,0.829375624656677,1.33496737480164,0.892997443675995,234,3,102.144157409668,1.30954039096832,13.6563243865967,18.6309271099331,654.805976772731,300.735656603806,,,,1050.35147009649,482.399596566107,,,11091,127.8808983572
2013,RS,43003,Região 03 - Fronteira Oeste,51.3455307341167,19.5794039535855,17.1749157487592,100,95.3794320551901,100,98.5400288785496,100,99.0213380394674,100,,,,1.70324265956879,35.5060577392578,62.7251892089844,,,,,,834.37939453125,222.927429199219,156.432815551758,8.4035758972168,415.564239501953,85.1721038818359,100.345993041992,464.172302246094,96.8539733886719,109.539710998535,31238,7076,6657.55908203125,1508.0634765625,73,722,153.875335693359,15.558032989502,255,459,,,0.978237926959991,0.543465495109558,1.13355183601379,0.519595682621002,280,16,59.6746444702148,3.40997982025146,7.29650402069092,18.5158777672367,329.508817257692,206.425933552061,,,,528.553621825747,331.120653236953,,,35023,191.541192916387
2013,RS,43017,Região 17 - Planalto,71.8787806719127,52.6970085514275,55.4728618846229,100,95.352323838081,100,90.4610194902549,97.976011994003,100,97.0577211394303,,,,0.974212050437927,25.5396366119385,73.4479446411133,,,,,,715.218627929688,196.79167175293,132.364334106445,1.78759205341339,372.408264160156,78.4810791015625,87.2876434326172,416.912414550781,89.8204650878906,94.7902984619141,31039,6039,7781.16748046875,1513.91711425781,88,1081,270.995910644531,22.0607223510742,499,1042,,,2.61219000816345,1.25094318389893,3.12955164909363,1.23953676223755,510,33,127.851913452148,8.27277088165283,18.3810939788818,18.3518078113677,494.863766991549,314.651347788607,,,,793.79373981717,504.721272317148,,,10373,64.3116261826044
2013,RS,43015,Região 15 - Caminho das Águas,95.1635846372689,94.9119574119574,89.6676580887107,100,75.7249766136576,95.6501403180543,91.7680074836296,92.422825070159,88.9616463985033,91.3002806361085,,,,0.133155792951584,17.3102531433105,82.3790512084961,,,,,,752.295166015625,211.981475830078,132.820465087891,5.50847434997559,338.343688964844,68.0419082641602,80.3033142089844,375.093811035156,76.8855285644531,86.0200042724609,16005,3924,8503.166015625,2084.75,10,586,311.331176757812,5.31281900405884,144,154,,,0.818174064159393,0.765045881271362,1.01647508144379,0.780453085899353,222,0,117.944580078125,0,8.28799724578857,19.3890834054077,548.407155796723,321.693383387248,,,,879.680825672194,516.017156450582,,,12685,178.347924160103
2013,RS,43019,Região 19 - Botucaraí,85.0374475085502,85.1577990389194,68.5033984155158,100,95.2064896755162,100,99.9262536873156,100,100,100,,,,1.30769228935242,23.9230766296387,74.2307662963867,,,,,,730.038513183594,258.060119628906,128.181182861328,2.32558131217957,347.462036132812,93.1670913696289,75.4860534667969,386.763275146484,105.545097351074,81.8260269165039,8885,2531,7542.31689453125,2148.5205078125,0,247,209.673858642578,0,67,86,,,0.730038523674011,0.568750977516174,0.925069212913513,0.581271946430206,91,0,77.2482604980469,0,5.65185642242432,19.0784175812518,463.659810564206,300.876488113176,,,,743.74055968613,482.625499487201,,,7521,164.598967140239
2013,RS,43026,Região 26 - Uva Vale,70.9577121642787,53.5616915134289,50.9101456000928,100,100,100,100,100,100,100,,,,0.914634168148041,14.481707572937,84.4512176513672,,,,,,606.264343261719,143.441467285156,98.6160125732422,1.29390013217926,302.630737304688,51.6667137145996,61.4665336608887,337.330261230469,59.2738838195801,66.0926818847656,11109,2481,6224.57568359375,1390.14965820312,5,236,132.235107421875,2.80159139633179,123,165,,,0.924525141716003,0.689191460609436,1.72872197628021,0.735137581825256,134,1,75.082649230957,0.560318231582642,45.9376907348633,19.7154971055775,575.542845200201,351.523642877087,,,,923.208240308052,563.866837149796,,,2610,38.5859151971247
2013,RS,43010,Região 10 - Capital e Vale do Gravataí,56.7328424910092,21.7793993449785,29.3059903553632,100,83.3543709745283,97.1065151956501,88.5555231899537,83.4935430624332,100,89.2902223516846,,,,2.8269100189209,27.7384719848633,69.2732543945312,,,,,,761.303405761719,182.381134033203,141.051254272461,3.69525551795959,394.401885986328,73.1767196655273,86.3271026611328,443.277984619141,84.0325927734375,94.3706512451172,153547,30679,6666.05029296875,1331.89025878906,663,5443,236.301010131836,28.7833118438721,3277,7879,,,3.42056894302368,1.42266845703125,3.96509671211243,1.47347331047058,2726,313,118.345863342285,13.5885019302368,41.9730606079102,21.2364945552313,637.209067252747,302.094318066297,,,,1022.12488017658,484.578978115928,,,79986,102.978347232978
2013,RS,43021,Região 21 - Sul,62.6142960448938,44.7057824272817,43.7159146809738,100,83.6218503558377,93.1044431621466,87.6899403731487,93.2102327370648,91.7099442200423,92.5370263512214,,,,10.590145111084,22.7654705047607,61.4495811462402,,,,,,862.484130859375,221.554504394531,164.063232421875,9.00347328186035,407.242370605469,81.8973159790039,99.1691741943359,454.022430419922,92.5572967529297,107.273864746094,54148,11631,6238.55078125,1340.04174804688,126,1961,225.932586669922,14.5168313980103,978,1735,,,1.99894464015961,1.12678265571594,2.33369588851929,1.119380235672,516,23,59.4498825073242,2.649897813797,16.2596569061279,17.8583969267813,431.128876381454,205.881245618252,,,,691.558820736724,330.246938285786,,,43429,122.645318422113
2013,RS,43029,Região 29 - Vales e Montanhas,78.8078241887849,76.3766758135929,60.3316672294325,100,100,100,100,100,100,100,,,,0.661157011985779,15.9090909957886,83.4297485351562,,,,,,746.540649414062,208.551528930664,138.880554199219,1.91594564914703,326.142547607422,66.2772445678711,75.6720886230469,362.624114990234,74.6139984130859,82.2649459838867,15488,3386,7146.1201171875,1562.29089355469,17,536,247.308898925781,7.84375238418579,225,338,,,1.55952250957489,1.03814375400543,1.8319776058197,1.10308539867401,211,13,97.3548126220703,5.99816370010376,21.5020332336426,19.6669888414361,611.800673173013,389.852885177817,,,,981.368159833292,625.349440281607,,,4197,52.8914392794459
2013,RS,43009,Região 09 - Carbonífera/Costa Doce,50.0061902894992,28.6778057487155,24.0407630563523,100,88.7617065556712,100,93.0280957336108,100,100,100,,,,1.30107748508453,25.8182563781738,72.2911148071289,,,,,,760.860290527344,216.529418945312,162.647674560547,4.01844549179077,421.501037597656,101.472198486328,109.226440429688,469.046508789062,114.140655517578,118.757682800293,22523,4618,5644.55078125,1157.32971191406,0,422,105.758583068848,0,191,468,,,1.17286765575409,0.478670358657837,1.14598941802979,0.503543674945831,92,0,23.0563735961914,0,17.1885261535645,21.1307520231048,384.873913499827,279.105598857873,,,,617.36284515717,447.703573992083,,,20020,134.94965481513
2013,RS,43007,Região 07 - Vale dos Sinos,54.5683701296666,29.892275382156,29.6868306393472,100,92.0073098009041,99.7691641819756,94.4791766855824,93.7962873905934,100,96.248917957103,,,,1.05976700782776,25.0047740936279,73.5535583496094,,,,,,631.957092285156,156.850845336914,119.282531738281,7.10568475723267,399.952453613281,85.4587478637695,91.7594909667969,446.247863769531,96.6223907470703,99.8141632080078,48860,8516,6180.42919921875,1077.21105957031,47,867,109.669097900391,5.945152759552,467,1106,,,1.39900827407837,0.590720474720001,1.4331613779068,0.611338794231415,376,62,47.561222076416,7.84254217147827,27.9431037902832,24.730326275654,574.711855545965,305.543811499853,,,,921.875278734818,490.112190437661,,,23545,86.2446415661209
2013,RS,43016,Região 16 - Alto Uruguai Gaúcho,80.5348450438793,78.1181201175904,72.8009344698664,98.4194294525829,84.4255975327679,98.3423284502698,97.9953739398612,98.4965304548959,100,96.260601387818,,,,0.355029582977295,23.7080860137939,75.8185424804688,,,,,,715.743347167969,190.438858032227,111.621879577637,3.92857146263123,304.987274169922,59.8438873291016,64.4339141845703,341.418792724609,67.9959411621094,69.8781433105469,19030,3209,8107.498046875,1367.15502929688,25,606,258.178863525391,10.6509428024292,209,323,,,1.37610185146332,0.890418827533722,1.20046782493591,0.905756175518036,271,10,115.45622253418,4.26037740707397,13.9548654556274,19.0313358732312,556.00029730161,380.873256712382,,,,891.860719602937,610.945530888362,,,8463,95.2267363521906
2013,RS,43004,Região 04 - Belas Praias,76.5731448763251,55.4621908127208,54.034628975265,100,92.2957600827301,100,100,100,100,100,,,,1.45875251293182,27.1126766204834,71.3279647827148,,,,,,695.080200195312,188.519302368164,155.969207763672,4.29268312454224,363.344848632812,75.3690490722656,97.4028701782227,406.511535644531,85.6207885742188,107.540435791016,9386,1366,6364.89990234375,926.321472167969,12,122,82.7314987182617,8.13752460479736,125,211,,,1.43084800243378,0.847658753395081,1.68345034122467,0.870206475257874,22,1,14.918794631958,0.678126990795135,6.90197658538818,20.6237289739985,555.022081672563,399.975896612368,,,,890.291597969221,641.587410488428,,,5811,105.621641750069
2013,RS,43027,Região 27 - Jacuí Centro,59.5977431198167,70.0823321095227,46.5726633387021,95.3899181387333,67.2985781990521,84.8341232227488,83.196897888841,87.9793192589401,91.38302455838,84.7048685911245,,,,1.0919017791748,25.887170791626,72.8844375610352,,,,,,935.688598632812,287.376037597656,177.525817871094,3.14465403556824,409.209167480469,97.3489227294922,93.7154388427734,458.121734619141,109.968315124512,102.24739074707,15510,4479,7606.1474609375,2196.51416015625,15,370,181.449035644531,7.35604238510132,115,237,,,1.16225469112396,0.563963234424591,1.34615576267242,0.567273437976837,188,1,92.1957321166992,0.490402817726135,6.13444900512695,23.0568413510822,493.724953866241,289.64586222738,,,,791.967009330946,464.610843501031,,,12607,154.212404329623
2013,RS,43005,Região 05 - Bons Ventos,72.8228206570603,58.5276964425661,50.6498002278989,100,94.6754760979401,100,100,100,100,100,,,,1.78062677383423,28.8105411529541,69.2663803100586,,,,,,840.944763183594,238.490631103516,183.134979248047,3.94953370094299,420.796875,91.9327545166016,108.041786193848,470.909545898438,105.408569335938,118.04801940918,15554,2979,7175.01611328125,1374.20422363281,19,324,149.46028137207,8.76464653015137,152,250,,,1.15324294567108,0.701171696186066,1.78072237968445,0.74072790145874,51,15,23.5261554718018,6.91945743560791,7.93800163269043,26.4901520767723,632.363870034833,459.885249101442,,,,1014.35286800616,737.685917056075,,,10400,129.338651293578
2013,RS,43008,Região 08 - Vale do Caí e Metropolitana,57.5276300195684,36.6124631370063,39.116390596147,100,90.9450766947056,99.0796635329045,92.4789708065314,99.475507174666,100,98.3770410687778,,,,1.25357174873352,33.1643486022949,63.664852142334,,,,,,726.548278808594,195.074340820312,145.068984985352,4.98711824417114,427.303680419922,95.8493499755859,102.170150756836,477.979248046875,109.073486328125,110.62296295166,53151,9482,7106.5087890625,1267.78259277344,97,1245,166.461654663086,12.9693012237549,454,1438,,,1.92266547679901,0.607016801834106,1.65034365653992,0.610994458198547,354,51,47.3312644958496,6.81891107559204,34.0331840515137,19.29951052545,640.193154218084,319.083844506728,,,,1026.91155018589,511.831285984131,,,23868,78.745012310454
2013,RS,43020,Região 20 - Rota da Produção,91.8778230009431,93.9742889760262,82.2734153968333,100,100,100,100,100,100,100,,,,1.41987824440002,18.1541576385498,79.9188613891602,,,,,,733.956115722656,224.568664550781,137.54069519043,2.48756217956543,361.888854980469,75.492805480957,83.9036026000977,402.814422607422,84.8597793579102,91.5587615966797,12384,3526,7536.74365234375,2145.87841796875,0,415,252.563674926758,0,141,101,,,0.614673018455505,0.858107924461365,0.773818612098694,0.892797350883484,151,0,91.8966598510742,0,4.04345321655273,19.9125958519155,600.665051292819,374.951189633451,,,,963.505896464918,601.446149265394,,,11633,195.611002440178
2013,RS,43025,Região 25 - Vinhedos e Basalto,65.1593597773139,46.5915100904663,45.2459986082116,100,100,100,100,100,100,100,,,,0.92592591047287,15.6511354446411,83.2735977172852,,,,,,612.634033203125,160.5966796875,96.019905090332,3.14569544792175,274.411041259766,44.7383995056152,56.8405265808105,306.258697509766,51.7204246520996,61.5366516113281,18764,3242,6344.07568359375,1096.11462402344,20,473,159.920486450195,6.76196527481079,187,578,,,1.95420801639557,0.632243752479553,2.21648764610291,0.662926197052002,282,18,95.3437118530273,6.085768699646,36.5876235961914,19.5365764477155,663.669853766607,394.721513431183,,,,1064.56970658413,633.159037360241,,,2890,24.4854607579272
2013,RS,43012,Região 12 - Portal das Missões,73.1032342414918,78.5845406162095,52.2444236077178,100,100,100,100,100,100,100,,,,1.02827763557434,25.7069416046143,73.1105422973633,,,,,,825.985107421875,238.77653503418,179.082397460938,3.53495669364929,386.271057128906,82.3534622192383,105.995170593262,430.626159667969,94.9609909057617,114.495910644531,10824,3150,7023.14453125,2043.87524414062,8,328,212.822555541992,5.19079399108887,156,223,,,1.44693386554718,1.01220488548279,1.2629851102829,0.966136515140533,237,6,153.777282714844,3.89309549331665,8.97163867950439,20.5309885519751,541.32014635237,368.647608023508,,,,868.31280055863,591.334793465758,,,8507,148.766250222146
2013,RS,43024,Região 24 - Campos de Cima da Serra,85.661968879342,71.461203960811,55.8893487714151,100,97.0742685671418,100,100,100,100,100,,,,2.79720282554626,23.5431232452393,71.8725738525391,,,,,,753.032043457031,210.481140136719,151.219467163086,5.97014904022217,409.967895507812,86.7051467895508,97.1667327880859,457.788513183594,97.654296875,105.953247070312,6711,1473,6856.9853515625,1505.04235839844,8,146,149.17594909668,8.17402458190918,64,120,,,1.22610378265381,0.653922021389008,1.25803351402283,0.753287494182587,56,2,57.2181739807129,2.04350614547729,12.8117628097534,22.3685425611735,699.841224902645,414.416916198857,,,,1122.59094370752,664.751747239169,,,5109,141.491231555239
2013,RS,43030,Região 30 - Vale da Luz,50.203008212605,48.8972962997139,27.1108240287903,100,84.1406768414068,100,100,100,100,100,,,,0.726552188396454,19.6829586029053,79.4583892822266,,,,,,735.711608886719,206.031692504883,157.36279296875,2.20507168769836,312.778656005859,66.6059036254883,85.9135055541992,351.041076660156,76.3006057739258,94.1008377075195,8884,2049,7206.24267578125,1662.04309082031,14,263,213.33203125,11.3560781478882,89,194,,,1.57362794876099,0.721922099590302,1.46331179141998,0.699818313121796,84,5,68.1364669799805,4.05574226379395,18.9046249389648,21.0784239981533,451.140733586991,340.651021415473,,,,723.659144161982,546.426443596435,,,2669,56.3157227540366
2013,RS,43011,Região 11 - Sete Povos das Missões,84.816986214546,80.4324019789081,69.9751756192891,100,100,100,100,100,100,100,,,,0.710479557514191,31.0242748260498,67.9988174438477,,,,,,776.975402832031,222.538543701172,146.507431030273,6.43431615829468,345.107421875,74.2023162841797,83.3363342285156,385.0947265625,83.9487533569336,90.2992630004883,21091,5513,7322.2470703125,1913.97033691406,27,483,167.685043334961,9.37369823455811,229,311,,,1.07971119880676,0.795028448104858,1.48338770866394,0.787130236625671,209,7,72.5593643188477,2.4302179813385,7.97597551345825,18.7206554824736,513.055335083622,277.633824334691,,,,822.974200849371,445.34275171967,,,19921,175.437440133773
2013,RS,43002,Região 02 - Entre Rios,75.0119368439794,73.8142060582518,59.6437560190018,100,76.3237518910741,96.2178517397882,90.3177004538578,97.428139183056,100,98.6384266263237,,,,0.751879692077637,22.9323310852051,76.2406005859375,,,,,,822.471862792969,236.470611572266,161.628067016602,4.45304918289185,323.060028076172,63.972972869873,91.8386535644531,361.457580566406,73.265007019043,100.039215087891,7222,2212,5750.13720703125,1761.18859863281,0,262,208.603713989258,0,82,121,,,0.963398814201355,0.652881860733032,1.01057350635529,0.642531275749207,145,10,115.448616027832,7.96197366714478,5.42210388183594,19.8827367579287,457.20318520375,295.610503598813,,,,733.383711734556,474.178517064365,,,9314,187.87367464696
2013,RS,43006,Região 06 - Vale do Paranhana e Costa Serra,40.3968257649192,24.4328907152232,26.5663625696277,100,100,100,100,100,100,100,,,,1.55405402183533,25.1013507843018,73.1756744384766,,,,,,680.082763671875,160.706024169922,147.687942504883,8.11881160736084,416.781158447266,81.2460174560547,103.182350158691,464.848968505859,91.8076858520508,113.290046691895,16722,3468,7506.498046875,1556.78356933594,8,383,171.928512573242,3.59119629859924,115,218,,,0.978600978851318,0.516234457492828,1.13852143287659,0.611176669597626,96,2,43.094352722168,0.897799074649811,10.9571886062622,21.4059608727089,361.053325307878,255.758681160132,,,,579.153068958593,410.253596142301,,,7327,81.7275629214901
2013,RS,43028,Região 28 - Vinte e Oito,58.6704554405055,58.5580645747626,35.2410496276863,100,100,100,100,100,100,100,,,,0.940193235874176,19.0389137268066,79.6813812255859,,,,,,777.786254882812,221.383529663086,151.612396240234,3.4065101146698,372.417755126953,78.1963729858398,88.5975723266602,414.189910888672,89.1073532104492,95.7803192138672,26121,5984,7689.83935546875,1761.64770507812,20,470,138.364700317383,5.88785982131958,215,482,,,1.41897416114807,0.632944941520691,2.22870206832886,0.643763840198517,279,19,82.1356430053711,5.59346675872803,17.8640613555908,23.2236076550783,613.367586464782,306.871412825329,,,,983.881590892115,492.241749503064,,,14968,122.254349249794
2013,RS,43023,Região 23 - Caxias e Hortênsias,52.6157339583944,27.3595443891005,31.6766774099033,100,98.0312907431552,100,100,100,100,100,,,,0.652674674987793,13.6549777984619,85.3212203979492,,,,,,581.756958007812,148.645843505859,112.099349975586,1.63092720508575,334.443603515625,66.2204360961914,84.4001541137695,373.56884765625,75.4090728759766,90.7619781494141,27070,3512,4756.31591796875,617.073547363281,81,620,108.936676025391,14.2320489883423,664,1698,,,2.98345923423767,1.16667664051056,2.63464212417603,1.19109952449799,640,100,112.450759887695,17.5704307556152,52.1680145263672,19.7456987687954,662.122001386406,336.278465118161,,,,1062.08685046994,539.412578271631,,,10842,45.0282695970709
2013,SC,42008,Meio Oeste,92.0290214355364,91.9237994502013,86.519466067287,98.6486486486486,88.4520884520884,97.2563472563473,94.4307944307944,92.956592956593,97.0925470925471,92.4242424242424,,,,0.792326927185059,27.105920791626,71.8098449707031,,,,,,572.138366699219,151.63818359375,115.610664367676,6.76691722869873,325.535675048828,70.6644515991211,82.7406311035156,362.25537109375,80.323486328125,88.9183731079102,12897,2856,6935.02685546875,1535.73986816406,10,388,208.636917114258,5.37724018096924,132,241,,,1.29591488838196,0.709795713424683,1.31137442588806,0.740177154541016,160,4,86.0358428955078,2.1508960723877,19.2435302734375,19.7672445201291,540.740895830873,395.807022450798,,,,867.383644963858,634.90026458632,,,4997,72.5344805318096
2013,SC,42003,Xanxerê,99.956467009336,96.1176964229519,93.6609671666841,96.8385397064358,95.3707188558525,99.2472713586752,98.4192698532179,96.4621753857734,99.209634926609,95.0319909672563,,,,0.598130822181702,33.5700950622559,65.7570114135742,,,,,,557.038818359375,167.060409545898,95.8291244506836,3.40386390686035,329.033294677734,69.3148880004883,75.9154281616211,364.120452880859,77.9788284301758,80.9203796386719,16279,3107,8342.2587890625,1592.19836425781,20,373,191.145797729492,10.2491044998169,154,200,,,1.02491044998169,0.789181053638458,1.22361493110657,0.861309111118317,91,3,46.6334266662598,1.53736567497253,8.52879238128662,20.7855597572541,560.985746064392,366.902141727933,,,,899.857704393588,588.5349517499,,,8611,121.895012723276
2013,SC,42004,Alto Vale do Itajaí,89.7136526022108,90.0270221845187,86.3130258630461,100,89.5715440582053,100,100,100,100,100,,,,1.05568754673004,26.2866191864014,72.5785140991211,,,,,,614.186950683594,164.634750366211,114.960472106934,3.63951468467712,345.437072753906,72.7851867675781,82.0749969482422,386.670135498047,83.0297012329102,89.4159164428711,19811,4062,7029.26513671875,1441.263671875,25,685,243.04914855957,8.87040710449219,211,323,,,1.1460565328598,0.748662352561951,1.26376688480377,0.800820350646973,210,30,74.5114212036133,10.6444883346558,6.87882328033447,19.7876324389917,584.204802074367,305.706907259222,,,,937.102583761564,490.373806667042,,,5522,54.066175951484
2013,SC,42002,Oeste,97.0252972579471,92.5849308420286,85.1501455957292,100,100,100,100,100,100,100,,,,0.569568753242493,17.9007320404053,81.5093536376953,,,,,,529.797424316406,164.278274536133,95.6334228515625,1.88261353969574,312.394866943359,72.122184753418,72.2571563720703,347.853790283203,82.7888870239258,77.8417129516602,25201,4348,7392.81591796875,1275.50341796875,28,525,154.010879516602,8.2139139175415,306,563,,,1.65158343315125,0.897663414478302,1.78117251396179,0.929198980331421,271,5,79.4989547729492,1.46677029132843,12.780556678772,19.5019657871599,699.894075901262,319.883806774431,,,,1122.67572015438,513.114477606853,,,8871,64.3372036156718
2013,SC,42007,Grande Florianópolis,97.3137600448443,66.8949193148965,82.0898459246632,96.5464480874317,95.7449908925319,100,97.1876138433515,91.4899817850637,98.4408014571949,92.6921675774135,,,,1.14427518844604,32.4601898193359,64.3896026611328,,,,,,497.139068603516,91.5830841064453,114.639602661133,1.60753881931305,299.305206298828,40.3625030517578,79.4176483154297,334.121795654297,46.3689651489258,86.5413208007812,59727,8571,5486.44189453125,787.320556640625,131,2116,194.372924804688,12.0334844589233,1262,2639,,,2.42414999008179,1.15925621986389,2.45122528076172,1.15679907798767,635,86,58.330249786377,7.89984464645386,28.879810333252,19.798553929286,445.965859326746,279.646229447655,,,,715.358308525751,448.570780698954,,,17923,44.8049384820087
2013,SC,42010,Alto Uruguai Catarinense,91.3587191691908,78.1032741958748,78.3773258329727,93.0490654205608,92.9322429906542,98.4228971962617,92.7570093457944,93.5747663551402,98.2476635514019,93.5163551401869,,,,0.604229629039764,19.8791542053223,79.5166168212891,,,,,,560.788635253906,153.456665039062,81.3249588012695,3.65699863433838,267.900238037109,53.150203704834,56.0520439147949,298.570709228516,59.8255233764648,59.8488998413086,10286,1937,7273.9873046875,1369.79516601562,20,339,239.731842041016,14.1434717178345,154,170,,,1.20219504833221,1.08904731273651,1.37969565391541,1.11556625366211,151,2,106.783210754395,1.41434717178345,19.0922718048096,20.672302185391,692.484952726605,406.460819287828,,,,1110.79100362051,651.989649177822,,,2315,45.0480417604638
2013,SC,42001,Extremo Oeste,97.6331993214815,99.4826519209107,95.7499098425249,94.6260804208944,98.684704998121,100,100,100,100,100,,,,0.975243806838989,22.3930988311768,76.5191268920898,,,,,,598.349975585938,160.287902832031,106.567436218262,3.50364971160889,293.268951416016,55.1278953552246,69.469108581543,327.409698486328,63.0599784851074,74.8905944824219,17664,3890,7714.78369140625,1698.96447753906,20,513,224.053665161133,8.73503589630127,218,198,,,0.86476856470108,0.952118873596191,1.12703800201416,1.02243590354919,205,0,89.5341186523438,0,7.22212743759155,20.0905837743684,572.20620406063,358.034729116883,,,,917.856050422118,574.311043901848,,,6820,79.6933362860802
2013,SC,42013,Serra Catarinense,94.2706640241324,96.1022618835397,85.1993610379987,100,89.2672094744634,95.1394029114236,88.0335553910683,92.6227485812978,98.7416728349371,91.7098445595855,,,,1.45618879795074,40.2460441589355,57.5947761535645,,,,,,691.51904296875,201.664337158203,125.824752807617,6.6301097869873,396.561859130859,92.0595321655273,93.2890396118164,441.044921875,104.401954650879,100.335510253906,24049,5246,8290.2998046875,1808.42919921875,36,760,261.991271972656,12.4101133346558,251,403,,,1.38924324512482,0.865260660648346,1.54971289634705,0.899474620819092,195,1,67.2214431762695,0.344725370407104,13.9451751708984,21.9027170943623,569.183862287406,304.711187116987,,,,913.008017207323,488.776606653146,,,14673,127.254282322581
2013,SC,42006,Médio Vale do Itajaí,90.6925160927397,62.530185272356,76.3794869851744,100,99.7332147621165,100,100,98.8550466874166,100,98.8105824811027,,,,0.54716569185257,26.5484790802002,72.8058624267578,,,,,,518.95751953125,132.704650878906,101.726280212402,3.36111855506897,324.163238525391,65.2059783935547,79.3743362426758,361.181335449219,74.6337509155273,85.5806732177734,40716,6877,5681.60107421875,959.6318359375,50,841,117.355003356934,6.97711086273193,702,1370,,,1.9117283821106,0.979586362838745,1.79287326335907,1.04569447040558,627,38,87.4929733276367,5.30260419845581,29.18483543396,22.7387631353774,601.570875786426,330.998836186738,,,,964.958897998592,530.943709314423,,,7146,27.5460074730484
2013,SC,42011,Nordeste,63.6644205544982,59.9590064028733,45.9941226855838,100,98.4337529976019,100,100,100,100,99.3929856115108,,,,1.06928050518036,25.9300518035889,72.9783935546875,,,,,,488.286468505859,120.012580871582,103.112411499023,2.80394315719604,326.09326171875,67.713508605957,85.9572601318359,364.2216796875,76.9067306518555,93.2260589599609,50390,7151,5389.86962890625,764.893005371094,89,1190,127.286071777344,9.51971435546875,745,1693,,,1.81088495254517,0.796874940395355,1.97306776046753,0.83206582069397,543,43,58.0809555053711,4.59941244125366,33.1721382141113,28.9898676743123,744.372914121559,453.759020405681,,,,1194.02267600094,727.859046891489,,,12734,36.7219406493344
2013,SC,42014,Extremo Sul Catarinense,88.7158771495833,94.1456306984685,86.1959104229303,97.2198820556024,98.9469250210615,100,100,99.9578770008425,100,100,,,,0.626828253269196,38.111156463623,61.0112838745117,,,,,,564.403625488281,151.630813598633,104.246192932129,8.20895481109619,316.204711914062,69.3701705932617,74.6124420166016,353.954986572266,79.5801162719727,80.0398559570312,13837,3477,7285.1240234375,1830.62622070312,10,323,170.058181762695,5.26495885848999,140,219,,,1.1530259847641,0.737094283103943,1.11485505104065,0.777371227741241,108,0,56.8615570068359,0,9.17892932891846,19.463303860501,377.495941559124,246.156697055362,,,,605.528097233148,394.851387735475,,,6926,92.5127947423377
2013,SC,42016,Laguna,98.2771599456595,99.7085962632102,97.6678879551162,100,95.8913813459268,98.7957497048406,96.8831168831169,96.6706021251476,100,92.2314049586777,,,,1.4190890789032,33.3028144836426,65.0949859619141,,,,,,621.834777832031,187.950057983398,123.681419372559,3.53697752952576,334.634338378906,78.6402969360352,83.3385620117188,373.014068603516,89.55908203125,90.4237670898438,24966,5694,7131.248046875,1626.42492675781,30,624,178.238357543945,8.56915187835693,308,465,,,1.32821846008301,0.879766225814819,1.42847752571106,0.938750565052032,260,21,74.265983581543,5.99840593338013,18.0169429779053,19.9210127372922,431.680557423041,254.077069615868,,,,692.443753088611,407.556181609901,,,7587,55.4248362526788
2013,SC,42009,Alto Vale do Rio do Peixe,61.7403698691926,74.6017140279657,55.2667568786649,100,95.6282847587195,100,98.1366459627329,100,100,97.2049689440994,,,,1.10931360721588,31.7078800201416,67.067253112793,,,,,,624.993408203125,162.230834960938,115.778617858887,10.5292797088623,407.323028564453,88.7955474853516,92.646354675293,453.8095703125,100.135955810547,100.637664794922,19119,3995,6728.1806640625,1405.88330078125,30,483,169.972869873047,10.5573205947876,183,278,,,0.978311717510223,0.643996596336365,1.07517516613007,0.699158608913422,219,6,77.0684432983398,2.11146426200867,18.0699100494385,22.193016892397,458.741270450769,322.768156348038,,,,735.850900730451,517.741162338478,,,10720,98.4086310978779
2013,SC,42005,Foz do Rio Itajaí,89.8183623992579,74.5053849841192,72.1579250481941,100,100,100,100,100,100,100,,,,1.14323401451111,25.9975814819336,72.8262100219727,,,,,,511.058563232422,131.508056640625,93.585563659668,3.53503179550171,344.7978515625,75.1167602539062,77.2261276245117,385.137603759766,85.9772338867188,83.7042694091797,31597,4478,5142.64892578125,728.828125,38,685,111.488891601562,6.18478488922119,404,964,,,1.56898236274719,0.657540321350098,1.85576105117798,0.653186559677124,317,61,51.5941276550293,9.92820739746094,22.8889122009277,20.1737965278164,636.29894361466,379.557076339123,,,,1020.66498253492,608.834291774789,,,9290,41.325409712244
2013,SC,42015,Carbonífera,93.1555732147707,80.5953446732319,77.097814169173,96.948708348933,91.0520404342943,95.6383377012355,94.8333957319356,93.8599775365032,100,92.6244852115313,,,,0.810313045978546,37.5138130187988,61.6206245422363,,,,,,530.951477050781,135.354888916016,128.78190612793,0.687757909297943,334.401031494141,72.3688583374023,99.0561141967773,373.460815429688,83.1388626098633,107.467582702637,27830,6712,6775.0478515625,1633.99645996094,28,665,161.890289306641,6.81643342971802,388,615,,,1.4971809387207,0.944562911987305,1.68804109096527,0.998790085315704,225,18,54.7749099731445,4.38199281692505,21.1165142059326,25.7241722550033,615.634434040196,309.214777542373,,,,987.517762166935,496.000659260806,,,7745,52.5308347542667
2013,SC,42012,Planalto Norte,67.2028861885252,73.8704850866276,55.8158656468055,90.7260299279512,85.8488823203399,90.5782375762054,87.1235913541474,85.442453353039,90.9107703676335,84.537225198596,,,,1.14533960819244,21.1492881774902,77.4684066772461,,,,,,650.988342285156,209.080535888672,129.924713134766,3.1865828037262,430.674682617188,113.691253662109,103.544570922852,480.516906738281,129.036804199219,112.121208190918,24300,4677,6632.71142578125,1276.59228515625,47,648,176.872314453125,12.8287010192871,237,468,,,1.2774111032486,0.646894097328186,1.14516627788544,0.679511725902557,165,1,45.0369300842285,0.27295109629631,14.3102798461914,25.8404714036248,522.719823697075,305.477212397338,,,,838.476670562464,490.005361135983,,,12771,92.4347521142607
2013,SE,28007,Propriá,99.9227197411766,100,99.9227197411766,99.2904841402337,100,100,100,100,100,100,,,,2.09984159469604,49.6830444335938,47.9001579284668,,,,,,643.702575683594,210.724533081055,131.302520751953,8.65671634674072,455.959747314453,130.838775634766,118.124847412109,508.068328857422,148.101501464844,126.447746276855,6883,1848,4408.56201171875,1183.64416503906,0,113,72.3765106201172,0,88,114,,,0.730170130729675,0.563640117645264,0.881808519363403,0.625768601894379,5,0,3.20250058174133,0,3.75204968452454,17.2218085423552,402.331992279267,200.731859261705,,,,645.366741519603,321.986986908507,,,25593,498.407468123311
2013,SE,28001,Aracaju,90.4297105480537,87.9885417436624,85.0805358770766,96.2378077101719,90.9119058677814,90.2229447282861,88.0399442638179,92.5917324663261,100,90.9660938225732,,,,1.89330124855042,44.6369819641113,53.4135589599609,,,,,,539.970458984375,131.544128417969,101.573638916016,4.38922452926636,391.593414306641,84.1721572875977,91.6556015014648,435.200317382812,95.2056884765625,98.3312072753906,31108,4055,3900.92944335938,508.495178222656,221,1662,208.4140625,27.7133007049561,830,2328,,,2.91930150985718,1.04081630706787,2.99839735031128,1.10837531089783,846,163,106.088020324707,20.4401264190674,29.9737529754639,19.6999278641485,662.088004080949,247.828996471033,,,,1062.03231657588,397.533865006603,,,64120,206.526119612798
2013,SE,28002,Estância,89.7754053087585,100,88.4828979737793,88.1272949816401,100,98.5801713586291,100,100,100,100,,,,1.97175598144531,51.5321083068848,45.7234230041504,,,,,,565.612731933594,169.767868041992,116.820465087891,3.93759298324585,426.426696777344,101.776626586914,105.520729064941,473.040649414062,114.153854370117,113.933723449707,9985,1259,4195.87158203125,529.053833007812,0,255,107.155464172363,0,110,124,,,0.521069705486298,0.462239265441895,0.786226987838745,0.542921006679535,21,10,8.8245677947998,4.20217514038086,2.76166939735413,16.5867899543833,373.786165475204,139.527077121005,,,,599.577374573776,223.810526737417,,,37480,442.948055977956
2013,SE,28003,Itabaiana,89.865036600244,99.2158906059374,86.5705910261624,100,100,97.708674304419,100,100,100,100,,,,1.5231237411499,45.9429512023926,52.5062294006348,,,,,,622.109008789062,199.12434387207,113.785339355469,5.8316764831543,391.722900390625,96.5886535644531,97.4026260375977,435.874938964844,109.325965881348,104.785789489746,9261,716,3817.99291992188,295.182250976562,0,139,57.3049354553223,0,95,97,,,0.399897754192352,0.391652435064316,0.840712904930115,0.513889253139496,56,0,23.0868816375732,0,3.05241537094116,16.7560670608914,376.619085061079,149.276130707896,,,,604.121562252627,239.448644180249,,,32856,361.898629704201
2013,SE,28005,Nossa Senhora da Glória,95.2314024696316,100,95.2314024696316,98.6075485525834,100,100,100,100,100,100,,,,1.39500737190247,44.2731285095215,53.8179130554199,,,,,,435.196594238281,118.412536621094,94.6079559326172,9.3969144821167,328.963104248047,73.4415817260742,88.8196029663086,365.095794677734,82.3780364990234,96.2291107177734,4643,385,2833.96606445312,234.993957519531,0,115,70.193000793457,0,101,75,,,0.457780450582504,0.61647766828537,0.630974054336548,0.6537104845047,1,0,0.610373914241791,0,1.46184551715851,17.5742351602556,390.852095120877,216.813368447091,,,,626.952238163509,347.782775910756,,,29751,583.024266279724
2013,SE,28006,Nossa Senhora do Socorro,99.8948964252045,98.7352536499605,99.8948964252045,100,100,99.0526507560576,100,100,100,100,,,,1.55459141731262,54.1214752197266,43.4020233154297,,,,,,513.768920898438,137.396148681641,110.534423828125,4.26682710647583,444.205902099609,105.277481079102,114.942535400391,495.804046630859,119.035255432129,124.501831054688,14131,1926,4363.0224609375,594.662841796875,0,133,41.0644645690918,0,154,157,,,0.48474594950676,0.475483268499374,0.982613980770111,0.646533727645874,0,0,0,0,9.22869777679443,17.1923168296537,341.797985443345,178.996416416875,,,,548.266248661687,287.121919766353,,,43550,358.864527226324
2013,SE,28004,Lagarto,71.4740169283032,99.8211856329377,68.6634949858659,93.2198737304419,100,100,100,98.8745539390612,100,100,,,,1.99059998989105,48.1614608764648,49.7649993896484,,,,,,614.806213378906,178.043426513672,99.3545913696289,10.9243698120117,373.672454833984,81.8694305419922,84.3235626220703,417.170257568359,92.2099304199219,90.408317565918,9813,1728,3899.86645507812,686.738952636719,10,240,95.3804092407227,3.9741837978363,136,117,,,0.464979499578476,0.540488958358765,0.75241231918335,0.609441041946411,6,0,2.38451027870178,0,3.74527072906494,16.9903823625344,305.341964816309,104.034361282198,,,,489.788415199934,166.877896948751,,,37591,433.242041222867
2013,SP,35091,Adamantina,64.0278378545387,86.012327751344,46.8570413396774,99.696739954511,94.8445792266869,98.1046247156937,94.6171341925701,93.5557240333586,95.9818043972707,92.1152388172858,,,,0.449101805686951,8.6826343536377,90.5688629150391,,,,,,779.907653808594,194.229873657227,118.032005310059,15.3256702423096,334.924224853516,71.314697265625,71.8096084594727,373.748474121094,79.6887817382812,78.2574615478516,11378,3259,8499.7978515625,2434.59692382812,4,267,199.459136962891,2.98815202713013,149,148,,,1.10561621189117,1.11308658123016,1.10916471481323,1.05238974094391,119,0,88.8975219726562,0,12.2641229629517,25.5661075012695,577.829132618888,380.593839026568,,,,926.875594358662,610.49732670655,,,4478,85.9971960800703
2013,SP,35156,José Bonifácio,82.1740381847837,58.8698071572484,43.3421812871108,29.3193717277487,100,100,100,100,100,100,,,,3.16901397705078,23.4154930114746,73.1514053344727,,,,,,651.306213378906,170.482971191406,128.627868652344,6.26959228515625,323.779357910156,65.9467239379883,82.9109878540039,360.906433105469,74.1819229125977,90.9832916259766,9858,2448,10063.599609375,2499.0556640625,0,204,208.254638671875,0,84,101,,,1.03106462955475,0.857519090175629,0.876404941082001,0.860836923122406,114,0,116.377593994141,0,27.1486473083496,23.6728775955841,610.591807154061,511.853884011326,,,,979.429059939284,821.04699501314,,,2249,58.9768444631329
2013,SP,35142,Mantiqueira,44.6692981828992,44.7878293001396,25.9639590145737,97.8457695910084,100,100,100,100,100,100,,,,1.88851654529572,14.9862928390503,81.5108108520508,,,,,,786.717712402344,194.408309936523,136.267501831055,12.3787527084351,388.096954345703,76.0373306274414,87.6942901611328,433.175262451172,86.1541900634766,94.9004211425781,17429,3470,6333.35009765625,1260.9287109375,6,239,86.8478240966797,2.18028020858765,205,401,,,1.45715391635895,0.744929015636444,1.51883769035339,0.76709520816803,208,14,75.5830459594727,5.08732032775879,34.7027931213379,27.6840496767661,553.005366357929,384.184419975523,,,,887.056655145497,616.256852599735,,,6272,58.3713161959128
2013,SP,35074,Circuito das Águas,93.3153134421458,64.6780810415284,81.4157876638384,97.0880211780278,95.2349437458637,96.3600264725347,88.4844473858372,92.3891462607545,98.2792852415619,93.7789543348776,,,,0.781758964061737,15.0488595962524,83.6482086181641,,,,,,768.4541015625,211.960754394531,166.485534667969,2.50752258300781,338.556182861328,66.9370727539062,95.6787033081055,381.415893554688,76.7969741821289,105.533134460449,7426,1413,5723.7109375,1089.09289550781,7,158,121.781089782715,5.39536476135254,132,295,,,2.27376079559326,1.0174115896225,1.85696887969971,0.967504501342773,76,1,58.5782432556152,0.770766377449036,31.2800121307373,25.1954171865542,688.253718377162,476.9102350058,,,,1104.00382791212,764.995104215832,,,2737,55.3616811653131
2013,SP,35061,Vale do Jurumirim,63.1711660374671,46.0716575254648,40.4384215399957,95.4626108998733,95.2851711026616,96.6539923954373,100,98.4030418250951,100,99.0114068441065,,,,2.05675601959229,19.8125495910645,77.9484481811523,,,,,,716.8779296875,168.73779296875,120.281524658203,17.3537864685059,398.829315185547,80.4245452880859,87.1750717163086,444.543487548828,90.8395004272461,94.38720703125,22191,4802,7626.1923828125,1650.26257324219,9,417,143.306854248047,3.0929536819458,182,250,,,0.859153747558594,0.625463962554932,0.963970541954041,0.637492120265961,128,1,43.9886741638184,0.343661516904831,9.77751350402832,26.6146966171144,621.026010568891,439.604310162369,,,,996.166202367441,705.153968990203,,,13132,119.73931177921
2013,SP,35103,Piracicaba,47.6006673897338,25.1427811231438,22.9190725278218,100,100,100,100,100,100,100,,,,0.449438214302063,20.5684070587158,78.1890258789062,,,,,,675.017761230469,162.402267456055,107.320541381836,10.6870231628418,366.709350585938,70.4637680053711,79.7051544189453,407.828247070312,79.6459579467773,85.7699813842773,27198,3891,4832.62255859375,691.364624023438,63,540,95.9488296508789,11.1940298080444,456,939,,,1.66844344139099,0.810234546661377,1.93345773220062,0.694340765476227,673,56,119.580665588379,9.95024871826172,49.7807388305664,23.6770483817268,640.775715232257,418.791359423165,,,,1027.84601602671,671.768639317875,,,14870,73.6764240256207
2013,SP,35062,Bauru,45.7988559265665,32.0817812957297,24.5397099906878,100,93.3925666374672,98.8737329495683,87.9989988737329,92.1661869603304,95.8077837567263,91.3027155549994,,,,1.64333534240723,23.992696762085,74.1570281982422,,,,,,708.690063476562,169.438003540039,145.072265625,7.28342008590698,378.930969238281,75.1062088012695,106.032493591309,421.863800048828,85.187370300293,113.654655456543,26129,5168,4188.5009765625,828.434814453125,79,1380,221.215179443359,12.6637678146362,729,1013,,,1.62384760379791,1.16859316825867,1.62993907928467,1.177570104599,640,81,102.592544555664,12.9843692779541,34.4900093078613,24.6414215198546,528.740143266155,399.401333476062,,,,848.133655584194,640.665773765049,,,18826,82.9858601766295
2013,SP,35161,Itapetininga,60.077059225146,37.197383813214,33.8443073149731,99.0510619069137,94.923934327459,99.6686247928905,92.5591203494502,97.0025606266004,99.4878746799217,96.1439975899985,,,,0.651120543479919,16.7625675201416,81.9806213378906,,,,,,678.182678222656,176.853668212891,131.961654663086,10.1908864974976,402.395385742188,88.9749755859375,99.9417495727539,449.328948974609,101.359016418457,108.667152404785,25613,3726,5347.99658203125,777.989135742188,16,430,89.7840347290039,3.34080147743225,301,460,,,0.960480391979218,0.62848824262619,1.06592440605164,0.645975291728973,186,3,38.8368148803711,0.626400291919708,19.7403774261475,28.9305117095937,538.762342868923,392.401592696091,,,,864.209917041443,629.437733277739,,,20223,118.189413953995
2013,SP,35112,Alta Sorocabana,76.1336956578324,58.0833242231627,53.7002910048778,100,100,100,96.0672975814932,99.5583596214511,100,93.6908517350158,,,,2.40592217445374,20.8513259887695,75.6940155029297,,,,,,728.390930175781,167.954818725586,134.011856079102,7.59406280517578,350.237945556641,58.0185852050781,89.6292114257812,389.098907470703,65.9678802490234,97.1697082519531,32465,6559,8162.65478515625,1649.12524414062,55,787,197.874923706055,13.8286161422729,486,958,,,2.40869331359863,1.22194671630859,2.26933860778809,1.21503245830536,520,38,130.743270874023,9.55431652069092,28.1321811676025,21.7314262604546,459.083260565674,345.789984292407,,,,736.399475167293,554.669675032962,,,13797,87.4252025154024
2013,SP,35051,Norte - Barretos,63.2334473729759,59.3552402381943,46.574207399933,94.3518780005648,98.1078791301892,100,96.8088110703191,100,100,99.0963004800904,,,,0.765306115150452,17.4886627197266,81.4625854492188,,,,,,773.13720703125,205.909133911133,155.05419921875,4.18583250045776,412.823333740234,92.0892181396484,107.799926757812,459.767822265625,104.399742126465,116.585227966309,19560,3645,6956.10107421875,1296.26733398438,45,778,276.679290771484,16.0032997131348,432,693,,,2.4645082950592,1.53631687164307,2.75265645980835,1.5934841632843,188,14,66.8582305908203,4.97880458831787,29.9866275787354,23.3018144579495,651.855374663359,418.728989085755,,,,1045.61851197885,671.668593231075,,,9489,91.5711339809512
2013,SP,35133,Vale das Cachoeiras,64.7408094630639,73.9023541690827,52.564072828482,100,93.2193036041539,100,98.7782529016494,90.9590714722053,100,89.9205864386072,,,,1.17211592197418,16.4713134765625,75.6940155029297,,,,,,670.881103515625,166.044921875,125.092140197754,5.88235282897949,323.434326171875,58.2611236572266,86.8855361938477,362.339935302734,65.8056411743164,94.3191070556641,12538,2656,9335.74609375,1977.64721679688,7,188,139.984069824219,5.21217250823975,125,256,,,1.90616595745087,0.930745124816895,1.91454267501831,0.907662630081177,70,1,52.1217269897461,0.744596064090729,21.591796875,28.3830289131437,680.761791906656,454.701304405914,,,,1091.9862894942,729.370531850395,,,4368,92.2090543018016
2013,SP,35023,Consórcios do DRS II,82.5391592390686,68.6361085273143,73.837978280408,93.9644607843137,91.4828431372549,95.4350490196078,89.2463235294118,93.1678921568627,96.3235294117647,87.0404411764706,,,,1.2855007648468,16.6816139221191,81.554557800293,,,,,,673.56201171875,147.164810180664,112.071662902832,12.7170867919922,333.843414306641,60.5081634521484,77.8238830566406,372.69921875,69.35986328125,83.7798385620117,16419,2671,6195.638671875,1007.89031982422,14,246,92.827033996582,5.28283929824829,197,233,,,0.87921541929245,0.743370950222015,1.23156189918518,0.76270991563797,209,6,78.8652496337891,2.26407408714294,21.9456691741943,29.0516133239441,630.976587780257,465.045629103442,,,,1012.12757684019,745.963502957276,,,6690,67.4098393028767
2013,SP,35163,Sorocaba,48.6463658046618,11.4843072498354,11.3361226401601,100,97.6439310597726,100,98.3590025669234,100,100,100,,,,0.714223146438599,16.9354133605957,81.4652557373047,,,,,,636.484191894531,153.040191650391,116.369804382324,12.0756549835205,384.192840576172,77.7565612792969,92.6977615356445,429.668273925781,88.7151336669922,99.8216552734375,73456,11741,4534.7802734375,724.826477050781,130,1918,118.407051086426,8.02550411224365,1071,2576,,,1.59028446674347,0.661178052425385,1.77141392230988,0.612670063972473,1046,135,64.5744400024414,8.33417701721191,38.6753959655762,25.6888382876505,566.99826882572,425.13200315199,,,,909.502182827452,681.939445172081,,,38031,60.7177425410749
2013,SP,35157,Votuporanga,84.0152430024421,88.0728873144943,58.5545983951909,100,100,100,100,100,100,100,,,,1.1337867975235,12.9251699447632,83.582763671875,,,,,,722.066528320312,170.933975219727,141.927001953125,7.96269750595093,342.003692626953,60.8983116149902,83.593864440918,383.168609619141,69.0539398193359,92.0799331665039,14193,3369,7351.71484375,1745.08044433594,17,212,109.812126159668,8.80568981170654,251,266,,,1.37783145904541,1.30013418197632,1.64329707622528,1.36293947696686,310,13,160.574340820312,6.73376274108887,27.7591590881348,23.9314126945644,594.326408038115,455.981546661023,,,,953.338299501603,731.424123879839,,,5849,71.0080324420315
2013,SP,35093,Marília,91.7925908874164,81.8926725531787,69.7592778335005,94.4092827004219,94.7679324894515,98.8185654008439,93.3333333333333,96.3291139240506,97.9957805907173,94.5147679324894,,,,0.940242350101471,17.9063930511475,78.3953170776367,,,,,,749.140075683594,192.651168823242,138.327239990234,4.45702171325684,366.082763671875,72.161979675293,91.29931640625,408.04833984375,82.3830184936523,98.6569213867188,23752,3896,6294.15478515625,1032.41943359375,64,697,184.701324462891,16.9596633911133,489,836,,,2.21535587310791,1.29582417011261,2.9026198387146,1.28217697143555,203,24,53.7939300537109,6.35987329483032,29.2501182556152,23.5388318192013,619.391072493994,364.785702684865,,,,993.543655122303,585.140045565304,,,14181,95.3411924414087
2013,SP,35072,Região Metropolitana de Campinas,56.8532766255416,21.296869272863,25.5924076224273,100,100,100,98.7287367630686,100,100,100,,,,1.32699298858643,17.7612915039062,80.2146072387695,,,,,,570.241882324219,129.545761108398,116.380668640137,7.27762794494629,325.276611328125,58.3992118835449,86.1962280273438,365.899688720703,67.3734283447266,93.9623565673828,141905,18749,4741.60205078125,626.4775390625,308,2952,98.6378784179688,10.2914867401123,3150,7533,,,2.51707029342651,1.05253839492798,2.7304515838623,1.06748270988464,2726,373,91.0863342285156,12.4633913040161,47.6733055114746,26.3412109093846,779.669478626873,593.034753868176,,,,1250.64066626462,951.266402016888,,,69075,60.287432582917
2013,SP,35031,Central do DRS III,66.8030547259236,40.1300526878357,36.5927845504006,100,100,100,100,95.7290533188248,100,99.0478781284004,,,,0.626795530319214,13.1627054214478,86.0276870727539,,,,,,686.6884765625,164.409072875977,154.174774169922,3.70192313194275,364.184692382812,69.7553405761719,104.842163085938,405.893157958984,78.5013580322266,114.268348693848,12529,1667,4136.3076171875,550.341186523438,33,409,135.026718139648,10.8945770263672,389,632,,,2.08647656440735,1.28423953056335,2.0213565826416,1.28721070289612,367,51,121.16089630127,16.8370723724365,47.4683303833008,33.364184738472,782.003745909357,541.05959636797,,,,1254.38498314431,867.894861399772,,,6571,58.1638443015782
2013,SP,35104,Rio Claro,46.8623431584864,28.0413615248549,27.0908068968938,97.7417302798982,95.6106870229008,100,91.3486005089058,97.9643765903308,100,95.6424936386768,,,,0.32970654964447,19.7823944091797,79.1295776367188,,,,,,676.086059570312,158.40185546875,100.043273925781,11.5091018676758,357.066131591797,66.1429748535156,78.3538436889648,398.428436279297,75.5647048950195,84.1689758300781,7549,804,2996.93115234375,319.185668945312,18,124,49.2276420593262,7.14594793319702,193,341,,,1.35376012325287,0.766204416751862,1.8264844417572,0.784565508365631,248,33,98.4552841186523,13.1009044647217,42.5124359130859,26.5749498184633,722.554672929756,517.610997105994,,,,1159.02479491306,830.281779692869,,,5089,54.5123872978072
2013,SP,35022,Lagos do DRS II,75.6144257382473,94.2870372297255,66.1113770212058,100,100,100,97.0013037809648,100,100,98.9569752281617,,,,1.01351356506348,21.2837829589844,77.1537170410156,,,,,,743.24560546875,183.672744750977,127.816108703613,9.68178749084473,369.526916503906,75.5617446899414,85.4730987548828,410.289184570312,84.8418960571289,92.8048706054688,17842,4409,8978.326171875,2218.66625976562,14,431,216.884811401367,7.04498243331909,194,252,,,1.26809680461884,0.976233243942261,1.27086448669434,0.984284639358521,119,1,59.8823471069336,0.503212988376617,20.0404586791992,24.0079626664128,692.954373433458,533.091535210844,,,,1111.54398503336,855.113571907799,,,6804,88.0554078576402
2013,SP,35063,Polo Cuesta,56.8573746141772,38.0861082726727,36.5501911995533,95.8289885297185,95.9332638164755,98.696558915537,97.18456725756,99.3482794577685,100,97.0020855057351,,,,1.09499037265778,16.2332324981689,81.5220336914062,,,,,,713.84033203125,191.098907470703,149.980621337891,3.49386215209961,366.415100097656,78.4931411743164,101.341049194336,409.075408935547,89.0070648193359,110.151992797852,21369,4753,7202.10302734375,1601.92785644531,52,572,192.784072875977,17.5258255004883,438,1074,,,3.61975693702698,1.47621369361877,4.58249759674072,1.46930456161499,149,7,50.2182312011719,2.35924577713013,24.8351058959961,25.0363401375071,523.092567993197,402.005467523606,,,,839.07457671068,644.842974527093,,,8783,80.93666202675
2013,SP,35172,Circuito da Fé e Vale Histórico,61.5659819401172,49.4651123902061,46.1567742162609,100,91.0095677994061,97.9709666776641,91.6364236225668,98.3173870009898,100,88.4856483008908,,,,1.90603578090668,25.7147636413574,71.8107376098633,,,,,,739.990539550781,172.976516723633,160.423477172852,12.6797008514404,420.958984375,81.5036087036133,114.603958129883,469.862274169922,92.6811752319336,123.979759216309,25818,4712,5493.12158203125,1002.54040527344,54,651,138.508865356445,11.4892148971558,374,755,,,1.60636246204376,0.795734524726868,1.77019023895264,0.795628130435944,283,22,60.2119979858398,4.68079137802124,26.8234882354736,27.6288888826729,533.061537176734,351.694172052218,,,,855.065453105673,564.140377062605,,,21225,120.928480005808
2013,SP,35153,Jales,85.5531729012787,81.0519418632356,78.1073782860773,94.8694029850746,98.2276119402985,100,94.0298507462687,97.4813432835821,100,95.8955223880597,,,,0.809352517127991,15.467625617981,82.2841720581055,,,,,,813.959106445312,204.939819335938,123.737251281738,13.895486831665,342.362823486328,68.5153732299805,77.0929870605469,379.526275634766,77.1157760620117,82.3876495361328,9408,2102,9094.6884765625,2031.99768066406,23,135,130.504135131836,22.234037399292,111,121,,,1.16970372200012,1.07303392887115,1.73304653167725,1.25066459178925,136,1,131.470825195312,0.96669727563858,14.9818744659424,24.1217479152207,647.755173548313,482.102501731635,,,,1039.0415221198,773.323838500594,,,3753,96.7029021369129
2013,SP,35162,Itapeva,80.8617928486879,86.4654986019137,75.507653743683,100,94.888023369036,97.809152872444,91.966893865628,99.6592015579357,99.8539435248296,95.3261927945472,,,,0.538687586784363,13.9324188232422,85.5288925170898,,,,,,668.069641113281,210.443710327148,119.132545471191,11.0517883300781,412.286926269531,109.811599731445,97.0982894897461,457.651611328125,125.217796325684,103.551391601562,20300,4528,7240.6904296875,1615.06628417969,18,391,139.46354675293,6.42031669616699,224,241,,,0.859609067440033,0.798972725868225,1.03028249740601,0.853545427322388,76,2,27.108003616333,0.713368535041809,9.17677307128906,24.6667153032988,567.820626619619,328.178000653172,,,,910.82129833404,526.418905243172,,,23841,225.926596635005
2013,SP,35021,Central do DRS II,79.3171315193549,62.0466532736088,59.5290660116846,100,100,100,95.81589958159,100,100,100,,,,1.21195042133331,12.8523111343384,85.7948150634766,,,,,,690.848083496094,131.524871826172,104.466361999512,19.9801692962646,337.431549072266,52.2177543640137,71.0325164794922,375.551635742188,59.3151168823242,77.4080505371094,17701,2967,6062.81689453125,1016.23510742188,37,509,174.338943481445,12.6729688644409,295,536,,,1.8358678817749,1.01041233539581,1.86035764217377,0.991231679916382,243,14,83.230583190918,4.7951774597168,29.5704898834229,24.0311255855161,555.463223596633,401.761037293412,,,,890.999218371148,644.450892504742,,,7518,63.0162249219239
2013,SP,35083,Alta Mogiana,87.5801282051282,69.6314102564102,69.1412643207856,100,94.0798858773181,97.0042796005706,89.5149786019971,100,97.1469329529244,85.8773181169757,,,,1.71130955219269,16.9642848968506,79.9851226806641,,,,,,669.891174316406,183.746276855469,124.420127868652,13.4071340560913,375.443511962891,90.9929504394531,90.8844604492188,413.867126464844,102.591064453125,97.6230316162109,6389,1361,5264.3720703125,1121.42907714844,9,168,138.427688598633,7.41576910018921,103,196,,,1.61498975753784,0.848693609237671,1.48356580734253,0.826858282089233,110,1,90.6371765136719,0.823974370956421,29.3647975921631,23.7850498065766,597.30867611808,418.983320828134,,,,958.122051900215,672.076557924398,,,4686,99.0678207690766
2013,SP,35101,Araras,56.1303685363299,47.8208424594483,47.4742088055106,98.712139279752,100,100,94.9678034819938,100,100,96.7564989267827,,,,0.888450145721436,19.2744331359863,79.2941741943359,,,,,,683.024230957031,155.413208007812,118.773551940918,12.3379526138306,367.407135009766,65.9886474609375,86.0344161987305,410.612854003906,74.4982681274414,93.511604309082,17466,2982,5332.90185546875,910.495422363281,33,412,125.79615020752,10.0759048461914,309,516,,,1.57550513744354,0.943471133708954,1.55268168449402,0.928357243537903,310,21,94.6524429321289,6.41193962097168,43.495849609375,25.5392333339391,559.391509564921,389.807050856642,,,,897.300445128555,625.275919042745,,,8662,74.461764366161
2013,SP,35095,Tupã,74.810759610522,71.9322186278366,68.4050828001959,100,98.7124463519313,100,100,100,100,100,,,,0.707213580608368,16.9024047851562,82.1074981689453,,,,,,769.856018066406,183.671234130859,122.708015441895,11.5736036300659,331.100128173828,62.4431114196777,72.3854675292969,369.650085449219,70.6707153320312,78.3173599243164,13935,3761,10891.3134765625,2939.52124023438,13,523,408.766204833984,10.1605367660522,104,143,,,1.11765897274017,0.812842905521393,1.45061194896698,0.936723291873932,88,3,68.7790145874023,2.34473919868469,14.2786798477173,25.6828578595889,559.04045261504,410.185010889518,,,,896.737326897393,657.96349526737,,,4494,93.0806131993407
2013,SP,35151,Catanduva,78.134691169102,47.0098722966293,42.0689841962,91.2723151034287,99.2349107395863,100,96.2312269764806,100,100,100,,,,0.757355093955994,14.2149724960327,84.9985427856445,,,,,,806.788635253906,207.655838012695,123.091590881348,8.21529769897461,372.772033691406,74.055534362793,81.0525665283203,416.383758544922,84.2635040283203,87.1190719604492,22277,5701,7273.5048828125,1861.39294433594,39,375,122.438583374023,12.7336130142212,269,525,,,1.71414017677307,0.878292798995972,1.83984386920929,0.918697476387024,358,27,116.888038635254,8.81557846069336,32.3466415405273,23.6200644070375,543.192141876281,422.941040805701,,,,871.315603404513,678.424998751337,,,6690,58.2888596002447
2013,SP,35011,Alto do Tietê,46.3576914359054,23.1466490437404,22.9773865278812,96.9532685156145,96.6194721985752,100,96.9196648595367,100,100,100,,,,1.41688287258148,27.4351978302002,68.6090621948242,,,,,,552.308532714844,123.507865905762,143.133575439453,6.00754117965698,411.284851074219,79.5497741699219,125.03604888916,459.908935546875,90.7152481079102,136.08576965332,136191,18763,4807.2763671875,662.297241210938,239,2929,103.387977600098,8.4362325668335,2198,4173,,,1.47298741340637,0.77585107088089,1.31422567367554,0.763796746730804,1113,200,39.2867240905762,7.05960941314697,35.7172813415527,25.2542105917436,510.206294214239,366.436399536953,,,,818.404153580912,587.787870916288,,,117424,108.231423412449
2013,SP,35092,Assis,69.8147188390775,41.5712187958884,48.9543923296191,95.9526159921027,94.6692991115498,100,92.85949325436,97.2030273116157,100,94.3073379401119,,,,1.02669405937195,18.2067070007324,79.911018371582,,,,,,777.405517578125,167.094146728516,129.497970581055,15.3680820465088,397.671264648438,70.9912109375,87.3792190551758,441.078735351562,79.9643478393555,94.2706985473633,16031,2584,6696.7158203125,1079.42822265625,30,405,169.182830810547,12.5320615768433,277,461,,,1.92576003074646,1.15712702274323,1.59418261051178,1.1309140920639,175,10,73.1036911010742,4.17735385894775,14.2117748260498,25.7280892449023,626.892412901991,426.943550793994,,,,1005.5762941096,684.845285675106,,,9651,112.887375594356
2013,SP,35071,Bragança,45.7095166447245,32.0375681775437,25.9544856121873,100,98.8570423773519,100,99.9648320731493,100,100,100,,,,1.31534564495087,23.844856262207,73.9628982543945,,,,,,694.300415039062,175.829330444336,166.587020874023,2.46753239631653,352.265930175781,69.466911315918,108.128265380859,393.725616455078,79.0999450683594,118.146560668945,21578,3697,4864.16064453125,833.385925292969,24,433,97.6078186035156,5.41013336181641,374,946,,,2.1324942111969,0.843079090118408,1.99521207809448,0.827074110507965,326,37,73.4876403808594,8.34062194824219,35.8619689941406,25.9415791980495,526.035847906009,416.656078093204,,,,843.795789547748,668.343508876872,,,14753,83.5966186873009
2013,SP,35155,São José do Rio Preto,61.9904093047577,37.8905004360094,34.5334548416689,100,100,100,100,100,100,98.6775429489556,,,,0.740210115909576,15.5563516616821,83.309455871582,,,,,,699.49462890625,153.023513793945,140.102172851562,2.94728112220764,334.730682373047,55.8329734802246,91.3474197387695,373.625152587891,63.3419418334961,98.9131011962891,55431,9632,8047.67236328125,1398.40844726562,178,1147,166.525588989258,25.8426818847656,843,2189,,,3.17806911468506,1.22389781475067,3.767986536026,1.26182699203491,1094,65,158.830871582031,9.43693447113037,39.5514984130859,25.8500136125456,589.299464601904,419.661227622372,,,,945.274754549953,673.163964611529,,,15781,57.9248289238589
2013,SP,35064,Jaú,54.9499718042506,48.2745125833161,30.795921323074,100,98.2326951399116,100,95.5081001472754,97.7172312223859,100,97.7908689248895,,,,1.10165250301361,17.1507263183594,81.3720550537109,,,,,,715.063171386719,150.664489746094,118.633460998535,14.1435089111328,363.744934082031,64.7121353149414,82.8772888183594,405.604278564453,73.4934921264648,89.8540573120117,24587,5472,7292.10205078125,1622.90576171875,40,866,256.841430664062,11.8633460998535,421,440,,,1.3049681186676,1.24861717224121,1.54127109050751,1.26759850978851,266,13,78.8912506103516,3.85558748245239,14.6435213088989,26.6610451598574,482.103395700896,401.023702788209,,,,773.325272485561,643.268159895443,,,8194,68.563264478697
2013,SP,35121,Vale do Ribeira,87.7995650650943,91.924149103859,78.1748058847569,92.2594646732578,90.9573185435254,96.4793826862792,90.6197251024837,87.1473354231975,100,91.8495297805643,,,,1.13521695137024,27.6740665435791,69.8284530639648,,,,,,689.089904785156,198.35285949707,123.482635498047,10.8135938644409,396.583709716797,84.0012283325195,92.0372085571289,439.347778320312,95.1462860107422,98.9525604248047,15858,2035,5626.97607421875,722.089538574219,9,274,97.2248306274414,3.19351649284363,304,295,,,1.04676377773285,1.0786988735199,1.37507498264313,1.20173799991608,56,7,19.8707695007324,2.48384618759155,10.0499963760376,30.1605056506896,625.396561227409,467.206121857925,,,,1003.17685051688,749.429074166613,,,23001,215.714867724799
2013,SP,35131,Horizonte Verde,42.620992256097,25.5015597436639,21.1033816039945,95.0648414985591,93.299711815562,97.5504322766571,91.4085014409222,95.8753602305476,99.6037463976945,93.9841498559078,,,,1.4432989358902,23.8987808227539,71.9775085449219,,,,,,611.942443847656,154.658889770508,117.846725463867,6.2109375,369.572479248047,78.4017486572266,92.031364440918,411.597320556641,89.0404052734375,100.35814666748,22481,3320,5373.8583984375,793.612854003906,19,377,90.1180877685547,4.54176044464111,239,519,,,1.24061763286591,0.571305632591248,1.29027819633484,0.535867929458618,316,40,75.5366439819336,9.56160068511963,44.9316329956055,25.1925741589022,548.097378894012,401.656136696342,,,,879.183923327521,644.282625109125,,,14397,92.2872374115697
2013,SP,35014,Rota dos Bandeirantes,34.1319642517589,15.6132344552196,5.1686286711957,92.5545822983397,100,100,92.2277421885214,99.3136357693816,99.5162766374689,94.5711857759184,,,,2.5058479309082,26.7568168640137,69.4555740356445,,,,,,536.429626464844,101.024620056152,151.425918579102,2.0281457901001,403.902282714844,65.549446105957,131.244598388672,450.577850341797,75.3559951782227,142.331527709961,96448,12940,5353.638671875,718.273986816406,141,1625,90.200553894043,7.82663297653198,1437,3820,,,2.12040686607361,0.797650456428528,1.83363854885101,0.741948127746582,804,129,44.6284599304199,7.16053628921509,45.5518341064453,27.382389478872,735.09365065392,603.907913818775,,,,1179.13813253254,968.70765934168,,,69763,95.3329990906043
2013,SP,35052,Sul - Barretos,57.6516786358651,59.288923479676,47.0838787278452,92.6982316029663,94.1814033086138,98.0034227039361,96.2920707358814,94.9229891614375,100,96.4632059326868,,,,0.921942234039307,22.7412414550781,75.2919464111328,,,,,,707.33984375,199.153945922852,115.371940612793,6.69902896881104,353.486083984375,82.9662322998047,80.6950912475586,393.949554443359,94.6408233642578,86.8679656982422,9106,2317,6253.43359375,1591.17126464844,0,243,166.87727355957,0,117,165,,,1.13311719894409,0.803483128547668,1.51597356796265,0.882629632949829,93,6,63.8666076660156,4.12042617797852,33.1110610961914,27.9796478912033,608.13930358022,442.356766451507,,,,975.495084341052,709.56908829611,,,4490,86.0187446003363
2013,SP,35094,Ourinhos,52.530747815055,50.5149598252044,31.7076931209473,100,98.3833718244804,100,93.1045859452326,96.2058726492907,100,95.9749257670736,,,,0.608313620090485,16.6948299407959,77.864143371582,,,,,,723.413513183594,159.576507568359,102.128959655762,18.1764698028564,357.947631835938,65.2183685302734,67.9914932250977,398.537567138672,73.8089294433594,73.3022918701172,15947,3593,6786.0439453125,1528.95568847656,32,307,130.63996887207,13.6171951293945,206,275,,,1.1702276468277,0.876606941223145,1.31459128856659,0.865649342536926,234,16,99.5757369995117,6.80859756469727,21.2943153381348,25.7078858613526,610.664109670936,405.640346405146,,,,979.545037889373,650.673557191694,,,7412,82.5330742081518
2013,SP,35041,Baixada Santista,51.4618077610529,42.3110034418069,29.9353294828427,100,94.8366324827093,100,92.8014945544161,94.6060895142698,100,90.2337228714524,,,,1.73352551460266,24.2813682556152,73.4846649169922,,,,,,753.531188964844,196.975982666016,187.601593017578,1.83216464519501,414.162109375,87.9866790771484,127.597938537598,461.2978515625,99.6829452514648,138.604309082031,74258,10501,4218.93359375,596.609436035156,182,1905,108.231689453125,10.3402452468872,1383,3515,,,1.99703085422516,0.785745024681091,2.04040884971619,0.81964910030365,1284,232,72.9498596191406,13.1809720993042,40.9023742675781,23.0923143036509,768.250855995971,519.134361848027,,,,1232.32445124478,832.725356039216,,,59299,91.9461964312025
2013,SP,35032,Centro Oeste do DRS III,54.5919892392766,31.7964429831116,32.95546256165,95.4296160877514,100,100,97.0140158439976,100,100,100,,,,1.07526886463165,25.0896053314209,73.297492980957,,,,,,742.850158691406,202.072494506836,153.891510009766,5.71151971817017,390.103607177734,90.1414184570312,103.499465942383,435.354888916016,101.649398803711,112.591033935547,10188,2139,7326.38671875,1538.19604492188,8,150,107.867881774902,5.75295400619507,80,113,,,0.81260472536087,0.575295388698578,0.960923075675964,0.58608216047287,110,4,79.1031112670898,2.87647700309753,21.7296257019043,25.9915678286673,459.452635356027,377.712681382811,,,,736.991976408616,605.87576203847,,,3851,79.2432817249389
2013,SP,35073,Jundiaí,54.2640256197367,20.1392619673893,11.6021405596991,98.9631982066131,98.5895759387259,100,96.0676256304876,99.476928824958,100,97.2818980011209,,,,0.643290758132935,18.7279148101807,80.4385223388672,,,,,,585.561157226562,118.419105529785,147.223754882812,1.02482354640961,344.185241699219,50.9475059509277,104.963356018066,383.408386230469,58.1813621520996,114.115875244141,34221,5587,4563.5361328125,745.053527832031,53,572,76.2789764404297,7.06780672073364,489,1363,,,1.81762659549713,0.652105212211609,1.45836865901947,0.683376908302307,498,79,66.4107131958008,10.5350332260132,56.5252532958984,24.3140892021781,779.774057408028,615.31608669094,,,,1250.80841744653,987.007112267342,,,16143,62.7892418589583
2013,SP,35171,Alto Vale do Paraíba,41.523362783954,19.0896769889734,16.1796296687585,100,94.6213250237095,96.9042135212031,95.3868039561035,98.1032380436255,98.4013006367701,92.1961793794879,,,,1.74970948696136,20.2856941223145,77.6501922607422,,,,,,550.760620117188,114.866577148438,103.370254516602,11.5067529678345,336.448760986328,57.5498809814453,80.6656494140625,376.256011962891,65.9678726196289,87.2966232299805,48641,6752,4699.095703125,652.295288085938,136,1003,96.8975372314453,13.1386489868164,966,2213,,,2.13792872428894,0.933230519294739,2.40012216567993,1.00133895874023,1076,159,103.949905395508,15.3606271743774,45.7104225158691,26.9636792396802,707.248333082833,530.601065995325,,,,1134.47242805891,851.118696945535,,,31450,86.6963330638986
2013,SP,35143,Rio Pardo,47.20214663918,38.8418288523994,32.1641930253359,100,95.823575331772,98.5167837626854,92.896174863388,100,93.6377829820453,94.0281030444965,,,,0.973630845546722,13.468560218811,84.989860534668,,,,,,780.305419921875,176.24299621582,146.946670532227,6.73420715332031,371.648040771484,66.2554550170898,92.1649551391602,414.482666015625,73.9550933837891,100.189834594727,18598,3705,8648.462890625,1722.90319824219,13,518,240.880935668945,6.04527425765991,196,413,,,1.92053723335266,0.911441385746002,2.01051878929138,0.899932086467743,142,4,66.0329971313477,1.86008441448212,28.5941486358643,25.0048654838035,563.277617863938,377.525677789967,,,,903.534016155111,605.575796085769,,,8938,107.375501663661
2013,SP,35065,Lins,46.2399286646922,62.3610713034617,19.7758033183657,96.1789375582479,91.3793103448276,96.1789375582479,89.8881640260951,94.7343895619758,100,93.4762348555452,,,,0.843672454357147,26.0049629211426,72.7543411254883,,,,,,769.434020996094,164.703140258789,137.662322998047,18.1309909820557,384.204071044922,69.9782333374023,96.603271484375,427.436065673828,79.1636810302734,104.687889099121,9745,1794,5988.92578125,1102.52770996094,20,417,256.273162841797,12.2912788391113,167,239,,,1.46880781650543,1.02632176876068,1.90637731552124,0.971779227256775,133,16,81.7370071411133,9.83302307128906,38.4975128173828,20.6915312056446,496.365861969709,344.371248200976,,,,796.203198075799,552.393929862374,,,5027,78.194729918107
2013,SP,35012,Franco da Rocha,41.7370997068607,35.8949963240064,29.191713877957,94.1203543895984,98.089978138304,100,93.3264296398573,97.0083994937291,100,97.2730410769762,,,,1.12450730800629,27.6953392028809,70.1136093139648,,,,,,514.524047851562,122.394630432129,143.571411132812,1.81374263763428,420.393646240234,92.9145278930664,129.966812133789,469.883453369141,106.171401977539,141.103576660156,24102,3226,4325.44775390625,578.951721191406,57,496,89.014274597168,10.2294626235962,417,721,,,1.2939373254776,0.748365998268127,1.04340529441833,0.694526672363281,203,28,36.4312438964844,5.02499914169312,29.9703521728516,24.37266110523,443.421916900742,331.545120041417,,,,711.277659048231,531.819984226696,,,24896,127.527698903895
2013,SP,35114,Extremo Oeste Paulista,86.587221638768,72.5978952783076,73.7274149645284,92.0535714285714,91.1607142857143,97.6785714285714,88.9285714285714,87.0535714285714,86.0714285714286,91.25,,,,1.87265920639038,39.7003746032715,57.9588012695312,,,,,,750.2490234375,198.198577880859,111.032707214355,16.3208847045898,386.572845458984,80.0931015014648,74.4754638671875,430.897277832031,90.9629974365234,79.851806640625,8579,2302,8902.3330078125,2388.759765625,4,147,152.540267944336,4.15075540542603,55,87,,,0.902789294719696,0.570728898048401,1.04573094844818,0.694992125034332,34,2,35.281421661377,2.07537770271301,15.8776769638062,26.6849787527796,527.049199102879,393.058665274821,,,,845.421270922556,630.491720525122,,,5032,124.903826033533
2013,SP,35174,Vale do Paraíba/Região Serrana,52.5176500052029,34.1539725959749,34.5216994093443,100,95.3364009451561,99.7637109812212,95.3737097375948,97.6371098122124,100,96.9531152841686,,,,4.15851259231567,20.4623279571533,71.8444213867188,,,,,,644.494140625,160.360733032227,155.105773925781,4.31351900100708,382.510314941406,77.6571960449219,113.673873901367,426.393981933594,88.0446090698242,123.189292907715,26849,3695,4551.294921875,626.356140136719,73,912,154.597229003906,12.3745594024658,428,1122,,,1.90195286273956,0.725522100925446,2.24543166160583,0.746202886104584,340,28,57.6349334716797,4.74640607833862,33.2512893676758,24.173933012951,529.489843680539,414.534167634367,,,,849.336223917888,664.93982618473,,,18864,80.806154119061
2013,SP,35033,Norte do DRS III,46.5468121303773,27.0395074397127,20.4403067700035,99.398249452954,95.4595185995624,100,100,100,100,100,,,,0.735294103622437,17.9096641540527,80.7773132324219,,,,,,642.366088867188,127.427658081055,111.090782165527,5.79857587814331,331.972045898438,53.6886291503906,78.1829299926758,371.292633056641,62.0657424926758,84.1705169677734,11281,2147,7371.853515625,1403.01123046875,20,189,123.506805419922,13.0695037841797,112,146,,,0.954073786735535,0.731892228126526,1.45741307735443,0.729114949703217,131,8,85.6052474975586,5.22780132293701,38.4981842041016,25.8503224142081,516.612656217455,380.529458836701,,,,828.680375831069,610.394056685396,,,5049,80.1459008140886
2013,SP,35173,Litoral Norte,93.3196972514342,93.8004035729289,81.8467937990262,100,100,100,100,100,100,100,,,,0.479671090841293,19.6208305358887,79.4198226928711,,,,,,582.028259277344,126.570655822754,99.6825866699219,13.6338024139404,397.341430664062,73.0228805541992,85.7991256713867,441.149597167969,82.5387420654297,92.1066207885742,19068,2474,6252.45947265625,811.232666015625,23,349,114.438232421875,7.54177474975586,303,401,,,1.31489205360413,0.993546843528748,1.65205860137939,1.03953528404236,58,1,19.0183887481689,0.327903240919113,17.9041728973389,31.4125989457386,924.791726099071,666.782025722209,,,,1483.42621096503,1069.56183326701,,,12878,112.268057735549
2013,SP,35102,Limeira,41.3575111803368,23.0686631975173,18.5227795674183,94.5680168578787,94.3338796534769,99.5551393116366,95.1065324280028,99.6253804729571,100,98.8527276984313,,,,1.25639832019806,23.9413681030273,74.6626358032227,,,,,,624.801635742188,129.777389526367,123.260192871094,5.80498886108398,349.315002441406,60.0345306396484,86.8087768554688,390.790466308594,68.1925964355469,95.1299133300781,15085,1770,4274.4365234375,501.541473388672,52,277,78.4898223876953,14.7345514297485,229,669,,,1.89565670490265,0.648886978626251,2.0880560874939,0.651508033275604,231,21,65.4554138183594,5.9504919052124,47.146598815918,21.7548806277341,604.855393340341,379.591552394516,,,,970.227478255473,608.889593614951,,,11117,79.162456774522
2013,SP,35013,Mananciais,40.7662400457869,21.7074374130394,19.4051648427555,88.3698867124282,93.6603605111892,100,89.8264412076567,96.6683408672359,100,96.1214353479547,,,,1.58421194553375,27.8723983764648,69.7377700805664,,,,,,541.879028320312,110.712547302246,134.739517211914,2.67779517173767,422.779724121094,78.0495376586914,121.112258911133,470.652282714844,89.2147827148438,131.446304321289,62952,8007,5931.55419921875,754.447082519531,75,983,92.6216430664062,7.06675815582275,735,1257,,,1.18438863754272,0.692542314529419,1.13923215866089,0.739206433296204,345,36,32.5070877075195,3.39204406738281,31.1219081878662,26.6281614793374,472.416411329989,384.539473084787,,,,757.786718111133,616.826380931036,,,39818,103.06998034248
2013,SP,35132,Aquífero Guarani,44.0673731233484,32.3513682254208,20.3918584053664,100,96.6838814895352,100,95.1345474313672,99.7463078735164,98.450665941832,94.654344477666,,,,0.619928896427155,18.0873374938965,68.2559967041016,,,,,,631.583801269531,148.403671264648,119.348045349121,2.7675952911377,331.723022460938,59.1976661682129,83.0717086791992,371.02099609375,67.6065673828125,90.3404922485352,52179,8197,6040.21484375,948.880615234375,144,1396,161.60026550293,16.6693668365479,1138,2854,,,3.30377602577209,1.31734311580658,3.62495088577271,1.17527723312378,852,138,98.6270904541016,15.9748106002808,40.7513961791992,26.7483597690279,656.81994482158,479.259242610631,,,,1053.58200612681,768.763065533416,,,18585,54.3739029336377
2013,SP,35081,Três Colinas,32.9264063966059,19.4794598784319,16.6154183494472,97.7163692189599,96.9679524083669,100,88.1212819036653,93.9359048167338,100,94.3772788332374,,,,1.10556352138519,22.3965759277344,76.0164031982422,,,,,,626.926879882812,192.843887329102,131.182983398438,4.54545450210571,362.775970458984,95.4419097900391,100.404388427734,404.356170654297,108.353126525879,108.300491333008,20819,3218,5114.41650390625,790.537109375,48,355,87.2096557617188,11.7917289733887,198,631,,,1.55012094974518,0.486408799886703,1.58009159564972,0.486285984516144,271,36,66.5741348266602,8.8437967300415,31.6074829101562,28.8853583526227,475.856790871359,362.862649852468,,,,763.305311155714,582.055343468453,,,10476,69.3554100799837
2013,SP,35034,Coração do DRS III,60.8766162006852,41.1937783180462,39.609349099348,100,98.8912579957356,100,99.1257995735608,100,100,96.3113006396589,,,,0.762572109699249,17.9307498931885,80.6059341430664,,,,,,693.055358886719,163.368743896484,130.960632324219,6.55423545837402,351.904754638672,68.0205459594727,84.150276184082,393.268798828125,77.1412887573242,92.0842208862305,20342,3432,5403.65380859375,911.677307128906,25,355,94.3022842407227,6.6410059928894,225,575,,,1.52743136882782,0.597690522670746,1.69106578826904,0.626778125762939,300,32,79.6920700073242,8.50048732757568,37.4154281616211,22.3097873370708,643.965373484977,355.555719582998,,,,1032.9624357811,570.334551015922,,,9559,64.3318900854229
2013,SP,35015,Grande ABC,51.9476909942267,44.7474457146576,36.9717889758997,89.3422033290088,93.9906699423082,96.7758853893505,92.5884009164435,97.9987302288348,100,97.4494161813012,,,,0.842995584011078,19.7893905639648,79.0371398925781,,,,,,593.714111328125,116.462181091309,150.036193847656,1.24055421352386,347.896636962891,54.6323318481445,105.649505615234,388.8720703125,62.4851341247559,114.960823059082,120615,18604,4509.498046875,695.557739257812,291,2723,101.806266784668,10.8797740936279,2246,6260,,,2.3404598236084,0.839724123477936,2.04204201698303,0.847706317901611,3035,504,113.471176147461,18.843318939209,54.1702041625977,24.4784888536901,733.54930658188,485.001847953813,,,,1176.66090397333,777.974578834078,,,74421,70.2913105517724
2013,SP,35111,Alta Paulista,87.0534096102627,67.889619088144,59.773375569319,92.3507462686567,92.1641791044776,93.4701492537313,89.6144278606965,90.547263681592,93.9676616915423,90.1119402985075,,,,1.55440413951874,16.9041442871094,81.0880813598633,,,,,,816.681030273438,199.599273681641,140.17658996582,11.0074625015259,382.085418701172,68.5661163330078,94.4109115600586,424.936859130859,77.3154296875,101.087333679199,10441,2513,7954.259765625,1914.47705078125,10,218,166.07878112793,7.61829280853271,141,160,,,1.21892690658569,1.07417929172516,1.18902504444122,1.04808664321899,99,0,75.4211044311523,0,14.8008193969727,24.7427038316519,638.304295895443,430.71365835332,,,,1023.88169831165,690.89278395372,,,5016,98.9484209785985
2013,SP,35141,Baixa Mogiana,37.113503127267,51.6717970838317,29.2708272062428,100,98.6052303860523,100,93.200498132005,99.6014943960149,99.0784557907846,97.1357409713574,,,,1.7219865322113,24.0578994750977,73.8208160400391,,,,,,732.493286132812,196.445693969727,145.363510131836,4.95049524307251,398.319061279297,80.8325881958008,101.639778137207,441.789581298828,91.1439971923828,109.541198730469,21520,3317,6785.732421875,1045.92346191406,25,414,130.543365478516,7.88305330276489,313,471,,,1.48516726493835,0.986958265304565,1.91676437854767,0.980100035667419,406,22,128.020782470703,6.937087059021,38.9466972351074,30.5997648969966,736.20915648037,527.86984543015,,,,1180.92747659211,846.737641125109,,,5960,45.7107390966748
2013,SP,35154,Fernandópolis,79.4430661920685,90.3345557832668,71.173551936145,94.1812136325852,100,100,97.4231088944306,100,100,100,,,,1.11376297473907,18.2179794311523,79.6340484619141,,,,,,767.903198242188,183.91325378418,124.642631530762,12.4858112335205,344.590759277344,59.9148292541504,81.2844924926758,383.729949951172,67.0228881835938,86.5536499023438,8560,1348,7461.12548828125,1174.95288085938,16,161,140.331909179688,13.9460287094116,175,188,,,1.63865840435028,1.52534687519073,1.54670178890228,1.50312042236328,174,0,151.663070678711,0,17.5841999053955,24.0877921817777,693.773575818071,524.552926916066,,,,1112.85803905777,841.41708761607,,,3140,69.3899684793733
2013,SP,35115,Pontal do Paranapanema,100,100,100,96.3128491620112,98.4357541899441,100,95.4189944134078,100,99.4413407821229,100,,,,0.442967891693115,14.8394241333008,84.4961242675781,,,,,,637.146484375,189.107406616211,132.375183105469,5.9360728263855,377.277465820312,100.375640869141,88.9670944213867,418.297912597656,110.729125976562,97.5732269287109,7114,1706,10348.5390625,2481.67114257812,0,111,161.468643188477,0,65,73,,,1.06191086769104,0.945537090301514,1.15391886234283,1.04954612255096,6,0,8.72803401947021,0,20.452693939209,22.3502097797423,703.719375515341,456.959146667824,,,,1128.81175008649,732.992258015344,,,4774,174.830691504522
2013,SP,35113,Alto Capivari,96.4668568492301,90.7259422010383,96.4668568492301,100,100,100,100,100,100,100,,,,0.404312670230865,17.1159038543701,82.3450164794922,,,,,,753.9716796875,192.357238769531,125.375694274902,6.83371305465698,378.213500976562,79.8160400390625,90.2505187988281,423.72216796875,92.1637878417969,97.7096481323242,5631,1280,9671.103515625,2198.36840820312,5,97,166.595108032227,8.58737659454346,61,54,,,0.927436649799347,1.04765999317169,1.00429368019104,0.967797338962555,30,0,51.5242576599121,0,19.8007736206055,23.9854157110698,689.331585564013,521.75315162918,,,,1105.73279714031,836.926065553299,,,2584,113.891465706695
2013,SP,35082,Alta Anhanguera,70.8505384043956,59.2612917690048,55.409140493766,98.0788177339901,99.6059113300493,100,100,100,100,99.8522167487685,,,,0.658895075321198,32.691333770752,65.0278778076172,,,,,,604.309326171875,126.782676696777,124.851982116699,8.83919048309326,355.594543457031,64.8010787963867,92.6945648193359,397.700378417969,74.33447265625,101.035133361816,10123,2735,6514.82763671875,1760.15551757812,8,226,145.44612121582,5.14853525161743,105,171,,,1.10049939155579,0.675745248794556,1.15890312194824,0.675745248794556,119,0,76.5844650268555,0,41.9515533447266,22.541596694184,554.321872012217,427.221542706442,,,,889.168416031047,685.2912028235,,,3900,66.2257260843071
2013,SP,35152,Santa Fé do Sul,100,100,100,100,85.8546168958743,90.3732809430255,86.6404715127701,85.0687622789784,95.8742632612967,84.6758349705304,,,,1.26849889755249,15.8562364578247,82.4524307250977,,,,,,920.032897949219,229.467025756836,147.205261230469,8.47058868408203,378.708984375,71.5383377075195,85.8426666259766,428.818023681641,83.8370132446289,92.7205123901367,4064,717,8797.6796875,1552.14965820312,6,39,84.4265518188477,12.9886999130249,61,56,,,1.21227860450745,1.32051777839661,1.58353900909424,1.38383769989014,43,0,93.0856857299805,0,12.3046283721924,22.2189283864748,666.039835241854,458.725469797934,,,,1068.37131135703,735.825555453343,,,1336,71.5384459373994
2013,SP,35016,São Paulo,59.104365639024,35.920173583078,30.8331293342481,100,97.0588568579458,100,97.0197624875351,97.2905901550177,100,96.9455398422627,,,,1.30241000652313,22.7814807891846,75.7282333374023,,,,,,622.3828125,132.392074584961,152.961868286133,1.11167192459106,342.453063964844,58.2706184387207,105.245628356934,392.473968505859,69.2795562744141,115.891654968262,579215,81105,4917.18359375,688.532165527344,1894,16605,140.966354370117,16.0789089202881,15589,34044,,,2.89012885093689,1.32341134548187,2.96292734146118,1.2595329284668,16513,2689,140.185333251953,22.8279762268066,55.5456695556641,17.8559453099337,628.843428420329,429.916597043481,,,,1008.70585017744,689.61424565651,,,347191,58.5885323262582
2013,TO,17007,Cantão,97.2573929480684,98.8547635874424,97.2573929480684,96.4153927253558,95.8355297838693,100,100,100,100,100,,,,2.23964166641235,36.506160736084,61.1982078552246,,,,,,471.465240478516,148.104263305664,97.9133758544922,3.83944153785706,335.826171875,85.8509674072266,81.6680526733398,375.121124267578,99.0956726074219,88.4543609619141,8452,1404,6954.31787109375,1155.21325683594,0,134,110.255393981934,0,105,92,,,0.756977379322052,0.863941550254822,1.04557502269745,0.927297234535217,10,0,8.22801494598389,0,2.72511839866638,18.4453301959375,404.504852596411,211.804513024939,,,,648.852151105622,339.748245312718,,,11375,277.644709641538
2013,TO,17002,Bico do Papagaio,92.1390963319042,95.5434206395364,92.1393536698971,87.7188107807724,84.6068352320089,93.2759099749931,87.3575993331481,89.8582939705474,89.3581550430675,94.1928313420395,,,,1.5776698589325,51.0012130737305,46.9053382873535,,,,,,489.113586425781,162.871337890625,111.911590576172,3.47293162345886,356.890289306641,92.3696594238281,100.87621307373,397.597961425781,106.02173614502,108.589088439941,14105,3440,7046.93310546875,1718.64221191406,0,222,110.912376403809,0,165,146,,,0.729423761367798,0.824348747730255,0.793623030185699,0.815106093883514,9,0,4.49644804000854,0,1.61822164058685,19.8913587390703,367.521386397015,179.911636218394,,,,589.528260564406,288.589991986348,,,26947,445.981891762733
2013,TO,17005,Ilha do Bananal,90.4819513094374,97.6478517852822,85.955088544007,92.814371257485,92.065868263473,100,97.8293413173653,99.7380239520958,100,100,,,,3.04401469230652,38.7906227111816,58.0008239746094,,,,,,526.661193847656,146.949127197266,113.296653747559,4.57933950424194,354.837768554688,83.576416015625,95.0157241821289,391.573150634766,93.7800827026367,102.339195251465,12862,3189,7213.96826171875,1788.62878417969,20,270,151.436126708984,11.217490196228,199,188,,,1.05444407463074,1.1161402463913,1.59877276420593,1.07113015651703,127,4,71.2310638427734,2.24349808692932,6.36648654937744,18.6015490670739,426.744279132218,224.497151572215,,,,684.525640940146,360.108064908809,,,14804,210.427157175008
2013,TO,17003,Sudeste,91.9475093733262,97.8778789501875,90.3020889126942,92.6653569089718,94.7609692206942,99.1486574983628,100,100,100,100,,,,2.64255905151367,45.6884574890137,50.8344917297363,,,,,,497.912322998047,143.006256103516,94.9895629882812,5.87002086639404,358.191986083984,77.6057357788086,87.1576385498047,394.967346191406,87.3141174316406,93.3573226928711,5146,1091,5371.607421875,1138.83093261719,0,170,177.453033447266,0,84,58,,,0.605427980422974,0.876826703548431,0.796972870826721,0.876826703548431,3,0,3.13152408599854,0,4.15031337738037,22.1998128312198,424.732009519267,295.052786926044,,,,681.297829311715,473.283903166632,,,12206,405.170557109484
2013,TO,17006,Capim Dourado,92.0439387746696,93.2609046926535,86.8161497492246,76.5979032803517,89.2120392289483,98.3767331755157,92.154210348326,89.4656746702739,100,94.2002029083531,,,,2.06557369232178,38.1147537231445,59.6885261535645,,,,,,371.165191650391,84.3282470703125,85.8395080566406,2.03583073616028,350.319030761719,74.1241989135742,97.6008911132812,389.628021240234,83.6706695556641,105.529670715332,24130,3384,7293.33544921875,1022.82000732422,60,481,145.383102416992,18.1351070404053,413,606,,,1.83164572715759,1.24829983711243,2.48216724395752,1.16555845737457,219,31,66.1931381225586,9.36980533599854,15.5103521347046,17.7272485900286,493.841252136009,285.628067129144,,,,792.153559336525,458.166038264557,,,20828,179.259949650626
2013,TO,17001,Médio Norte Araguaia,91.9659469115761,99.5648854395991,88.630315698963,100,85.369289595492,92.7550815053331,88.7905011068625,95.7737975447776,99.7786274904407,95.9750452807406,,,,0.52910053730011,47.8021965026855,51.2820510864258,,,,,,488.359466552734,148.009384155273,97.9579010009766,2.78184485435486,375.335052490234,88.5857086181641,95.159423828125,414.732666015625,99.4988021850586,102.206886291504,19171,3618,6853.83544921875,1293.47326660156,54,522,186.620529174805,19.305570602417,394,332,,,1.18693518638611,1.40859174728394,1.55427730083466,1.42128336429596,149,2,53.2690773010254,0.715021193027496,4.80994749069214,18.6333947683113,388.647504347394,172.308476424703,,,,623.415930857181,276.394028067324,,,26122,263.480781714807
2013,TO,17004,Cerrado Tocantins Araguaia,96.6929218455175,97.7881186922101,94.6784579950713,95.8333333333333,96.3050314465409,97.9166666666667,98.5062893081761,100,100,100,,,,0.762066066265106,47.7561378479004,51.3124465942383,,,,,,492.902709960938,143.247817993164,98.9712219238281,3.17040944099426,348.768096923828,79.372428894043,83.2272033691406,387.881561279297,91.1565475463867,89.8487777709961,11352,2636,7391.58740234375,1716.36926269531,0,229,149.107955932617,0,157,107,,,0.696705281734467,1.02226853370667,0.952435195446014,0.958783686161041,15,0,9.76689720153809,0,3.96015095710754,18.0638916046028,416.654270279008,222.94018188872,,,,668.340609025061,357.61058404583,,,16274,311.511881997528
2013,TO,17008,Amor Perfeito,99.208866806803,100,99.208866806803,95.141065830721,96.1859979101358,100,100,100,100,100,,,,2.12646889686584,37.2691650390625,60.5484046936035,,,,,,491.887115478516,140.406341552734,90.1948013305664,1.8903591632843,313.058959960938,64.7539978027344,76.9748153686523,348.388000488281,74.5480346679688,83.2081527709961,10379,1983,9650.84375,1843.87927246094,0,156,145.055557250977,0,141,90,,,0.836858987808228,1.31107902526855,1.30178070068359,1.24459528923035,0,0,0,0,3.06848287582397,18.9198455228642,429.218263371293,223.011852169978,,,,688.494072925626,357.725547848775,,,11509,337.044097424341
2014,AC,12002,Baixo Acre e Purus,90.6942819762206,95.7654677996227,69.1218006955289,100,67.3142399359103,70.2283196475065,64.8908471860605,79.8618065291408,100,66.8936511115562,11.155617865011,10.3344682555578,35.6075134277344,3.51667308807373,50.9869689941406,44.5189743041992,,,,,,452.543090820312,134.880004882812,93.9275817871094,4.06807804107666,391.798095703125,104.869819641113,97.0128936767578,436.328765869141,119.179893493652,103.486763000488,30028,4581,5640.9150390625,860.564514160156,56,837,157.234771728516,10.5198888778687,569,666,,,1.25111544132233,1.06889593601227,1.58554458618164,1.14431977272034,181,7,34.0017852783203,1.31498610973358,8.30545234680176,16.1775444602858,310.156155862171,183.558502071013,,,,467.552407484145,276.709708755947,,,43049,286.697012183257
2014,AC,12001,Alto Acre,100,100,100,67.5285171102662,72.3954372623574,65.6273764258555,55.9695817490494,82.8136882129278,98.8593155893536,68.3650190114068,35.893536121673,17.2623574144487,37.376049041748,14.0350875854492,46.2242546081543,39.1304359436035,,,,,,399.422882080078,124.534889221191,71.379753112793,7.98479080200195,330.625823974609,98.0242691040039,74.1429214477539,370.170928955078,111.882293701172,79.3573532104492,4977,1545,7558.66064453125,2346.41967773438,0,76,115.422584533691,0,80,46,,,0.698610365390778,1.21497452259064,0.945781767368317,1.36684632301331,0,0,0,0,0.943123996257782,16.5347269087282,358.411253727127,150.870555067324,,,,540.295723242061,227.433471517307,,,7654,422.337703172272
2014,AC,12003,Juruá e Tarauacá/Envira,94.5711589224718,97.9706520645597,94.5711589224718,87.2514402527411,63.3339527968779,63.6498792046088,54.7110202564579,65.4339342129716,90.8567180821409,60.1375209068946,71.7896301802639,12.3025459951682,31.3798217773438,8.41988086700439,59.6439170837402,31.8249263763428,,,,,,364.374847412109,97.2272109985352,75.8735656738281,7.60598516464233,352.363922119141,89.8244857788086,74.0244827270508,391.448028564453,99.5346984863281,80.0841445922852,16134,3649,7330.20458984375,1657.86022949219,0,334,151.747131347656,0,184,157,,,0.713302433490753,0.835972249507904,1.00702857971191,1.00714206695557,37,11,16.8103122711182,4.9976601600647,0.754192352294922,16.0786186991847,316.098745552905,111.05936401219,,,,476.510708211304,167.419127546295,,,27858,631.821891260584
2014,AL,27010,10ª Região de Saúde,78.0191921278474,100,72.8549698597209,91.6545189504373,84.2201166180758,90.3790087463557,82.7623906705539,89.3586005830904,100,90.2332361516035,63.8119533527697,48.5058309037901,58.8280639648438,2.58288359642029,40.7093276977539,56.6692352294922,,,,,,507.610992431641,144.760803222656,113.785781860352,8.4682445526123,354.714233398438,87.4281463623047,91.0426177978516,392.128936767578,99.018196105957,98.322883605957,7042,1750,4451.552734375,1106.25061035156,0,153,96.7179107666016,0,93,99,,,0.625821769237518,0.587893187999725,0.633565545082092,0.601010143756866,0,0,0,0,2.31237983703613,17.0221408239818,398.685736878109,203.152529539801,,,,601.008468101426,306.247199926729,,,23267,531.914409325995
2014,AL,27005,5ª Região de Saúde,99.6265144901305,95.8537572131252,96.8962800502523,100,94.6261682242991,100,98.1308411214953,94.7721962616822,100,95.8235981308411,100,54.4684579439252,63.0338745117188,2.35640645027161,36.0530204772949,61.5022087097168,,,,,,522.840942382812,160.211547851562,118.866630554199,3.04777598381042,442.304382324219,120.851455688477,117.319213867188,491.973205566406,135.333419799805,127.386039733887,11628,2279,5007.90283203125,981.511047363281,12,291,125.326774597168,5.16811466217041,136,120,,,0.516811430454254,0.585719645023346,0.704263269901276,0.595194518566132,20,2,8.61352443695068,0.861352384090424,3.24557590484619,19.2202258832993,468.931060171811,174.20357289084,,,,706.90148166801,262.60739423675,,,32949,398.493410310888
2014,AL,27007,7ª Região de Saúde,99.8769496506249,100,91.6576066707047,99.0961280078173,94.3813362648101,98.7541223891535,96.9830218639306,97.4838158055454,100,98.55869060706,85.8189813118358,59.826554293392,53.8817024230957,8.50277233123779,39.3715324401855,52.1025886535645,,,,,,590.624267578125,176.568420410156,105.399551391602,13.3595285415649,428.415100097656,108.524780273438,94.4330825805664,477.192626953125,122.53784942627,101.489685058594,27571,4528,5332.05712890625,875.6865234375,56,723,139.823623657227,10.8300457000732,441,537,,,1.0385240316391,0.852866113185883,1.13212656974792,0.856105446815491,196,23,37.905158996582,4.44805431365967,4.39061641693115,24.0390047254639,586.449122355529,193.610214387596,,,,884.056930168235,291.862405886501,,,76630,475.074169508019
2014,AL,27004,4ª Região de Saúde,95.5747217423027,100,92.8282821329993,91.673640167364,94.7280334728033,100,94.6443514644351,95.8577405857741,100,96.6945606694561,84.18410041841,37.4476987447699,54.163013458252,2.14723920822144,48.9482917785645,48.422435760498,,,,,,548.401489257812,168.631713867188,142.152359008789,2.92249035835266,427.175537109375,108.392707824707,133.112274169922,474.209564208984,121.882926940918,142.705825805664,7696,1616,5362.76708984375,1126.06958007812,0,200,139.365051269531,0,81,81,,,0.564428448677063,0.564428448677063,0.781489551067352,0.622090756893158,0,0,0,0,2.60403609275818,18.8390231154163,492.928027472188,179.49551628885,,,,743.076291103665,270.584862454756,,,24319,517.576336364876
2014,AL,27001,1ª Região de Saúde,55.3812825026098,41.8400873599649,43.6881544085777,100,73.9555929706409,88.8877196674734,77.0809218141639,88.5615068925602,100,81.9478059560139,95.2330842891718,59.3812480269389,57.7742538452148,2.31562256813049,46.8834266662598,50.0449371337891,,,,,,621.729614257812,177.903091430664,137.658279418945,1.31544673442841,465.529205322266,117.752510070801,124.922225952148,519.086791992188,133.166976928711,134.826095581055,59765,7164,4839.49853515625,580.108215332031,141,2193,177.579193115234,11.4175405502319,860,2221,,,1.79846501350403,0.696388959884644,2.19297742843628,0.731451332569122,1025,197,82.9998474121094,15.952166557312,25.5379600524902,23.840014067229,576.403412834479,263.550988397624,,,,868.913282097163,397.29631926085,,,120311,263.02879431157
2014,AL,27008,8ª Região de Saúde,99.7613229885637,100,99.7613229885637,90.6287545054065,95.7148578293953,96.5158189827793,94.673608329996,100,100,97.5971165398478,77.4529435322387,42.9315178213857,57.7533569335938,2.31990242004395,47.6597480773926,49.9796485900879,,,,,,633.480102539062,198.838836669922,110.890884399414,9.6579475402832,395.757751464844,98.3888397216797,89.9062118530273,441.2568359375,111.898887634277,96.1542739868164,8618,1355,5492.28564453125,863.546875,16,146,93.0463790893555,10.1968631744385,91,99,,,0.63093090057373,0.579946577548981,0.948467612266541,0.695617258548737,18,2,11.4714708328247,1.27460789680481,16.9631195068359,20.4052352334695,590.381763091987,180.681464943303,,,,889.985284674016,272.372649471269,,,25702,509.717198692732
2014,AL,27003,3ª Região de Saúde,88.507619923399,98.8563419010972,88.507619923399,98.5070717653222,90.2566788894709,93.6877946568884,92.0639078051336,95.8355159769513,100,90.5971712938711,75.1440544787847,44.7616553169199,45.3713684082031,3.12163615226746,45.532829284668,51.0226058959961,,,,,,592.999694824219,176.724761962891,119.323112487793,10.3658533096313,471.598785400391,121.417007446289,110.846664428711,525.647399902344,138.312911987305,119.910247802734,11845,1866,5353.720703125,843.3974609375,0,235,106.21565246582,0,111,114,,,0.51525890827179,0.501699447631836,0.724413335323334,0.530852258205414,14,0,6.32774066925049,0,2.12612080574036,19.165785635323,433.737287248006,164.463384588689,,,,653.847776468336,247.924311525204,,,36071,480.121625309453
2014,AL,27009,9ª Região de Saúde,96.7515977304845,100,96.7518086520006,100,97.1324422843256,93.6573511543135,95.4799513973269,95.5771567436209,100,95.7958687727825,84.9088699878493,54.1190765492102,61.2656288146973,1.88823676109314,36.3102836608887,61.6994132995605,,,,,,541.165222167969,155.22785949707,121.538291931152,6.38297891616821,379.563140869141,85.7526473999023,97.249153137207,418.361846923828,94.827995300293,104.00846862793,11871,1354,5062.3896484375,577.413513183594,10,250,106.612533569336,4.26450157165527,135,115,,,0.490417659282684,0.575707674026489,0.711532056331635,0.562381148338318,13,0,5.54385185241699,0,1.81838345527649,21.4039549481574,677.820612968336,191.326811109709,,,,1021.79709622323,288.420234323389,,,41391,600.33405905875
2014,AL,27006,6ª Região de Saúde,100,100,99.7817093908815,82.9247187770407,91.260455725411,91.5777329102971,88.952985289876,90.9143351600808,100,89.7029131814249,71.0989327949236,42.4286126334006,33.4813499450684,6.63114261627197,48.0165786743164,45.2338676452637,,,,,,528.018005371094,164.17366027832,86.7704620361328,7.65639591217041,386.404144287109,104.943740844727,75.3690032958984,431.584197998047,119.730682373047,81.4225006103516,10248,2126,5052.4072265625,1048.14770507812,28,397,195.726547241211,13.8043918609619,127,178,,,0.877564907073975,0.626127779483795,0.92883837223053,0.711172699928284,24,0,11.8323354721069,0,2.76580858230591,19.8693418722476,589.748514622946,200.820381103401,,,,889.030678935456,302.731546294067,,,31837,446.087449498725
2014,AL,27002,2ª Região de Saúde,99.0374559163322,100,99.0374559163322,93.2702418506835,88.9239397125832,99.6845425867508,95.6536978618998,100,100,95.0227830354013,67.8583946722748,36.2425516999649,48.1350593566895,3.06242632865906,50.5300369262695,45.5830383300781,,,,,,542.007080078125,184.565414428711,113.815338134766,5.10783195495605,491.512451171875,154.02099609375,115.261756896973,544.836120605469,173.704284667969,123.475486755371,6917,977,4255.46337890625,601.067993164062,0,131,80.5935592651367,0,86,76,,,0.467565715312958,0.529087483882904,0.645517528057098,0.556926131248474,0,0,0,0,1.78290188312531,18.9906143430388,445.455814395314,181.65337556572,,,,671.513153976843,273.83777967353,,,27178,461.30651142749
2014,AM,13008,Triângulo,83.6188730386282,100,81.2687520073951,100,75.0717360114778,91.571018651363,78.3357245337159,84.7919655667145,100,89.9210903873745,88.9167862266858,55.5595408895265,37.4617233276367,2.07553601264954,52.4328002929688,41.9870719909668,,,,,,299.972076416016,90.1511840820312,67.0150375366211,5.58510637283325,300.970977783203,94.0201416015625,73.9554061889648,335.310821533203,105.892936706543,80.2118606567383,5726,1431,4568.19189453125,1141.64904785156,0,204,162.75080871582,0,84,54,,,0.430810958147049,0.670150399208069,0.526147842407227,0.779448747634888,17,0,13.5625677108765,0,0.993258595466614,15.5233767824081,379.354361786231,158.834880356933,,,,571.866918616259,239.439486528657,,,15848,512.6442408202
2014,AM,13009,Alto Solimões,84.5899864682003,98.8345997710003,79.5107733943999,100,78.3222327941643,86.267047256581,80.1617507136061,96.8759911195687,100,91.1037107516651,81.5572470662861,51.7602283539486,38.9148864746094,3.78765726089478,55.5425567626953,40.216438293457,,,,,,340.929992675781,87.0103607177734,106.253036499023,6.13496923446655,318.103271484375,79.31396484375,100.907371520996,352.390167236328,87.5760955810547,106.877563476562,5353,1273,2239.26171875,532.520141601562,0,281,117.547645568848,0,184,117,,,0.489433258771896,0.769707024097443,0.617648065090179,0.831618249416351,29,0,12.131251335144,0,0.452621191740036,17.7983474707604,331.789880020587,155.70811359753,,,,500.164688820293,234.725966263561,,,31204,554.198945902066
2014,AM,13002,Rio Negro e Solimões,93.4904568904671,100,91.3075115150369,100,83.038263849229,89.6059394631639,81.0965162764135,100,100,91.8522748905387,98.8768322863126,35.7890729107177,37.7483444213867,4.40920162200928,57.650749206543,37.1732292175293,,,,,,323.449554443359,79.5010681152344,76.2339019775391,5.83613920211792,313.984069824219,76.0629959106445,81.0814743041992,349.35986328125,86.2618103027344,88.1547241210938,11043,2111,4008.81420898438,766.332214355469,0,318,115.439903259277,0,175,167,,,0.60624098777771,0.635282516479492,0.650256991386414,0.643994927406311,0,0,0,0,1.06110334396362,21.6302232921901,469.781756840907,224.223807788936,,,,708.18388496118,338.011608557487,,,33042,464.122612277945
2014,AM,13003,Rio Madeira,78.7082089429151,100,75.4094575203286,100,87.998600419874,93.3519944016795,79.4961511546536,93.9118264520644,100,99.0552834149755,91.0776766969909,58.2925122463261,45.2872085571289,4.60171365737915,46.7153282165527,48.6194877624512,,,,,,274.671173095703,64.0169830322266,51.9796028137207,12.7490043640137,241.903778076172,46.341854095459,54.7897415161133,270.561584472656,52.9967803955078,59.684440612793,6537,1759,3576.74389648438,962.443359375,0,216,118.185203552246,0,87,78,,,0.426779896020889,0.476023733615875,0.409818112850189,0.498046666383743,0,0,0,0,0.682847797870636,21.2301720966618,359.197051559523,171.379890922437,,,,541.480293212344,258.350766478947,,,19760,395.744891673657
2014,AM,13001,Manaus,58.1475963354944,45.7053093865046,42.1785268467962,100,85.7932641389536,87.6339758525736,78.1529337004872,100,100,88.4685447998305,100,42.7345901292099,44.5563125610352,6.07548999786377,52.7697372436523,40.5453872680664,,,,,,469.286254882812,93.80615234375,94.2319641113281,12.3219308853149,424.068817138672,80.3596420288086,98.8241271972656,473.731750488281,91.3259429931641,105.964653015137,100998,17699,4300.60546875,753.642822265625,257,3289,140.049224853516,10.943341255188,2000,3147,,,1.34002709388733,0.851621925830841,1.36149859428406,0.791955173015594,1162,221,49.4792327880859,9.41042232513428,23.8763694763184,20.3464946686353,361.923700886848,257.014436292181,,,,545.590646765739,387.442635509032,,,172455,223.462041043978
2014,AM,13005,Baixo Amazonas,82.4581863083473,100,80.7474800310414,100,88.1984897518878,92.1898597626753,82.1359223300971,98.7702265372168,100,98.3818770226537,100,47.4002157497303,38.4852867126465,3.0664746761322,58.2630157470703,37.3739471435547,,,,,,382.739440917969,94.2919082641602,90.0059127807617,12.8779392242432,323.605834960938,75.8581008911133,82.1380004882812,358.83056640625,84.8312301635742,88.3141784667969,10769,1654,4615.5888671875,708.903747558594,0,323,138.43766784668,0,150,99,,,0.424313604831696,0.642899394035339,0.51528388261795,0.66132915019989,6,0,2.57159757614136,0,0.650614202022552,23.2296349805804,382.108534250105,170.334107394002,,,,576.018762588309,256.774274775702,,,30471,525.407679635601
2014,AM,13006,Regional Purus,75.6066562465464,100,71.7038475504823,100,72.4520255863539,84.7761194029851,69.3816631130064,77.0149253731343,100,82.3454157782516,88.3582089552239,48.1449893390192,41.6427116394043,2.3408625125885,48.2546195983887,48.2956886291504,,,,,,290.395538330078,68.2350158691406,64.2678604125977,16.3934421539307,277.947052001953,67.1430587768555,62.9589500427246,307.355163574219,75.5024261474609,66.7587051391602,4200,1203,3332.40771484375,954.496765136719,0,177,140.43717956543,0,60,47,,,0.372912287712097,0.4760582447052,0.41456738114357,0.464156776666641,0,0,0,0,0.450668454170227,22.287365239914,374.435505614468,219.687564382877,,,,564.451869771643,331.173338591376,,,18346,542.843587738199
2014,AM,13007,Regional Juruá,77.8807230049895,100,74.7505256221169,100,55.9971356963838,73.8990332975295,66.6666666666667,84.3895452918009,95.7393483709273,83.4586466165414,81.203007518797,38.2742570712496,38.6223449707031,9.66415309906006,53.0157623291016,37.2858123779297,,,,,,335.207794189453,56.3900947570801,80.6691589355469,22.6635513305664,315.391357421875,54.1823387145996,70.4152755737305,342.074523925781,58.8209419250488,73.9066619873047,5187,1590,4062.43627929688,1245.28125,0,208,162.904708862305,0,64,50,,,0.391597867012024,0.501245260238647,0.457582116127014,0.522783160209656,0,0,0,0,1.4191507101059,16.5711057390236,313.198131258154,164.846043572581,,,,472.138106955258,248.501160076433,,,18490,636.435266157388
2014,AM,13004,Médio Amazonas,100,100,100,99.968681490761,83.3385530848732,92.7654243658002,82.2424052615095,93.8615721891638,100,91.4500469777639,94.1121202630755,37.9893517068588,43.2662048339844,2.54877281188965,48.8357467651367,47.7344245910645,,,,,,338.055389404297,92.2532043457031,73.6787338256836,13.7362632751465,274.715057373047,62.5299758911133,68.0091857910156,305.836700439453,70.8402709960938,74.2206802368164,5947,1494,3682.07934570312,925.008666992188,0,239,147.976623535156,0,115,77,,,0.476744771003723,0.71202141046524,0.650725662708282,0.678122997283936,0,0,0,0,1.4116598367691,24.4621863521976,466.70903597921,252.407764994388,,,,703.551837493286,380.498197312137,,,18900,435.146368865541
2014,AP,16002,Área Norte,87.4563353445538,94.3724824923535,82.4422122311177,97.0212765957447,73.7021276595745,89.9574468085106,63.8297872340426,82.3829787234042,100,80.4255319148936,78.2127659574468,29.1914893617021,32.7095184326172,9.19446659088135,58.5028495788574,30.8380794525146,,,,,,257.218170166016,43.4055671691895,54.658863067627,21.25,259.067626953125,41.2823677062988,56.9496421813965,288.090301513672,47.445499420166,61.4895477294922,2823,586,4538.29345703125,942.061584472656,0,113,181.660339355469,0,31,23,,,0.369751155376434,0.498360246419907,0.415166229009628,0.530512511730194,0,0,0,0,1.6960324048996,16.9685120329338,330.876527447079,113.851494340977,,,,498.787833366826,171.628192020946,,,6703,400.211163242975
2014,AP,16001,Área Central,99.7024325830199,69.6077130780676,67.6937300626769,100,74.2413620430646,78.6980470706059,64.6569854782173,75.2929394091137,100,73.9308963445168,98.8883324987481,41.7125688532799,36.1065483093262,4.47910976409912,61.6584548950195,33.5340270996094,,,,,,407.100463867188,92.6301040649414,92.826774597168,5.65217399597168,407.375793457031,94.9668655395508,104.036262512207,452.593933105469,107.580451965332,110.993057250977,22240,3147,4373.87158203125,618.910705566406,26,736,144.746826171875,5.11333894729614,546,619,,,1.21736800670624,1.0738011598587,1.31137478351593,1.10733294487,169,24,33.2367057800293,4.72000551223755,12.7339839935303,19.6265813196814,276.96656690949,212.568633349965,,,,417.519957942402,320.44173362323,,,28513,187.940132055353
2014,AP,16003,Área Sudoeste,100,99.8169467363601,97.0857272452374,100,86.8223295759528,88.1105743424584,77.4020397208803,94.4981213097155,100,88.3252818035427,76.1406333870102,30.8910359634997,37.1568641662598,1.74019610881805,60.5882339477539,35.220588684082,,,,,,324.841491699219,63.7148933410645,84.082763671875,12.2186498641968,334.985473632812,69.0692443847656,92.8742828369141,373.351806640625,80.1006851196289,99.8949737548828,9566,1263,4995.8740234375,659.605773925781,0,152,79.3824844360352,0,122,98,,,0.511808156967163,0.637148916721344,0.868898749351501,0.706869721412659,22,0,11.4895706176758,0,4.50600051879883,19.9949642313773,306.660854177274,117.614275394603,,,,462.283330321662,177.300487434746,,,20311,361.497422997585
2014,BA,29023,Seabra,82.2689691038962,100,82.2689691038962,100,94.1815360744763,91.7765709852599,96.9743987587277,100,100,98.2544608223429,68.1923972071373,39.9146625290923,58.1628570556641,2.84797430038452,33.092658996582,63.8186912536621,,,,,,607.424438476562,150.205505371094,85.2815093994141,28.3514499664307,340.568084716797,73.9673919677734,69.9353561401367,377.452575683594,83.4423675537109,73.895751953125,14080,6596,7746.8623046875,3629.14086914062,0,291,160.109161376953,0,98,71,,,0.39064434170723,0.539199233055115,0.622279942035675,0.594632208347321,24,0,13.2048788070679,0,1.78155827522278,22.7522721809205,412.096298179815,229.204173818151,,,,621.224543468031,345.51938192616,,,30666,583.057884379311
2014,BA,29017,Paulo Afonso,86.0048414750413,92.0959192721309,86.0048414750413,92.4430641821946,92.9865424430642,93.8664596273292,95.5486542443064,100,100,97.3084886128364,86.6977225672878,67.5724637681159,58.764518737793,4.75184774398804,37.5923957824707,57.4445610046387,,,,,,537.326965332031,152.073669433594,123.686592102051,4.9056601524353,347.964080810547,76.7929000854492,101.778366088867,384.312530517578,85.5364990234375,109.561782836914,9977,1667,4045.97094726562,676.018188476562,0,259,105.032218933105,0,187,207,,,0.839446723461151,0.758340716362,0.867225468158722,0.786119520664215,33,0,13.3824834823608,0,6.11944484710693,20.5548746996474,484.119039189616,200.796371870504,,,,729.796968410336,302.69535299456,,,37331,487.562323324207
2014,BA,29001,Alagoinhas,81.2155899892158,91.1340953657371,76.9229783346241,85.0721874148733,86.1481885044947,90.0708253881776,84.5682375374557,97.3712884772542,100,86.3524925088532,65.7858894034323,54.807954235903,49.828670501709,3.21245002746582,44.4460296630859,50.571102142334,,,,,,586.095947265625,164.183242797852,98.5099411010742,12.2149839401245,386.253326416016,85.7284088134766,85.7747573852539,428.476959228516,96.2001190185547,91.5842361450195,22500,4125,4295.49169921875,787.506774902344,10,625,119.319213867188,1.90910744667053,364,433,,,0.826643526554108,0.694915115833282,0.764024794101715,0.694724202156067,156,13,29.782075881958,2.48183965682983,8.46116352081299,22.0991419263145,417.92202334128,212.078464214341,,,,630.006673930708,319.702816290448,,,74553,397.86933968527
2014,BA,29019,Ribeira do Pombal,85.3041023167506,99.6927793940995,85.3041023167506,85.8000961076406,80.7063911580971,87.31379144642,80.8265257087939,92.8640076886112,100,89.5002402691014,63.358962037482,58.8899567515617,49.3129386901855,4.61498594284058,40.2644538879395,54.6538772583008,,,,,,536.490966796875,122.591133117676,85.7518768310547,27.6976337432861,309.138031005859,56.4443740844727,69.53515625,342.862426757812,64.5562438964844,73.8916625976562,12969,3618,4014.85961914062,1120.037109375,7,424,131.259185791016,2.16701483726501,202,142,,,0.439594447612762,0.625338613986969,0.601114451885223,0.663803100585938,56,0,17.3361186981201,0,1.04790651798248,18.7586505486534,321.734652499709,155.976999613684,,,,485.006692609905,235.1313049996,,,56032,534.0285774748
2014,BA,29025,Serrinha,85.9385171566543,100,82.9325655580416,100,88.4205650764243,95.1713756368689,89.2658638258453,98.6799444187124,100,96.1556276053729,85.2014821676702,55.3149606299213,54.1755638122559,5.49228954315186,41.3285865783691,52.6097259521484,,,,,,528.667541503906,121.938255310059,78.6074905395508,29.3418655395508,300.422210693359,56.0151672363281,62.9581489562988,332.278717041016,62.6759872436523,66.7531127929688,33881,9928,5457.58251953125,1599.21130371094,0,980,157.859298706055,0,357,310,,,0.499350845813751,0.575058877468109,0.736663341522217,0.590401828289032,146,0,23.5178146362305,0,2.46276617050171,21.2210688390859,357.22921266772,150.821393270735,,,,538.513826824321,227.359361376603,,,108496,551.078720053978
2014,BA,29015,Jequié,86.5267397593738,100,78.9760237746477,100,92.6006233907033,95.6769209920043,91.1370104350183,93.2511180376745,100,96.652662962461,100,47.0117902154764,48.2827415466309,4.57460451126099,44.776969909668,50.1068840026855,,,,,,640.575378417969,172.017440795898,95.9865264892578,23.1775703430176,354.218200683594,76.2973480224609,76.9961166381836,391.813598632812,85.9637069702148,81.3608245849609,43272,15445,8635.1953125,3082.14526367188,24,1250,249.445236206055,4.78934860229492,508,352,,,0.70243775844574,1.01374542713165,1.0934681892395,1.06059122085571,205,2,40.9090194702148,0.399112373590469,4.91227531433105,19.0169016959212,433.557289225199,202.030870933128,,,,653.576434090264,304.556328499503,,,73911,424.643277558698
2014,BA,29026,Teixeira de Freitas,92.4599084571821,99.9035808092562,92.4600192838382,94.7640323931863,84.5573862049707,88.1457693381737,83.8592571907288,92.055291817928,100,88.5227590058643,64.5769338173695,53.9514102206088,53.0237274169922,1.88078701496124,44.9363441467285,52.6041679382324,,,,,,556.152954101562,151.595062255859,91.3223266601562,12.4794750213623,385.265045166016,81.3664855957031,77.1746673583984,427.539978027344,91.6961441040039,83.414436340332,26598,6937,6072.47802734375,1583.75744628906,22,757,172.827499389648,5.02272796630859,374,366,,,0.8355992436409,0.853863716125488,0.960140109062195,0.888737440109253,125,12,28.5382270812988,2.73966979980469,8.6347541809082,22.6824926906045,550.5496189718,239.790038441492,,,,829.939354497718,361.47729988586,,,49930,316.971284288107
2014,BA,29012,Itabuna,78.1260878873344,99.1067921402176,70.0700901957499,72.3463317911434,67.349636483807,72.0687376074025,69.7422339722406,67.8783873099802,100,71.1037673496365,56.2723066754792,44.3754130865829,46.9688301086426,4.66113805770874,49.8427238464355,45.1529884338379,,,,,,721.214965820312,184.817398071289,112.792976379395,17.7927322387695,442.338592529297,89.3210296630859,90.8375701904297,491.067413330078,100.555870056152,96.8837127685547,32021,9127,6216.4267578125,1771.87866210938,34,1221,237.039978027344,6.60062170028687,552,518,,,1.00562417507172,1.07163035869598,1.42063820362091,1.13520979881287,173,29,33.5855140686035,5.62994194030762,9.75474834442139,18.5178247145191,618.792843098805,175.293947760609,,,,932.81425519529,264.251106237253,,,66891,350.100345659495
2014,BA,29022,Santo Antônio de Jesus,91.9700318217464,98.9466202626536,89.6351408862994,72.2596548890715,82.810188989318,85.6368118323747,80.3122432210353,80.5094494658997,100,82.9087921117502,50.63270336894,44.1906327033689,54.4997215270996,5.27296447753906,40.3763732910156,54.0152778625488,,,,,,597.489990234375,199.312118530273,97.7589111328125,9.03997039794922,355.852264404297,95.279899597168,75.2405548095703,396.215850830078,108.474327087402,81.3805618286133,28312,7598,6319.064453125,1695.82690429688,30,966,215.605270385742,6.6958155632019,372,317,,,0.707524538040161,0.830281138420105,1.01949381828308,0.827602803707123,109,20,24.3281307220459,4.46387720108032,4.12774705886841,19.7599989202591,420.732789154957,177.667812817533,,,,634.243830918309,267.829646599678,,,67970,418.76839034762
2014,BA,29006,Feira de Santana,75.1863283441216,94.3184872809243,68.2326919702704,100,88.2000725777186,94.5687673884118,87.9158098463772,100,100,90.2624894157494,84.3111164872384,64.5155437280755,28.4221076965332,41.6223335266113,28.0215301513672,28.6724662780762,,,,,,602.77001953125,140.774124145508,94.4140548706055,19.0948085784912,385.885070800781,73.4795303344727,81.6170425415039,427.850952148438,82.6325454711914,86.9673156738281,52625,8678,4691.72802734375,773.678161621094,79,1651,147.193206787109,7.04316377639771,992,1137,,,1.01368069648743,0.8844074010849,1.43078756332397,0.930299401283264,536,32,47.7865295410156,2.85292720794678,12.1817312240601,23.2079379997511,439.891639094116,188.302827779323,,,,663.125303184369,283.861657427233,,,127954,323.923877442783
2014,BA,29010,Irecê,89.541336757258,95.9198230972252,89.541336757258,86.9737258626148,82.2728711617601,86.5305476416588,85.9924026590693,91.4846470402026,100,87.81259892371,71.0984488762267,48.0531813865147,57.3324584960938,2.78551530838013,41.8318862915039,55.0548896789551,,,,,,548.915466308594,132.064331054688,88.7806777954102,17.1594982147217,353.666809082031,68.5860137939453,74.3017501831055,391.532196044922,77.6259918212891,79.8363952636719,30169,12799,7419.4580078125,3147.65625,20,791,194.530517578125,4.91859722137451,299,241,,,0.592690944671631,0.735330283641815,0.864996790885925,0.826816201210022,78,6,19.1825294494629,1.4755791425705,1.61846446990967,21.7801085334514,396.932342412212,194.830504016098,,,,598.365271155937,293.7019610359,,,69012,517.486391263641
2014,BA,29028,Vitória da Conquista,75.4351169453856,94.23650334119,70.2690139939887,100,93.5377408708613,95.922495475354,96.9232407111679,96.5932077078676,100,97.647184073246,96.3909294155222,60.8005961886511,58.5510063171387,1.58013546466827,41.2985076904297,53.2946357727051,,,,,,625.744140625,152.594024658203,99.6595764160156,17.6134948730469,371.737182617188,66.1340484619141,79.502197265625,411.353668212891,74.5322494506836,84.8628997802734,39993,10198,6208.232421875,1583.06591796875,40,1276,198.077285766602,6.20931911468506,550,647,,,1.00435733795166,0.853781402111053,1.42305958271027,0.910557866096497,418,33,64.8873825073242,5.12268829345703,8.09990215301514,20.8119829762267,489.701379646726,170.643292983525,,,,738.212202706953,257.240364079457,,,84124,391.973183535855
2014,BA,29011,Itaberaba,95.296904794006,100,93.8527321404495,100,88.3990079911821,90.5208046293745,87.9856709837421,93.551942683935,100,92.2843758611188,83.3287406999173,52.0804629374483,45.8927536010742,3.70792937278748,49.2013702392578,46.8910446166992,,,,,,584.725280761719,160.051086425781,91.7998733520508,20.0682601928711,355.591430664062,72.9785385131836,73.6128082275391,393.286254882812,81.6827239990234,78.6932067871094,17147,5857,6843.88037109375,2337.70385742188,0,464,185.196273803711,0,153,130,,,0.518868863582611,0.61066871881485,0.745075762271881,0.630425691604614,23,0,9.17998790740967,0,1.966912150383,20.4263819845508,418.303312577068,187.347544665665,,,,630.58145762199,282.421592765681,,,43059,553.157285632263
2014,BA,29024,Senhor do Bonfim,80.5834353191308,100,78.424508089415,100,88.6154553817847,95.0091996320147,96.228150873965,97.5620975160994,100,91.7433302667893,59.4296228150874,49.1260349586017,48.039680480957,9.30562114715576,35.0968360900879,51.6532821655273,,,,,,549.3720703125,121.099967956543,82.6609344482422,29.4736843109131,340.418395996094,64.6938247680664,68.643440246582,377.071380615234,72.5211868286133,73.1156311035156,21715,5198,7386.7578125,1768.19555664062,0,389,132.325531005859,0,100,131,,,0.445620685815811,0.340168446302414,0.636285066604614,0.614599347114563,69,0,23.471622467041,0,5.80259323120117,19.0686794891221,385.818717900111,154.874611827075,,,,581.611768772392,233.469483836717,,,47792,451.947612297531
2014,BA,29002,Barreiras,70.4057122991417,93.8382388131132,69.5388442662549,100,100,100,100,100,100,100,88.9000430230891,68.0195038003729,63.0819053649902,1.34934556484222,29.0649032592773,69.1674575805664,,,,,,429.330261230469,93.0715942382812,80.1385650634766,8.44540119171143,340.803863525391,66.5966873168945,78.7013702392578,379.943420410156,77.1015243530273,84.2157592773438,25027,5804,5779.90771484375,1340.41564941406,24,780,180.138565063477,5.54272508621216,386,354,,,0.817551970481873,0.891454994678497,0.930658221244812,0.923267900943756,81,1,18.7066974639893,0.230946883559227,4.57066965103149,18.5518202028639,573.042062140289,296.272044684901,,,,863.8461325992,446.622467890766,,,54143,409.391230595608
2014,BA,29003,Brumado,92.5581018705968,98.6838658048044,91.4863313533365,98.1771854174833,94.4923559388475,95.4331634653077,93.8259506076049,89.8863190905527,100,94.0807526460212,88.0635045080361,68.2477459819679,66.4288558959961,1.52596116065979,27.0907649993896,71.105827331543,,,,,,533.623718261719,159.272232055664,100.748947143555,10.8283205032349,272.227844238281,54.6941223144531,73.7806701660156,298.618041992188,61.9871711730957,78.2324676513672,24512,7398,6052.8388671875,1826.81555175781,0,604,149.14794921875,0,326,269,,,0.664251625537872,0.805003881454468,0.854946196079254,0.905012011528015,91,0,22.4709663391113,0,2.35401892662048,21.5201916160566,482.017069906649,202.387023373477,,,,726.62830391623,305.093219119822,,,59220,407.313076566629
2014,BA,29009,Ilhéus,70.3675703464022,78.8563134100428,60.0589685047704,94.4712041884817,67.1204188481675,68.7748691099476,66.3874345549738,69.6753926701571,100,68.9842931937173,84.7748691099476,35.4973821989529,33.8503646850586,10.5839414596558,63.0246353149414,25.9808387756348,,,,,,693.953063964844,206.567642211914,116.769424438477,12.9401006698608,455.861999511719,113.825660705566,96.9288635253906,505.702789306641,128.238739013672,104.179862976074,18992,3886,6026.3173828125,1233.05969238281,14,560,177.692596435547,4.44231510162354,313,305,,,0.967790067195892,0.99317467212677,1.25765109062195,1.04465794563293,158,21,50.1346969604492,6.6634726524353,8.66949462890625,17.4239160379689,405.896807914343,163.676553211085,,,,611.878971748719,246.73818351217,,,42344,357.379018798591
2014,BA,29008,Ibotirama,88.1326132734179,96.8020473345357,79.5609112250758,100,100,100,98.7770789657582,100,100,100,100,67.3305380852551,53.7318725585938,1.20268833637238,45.171558380127,53.4488868713379,,,,,,488.007263183594,132.76286315918,99.0535430908203,15.6216793060303,307.683135986328,62.0750694274902,79.7513275146484,340.027679443359,69.4200744628906,85.8687591552734,10646,3085,5521.068359375,1599.89624023438,0,239,123.946586608887,0,122,82,,,0.425256073474884,0.632698059082031,0.639180600643158,0.675742268562317,28,0,14.520938873291,0,1.00194478034973,19.194329566174,353.933762765712,170.608294180138,,,,533.546021071299,257.187604285806,,,33881,592.864704914286
2014,BA,29018,Porto Seguro,90.62781046929,99.2605046502008,88.0418451356364,100,89.6135265700483,97.3590982286634,94.4444444444444,88.29307568438,100,98.5668276972625,93.8003220611916,55.4589371980676,47.9297790527344,2.31864857673645,40.4604187011719,56.2272262573242,,,,,,560.573486328125,150.765472412109,115.952354431152,3.76528120040894,441.289947509766,101.385772705078,107.700042724609,492.155639648438,115.139389038086,116.507789611816,19166,3469,5253.765625,950.919006347656,5,462,126.642997741699,1.3705952167511,354,333,,,0.91281646490097,0.970381438732147,1.11943364143372,1.01540553569794,152,19,41.6660957336426,5.20826196670532,9.34389591217041,20.3594643910104,492.023170580311,193.979066562772,,,,741.712242671192,292.418441029606,,,42354,319.336175578919
2014,BA,29021,Santa Maria da Vitória,93.6949957416058,100,91.2354504864893,100,100,100,100,100,100,100,75.9936766034327,67.6151761517615,55.2655258178711,1.77767777442932,38.501350402832,59.5859603881836,,,,,,444.395446777344,109.929397583008,76.5162048339844,18.1954879760742,275.204254150391,53.0883483886719,64.3041915893555,305.477630615234,60.3017921447754,68.9930953979492,17853,7400,5965.2568359375,2472.576171875,0,461,154.034805297852,0,216,159,,,0.531269729137421,0.721724927425385,0.784541726112366,0.778945028781891,47,0,15.7041997909546,0,1.73815417289734,22.0708769514014,502.875442817305,235.242879574921,,,,758.071763239067,354.622575144485,,,47512,503.174289707702
2014,BA,29013,Itapetinga,84.1479151386312,100,82.9712461317006,69.615832363213,69.2665890570431,74.0686845168801,72.2060535506403,71.1292200232829,100,74.76717112922,18.4225844004657,32.5669383003492,48.1110763549805,3.06748461723328,48.9505958557129,47.303840637207,,,,,,600.828735351562,181.995452880859,91.4039611816406,18.5260314941406,353.965515136719,88.6619110107422,73.6420364379883,389.283966064453,99.5457534790039,78.0321044921875,17809,6902,7234.7255859375,2803.86743164062,9,473,192.151443481445,3.6561586856842,166,131,,,0.532174170017242,0.674358129501343,0.742606461048126,0.727575540542603,45,0,18.2807922363281,0,3.04029893875122,18.408173706119,368.308426800542,167.099738028345,,,,555.215456448384,251.898546356248,,,31675,365.634349491281
2014,BA,29005,Cruz das Almas,88.3777645394296,100,88.3777645394296,92.4741011578306,100,100,100,100,100,100,81.048141377209,76.4777574649604,57.4401016235352,7.84993696212769,35.43505859375,56.2736434936523,,,,,,617.561645507812,205.725708007812,114.59114074707,6.53798246383667,396.042510986328,102.947647094727,95.8430480957031,440.640594482422,116.251625061035,104.47095489502,12283,1892,4723.2314453125,727.538391113281,19,422,162.273361206055,7.3061466217041,210,185,,,0.711387991905212,0.807521462440491,0.980465710163116,0.839437782764435,15,0,5.76801061630249,0,4.01030540466309,22.4096725017011,438.479076492226,200.309072713735,,,,660.99590148541,301.960762080899,,,36468,418.991060105539
2014,BA,29007,Guanambi,86.454549565165,100,83.2441557267096,100,96.4279639394455,97.4655553665589,97.3634971934002,94.9481204286443,100,97.2614390202415,89.1648239496513,63.5822418778704,65.3159332275391,1.51098906993866,28.4168949127197,69.9004135131836,,,,,,487.400848388672,129.587615966797,74.1454925537109,12.8369121551514,266.511657714844,49.3293609619141,58.1103782653809,296.067443847656,56.1637496948242,62.4047050476074,30578,9431,6808.470703125,2099.89819335938,20,819,182.357833862305,4.45318269729614,320,303,,,0.674657166004181,0.712509214878082,0.793445825576782,0.755148410797119,92,0,20.48464012146,0,1.71091270446777,20.8952285290919,433.833092752343,194.560093747052,,,,653.992200795749,293.294324527932,,,64487,456.333463701313
2014,BA,29014,Jacobina,94.523179861408,99.264040643051,89.3036099539684,93.5935748972731,88.2144191258872,89.4097870750841,88.4572282405678,90.7919312663429,100,91.2962271199103,76.5969368696302,52.4094135225999,52.3216094970703,4.92462301254272,35.6582908630371,59.1155776977539,,,,,,582.548767089844,142.806777954102,77.7074737548828,27.7826862335205,348.234527587891,71.6156005859375,62.7724609375,386.481597900391,80.396354675293,67.194709777832,26889,7735,6918.7958984375,1990.28918457031,0,865,222.572738647461,0,247,214,,,0.550642371177673,0.635554492473602,0.835355341434479,0.710045635700226,66,0,16.9824275970459,0,2.66701316833496,19.2250253573751,396.912587133163,162.623022129293,,,,598.335490582166,245.150012572013,,,64460,480.816033438455
2014,BA,29027,Valença,76.3664054319891,98.4617825300631,75.414538185741,100,83.4497816593886,88.9301310043668,85.3711790393013,95.8078602620087,100,90.7423580786026,87.1834061135371,51.2227074235808,46.1188316345215,4.04887390136719,57.5467185974121,37.9731674194336,,,,,,515.311645507812,162.47087097168,85.9946823120117,14.1401271820068,393.316284179688,108.300514221191,78.8569488525391,438.394592285156,123.383453369141,84.4469146728516,21158,6502,6944.56298828125,2134.1123046875,0,351,115.206619262695,0,178,140,,,0.459513574838638,0.584238708019257,0.772146940231323,0.621820330619812,19,0,6.23625564575195,0,1.93389570713043,18.7700391862476,328.53905420868,174.301479501849,,,,495.264152732452,262.754985928292,,,43006,409.23552971104
2014,BA,29004,Camaçari,73.4627071470521,76.9122215696789,57.5293006153768,100,89.9954369153548,95.8818161076888,94.2276979237965,99.087383070956,96.2354551676934,92.4138717773215,86.641569701118,72.9523157654575,51.670051574707,5.01015567779541,48.1606864929199,46.2988052368164,,,,,,525.311340332031,120.427101135254,93.4348220825195,3.52437424659729,459.386810302734,99.0579223632812,97.0453872680664,512.510864257812,112.489227294922,104.496315002441,21544,2546,3727.70336914062,440.527862548828,8,510,88.2439956665039,1.38421952724457,376,756,,,1.30808746814728,0.650583207607269,1.34187114238739,0.664684951305389,193,0,33.3942985534668,0,21.874475479126,19.8109850170737,551.667787510265,395.461975670825,,,,831.624964737113,596.148731207184,,,58942,264.02104233052
2014,BA,29016,Juazeiro,80.4497241939021,100,75.4677832612033,97.1128608923885,88.5085016546845,93.9176081250713,91.7836357411845,95.9945224238275,100,98.5621362547073,75.0199703297957,54.2850621933128,51.6411361694336,1.46262812614441,48.4279632568359,49.2456512451172,,,,,,514.388000488281,116.625503540039,100.21297454834,14.1891889572144,361.198883056641,68.6220016479492,84.8622741699219,400.463012695312,76.7655029296875,90.9160995483398,30854,6195,5957.55517578125,1196.18383789062,31,763,147.326599121094,5.98574638366699,390,508,,,0.980890035629272,0.753045499324799,0.898392915725708,0.763472259044647,102,9,19.6950359344482,1.73779726028442,7.26592350006104,19.008135753205,417.7224757268,148.208879346136,,,,629.705861047279,223.421063999797,,,79906,489.365753685412
2014,BA,29020,Salvador,42.1463293120613,37.2511659392337,32.1486525043218,100,80.3226095930363,88.3362498317405,82.5885045093552,92.1254543007134,99.580472921434,91.0261587472518,80.2508188630143,81.1123076232781,54.6083526611328,4.38037347793579,43.0982475280762,51.3508605957031,,,,,,578.262451171875,130.754486083984,114.493606567383,3.15828132629395,393.979064941406,73.4057235717773,95.8030090332031,440.035858154297,83.9324951171875,102.978691101074,168201,24749,5102.79248046875,750.822021484375,579,6521,197.830627441406,17.565393447876,4613,7702,,,2.33659172058105,1.39946734905243,2.7052755355835,1.40212190151215,3177,550,96.3821334838867,16.6856079101562,28.6917514801025,17.7286352069203,409.126673549287,228.465521790288,,,,616.747910910254,344.405883040541,,,212257,177.234635312187
2014,CE,23019,19ª Região Brejo Santo,100,100,100,100,100,100,100,100,100,100,97.8667541844437,58.418116179849,74.7196426391602,0.99327141046524,21.916051864624,77.0265960693359,,,,,,577.947631835938,155.782302856445,119.542915344238,2.36156344413757,313.201873779297,56.4208488464355,87.2506408691406,346.496490478516,63.5527114868164,94.43701171875,15892,5607,7479.43310546875,2638.88623046875,8,500,235.320693969727,3.76513123512268,154,136,,,0.640072286128998,0.724787712097168,0.88057005405426,0.738436341285706,66,0,31.0623321533203,0,2.9320957660675,22.5796549898028,571.067312010888,222.727720549318,,,,860.869247698707,335.756295620862,,,36001,493.010681252542
2014,CE,23003,3ª Região Maracanaú,97.892566295748,82.8398273083211,89.6029405512374,100,100,100,100,100,100,100,82.9115509897269,59.7469305938361,63.2697410583496,1.46099972724915,35.2209625244141,63.0886268615723,,,,,,506.915191650391,124.091606140137,80.9376525878906,6.46992063522339,366.423980712891,70.9626235961914,75.3290100097656,408.866027832031,80.6952590942383,81.5008697509766,27234,4000,5223.35546875,767.181518554688,0,437,83.814582824707,0,301,261,,,0.500585913658142,0.577304065227509,0.951257109642029,0.755098402500153,110,0,21.0974922180176,0,12.9124317169189,23.4073933874344,518.318856183659,242.106285369062,,,,781.352310675372,364.968982403985,,,59117,299.022113830437
2014,CE,23012,12ª Região Acaraú,94.7006927317568,100,94.7006927317568,100,100,100,100,100,100,100,100,69.5413902509374,71.4328155517578,0.564803779125214,19.7978591918945,79.2508926391602,,,,,,520.938781738281,148.454055786133,92.6713180541992,3.28151988983154,324.328002929688,68.4019012451172,77.1487808227539,361.768920898438,77.6176910400391,83.4245529174805,9155,1615,4118.47509765625,726.525146484375,0,237,106.617004394531,0,135,134,,,0.602813422679901,0.607312023639679,0.704706907272339,0.757115662097931,17,0,7.64763307571411,0,1.21192491054535,25.7410651665016,448.48786470332,211.610229925319,,,,676.083891633751,318.996965173322,,,36659,532.794490953841
2014,CE,23018,18ª Região Iguatú,99.364101198571,95.7011846230413,97.1482823441398,97.6067936181163,99.2022645393721,95.3679876479671,99.8713329902213,100,100,100,96.4487905301081,54.426145136387,77.6029357910156,0.419617086648941,19.931812286377,79.5698928833008,,,,,,628.88720703125,190.399932861328,115.69002532959,4.11027574539185,301.585144042969,61.6854095458984,76.7353210449219,337.121368408203,70.2065048217773,83.0784454345703,14424,3216,4546.90185546875,1013.78509521484,0,557,175.584045410156,0,209,190,,,0.598940193653107,0.658834218978882,0.893603026866913,0.717782557010651,44,0,13.8701934814453,0,2.69617652893066,24.8527427817734,473.5982906482,194.452847362507,,,,713.937211265099,293.132653368613,,,47902,428.02411023034
2014,CE,23014,14ª Região Tauá,100,100,100,92.6778242677824,92.6778242677824,93.3751743375174,98.8145048814505,98.186889818689,100,95.536959553696,94.0027894002789,51.534170153417,64.7481994628906,0.503597140312195,20.287769317627,79.0647506713867,,,,,,607.522766113281,166.085372924805,111.889091491699,3.45323729515076,316.461303710938,57.7793655395508,72.0180587768555,352.534332275391,65.6113586425781,77.8353118896484,7792,1813,6811.24853515625,1584.80407714844,0,161,140.735488891602,0,81,67,,,0.585669457912445,0.708048164844513,0.802891612052917,0.871948182582855,0,0,0,0,1.56295073032379,21.8035678073838,516.283677223274,123.694529885918,,,,778.284330870349,186.46631429905,,,16379,402.342507834953
2014,CE,23011,11ª Região Sobral,98.6864182793429,99.877134471083,98.6864182793429,96.0902420326361,97.809659402037,100,95.5426568831453,100,100,96.7035374000657,66.6630160990034,32.7127368305772,73.820068359375,0.669618725776672,23.7930660247803,75.2889099121094,,,,,,596.340148925781,151.494094848633,113.107162475586,8.10595989227295,338.620513916016,61.4153022766113,87.862922668457,376.42529296875,69.4506530761719,94.60498046875,33028,4830,5217.462890625,762.999450683594,114,1305,206.15202331543,18.0086822509766,642,508,,,0.802492141723633,1.01417315006256,1.25729036331177,1.1079683303833,278,10,43.9159088134766,1.57970893383026,4.23614740371704,22.2734187327095,647.39986604383,219.959179136019,,,,975.938604643457,331.582790828062,,,87003,412.164953590922
2014,CE,23020,20ª Região Crato,100,95.2202561241299,100,100,100,100,100,100,100,100,85.6573705179283,51.6031113640675,74.1579666137695,0.787866830825806,23.6360054016113,75.4776458740234,,,,,,627.233032226562,145.963577270508,131.894805908203,7.61682224273682,356.991119384766,54.082820892334,97.1819305419922,394.008483886719,60.4693412780762,103.959632873535,23169,5364,6790.82373046875,1572.18603515625,11,626,183.480316162109,3.22409510612488,257,225,,,0.659474015235901,0.753265857696533,0.811153054237366,0.75641667842865,205,4,60.0854110717773,1.17239820957184,5.7356653213501,23.2175846170555,513.888122615716,201.51434417684,,,,774.673094069614,303.777677733211,,,52233,481.731286226255
2014,CE,23010,10ª Região Limoeiro do Norte,99.6847363802066,100,99.6849614077724,100,100,100,100,100,100,100,95.7004657828735,60.1218201361519,75.3598327636719,0.65113091468811,22.9952030181885,76.0795059204102,,,,,,645.406555175781,165.488861083984,116.289474487305,3.465003490448,344.659790039062,48.3387069702148,80.2108840942383,384.87255859375,54.5513038635254,87.3787231445312,12327,2535,5513.462890625,1133.82238769531,0,375,167.725204467773,0,160,122,,,0.545665979385376,0.715627491474152,0.838849663734436,0.754987001419067,12,0,5.36720657348633,0,3.93416237831116,27.2750325552054,540.485469861693,267.676238057878,,,,814.767909221614,403.515026752769,,,30466,369.439816750514
2014,CE,23006,6ª Região Itapipoca,98.2185372958741,84.3806896165374,98.2185372958741,98.9352061622111,94.1096511101042,96.9868599909379,95.6275487086543,100,100,96.8735840507476,53.8740371545084,39.3520616221115,49.0459671020508,2.14657425880432,42.1075439453125,55.4206428527832,,,,,,488.074310302734,127.142486572266,119.847427368164,6.26334524154663,309.451293945312,58.7356338500977,91.9267120361328,343.267486572266,65.8679504394531,99.8534164428711,14719,2105,5113.14306640625,731.242980957031,0,262,91.0145721435547,0,171,114,,,0.396017581224442,0.594026386737823,0.669061303138733,0.67531418800354,31,0,10.7688989639282,0,1.87760972976685,22.5043239643658,387.95684960949,152.342831708086,,,,584.834947191855,229.652890590121,,,47256,524.106135530307
2014,CE,23002,2ª Região Caucaia,80.1842728261565,86.8479984913336,79.6791389825257,96.7372237165244,95.4976026195767,100,97.1114489533388,100,100,100,26.0203484972518,35.609870190621,57.3138771057129,2.81609845161438,38.6842994689941,58.0549545288086,,,,,,502.104187011719,121.226631164551,90.034797668457,6.27938222885132,348.078491210938,66.4607696533203,79.7356033325195,389.143402099609,75.2150726318359,86.0440826416016,27333,3899,4608.466796875,657.388916015625,0,558,94.0813064575195,0,326,413,,,0.696336567401886,0.5496506690979,0.746454238891602,0.602423846721649,0,0,0,0,9.97750854492188,25.0713108822063,422.092029234995,225.576312794473,,,,636.292850290516,340.05047497855,,,70011,336.104687391553
2014,CE,23001,1ª Região Fortaleza,56.7725490138305,55.4742791563787,44.93232791387,100,87.8981690494106,92.8066215199398,88.0361173814898,98.2869325307249,100,88.3671933784801,99.6789566089792,76.8999247554552,53.7281608581543,4.17289447784424,41.8514633178711,52.4294929504395,,,,,,601.521606445312,108.074798583984,93.7085800170898,9.04406833648682,390.222259521484,55.8811302185059,80.0936050415039,437.279907226562,63.838264465332,86.0099563598633,151024,27194,5506.7099609375,991.560729980469,432,5618,204.846221923828,15.7517929077148,2680,5875,,,2.14217090606689,0.977194547653198,2.23514103889465,0.913613080978394,2942,323,107.272621154785,11.7773818969727,35.1857490539551,25.4657797952191,646.643959771337,302.271412094829,,,,974.799095428965,455.666359565578,,,206158,201.122161675915
2014,CE,23007,7ª Região Aracati,85.4894430415264,84.4127034231201,85.4894430415264,97.7622377622378,100,100,100,100,100,100,93.5664335664336,71.7482517482517,66.1825714111328,1.03734445571899,23.8589210510254,74.9654235839844,,,,,,528.188903808594,150.538192749023,87.8864593505859,3.78912687301636,296.869201660156,62.8001708984375,66.9294586181641,328.724792480469,70.3707809448242,72.3636703491211,5273,663,4588.36962890625,576.918029785156,0,139,120.952651977539,0,109,102,,,0.887566268444061,0.948477625846863,0.95957225561142,0.933249771595001,19,0,16.5330963134766,0,3.91573333740234,24.0896676304473,486.979284353055,247.562694118364,,,,734.108714241862,373.194377898271,,,15136,386.168783224338
2014,CE,23004,4ª Região Baturité,97.4697236575722,100,97.4697236575722,98.7267904509284,100,99.2572944297082,100,100,100,100,95.6498673740053,45.1989389920424,73.8461532592773,0.94292801618576,32.9528541564941,65.8064498901367,,,,,,567.539367675781,144.240524291992,108.724014282227,9.06768798828125,336.902923583984,56.2746505737305,81.6101226806641,374.360534667969,63.8994483947754,88.0393295288086,7713,1204,5590.5888671875,872.69140625,0,197,142.790878295898,0,112,116,,,0.840799033641815,0.811805963516235,1.14287066459656,0.873416244983673,14,0,10.1475744247437,0,1.38514399528503,30.7522250882298,599.09562499545,299.066046924706,,,,903.121206803703,450.834354223009,,,23437,499.841480606093
2014,CE,23015,15ª Região Crateús,91.1992285960787,100,91.1992285960787,97.8800413650465,100,100,100,100,100,100,95.0361944157187,55.8428128231644,71.5292816162109,1.13882863521576,27.548807144165,71.0140991210938,,,,,,686.01318359375,199.500411987305,146.188537597656,5.57184743881226,339.05908203125,68.2159881591797,86.3010101318359,376.360107421875,76.7754592895508,93.9634017944336,15437,3854,5175.94580078125,1292.22619628906,2,389,130.4296875,0.670589625835419,173,155,,,0.519706964492798,0.580060005187988,0.586430609226227,0.661285161972046,43,0,14.4176769256592,0,2.19249272346497,22.780654677938,454.838692210452,186.107811551488,,,,685.657600342586,280.552727062983,,,47484,492.866239272143
2014,CE,23017,17ª Região Icó,94.9549929182615,100,94.9549929182615,100,100,100,98.0645161290323,100,100,100,89.7766749379653,49.3300248138958,70.7629089355469,1.00502514839172,24.6231155395508,74.3261795043945,,,,,,662.063171386719,198.618957519531,146.931564331055,5.26315784454346,327.417083740234,65.4257202148438,89.5501098632812,364.4384765625,75.1715621948242,97.3743438720703,10152,3076,5895.84716796875,1786.4091796875,0,289,167.838821411133,0,121,80,,,0.464605748653412,0.702716171741486,0.710411250591278,0.685003101825714,79,0,45.8798179626465,0,1.71149146556854,24.5314669018017,449.159840771408,203.024294610905,,,,677.096878229271,306.053889077997,,,30128,564.260391889849
2014,CE,23008,8ª Região Quixadá,93.0148908102157,100,93.0148908102157,93.4738730657098,100,100,100,100,100,100,88.2036331015923,48.284368692532,64.7495346069336,0.904452681541443,29.3135433197021,69.3645629882812,,,,,,632.087036132812,155.040222167969,123.96940612793,7.05064535140991,350.001220703125,55.6000862121582,86.7170104980469,388.794677734375,63.4620361328125,93.9750900268555,16143,2755,5066.42578125,864.647399902344,8,595,186.738723754883,2.51077270507812,231,127,,,0.398585170507431,0.724985659122467,0.693836390972137,0.753702580928802,70,42,21.9692611694336,13.1815567016602,2.23176312446594,26.1943031863172,493.473650239394,202.025716263063,,,,743.898803356167,304.548557967295,,,50164,476.639353092148
2014,CE,23021,21ª Região Juazeiro do Norte,96.2946536765062,100,91.8595802433232,93.7622419767967,93.2951634774748,97.257797197529,98.659032695495,98.0714178092512,100,96.1729697152328,96.4592436341721,39.596203103812,67.6483764648438,0.732545971870422,37.3149948120117,61.9524574279785,,,,,,611.421508789062,137.768203735352,120.697448730469,3.53912711143494,373.074859619141,59.2306785583496,98.0374755859375,413.32373046875,66.5408401489258,105.500259399414,26648,5163,6407.06298828125,1241.3564453125,47,910,218.794174194336,11.3003587722778,374,593,,,1.42576861381531,0.899220049381256,1.31150281429291,0.79457151889801,208,51,50.0100975036621,12.2620916366577,9.11145496368408,21.1199498465212,558.708469448394,150.124115426534,,,,842.238611212552,226.308233006007,,,51455,364.280471999233
2014,CE,23016,16ª Região Camocim,97.3464686820838,90.3905467133431,93.3837404510613,95.2670429874077,91.6196265740339,98.5670864090317,98.8710377768129,100,100,97.0907511940947,85.670864090317,29.3095961788971,60.3133163452148,0.739773690700531,36.0748481750488,62.9677963256836,,,,,,512.200317382812,174.613754272461,101.534660339355,4.16666650772095,337.402099609375,98.7615432739258,84.0498809814453,375.233825683594,111.425094604492,90.4069976806641,6493,1370,4199.13720703125,886.003112792969,0,159,102.828094482422,0,83,75,,,0.485038191080093,0.536775588989258,0.629417896270752,0.566201269626617,8,0,5.17374086380005,0,1.35940039157867,25.3253747760224,417.687309722933,191.213412063459,,,,629.652849203217,288.249288185198,,,24611,526.943053199378
2014,CE,23022,22ª Região Cascavel,94.1268142835568,93.224853877273,93.1628380744897,100,100,100,100,100,100,100,67.4550614947966,50.473036896878,64.8295059204102,1.52262496948242,31.9536781311035,66.3092422485352,,,,,,561.792358398438,140.209106445312,92.4105453491211,5.27509927749634,363.391204833984,63.3286514282227,76.5020217895508,405.517944335938,72.2990798950195,83.541374206543,13746,2195,4380.259765625,699.452209472656,0,274,87.3120346069336,0,184,184,,,0.586328983306885,0.586328983306885,0.699053883552551,0.678580164909363,9,0,2.86791348457336,0,5.14471817016602,25.1422713937872,449.183912584151,222.600079757365,,,,677.133165866282,335.563880418254,,,42780,386.70751813961
2014,CE,23005,5ª Região Canindé,89.811977508702,100,86.8369380894297,98.3465132997843,100,99.1013659237958,95.2911574406902,100,100,97.5557153127247,93.0265995686556,30.8770668583753,57.9335784912109,1.29151296615601,35.3136520385742,63.0996322631836,,,,,,584.650939941406,167.889633178711,107.646881103516,3.88513517379761,332.655853271484,62.5872993469238,75.197868347168,370.144134521484,71.0532836914062,81.6554489135742,10321,1695,5096.43798828125,836.979187011719,0,239,118.016532897949,0,102,114,,,0.562924027442932,0.503668904304504,0.667855083942413,0.537740588188171,14,0,6.91310214996338,0,1.38953351974487,27.81797878345,382.914121730898,191.052875724823,,,,577.233164943268,288.007283794187,,,34993,577.944900780638
2014,CE,23013,13ª Região Tianguá,100,99.3612056266051,99.1790188639889,100,100,100,100,100,100,100,94.4522613065327,72.2211055276382,71.0040969848633,1.08606553077698,24.1188526153564,74.7745895385742,,,,,,574.065002441406,184.808364868164,116.873580932617,1.00953447818756,347.0693359375,77.1037216186523,90.7687149047852,384.350799560547,87.7512664794922,97.8058853149414,16776,3092,5401.29833984375,995.518249511719,0,388,124.922729492188,0,219,177,,,0.569879472255707,0.705105066299438,0.750421762466431,0.776259541511536,27,0,8.69307613372803,0,1.81975066661835,26.2835027005309,428.86140982302,199.348765410134,,,,646.497516976267,300.513123582559,,,48862,511.355534666475
2014,CE,23009,9ª Região Russas,95.9778234547059,97.4441888576631,95.9778234547059,100,98.931360460337,96.8351829017674,100,99.0135635018496,100,99.7533908754624,98.314837648993,68.1463214138923,71.0914459228516,1.60134851932526,23.8938045501709,74.1255798339844,,,,,,673.007385253906,166.355697631836,108.207046508789,4.05709981918335,380.404876708984,60.7665214538574,78.8466186523438,423.289123535156,69.6442413330078,85.7841567993164,15273,4807,7722.64599609375,2430.61352539062,0,360,182.030548095703,0,123,101,,,0.510696828365326,0.621937692165375,0.885502815246582,0.687165319919586,81,0,40.9568748474121,0,2.81894540786743,22.5780870362833,435.573309202672,176.241471614722,,,,656.615532222569,265.679474015116,,,31578,431.942474499699
2014,DF,53001,Distrito Federal,62.452661715466,20.6316956900609,29.9272948471213,100,91.843115617169,98.057337287629,100,94.3444375474171,100,92.6017886291009,100,82.9712393958204,64.6430053710938,3.36530947685242,25.956485748291,69.5310897827148,,,,,,427.9853515625,88.7807846069336,84.5429534912109,0.682309865951538,316.169036865234,56.3309783935547,75.6012115478516,352.433441162109,64.2737274169922,81.5700988769531,138261,23046,4923.7548828125,820.714782714844,310,4938,175.852203369141,11.0397291183472,3874,8543,,,3.04233551025391,1.37960994243622,3.38510131835938,1.25352561473846,2740,802,97.5769577026367,28.5608463287354,32.7895622253418,,,,,,,,,,,86524,79.245299246192
2014,ES,32002,Metropolitana,59.7828983108455,45.6981684898915,41.35608763154,93.0336307481126,96.069133337493,98.7271479378549,96.3499095276721,96.5558120671367,100,96.9270605852624,75.510076745492,84.3264491171149,68.3798141479492,1.77998518943787,30.8057746887207,66.9916076660156,,,,,,563.247314453125,130.584609985352,117.773796081543,0.727149724960327,358.266204833984,65.5544586181641,88.6636581420898,400.097015380859,74.8522872924805,96.3023529052734,108890,17477,5185.76171875,832.322143554688,239,3273,155.87287902832,11.38210105896,2037,5282,,,2.51549196243286,0.970097959041595,2.50203824043274,1.01049482822418,1850,409,88.104133605957,19.478157043457,39.6563377380371,20.433840115732,437.562335305586,295.683790227988,,,,659.613937785022,445.735689465303,,,86575,111.4042195208
2014,ES,32003,Norte,80.2302026664623,100,69.6347502107118,,,,,,,,,,65.0073928833008,1.34713327884674,32.8076210021973,65.7138137817383,,,,,,578.692687988281,153.082992553711,130.656814575195,0.884582996368408,370.939270019531,77.2788848876953,97.6531829833984,412.434967041016,86.8096389770508,105.788429260254,28903,6971,7045.47412109375,1699.26989746094,10,627,152.839233398438,2.43762731552124,239,412,,,1.00430238246918,0.582592904567719,1.16043245792389,0.608919262886047,92,0,22.4261703491211,0,13.6689949035645,23.5268974893849,471.657042503651,294.579591584628,,,,711.010829742912,444.071138482561,,,32806,211.468854709857
2014,ES,32001,Central,87.3827210161066,98.90563561737,83.9916282322064,,,,,,,,,,69.52294921875,0.700881779193878,26.1021938323975,72.8351821899414,,,,,,578.882202148438,141.447067260742,118.815528869629,1.14493155479431,364.891845703125,69.5162887573242,89.0002365112305,404.956726074219,78.686637878418,95.9953765869141,34610,7380,5594.83740234375,1193.0048828125,65,878,141.932022094727,10.507495880127,495,1013,,,1.63755285739899,0.800186216831207,1.69000947475433,0.792871415615082,411,47,66.4397048950195,7.59772777557373,24.4420528411865,25.2580330154114,629.405236678465,369.700950401372,,,,948.812164872582,557.314649869958,,,34224,142.120894997915
2014,ES,32004,Sul,96.557515068881,96.0744168026405,84.0260175685643,100,99.6198594631955,100,100,100,100,100,100,89.263909687824,60.8979225158691,0.78269374370575,37.5258178710938,60.1804542541504,,,,,,645.385620117188,175.071517944336,142.893737792969,1.03969752788544,350.335784912109,74.3752365112305,97.1002655029297,389.645172119141,84.1455230712891,104.95622253418,50641,12077,7722.81982421875,1841.75854492188,59,1137,173.394012451172,8.99757862091064,644,1004,,,1.53111326694489,0.982108533382416,1.54724037647247,0.986836075782776,355,63,54.1379699707031,9.60758399963379,18.6019592285156,22.7559129829502,638.191314968108,373.393365634948,,,,962.056951342312,562.880870624438,,,36444,144.264725086385
2014,GO,52001,Central,71.3803681505047,42.7051627644791,56.4744876512416,100,100,99.6005630159394,96.8197207745273,94.2633240765397,100,91.0069616160079,88.8576102255868,84.1176246814015,70.8486175537109,7.51622438430786,21.7056999206543,70.2701721191406,,,,,,615.455139160156,132.934722900391,123.776489257812,1.20503926277161,400.3828125,68.5333251953125,100.746650695801,448.062622070312,78.6101760864258,109.04126739502,111105,20991,6242.4814453125,1179.38830566406,398,4080,229.236541748047,22.3617992401123,1836,5221,,,2.93344116210938,1.03156435489655,2.78165626525879,1.02056610584259,3469,491,194.907241821289,27.587043762207,27.9073009490967,18.8945168564012,734.224734800986,266.008082103585,,,,1106.82485548719,401.000324665621,,,51266,72.6908533122388
2014,GO,52011,Pirineus,64.0690252935151,64.7242762172945,60.9617673527448,100,100,100,95.9041515742547,100,100,100,97.7291724714405,76.2607968793536,64.7460708618164,2.69399333000183,40.3067817687988,56.6254196166992,,,,,,663.900939941406,158.647521972656,133.23112487793,1.48193883895874,437.066253662109,85.4378662109375,109.852813720703,487.299652099609,97.8425674438477,118.262252807617,33960,5998,6960.8134765625,1229.41577148438,73,750,153.728210449219,14.9628801345825,327,861,,,1.76479995250702,0.67025500535965,1.51263439655304,0.611274659633636,305,24,62.5161399841309,4.91930294036865,14.8220643997192,19.0492840260017,573.202512940743,256.171674577174,,,,864.088008043608,386.172193954545,,,25414,129.346524354812
2014,GO,52015,Sudoeste I,63.1204986518667,58.9653894324758,56.7977170155502,100,94.2411014103425,95.7018132975151,87.760241773002,88.9019476158496,100,90.3962390866353,100,74.798522498321,71.1509246826172,1.32098388671875,35.3325233459473,63.1491050720215,,,,,,564.471435546875,152.956604003906,111.04744720459,2.60067105293274,393.536682128906,91.3024978637695,95.2267684936523,438.722351074219,103.368850708008,102.887405395508,22414,5217,5307.0732421875,1235.2548828125,38,668,158.165664672852,8.9974479675293,313,389,,,0.921054482460022,0.741105556488037,1.33866631984711,0.820898711681366,284,9,67.2440795898438,2.13097453117371,22.3828086853027,24.5263002819701,736.696620602388,481.687318131328,,,,1110.55115959442,726.131211617692,,,17857,112.185804022345
2014,GO,52010,Oeste II,92.6327300759226,100,88.8679735749948,100,100,100,97.3958333333333,98.2638888888889,100,100,87.7604166666667,65.9722222222222,72.251708984375,2.95678544044495,30.7050800323486,66.1865081787109,,,,,,667.23388671875,196.139892578125,144.19416809082,1.34228193759918,352.269714355469,75.6542053222656,101.593589782715,393.457305908203,86.4406585693359,109.844192504883,7357,2028,6589.04638671875,1816.30920410156,0,210,188.079345703125,0,77,72,,,0.644843518733978,0.689624309539795,1.05010974407196,0.831131637096405,69,9,61.7975006103516,8.06054401397705,8.00411987304688,18.8662717456634,670.389503571333,379.413854638286,,,,1010.59489042083,571.956602556688,,,6846,151.848442668322
2014,GO,52003,Entorno Norte,82.1492659053834,88.8140293637847,82.1492659053834,100,89.0833115696004,93.4708801253591,88.8221467746148,100,100,99.5037868895273,78.9762340036563,71.45468790807,61.6494827270508,1.46907222270966,41.4690704345703,56.2886581420898,,,,,,509.1318359375,116.533721923828,100.460105895996,4.02525663375854,416.170196533203,80.9287033081055,95.3911209106445,463.906951904297,92.1466979980469,103.225128173828,10957,1828,4402.9658203125,734.564331054688,0,239,96.0398635864258,0,157,222,,,0.89208573102951,0.630889475345612,0.86576521396637,0.650780558586121,47,0,18.8864994049072,0,5.48472023010254,21.4221812680921,436.716084373907,184.246332825606,,,,658.338236326373,277.746595882554,,,21375,236.78987350314
2014,GO,52017,Sul,75.0674996795574,99.2210144178489,74.2885140974063,100,99.1309945284841,96.234309623431,97.5860959124557,95.3331187640811,100,96.234309623431,100,77.5024139040875,72.0794372558594,1.8107476234436,30.7242984771729,67.4065399169922,,,,,,716.064270019531,200.349578857422,129.856216430664,1.43926310539246,403.087097167969,89.9504165649414,91.7582702636719,450.687927246094,102.927124023438,98.4962997436523,14344,3498,5913.1982421875,1442.02233886719,10,387,159.537628173828,4.1224193572998,104,286,,,1.17901194095612,0.428731620311737,1.5805356502533,0.536532878875732,266,0,109.656356811523,0,20.6590919494629,19.6759495462467,563.748220672074,328.247672619072,,,,849.835906230613,494.824902499488,,,9393,101.629847806025
2014,GO,52004,Entorno Sul,63.0435983448497,61.2111823075687,52.8407721356259,100,86.565752128666,94.2683695994954,90.807316304005,100,100,90.6102175969726,14.0807316304005,50.9460737937559,51.0106582641602,4.02793073654175,44.8364562988281,49.9522247314453,,,,,,413.56298828125,93.5235824584961,79.4276275634766,3.17130994796753,405.612518310547,93.1587524414062,90.2989501953125,453.103912353516,105.354103088379,97.4068374633789,32990,4692,4043.69995117188,575.114868164062,0,242,29.6627883911133,0,349,573,,,0.702346205711365,0.427781522274017,0.577443778514862,0.412919491529465,239,22,29.2950668334961,2.69661712646484,9.80820941925049,18.7877345874245,327.956829460064,132.283828378493,,,,494.386463936769,199.414460298731,,,59500,207.711889323679
2014,GO,52014,Serra da Mesa,97.9045913513427,97.4896668612042,95.3942582125469,96.6501240694789,92.6178660049628,88.4615384615385,79.2803970223325,100,100,86.7866004962779,83.0645161290323,49.0074441687345,80.8093185424805,1.41017782688141,22.9920291900635,75.5364837646484,,,,,,572.25634765625,163.273147583008,108.048408508301,1.95804190635681,346.218292236328,73.0597381591797,82.2187118530273,386.472015380859,82.8469467163086,88.3192138671875,7404,1921,5925.85498046875,1537.48876953125,0,250,200.089645385742,0,69,85,,,0.680304765701294,0.552247405052185,0.899202823638916,0.640286862850189,58,12,46.4207954406738,9.60430240631104,7.97237157821655,20.8936018941397,665.951328415921,372.935901053618,,,,1003.90445581385,562.191254563957,,,8921,188.302006058222
2014,GO,52007,Nordeste II,81.6694389838198,100,81.6694389838198,100,93.9234808702176,89.7974493623406,91.072768192048,95.7239309827457,100,87.2468117029257,94.973743435859,62.3405851462866,57.1232872009277,2.32876706123352,44.2465744018555,52.9452056884766,,,,,,511.068145751953,108.226196289062,97.2031555175781,7.05882358551025,365.326110839844,61.6079139709473,80.7106170654297,406.124847412109,70.6098175048828,88.1962280273438,5947,2008,5959.455078125,2012.20556640625,0,181,181.379089355469,0,52,53,,,0.531110048294067,0.52108907699585,0.766852736473083,0.591486215591431,2,0,2.00418877601624,0,2.46014165878296,19.2494454465833,529.62115263678,274.72264636301,,,,798.390231145036,414.13730557881,,,12568,370.514007007857
2014,GO,52012,Rio Vermelho,88.5230304555751,98.698716335263,88.5230304555751,98.9583333333333,89.9038461538462,87.7003205128205,82.4519230769231,73.7580128205128,100,85.7371794871795,79.6474358974359,53.3653846153846,75.7200012207031,2.27999997138977,22.6399993896484,74.5599975585938,,,,,,651.255798339844,188.321044921875,139.591079711914,6.15744352340698,384.451965332031,90.1316146850586,104.17618560791,427.321380615234,101.536911010742,112.325546264648,15172,4554,7701.36669921875,2311.62817382812,10,509,258.370391845703,5.07603883743286,127,124,,,0.629428863525391,0.644656956195831,1.0079745054245,0.724096953868866,145,0,73.6025695800781,0,4.57503414154053,20.6203144230405,644.86328525633,332.584777733742,,,,972.114774512867,501.362976626177,,,15158,206.39014161704
2014,GO,52009,Oeste I,95.9795853706574,100,95.9795853706574,100,85.6515373352855,85.7979502196193,78.3308931185944,74.597364568082,98.5358711566618,80.7467057101025,100,61.2005856515373,66.2365570068359,3.44086027145386,33.6200714111328,62.8673820495605,,,,,,733.970458984375,227.84391784668,145.228759765625,2.48815155029297,384.915985107422,82.9345016479492,91.8532562255859,427.202056884766,94.0075454711914,99.5252914428711,6518,1713,5668.26953125,1489.68176269531,0,315,273.934478759766,0,80,98,,,0.85224062204361,0.695706605911255,1.0411684513092,0.750058710575104,76,0,66.0921325683594,0,4.47774171829224,21.7314171689493,721.488399448588,392.98427181889,,,,1087.62515835403,592.413656538797,,,7734,179.392066554995
2014,GO,52005,Estrada de Ferro,76.9675823220187,66.766289590351,59.3428436547178,100,93.4344827586207,98.9241379310345,91.6965517241379,85.2965517241379,100,87.2551724137931,100,69.7931034482759,77.8511581420898,1.0668021440506,24.4348487854004,74.3967514038086,,,,,,600.270202636719,144.844772338867,126.042816162109,3.71229696273804,370.003265380859,73.2175598144531,94.6721420288086,410.743621826172,82.4249572753906,102.067291259766,16392,3685,5707.44140625,1283.06018066406,15,543,189.064224243164,5.22276830673218,208,332,,,1.1559727191925,0.724223911762238,1.52861726284027,0.784111618995667,219,3,76.2524185180664,1.04455363750458,19.5853824615479,21.384381554007,719.110098173046,419.109885453143,,,,1084.03993050642,631.797345434927,,,11973,107.822817012938
2014,GO,52002,Centro Sul,62.33474179361,61.7267810945691,61.0684468517135,100,89.6303821208096,93.451590216457,89.3725091818395,100,100,95.5145737282176,72.4779245135579,64.4291630850981,65.7822570800781,4.91365909576416,31.6682720184326,62.8474006652832,,,,,,538.556091308594,126.202110290527,117.765205383301,1.78416013717651,422.289428710938,88.6398239135742,109.129135131836,470.651763916016,99.8397979736328,117.797637939453,55465,12115,6499.35009765625,1419.62731933594,65,911,106.750350952148,7.61665487289429,549,858,,,1.00539839267731,0.64331442117691,0.935295939445496,0.632885456085205,225,30,26.3653430938721,3.51537919044495,13.4830026626587,18.5783441866483,532.850026971313,230.361789501319,,,,803.257675946762,347.264457719036,,,35918,109.25479664119
2014,GO,52016,Sudoeste II,85.4906433051682,66.0406878384173,71.8479177760708,100,100,100,100,100,100,100,86.3636363636364,63.9633747547417,80.9440536499023,0.757575750350952,21.9988346099854,77.2144546508789,,,,,,590.641662597656,161.126312255859,108.655776977539,1.41509437561035,382.389007568359,81.3211517333984,89.3396682739258,426.302398681641,92.9834136962891,96.4634323120117,12748,2973,5919.41845703125,1380.48559570312,6,319,148.124755859375,2.78604555130005,164,232,,,1.07727098464966,0.761519134044647,1.25151491165161,0.792049527168274,241,0,111.90616607666,0,21.0991878509521,22.1089656926539,805.192161722764,463.293158647727,,,,1213.80642165342,698.402490495591,,,9244,110.332505289846
2014,GO,52018,São Patrício II,82.9095994117151,85.0348992803154,78.8771955203549,100,90.2752293577982,92.0642201834862,83.0275229357798,79.2201834862385,100,88.4862385321101,81.3302752293578,42.8899082568807,67.6698226928711,1.71969044208527,36.7153930664062,61.2209815979004,,,,,,510.830688476562,146.544921875,112.726860046387,2.32288026809692,352.377197265625,81.8310012817383,95.2317047119141,394.699798583984,94.2004013061523,102.408950805664,11180,3545,6633.0859375,2103.24584960938,0,366,217.147537231445,0,100,109,,,0.646696209907532,0.593299269676208,0.929106652736664,0.63245701789856,100,12,59.3299293518066,7.1195912361145,6.67165040969849,21.3142071569021,501.15425616571,270.55715667702,,,,755.477118743147,407.857937285695,,,10474,165.193877189056
2014,GO,52008,Norte,85.2193863736765,97.5489148247902,85.2193863736765,100,89.6236559139785,88.0645161290323,80.4301075268817,86.6129032258064,97.4731182795699,77.5268817204301,75.5376344086021,51.0752688172043,71.164306640625,1.30576717853546,31.6648540496826,67.0293807983398,,,,,,562.558349609375,134.666488647461,104.257919311523,6.04890584945679,337.885528564453,60.743034362793,77.9194869995117,378.044677734375,69.8787002563477,85.5773620605469,8488,2391,6145.42529296875,1731.11596679688,0,316,228.788223266602,0,93,99,,,0.716773211956024,0.673332393169403,1.00818860530853,0.810351967811584,117,0,84.7095642089844,0,5.42068815231323,19.623569754635,676.54419053456,339.231589142039,,,,1019.87292231728,511.382873433974,,,13475,264.694480940334
2014,GO,52006,Nordeste I,92.7398406199093,100,92.7398406199093,94.8396094839609,94.2817294281729,94.8396094839609,94.5606694560669,88.1450488145049,100,88.7029288702929,77.2663877266388,41.0041841004184,58.6834716796875,4.2016806602478,46.4986000061035,48.8795509338379,,,,,,594.895812988281,199.035781860352,97.3063812255859,4.83271360397339,401.915618896484,100.653274536133,78.6043930053711,442.073120117188,114.432144165039,84.4127807617188,1478,430,3268.60986328125,950.94873046875,0,85,187.978240966797,0,36,28,,,0.619222462177277,0.796143114566803,0.828762888908386,0.837056040763855,14,0,30.9611225128174,0,3.72639203071594,22.461539944474,606.929187497264,333.395225670884,,,,914.930100284212,502.584705993752,,,5952,404.569134131506
2014,GO,52013,São Patrício I,98.3895346744881,97.2193231847027,98.3895346744881,100,100,100,100,100,100,100,100,69.6848424212106,76.7898941040039,0.561534881591797,30.2292938232422,69.0219955444336,,,,,,657.946533203125,195.687606811523,130.256454467773,0.368324130773544,364.905090332031,86.9956359863281,91.4660186767578,405.525421142578,97.7395172119141,99.2658233642578,14440,4355,8748.38671875,2638.45043945312,4,538,325.944061279297,2.42337584495544,150,165,,,0.999642550945282,0.908765971660614,1.20305466651917,1.07416141033173,218,6,132.073989868164,3.63506388664246,8.00986289978027,19.7911654929868,705.200531769154,340.101718962186,,,,1063.07161781528,512.694571701263,,,13538,205.96373450385
2014,MA,21001,Açailândia,75.9890521789558,98.8854156352989,74.9282168064612,100,100,100,100,100,100,100,100,54.4523411371237,43.7638969421387,2.40549826622009,60.1576728820801,37.4166145324707,,,,,,421.946838378906,112.846252441406,97.075813293457,7.30896997451782,387.361968994141,95.4339141845703,99.5162734985352,431.247650146484,108.943115234375,106.377899169922,18852,5464,6606.76220703125,1914.88171386719,0,389,136.326675415039,0,120,117,,,0.410031408071518,0.420545011758804,0.404424130916595,0.461635768413544,213,0,74.6467437744141,0,5.30797910690308,22.1767639864779,460.519013667816,186.133071363952,,,,694.220538470612,280.590805578941,,,36120,367.225841097333
2014,MA,21005,Caxias,98.9930144828311,99.4570209362152,98.9930144828311,100,87.091960455139,86.3085245290058,81.7571348628987,92.8744637194553,100,89.7966797239321,89.9459056146241,54.0943853758627,45.3962707519531,6.50738143920898,52.6612281799316,40.656566619873,,,,,,509.500885009766,159.574462890625,121.771713256836,5.77806949615479,375.365447998047,90.3047256469727,110.760589599609,413.815307617188,102.290214538574,117.871803283691,18476,5647,6180.91796875,1889.13427734375,21,465,155.560012817383,7.02529096603394,240,209,,,0.699183702468872,0.802890419960022,0.652432084083557,0.804897606372833,23,6,7.69436645507812,2.00722599029541,3.66251850128174,16.5067457743992,769.808624499141,115.945017542678,,,,1160.4666516649,174.78412426533,,,46116,476.625947278993
2014,MA,21006,Chapadinha,99.789478939573,100,99.7015538062984,95.925569457812,86.4773820981713,90.1828681424447,86.6217516843118,95.8774462624318,100,90.8565928777671,85.1780558229066,31.9217196021816,40.561595916748,4.31748104095459,60.9316673278809,34.7021598815918,,,,,,402.195587158203,137.911331176758,94.2302551269531,6.55737686157227,297.739227294922,86.4459762573242,83.6696090698242,331.669769287109,98.3182220458984,89.8227691650391,20287,7777,5573.32080078125,2136.52661132812,0,469,128.845443725586,0,172,145,,,0.398349463939667,0.472524881362915,0.501027464866638,0.510024666786194,40,0,10.9889507293701,0,0.986258327960968,22.7014525534207,339.992266903954,133.317263421429,,,,512.529575545736,200.972336978496,,,63104,709.020317120499
2014,MA,21016,São Luís,55.6395587610148,54.1182065119496,44.2829145982088,100,78.727634194831,80.1970783991702,70.3906992825655,82.9544472296655,100,79.0949952459158,95.7558993862909,59.1883481718385,49.0720100402832,3.19889354705811,54.1447296142578,42.1700706481934,,,,,,530.378173828125,119.272666931152,124.337471008301,1.47948884963989,412.925933837891,78.4520950317383,118.435554504395,459.648651123047,88.5474395751953,127.521789550781,69543,6662,4960.87255859375,475.235931396484,251,3161,225.490966796875,17.9051666259766,1660,1914,,,1.36535811424255,1.184166431427,1.54021883010864,1.2260046005249,835,123,59.564998626709,8.774245262146,25.1198081970215,26.3954492658944,590.302689901227,313.828118167415,,,,889.866083877873,473.08779597655,,,128436,249.88226396172
2014,MA,21002,Bacabal,99.6870031985909,100,99.6870031985909,100,80.3248684511553,78.6547700754976,69.114619080302,80.9196980096088,100,80.6680393502631,73.6902310684054,16.2891786776481,46.3837547302246,2.9660050868988,60.4836883544922,35.3639068603516,,,,,,480.870147705078,174.282623291016,132.304885864258,3.66328907012939,361.859375,106.318458557129,115.07780456543,398.959197998047,118.322410583496,124.194961547852,16128,4688,6044.79638671875,1757.06872558594,0,304,113.939613342285,0,172,130,,,0.48724177479744,0.644658327102661,0.577194094657898,0.73723429441452,27,0,10.1196365356445,0,1.8065425157547,21.5285918174779,445.008016586277,140.71029371056,,,,670.838110326333,212.117139507653,,,44033,529.208211156896
2014,MA,21007,Codó,94.8246408740042,100,91.1539837327708,100,78.4915193071093,78.0043305665825,66.6726813424756,91.0682064236738,100,79.3576326236016,100,39.3720678455431,32.4909744262695,3.6642599105835,63.8808670043945,32.2563171386719,,,,,,512.423889160156,156.65625,135.264114379883,4.11046886444092,382.034301757812,99.1971664428711,118.51301574707,422.610046386719,110.405899047852,127.554008483887,17704,3380,5826.55908203125,1112.39099121094,20,527,173.440841674805,6.58219528198242,225,238,,,0.783281207084656,0.740496933460236,0.836843848228455,0.824255406856537,14,10,4.60753679275513,3.29109764099121,1.05446767807007,20.0273729393334,354.342279432063,105.51839440311,,,,534.161849412087,159.066258736324,,,52971,544.403820207543
2014,MA,21014,Santa Inês,96.2200093494311,100,96.2200093494311,98.4316654219567,66.4077669902913,65.4817027632562,56.370425690814,71.4264376400299,100,67.7371172516804,80.0448095593727,34.3988050784167,40.4419403076172,3.0846803188324,67.9964370727539,28.7854080200195,,,,,,451.794769287109,148.184539794922,109.651390075684,8.47166538238525,355.866607666016,102.251762390137,97.6148834228516,395.586791992188,114.86824798584,106.05297088623,27353,8661,7073.8076171875,2239.83666992188,0,792,204.820526123047,0,233,164,,,0.42412331700325,0.602565407752991,0.520132899284363,0.653447270393372,40,0,10.3444709777832,0,1.43839871883392,22.5975201350232,441.473138133028,142.232192801756,,,,665.509372206059,214.411363144964,,,58354,531.492333503144
2014,MA,21003,Balsas,94.9150349747276,100,94.9150349747276,100,100,100,100,100,100,100,100,56.2831389183457,53.0748977661133,1.29217517375946,58.1478805541992,40.4881553649902,,,,,,463.235809326172,104.616371154785,105.986885070801,12.919132232666,370.601898193359,70.0949249267578,95.3850250244141,407.92041015625,78.3298568725586,101.044273376465,14956,5406,6832.49951171875,2469.67724609375,0,313,142.990936279297,0,129,102,,,0.46597683429718,0.58932363986969,0.536672830581665,0.571735322475433,67,0,30.6082820892334,0,3.05580306053162,19.1119644714577,475.084724544872,226.889620437288,,,,716.177972036148,342.030252386027,,,30416,466.804233232132
2014,MA,21019,Zé Doca,100,100,100,100,88.8774246801486,90.7139909203467,92.117210070161,99.0301279405695,100,98.4316962443252,88.7742468014858,42.1584812216261,29.7313804626465,10.2157106399536,56.0236053466797,33.658935546875,,,,,,367.334716796875,120.725173950195,90.8018417358398,8.42696666717529,310.927276611328,92.7974090576172,84.7829360961914,346.8759765625,106.353790283203,91.5401763916016,17899,5454,6156.2958984375,1875.88354492188,0,512,176.100540161133,0,143,117,,,0.402417242527008,0.491843312978745,0.542833387851715,0.554957449436188,4,0,1.37578547000885,0,0.568543374538422,18.3904912421619,335.52231499828,138.765946990024,,,,505.791238307107,209.186086962062,,,46910,577.810527238731
2014,MA,21008,Imperatriz,85.6534299191246,87.371103100381,79.706319780473,100,95.8167330677291,95.7223736632418,96.4772488991403,100,100,100,100,47.7353742923045,53.9814910888672,1.45428657531738,53.137393951416,45.326961517334,,,,,,537.252624511719,139.948684692383,114.588851928711,7.23776245117188,405.120666503906,90.426872253418,105.933128356934,451.373291015625,102.059463500977,114.14860534668,35207,7325,6613.6552734375,1376.00549316406,115,1113,209.077697753906,21.6028156280518,444,446,,,0.837813556194305,0.834056556224823,0.977574408054352,0.833492994308472,309,32,58.0458297729492,6.01121854782104,8.52897930145264,25.0579947328054,605.881487168318,221.56820288263,,,,913.350719053622,334.008352636874,,,56885,341.066784416874
2014,MA,21009,Itapecuru Mirim,93.5252386779571,99.8517375864296,93.5252386779571,100,92.7769875138296,93.5356409040619,89.1891891891892,94.9265054528212,100,89.9162320214952,89.3156314208946,39.3867551762289,38.5777206420898,6.32473230361938,56.4348640441895,36.9572067260742,,,,,,397.931182861328,129.571594238281,100.024940490723,6.19891023635864,308.033599853516,83.8637008666992,91.6915893554688,342.139251708984,94.8878479003906,99.3651351928711,19969,6564,5413.0029296875,1779.30541992188,0,443,120.084136962891,0,210,146,,,0.395762622356415,0.569247603416443,0.509070038795471,0.59723562002182,13,0,3.52391386032104,0,1.15042233467102,19.9420157443772,334.224099249318,125.66392623456,,,,503.834211540466,189.435128513098,,,57144,596.171583837734
2014,MA,21011,Pinheiro,93.3804934905454,100,93.3804934905454,100,84.923572003218,81.6733708769107,62.3330651649236,93.419147224457,100,81.5124698310539,89.9115044247788,24.070796460177,33.4148712158203,4.56621026992798,69.8630142211914,24.1193733215332,,,,,,394.270599365234,126.702239990234,78.2875595092773,7.83801460266113,299.830718994141,81.6064682006836,69.7656173706055,334.213836669922,93.0353927612305,75.3477554321289,25474,9237,6560.1884765625,2378.75732421875,0,552,142.153732299805,0,189,150,,,0.386287301778793,0.486722022294998,0.484726190567017,0.520715296268463,22,0,5.66554737091064,0,0.837213397026062,25.1396418613206,388.976452428901,160.587223332374,,,,586.371972151324,242.081098379397,,,68803,634.967854960325
2014,MA,21004,Barra do Corda,89.293880477872,100,87.9508237384602,100,89.5385304659498,88.1720430107527,82.2132616487455,91.5322580645161,100,86.5591397849462,98.2974910394265,36.4023297491039,32.8300247192383,6.0181188583374,65.2070770263672,28.7316646575928,,,,,,461.500335693359,139.379302978516,107.521171569824,7.38255023956299,377.247131347656,102.255218505859,99.525390625,416.517517089844,114.75658416748,105.011085510254,18782,6392,8310.5458984375,2828.29345703125,0,433,191.591232299805,0,131,101,,,0.446898698806763,0.579640865325928,0.513933479785919,0.631520986557007,30,0,13.2742185592651,0,0.926540493965149,21.5956309268386,396.416277071558,120.519186032484,,,,597.587315961814,181.679565317278,,,34267,463.938279795377
2014,MA,21013,Rosário,100,100,100,96.3366947931673,83.9061535295328,83.597448034575,75.138917472731,87.3842354393908,100,83.3504836386088,80.5309734513274,40.4198394731426,37.2816696166992,2.1080105304718,68.0385437011719,29.7530612945557,,,,,,377.106658935547,119.909492492676,89.3238830566406,4.23963117599487,309.681488037109,86.505859375,84.9668960571289,344.327972412109,97.6445922851562,92.2318572998047,18634,7048,6476.5029296875,2449.62939453125,0,402,139.720626831055,0,172,144,,,0.500491797924042,0.597809672355652,0.688697576522827,0.627439439296722,22,0,7.64640235900879,0,2.09233379364014,21.7561399865289,354.202468787225,152.548370406643,,,,533.951088470057,229.962734878313,,,48419,663.74332205424
2014,MA,21018,Viana,97.9141483280774,100,97.9141483280774,100,99.6959716240182,100,87.6615150747403,100,100,99.2145933620471,88.1682290347099,29.4400810742336,33.395133972168,4.47276926040649,66.8829650878906,28.3661651611328,,,,,,434.700775146484,121.565673828125,103.87654876709,13.1601734161377,327.762878417969,77.0480499267578,91.6792144775391,361.856201171875,86.5684509277344,98.0318756103516,15331,5690,5770.04150390625,2141.51293945312,0,445,167.482116699219,0,136,98,,,0.368837028741837,0.511855483055115,0.555796027183533,0.560782849788666,6,0,2.25818586349487,0,0.638690233230591,20.79100142468,417.312004638545,127.056089017695,,,,629.087086465868,191.5337780113,,,51920,696.243731519943
2014,MA,21015,São João dos Patos,97.4850691731976,100,97.4850691731976,100,88.7272727272727,93.0909090909091,79.5844155844156,86.1558441558442,100,90.7272727272727,94.7532467532468,28.3896103896104,55.2159156799316,2.49878692626953,51.7224655151367,45.4876289367676,,,,,,449.360961914062,139.571105957031,100.226127624512,6.35944700241089,318.792358398438,75.9065322875977,85.2619094848633,351.818145751953,84.9257736206055,90.8280715942383,18300,8080,7579.08349609375,3346.39306640625,0,588,243.524642944336,0,146,101,,,0.41829913854599,0.60467004776001,0.588000178337097,0.669278621673584,6,5,2.48494529724121,2.07078790664673,1.08716356754303,22.0237295568841,430.545112276231,164.906099346187,,,,649.035655009663,248.591692606586,,,41700,602.673830144922
2014,MA,21010,Pedreiras,100,100,100,100,90.5498281786942,93.3276059564719,90.6071019473081,94.9599083619702,100,92.6975945017182,100,26.7182130584192,57.3976020812988,1.44887149333954,48.0356636047363,50.4876022338867,,,,,,489.888031005859,143.572052001953,137.150299072266,4.49438190460205,338.621612548828,73.3189086914062,110.086128234863,374.798065185547,82.9045181274414,119.600929260254,19102,8788,8762.0234375,4031.02612304688,0,480,220.174392700195,0,165,100,,,0.458696663379669,0.756849467754364,0.717630922794342,0.895490527153015,73,0,33.4848556518555,0,1.2719658613205,23.058276582355,525.021584368135,173.388081535438,,,,791.456500581428,261.378062046193,,,36831,526.739380494108
2014,MA,21012,Presidente Dutra,97.1365256700261,100,97.1365256700261,100,100,100,100,100,100,100,76.7980935875217,52.2963604852686,48.2592277526855,1.59395968914032,49.4546966552734,48.6367454528809,,,,,,443.837005615234,132.139999389648,121.680374145508,3.14218378067017,324.274688720703,77.0881271362305,101.804542541504,356.873016357422,86.010871887207,109.761848449707,20161,7296,7029.220703125,2543.7822265625,10,652,227.322647094727,3.48654365539551,248,135,,,0.470683395862579,0.864662826061249,0.729907929897308,0.9117311835289,10,2,3.48654365539551,0.697308719158173,1.00168395042419,22.531690575892,441.532293960792,178.950753931023,,,,665.59854809106,269.763647247207,,,47339,518.43906022778
2014,MA,21017,Timon,100,100,100,84.7423203858847,92.4854023863925,97.5120588981975,90.02284843869,96.9281543538969,100,98.1975120588982,77.0753998476771,54.7854785478548,37.1289672851562,4.52917098999023,59.5445251464844,34.5189361572266,,,,,,487.70849609375,186.440475463867,111.535026550293,3.12236285209656,364.655487060547,115.566291809082,104.408203125,402.227569580078,127.938621520996,112.804328918457,11438,2146,4707.51904296875,883.225708007812,0,224,92.1913146972656,0,181,246,,,1.01245820522308,0.744938731193542,0.684952676296234,0.662213504314423,15,0,6.17352533340454,0,6.10602807998657,17.1359685631402,357.936361124191,111.807916842218,,,,539.579834888397,168.547551635883,,,35368,434.468099043117
2014,MG,31074,Patrocínio / Monte Carmelo,82.656951666658,93.5033979898921,75.4536303466836,100,100,100,100,100,100,100,100,100,82.2040786743164,0.653061211109161,19.3877544403076,79.7959213256836,,,,,,632.346740722656,156.905960083008,106.528129577637,7.38589191436768,367.718597412109,69.9945831298828,80.6571273803711,408.115142822266,78.485466003418,86.065788269043,13638,2851,7156.80078125,1496.11669921875,10,235,123.320739746094,5.24769115447998,146,213,,,1.11775815486908,0.766162872314453,1.21628355979919,0.805782973766327,152,28,79.7649002075195,14.6935348510742,14.6856632232666,24.8133365022632,668.926013900054,353.145163455305,,,,1008.38871747794,532.357227945151,,,9252,121.149411997751
2014,MG,31024,Sete Lagoas,88.7963614955731,81.229149591938,79.1307760680603,100,100,96.0085254795582,99.4380933927533,99.8643673706646,100,100,98.992443324937,75.7798876186786,60.6672859191895,4.65245580673218,29.0639476776123,66.0055618286133,,,,,,592.712524414062,133.487564086914,102.48698425293,7.61124134063721,341.516632080078,61.1343994140625,77.8527450561523,381.780914306641,70.024284362793,83.9300308227539,26885,4973,6219.7802734375,1150.49157714844,28,389,89.9942169189453,6.47773265838623,349,424,,,0.980913817882538,0.807403147220612,1.28675532341003,0.804626941680908,115,9,26.6049747467041,2.08212828636169,24.4328517913818,27.4998139032015,727.929717666944,392.613094669867,,,,1097.3352794767,591.854116557569,,,18240,110.088465162589
2014,MG,31059,Manhuaçu,96.0488287304235,100,94.2716282639822,100,90.9688361246555,93.2796268814925,91.435234259063,89.2304430782277,100,92.4104303582786,100,45.4738181047276,76.5426940917969,0.685643076896667,23.4780807495117,75.7947235107422,,,,,,623.446960449219,183.174652099609,112.22045135498,9.2380952835083,354.181732177734,80.5107040405273,86.5842742919922,393.931732177734,91.4299087524414,93.2011413574219,22884,4483,6793.79052734375,1330.91076660156,20,539,160.018051147461,5.9375901222229,268,294,,,0.872825741767883,0.79563707113266,1.10424327850342,0.798457384109497,135,6,40.0787315368652,1.78127694129944,7.33351755142212,24.9539166240089,554.66417159963,281.925422160917,,,,836.141936489085,424.995304368221,,,31828,233.351612910867
2014,MG,31060,Ponte Nova,95.2229006510465,96.1199286423658,92.9469967263766,84.1649484536082,90.639175257732,87.7938144329897,85.1134020618557,83.4639175257732,88.4123711340206,85.7731958762887,65.6907216494845,59.0927835051546,76.9133224487305,0.845665991306305,26.4693450927734,72.642707824707,,,,,,750.565490722656,219.654907226562,129.456192016602,6.72478199005127,354.434844970703,70.5943069458008,85.2018280029297,394.368713378906,80.353630065918,92.4074249267578,13948,2883,6518.60986328125,1347.37255859375,24,328,153.291091918945,11.2164211273193,156,241,,,1.12631559371948,0.729067325592041,1.43441665172577,0.970687747001648,141,12,65.8964691162109,5.60821056365967,13.1699476242065,22.9747725878442,712.805169202597,328.329942165149,,,,1074.53541265813,494.948921718852,,,17565,223.159980871622
2014,MG,31037,Ipatinga,77.782223347683,77.4061787794378,70.8538870600152,34.2627245508982,43.562874251497,38.435628742515,37.9491017964072,55.9318862275449,51.2724550898204,48.7275449101796,7.29790419161677,27.8817365269461,69.2609939575195,1.15996253490448,25.4630489349365,73.0215148925781,,,,,,527.689086914062,141.377014160156,104.06566619873,2.83790278434753,311.310791015625,66.4133911132812,79.248405456543,346.832946777344,74.9107055664062,85.3560256958008,24429,4189,6200.537109375,1063.24658203125,30,459,116.502784729004,7.61456108093262,303,555,,,1.40869379043579,0.769070684909821,1.46764314174652,0.756760478019714,207,20,52.540470123291,5.07637405395508,32.9829788208008,21.9515453751894,829.471998075561,328.657017495817,,,,1250.40764889173,495.441979346089,,,23763,163.470606841768
2014,MG,31081,Santa Maria do Suaçuí,82.4722921358237,100,81.6112509383141,87.5444839857651,84.1637010676157,84.5195729537367,87.9003558718861,88.0782918149466,100,88.0782918149466,82.0284697508897,80.4270462633452,44.7852745056152,0.613496959209442,50.1022491455078,48.8752555847168,,,,,,566.198181152344,176.797058105469,67.1381225585938,18.577075958252,281.820007324219,54.954460144043,54.1128959655762,314.561584472656,60.5444984436035,58.0742416381836,3505,1712,7843.97119140625,3831.34912109375,0,53,118.610687255859,0,28,22,,,0.492346256971359,0.626622498035431,0.653477787971497,0.60983794927597,3,0,6.71381235122681,0,2.18422698974609,17.3392037267218,384.465727518504,201.821309666268,,,,579.57217065942,304.240420293318,,,5785,392.88089592615
2014,MG,31072,Uberaba,74.7763696409758,57.2926797147257,58.0947605154388,100,97.5542946585795,100,95.9303463118763,96.2433965955782,100,100,94.7368421052632,66.8753668558012,59.9815330505371,2.88088631629944,26.1680507659912,68.0147705078125,,,,,,656.529724121094,141.099624633789,132.0126953125,7.34332942962646,371.764434814453,65.0151824951172,95.1247482299805,413.907287597656,74.1647872924805,103.35954284668,21869,3612,5520.04931640625,911.720581054688,55,631,159.273452758789,13.8827886581421,493,1113,,,2.80937170982361,1.24440276622772,3.08532357215881,1.27437686920166,450,65,113.586456298828,16.4069328308105,34.0039978027344,26.3303827179303,712.839019637791,398.234357596593,,,,1074.58644131634,600.328025473502,,,10013,66.6741955842446
2014,MG,31089,Campo Belo,100,100,100,43.4137291280148,93.4137291280148,95.7328385899814,95.8256029684601,91.5584415584416,100,97.4025974025974,23.5621521335807,59.9257884972171,80.9386978149414,0.670498073101044,21.9348659515381,77.3946380615234,,,,,,795.579895019531,246.129333496094,119.490173339844,3.85109114646912,340.783935546875,75.3093795776367,70.5185470581055,379.640838623047,85.6687622070312,76.9118576049805,6355,1319,6490.2568359375,1347.07299804688,10,118,120.511459350586,10.2128353118896,92,104,,,1.06213486194611,0.939580857753754,0.89387845993042,0.96460235118866,28,1,28.5959396362305,1.02128350734711,11.5006742477417,29.3864654292048,690.606426273485,343.833101344333,,,,1041.07138009435,518.319534427433,,,5300,134.377725777231
2014,MG,31062,Águas Formosas,99.5003747189608,93.511533016904,96.3843783828795,100,100,100,100,100,100,100,100,100,59.2289733886719,1.1682243347168,26.2850475311279,72.4299087524414,,,,,,675.72119140625,197.155563354492,143.232681274414,9.47630882263184,381.251037597656,86.9420700073242,102.822883605957,413.299407958984,94.6801300048828,107.214042663574,3379,1482,5693.92041015625,2497.30395507812,0,101,170.194122314453,0,29,29,,,0.488676190376282,0.488676190376282,0.577986001968384,0.914161503314972,9,0,15.1658124923706,0,2.95059323310852,20.0695538660567,524.872183038904,278.49463314111,,,,791.231281929975,419.82347838488,,,8756,469.000442509637
2014,MG,31068,Pedra azul,100,100,100,91.6230366492147,100,100,100,100,100,100,81.544502617801,86.6492146596859,28.8918209075928,0.659630596637726,23.8786277770996,74.8021087646484,,,,,,511.715606689453,137.830520629883,95.0555267333984,11.764705657959,326.750793457031,70.2135925292969,74.8307647705078,365.704925537109,81.0560455322266,82.5640411376953,4468,1654,7078.46826171875,2620.36401367188,0,155,245.560119628906,0,47,36,,,0.570333182811737,0.744601666927338,0.731927573680878,0.769949793815613,10,0,15.8425884246826,0,3.65646934509277,17.7326094240628,464.764461714429,187.748166021654,,,,700.620441930612,283.025519129681,,,9823,487.952454026143
2014,MG,31040,Resplendor,94.5604110842789,99.6328029375765,90.3359908255869,88.7728459530026,93.2985204525674,92.7763272410792,93.9947780678851,95.213228894691,100,95.3002610966057,87.3803307223673,84.3342036553525,72.0285949707031,0.804289519786835,31.0098304748535,68.0071487426758,,,,,,710.956115722656,214.62825012207,136.378372192383,3.93081760406494,368.179870605469,71.8820114135742,89.624626159668,409.495391845703,82.300178527832,97.3504638671875,8646,2162,9664.978515625,2416.8037109375,0,131,146.439071655273,0,78,76,,,0.849570155143738,0.871927320957184,0.836994290351868,0.888136208057404,22,0,24.5928211212158,0,8.60860538482666,20.3934244649969,518.942706311348,267.392607162923,,,,782.292748656684,403.08746049214,,,8697,252.046497041193
2014,MG,31008,São Lourenço,88.9262722256284,91.1894543225015,88.9262722256284,98.0755523877406,100,100,100,100,100,99.3941553813257,95.4739843193157,77.3699215965788,79.7168121337891,0.849557518959045,16.353982925415,82.6194686889648,,,,,,770.048095703125,248.053634643555,150.686782836914,3.7129955291748,351.556427001953,85.8742828369141,95.2415771484375,391.787811279297,97.7607650756836,103.183486938477,19971,4497,7716.322265625,1737.53454589844,30,590,227.962051391602,11.5912914276123,216,351,,,1.35618102550507,0.834572970867157,1.57496666908264,0.947008490562439,131,2,50.6153030395508,0.77275276184082,25.1507835388184,24.1663086417667,493.446598404286,314.728023443492,,,,743.858023412281,474.444379975883,,,15402,151.154806158999
2014,MG,31006,Poços de Caldas,76.0061791877666,56.8884491714074,59.6951195698869,100,100,100,100,100,100,100,91.6909620991254,87.9008746355685,79.6759948730469,0.441826224327087,16.5684833526611,80.3387298583984,,,,,,703.560424804688,180.132354736328,134.881713867188,5.00927639007568,338.772613525391,65.1280746459961,85.1927261352539,376.493316650391,73.4310989379883,92.7845153808594,13101,2112,5700.275390625,918.936096191406,42,325,141.408248901367,18.2742977142334,228,481,,,2.09284210205078,0.992033302783966,2.17681694030762,0.923613429069519,314,27,136.622131347656,11.7477626800537,38.6057586669922,29.4672669535914,855.090030960685,450.527110321664,,,,1289.02617289668,679.158001820788,,,6327,73.1582127467988
2014,MG,31041,Além  Paraíba,89.8140929015715,80.2328603357763,79.8863419789663,100,100,100,100,100,100,100,81.2939521800281,57.8059071729958,72.8512954711914,1.77353346347809,26.4665756225586,71.4870376586914,,,,,,837.993713378906,215.634368896484,234.918746948242,2.71966528892517,409.177642822266,92.6735992431641,149.648712158203,450.124084472656,102.819931030273,162.473922729492,4323,1421,7578.75927734375,2491.1904296875,5,103,180.571868896484,8.765625,48,95,,,1.66546869277954,0.841499984264374,1.50768744945526,0.761732816696167,40,0,70.125,0,18.8986873626709,24.704776000519,567.579306189488,354.770565352697,,,,855.61116886232,534.80747939395,,,3913,182.238544862076
2014,MG,31001,Alfenas / Machado,74.8563884465765,69.7915196957787,68.4393875261188,100,100,100,100,100,100,100,100,98.3152484294689,76.5720977783203,1.05293941497803,21.9654865264893,76.5136032104492,,,,,,672.178527832031,184.028747558594,126.858047485352,6.29089069366455,338.450164794922,68.186279296875,83.6214904785156,377.462890625,78.0708084106445,91.1643524169922,20162,4234,6820.5654296875,1432.31188964844,36,523,176.924697875977,12.1783723831177,223,434,,,1.46817052364349,0.7543825507164,1.46783220767975,0.748969912528992,135,0,45.6688957214355,0,17.3298244476318,26.9107801721457,660.010377091097,330.389324932734,,,,994.948624881055,498.053388139127,,,14789,129.207933934535
2014,MG,31013,Barbacena,88.6209520732272,84.017465021066,79.4216306071518,100,100,100,100,100,100,100,100,88.2890365448505,69.4288024902344,2.05148839950562,32.3008842468262,65.6073989868164,,,,,,732.142761230469,211.936065673828,152.422714233398,3.68421053886414,376.428894042969,84.7835006713867,104.315925598145,421.371246337891,96.220588684082,113.364303588867,12281,2774,5258.1552734375,1187.6982421875,38,449,192.240997314453,16.2698402404785,274,538,,,2.303466796875,1.17314112186432,2.50213003158569,1.19272911548615,168,2,71.929817199707,0.856307327747345,20.034595489502,22.1263147705188,718.430076821226,257.429201964525,,,,1083.01481585313,388.067884065222,,,16262,173.027886616604
2014,MG,31094,Almenara/Jacinto,96.3678740816516,100,96.3678740816516,100,100,100,100,100,100,100,96.0287081339713,77.3205741626794,51.599796295166,0.964956820011139,23.3113250732422,74.6571884155273,,,,,,595.871215820312,169.829177856445,84.0331192016602,22.2879676818848,316.644622802734,63.6313400268555,61.2305564880371,351.051452636719,71.1750946044922,66.7996673583984,11776,3708,6920.09814453125,2178.98461914062,0,379,222.717147827148,0,113,109,,,0.640532195568085,0.664037942886353,0.832104206085205,0.717807412147522,115,0,67.5790786743164,0,3.54878330230713,20.4389141925241,506.362321445135,226.761920450329,,,,763.328142860212,341.837747948472,,,24994,439.343784179162
2014,MG,31036,Governador Valadares,86.6587841397315,79.8089462778474,80.3371536273282,100,99.8219690226099,98.5935552786185,97.7390065871462,100,100,97.6143849029731,100,80.7904575396119,72.3218841552734,1.19596791267395,33.1283111572266,65.2827606201172,,,,,,665.851257324219,184.171630859375,121.836616516113,4.60992908477783,377.600799560547,77.7746963500977,91.8602142333984,418.316345214844,88.6654891967773,98.2028198242188,27389,5555,6467.021484375,1311.63256835938,38,511,120.656028747559,8.97246360778809,411,608,,,1.43559420108795,0.970442831516266,1.58334469795227,0.927882611751556,254,20,59.9738388061523,4.72234964370728,19.6119174957275,17.93353634222,649.761940370545,203.503223777169,,,,979.49937078412,306.775862446796,,,34610,234.606463148949
2014,MG,31092,Passos,82.2836624428529,72.3253206522264,70.7396990170209,100,100,100,100,100,100,100,100,100,72.6599044799805,2.61310458183289,14.664587020874,82.6833038330078,,,,,,698.753967285156,163.641479492188,119.453430175781,9.24252986907959,363.919830322266,66.3402481079102,84.9302978515625,403.211547851562,74.3893127441406,91.3269805908203,14530,2867,7055.521484375,1392.16662597656,38,334,162.18473815918,18.4521560668945,252,342,,,1.66069400310516,1.2236692905426,1.90130043029785,1.18494403362274,131,23,63.6113777160645,11.1684103012085,15.2278842926025,28.8887697480772,581.975612974478,396.457030803582,,,,877.313230127206,597.648751161992,,,7069,86.7358168831461
2014,MG,31095,Serro,89.5878734113745,93.5914990453783,89.5878734113745,83.6304700162075,100,100,100,100,100,100,84.1166936790924,94.9756888168558,67.7966079711914,1.84899842739105,23.5747299194336,74.1140213012695,,,,,,494.301788330078,111.806358337402,62.768482208252,15.0793647766113,283.911895751953,40.7573356628418,50.662052154541,311.147888183594,44.8615303039551,54.2368850708008,3762,848,7379.2197265625,1663.36474609375,0,79,154.959686279297,0,50,37,,,0.725760579109192,0.980757534503937,0.869441568851471,0.892489373683929,19,0,37.2687873840332,0,10.0664949417114,19.5745202604936,726.62768292212,474.083520020078,,,,1095.37249567227,714.668682031407,,,5308,323.595702370384
2014,MG,31090,Lima Duarte,99.5660678862685,98.5328961869076,97.3068657703328,100,100,100,100,100,100,100,100,100,63.2592582702637,1.33333337306976,23.1111106872559,75.4074096679688,,,,,,772.35205078125,233.664474487305,130.124526977539,7.60869550704956,340.016387939453,74.0589981079102,85.8622283935547,377.218566894531,82.744987487793,92.0466384887695,4984,1375,6973.55517578125,1923.88415527344,0,130,181.894500732422,0,68,77,,,1.07737517356873,0.951448142528534,1.13928925991058,0.86574786901474,55,0,76.9553680419922,0,7.26598596572876,23.3078603725904,691.208032021164,437.050362787109,,,,1041.97828524638,658.842152414796,,,6498,232.213441487163
2014,MG,31099,Teófilo Otoni / Malacacheta,94.5878225120499,100,88.0702438332861,100,100,96.429552320791,98.5718209283164,99.0112606426806,100,100,100,80.4449327107937,57.1922378540039,3.11087465286255,37.3039093017578,59.1066207885742,,,,,,728.23974609375,209.297241210938,117.192123413086,13.0905513763428,413.453002929688,94.3194274902344,90.015266418457,457.586853027344,105.955749511719,96.6775054931641,15470,3546,5544.2265625,1270.83569335938,31,481,172.383514404297,11.109956741333,261,294,,,1.05365395545959,0.935386657714844,1.34968054294586,1.0945098400116,63,0,22.5782985687256,0,11.355809211731,21.6818959796731,661.636986965329,188.520586542507,,,,997.400697323791,284.189923147751,,,28408,320.357717175187
2014,MG,31035,Coronel Fabriciano/Timóteo,91.9637838977097,68.7078474076156,66.1830827595897,98.9601386481802,97.8856152512998,98.3362218370884,98.578856152513,96.5337954939341,100,98.5441941074523,86.6551126516464,72.9636048526863,67.6955490112305,0.947036147117615,28.7618370056152,69.7299194335938,,,,,,581.616333007812,170.595672607422,125.074028015137,3.41945290565491,340.224487304688,77.4791259765625,97.195556640625,376.583862304688,86.1240386962891,104.75464630127,11504,1986,5084.28125,877.727966308594,18,110,48.6153450012207,7.95523834228516,149,273,,,1.20654451847076,0.658516943454742,1.33625912666321,0.713430225849152,82,8,36.2405319213867,3.53566145896912,32.3729591369629,21.8507044064758,392.37029602907,255.076047064167,,,,591.48810386721,384.520563729803,,,10199,113.853797904915
2014,MG,31045,Muriaé,100,92.4933538547642,100,100,87.1832358674464,85.7212475633528,78.2651072124756,81.7738791423002,100,82.9922027290448,99.2690058479532,57.1637426900585,51.5768051147461,1.3733469247818,23.5503559112549,75.0762939453125,,,,,,722.260986328125,205.354476928711,133.187042236328,3.08692121505737,356.301849365234,85.2480392456055,93.7075424194336,394.929504394531,94.7139053344727,100.138999938965,12638,3550,7415.056640625,2082.88110351562,45,396,232.34391784668,26.402717590332,193,247,,,1.44921588897705,1.13238322734833,1.64459598064423,1.18196165561676,249,24,146.095031738281,14.081449508667,14.5473108291626,23.5143456593956,483.149711063435,272.172351733735,,,,728.335731254562,410.29280218536,,,10495,162.876186616448
2014,MG,31046,Santos Dumont,79.2906597751249,74.8182291566219,70.6119457676805,100,100,100,100,100,100,100,100,71.0382513661202,53.5830612182617,5.0488600730896,32.8990211486816,61.7263832092285,,,,,,816.526306152344,221.264923095703,193.851577758789,8.39328575134277,428.001831054688,88.3561859130859,130.869262695312,469.655731201172,99.7376937866211,139.309448242188,3551,872,6953.20166015625,1707.46032714844,6,56,109.653419494629,11.7485799789429,36,62,,,1.2140200138092,0.704914808273315,1.49255919456482,0.786665380001068,24,0,46.9943199157715,0,25.6079883575439,22.4950566614608,447.487115829669,257.6387799892,,,,674.57528851136,388.383817533382,,,2929,152.201527493544
2014,MG,31064,Araçuaí,99.7892449040076,100,99.7892449040076,100,100,100,100,100,100,100,100,100,57.8571434020996,1.63265311717987,28.0612239837646,70.1020431518555,,,,,,604.293518066406,125.755363464355,64.547004699707,21.9152851104736,352.567260742188,60.3124580383301,53.097728729248,390.713806152344,67.8727111816406,56.4800033569336,6199,1754,6898.7392578125,1951.99035644531,0,160,178.060699462891,0,67,84,,,0.934818685054779,0.745629191398621,0.792648315429688,0.778459131717682,16,0,17.8060703277588,0,2.62750816345215,22.8684459996497,523.550793459307,220.260728205916,,,,789.239321211195,332.03736827539,,,11503,350.190335048504
2014,MG,31075,Uberlândia / Araguari,56.6728622170509,44.9815463584853,45.6978321742218,100,98.4599137551703,98.8295344539294,97.2278447593065,95.3797412655109,100,98.1518965062044,100,73.3521077180322,83.9011840820312,0.654895126819611,13.2802782058716,85.9321899414062,,,,,,596.565490722656,119.982231140137,121.943481445312,4.64126873016357,345.125762939453,57.5655937194824,87.533317565918,385.828430175781,65.4506912231445,95.1980285644531,53214,9083,6139.16796875,1047.88330078125,155,1220,140.748382568359,17.8819675445557,790,2069,,,2.38695430755615,0.911403477191925,2.49877429008484,0.889051020145416,584,79,67.374641418457,9.11403465270996,32.7641487121582,29.6729680701111,738.823801703949,430.516124035708,,,,1113.75783025496,648.991955984546,,,21503,61.6715223854388
2014,MG,31061,Viçosa,84.6175876629337,82.0840829814577,84.6175876629337,100,100,100,100,100,100,100,99.5594713656388,60.1006922592826,73.5026016235352,1.171875,27.734375,71.0286483764648,,,,,,612.163391113281,136.775650024414,88.7193374633789,8.33333301544189,320.610992431641,49.5579032897949,65.4313125610352,355.136108398438,56.622932434082,70.2461929321289,7498,1143,5543.47998046875,845.051696777344,19,141,104.245223999023,14.0472278594971,83,153,,,1.13117158412933,0.61364209651947,1.44797348976135,0.761137962341309,127,5,93.8946304321289,3.69663906097412,24.371940612793,24.3482083549432,672.749870549216,278.228795347954,,,,1014.15308277716,419.422734766412,,,10060,207.753793000418
2014,MG,31082,São Gotardo,89.7421685976487,89.7421685976487,89.7421685976487,100,100,100,100,100,100,100,100,60.3951890034364,78.7234039306641,0.818330585956573,23.3224220275879,75.6137466430664,,,,,,657.937194824219,188.135635375977,107.506072998047,4.73856210708618,344.8154296875,76.6258087158203,77.7593002319336,386.514099121094,86.7678833007812,82.8798599243164,4884,979,5250.5966796875,1052.48449707031,0,103,110.731254577637,0,66,80,,,0.860048592090607,0.709540069103241,0.975348889827728,0.725934743881226,66,0,70.9540100097656,0,7.35556554794312,26.035174181706,687.867665230038,406.723810110189,,,,1036.94276844121,613.125656234434,,,4673,118.169558244179
2014,MG,31086,Divinópolis,81.73462095142,46.0167318283096,60.0529100529101,100,100,100,100,100,100,100,100,77.7070063694268,82.0826187133789,1.44219017028809,22.2928371429443,76.2160873413086,,,,,,602.913513183594,157.399108886719,113.027549743652,6.61362504959106,329.255767822266,64.6393432617188,80.0384902954102,366.863372802734,73.5078735351562,86.6343231201172,12369,2209,3708.32299804688,662.275451660156,22,362,108.530433654785,6.59577226638794,462,613,,,1.83782196044922,1.38511216640472,2.0310480594635,1.47325563430786,344,16,103.133888244629,4.79692506790161,52.4489784240723,26.7070270300981,657.258692015978,297.803755617109,,,,990.800530583413,448.931482625401,,,6821,50.1125363204634
2014,MG,31070,Araxá,79.4108593080983,77.4496689371848,62.6461517795676,75.7320319432121,88.5980479148181,88.7311446317657,85.3149955634428,83.9396628216504,97.0718722271517,83.717834960071,59.0062111801242,69.2102928127773,69.4610748291016,2.13858008384705,22.4550895690918,74.9786148071289,,,,,,678.373046875,168.616180419922,108.316352844238,11.1934156417847,407.343353271484,80.3844223022461,86.7675628662109,451.800628662109,90.5930252075195,93.525634765625,10978,3112,6129.365234375,1737.5283203125,17,331,184.807800292969,9.49163913726807,166,219,,,1.22274649143219,0.926830649375916,1.26978588104248,0.949163913726807,83,2,46.3415298461914,1.11666345596313,25.2862854003906,19.8206852315467,541.27152269959,400.834223895471,,,,815.952863606114,604.247256880657,,,7210,111.176629438179
2014,MG,31002,Guaxupé,68.9784682210863,60.9260117446067,55.5323460854769,93.6867182846933,93.7462775461584,95.0565812983919,92.9124478856462,92.3168552709946,100,92.3764145324598,84.5741512805241,82.5491363907088,83.6329803466797,0.371977686882019,9.7334156036377,89.8946075439453,,,,,,675.562377929688,199.105773925781,149.503982543945,3.41261625289917,316.342987060547,78.0272445678711,90.3045883178711,351.305084228516,87.0223007202148,98.0664672851562,9684,2308,6765.404296875,1612.40747070312,7,205,143.216430664062,4.8903169631958,99,160,,,1.11778676509857,0.69163054227829,1.28108847141266,0.697219491004944,83,1,57.9851875305176,0.698616743087769,15.6231660842896,27.7308775244468,499.700920222558,365.863841810247,,,,753.28625228359,551.530307609939,,,5955,111.368022412695
2014,MG,31087,Lagoa da Prata/Sto Ant do Monte,90.3387561361516,83.8784534869569,87.0282770092093,100,100,100,100,100,100,100,100,57.8762306610408,80.7692337036133,1.55195677280426,17.8137645721436,80.5668029785156,,,,,,608.766235351562,175.324676513672,102.272727966309,5.06666660308838,345.096954345703,78.5472946166992,74.6181488037109,387.180480957031,90.6373672485352,82.1356582641602,7130,1477,5787.337890625,1198.86364746094,10,142,115.259742736816,8.11688327789307,97,100,,,0.811688303947449,0.78733766078949,1.01501619815826,0.848214268684387,42,0,34.0909080505371,0,27.6696434020996,27.6309588596019,582.544554211055,373.102681085427,,,,878.17089437101,562.442671161431,,,4365,91.4155122722484
2014,MG,31044,Leopoldina / Cataguases,94.7153911062823,78.4732984408694,93.0608485597207,100,100,100,100,100,100,100,100,90.108803165183,74.1370391845703,1.80319428443909,25.6053581237793,72.4368896484375,,,,,,750.350158691406,212.87712097168,162.853775024414,4.44444465637207,343.506652832031,77.2686767578125,100.292411804199,380.966247558594,86.6713027954102,108.120185852051,12662,3555,7037.728515625,1975.92211914062,16,204,113.386245727539,8.89303874969482,133,256,,,1.42288625240326,0.7392338514328,1.51195561885834,0.792592108249664,97,2,53.9140472412109,1.11162984371185,15.8762979507446,21.4657927812151,531.204848860829,240.355343727697,,,,800.777612366664,362.329483028231,,,10679,147.584922953857
2014,MG,31027,Turmalina/Minas Novas/Capelinha,100,100,98.1892551695148,100,89.2578125,91.5364583333333,93.75,91.3411458333333,100,93.4895833333333,100,46.2890625,73.301628112793,1.63043475151062,18.75,79.551628112793,,,,,,491.609161376953,117.594215393066,60.430362701416,18.272424697876,345.064300537109,74.9357223510742,54.9890251159668,382.540802001953,83.8291244506836,59.3720703125,9973,2795,8144.21630859375,2282.47119140625,0,166,135.559997558594,0,92,71,,,0.579804837703705,0.751296401023865,0.853783011436462,0.721489548683167,16,0,13.0660238265991,0,4.56739187240601,21.3351837763319,456.975689725912,229.921258939849,,,,688.87906899396,346.600369256844,,,13784,303.469855127999
2014,MG,31058,Unaí,68.696414726494,77.5410428381094,63.7667577475179,92.0767306088407,100,100,100,95.4684459271615,100,99.1103697525716,56.3525159855435,68.557130942452,68.7182235717773,0.77602356672287,28.7663898468018,69.9759140014648,,,,,,536.877258300781,94.3877105712891,67.5815963745117,19.7609004974365,366.467590332031,48.1685791015625,60.5940322875977,407.260650634766,55.1073608398438,64.3148498535156,13256,2243,5004.81396484375,846.846496582031,8,273,103.07137298584,3.02040672302246,167,227,,,0.857040405273438,0.630509853363037,0.967002093791962,0.585581362247467,274,0,103.448928833008,0,12.0351877212524,27.492365596166,598.122478481448,415.544084676998,,,,901.654213526746,626.42199271023,,,18506,195.917009686205
2014,MG,31019,Curvelo,94.5389997153305,84.7816804256903,85.669630148685,100,100,100,99.4009216589862,95.1152073732719,100,98.3410138248848,72.9032258064516,61.5668202764977,37.973030090332,1.65289258956909,34.7542419433594,63.4623756408691,,,,,,627.662353515625,123.989486694336,91.4766845703125,12.4670763015747,341.745330810547,49.4376907348633,65.7776031494141,379.306762695312,56.0443916320801,71.0487289428711,11096,1960,6114.6103515625,1080.08618164062,20,156,85.9660415649414,11.0212879180908,121,180,,,0.991915881633759,0.666787922382355,1.19429433345795,0.654251158237457,59,0,32.5127983093262,0,12.9819746017456,25.1170215509165,616.789491989675,314.590449852427,,,,929.794255055341,474.236991334733,,,12693,188.188709070989
2014,MG,31030,Formiga,86.932183393678,99.3230543916033,86.932183393678,100,98.6301369863014,100,100,95.7292506043513,100,99.2747784045125,100,64.7058823529412,80.1864776611328,0.466200470924377,17.0163173675537,82.2066802978516,,,,,,747.121215820312,191.506317138672,134.794143676758,5.61056089401245,368.322326660156,74.701545715332,87.5715255737305,410.104705810547,86.4564590454102,94.5590133666992,7964,1615,6545.7353515625,1327.39367675781,17,294,241.643173217773,13.9725646972656,145,138,,,1.13424348831177,1.19177758693695,1.51725614070892,1.26020205020905,143,19,117.53392791748,15.6163959503174,17.8100891113281,24.6439884974166,564.396446937253,345.127408101356,,,,850.813090610643,520.270668489522,,,4178,91.8096240257647
2014,MG,31021,Itabira,92.8945823093151,97.3822832162509,92.8945823093151,100,100,100,100,100,100,100,35.8568479008947,70.1307639366827,60.1786270141602,0.800739169120789,22.3591003417969,76.4397888183594,,,,,,550.371398925781,155.814910888672,96.020393371582,5.07533693313599,310.051086425781,68.3665542602539,72.2354125976562,343.619567871094,76.593391418457,77.5216598510742,13516,2899,5899.1435546875,1265.28686523438,12,297,129.627532958984,5.23747587203979,302,335,,,1.46212863922119,1.3180980682373,1.82536947727203,1.45601832866669,100,4,43.6456336975098,1.74582529067993,39.6869735717773,25.86624134243,1113.65676630493,788.550346545984,,,,1678.80885920017,1188.71931438908,,,9838,112.922949978285
2014,MG,31015,São João Del Rei,81.1406799234601,80.2850856858662,76.0332459475179,100,100,100,100,100,100,100,100,65.3280318091451,67.0529174804688,1.81537270545959,38.8180770874023,59.3665504455566,,,,,,744.526428222656,226.244338989258,144.32096862793,6.2713794708252,364.620208740234,81.5078125,97.1447143554688,407.438446044922,93.3671798706055,105.051475524902,14656,3985,6221.08251953125,1691.52661132812,26,443,188.041732788086,11.0363092422485,200,272,,,1.15456771850586,0.848946869373322,1.36977577209473,0.826555907726288,147,0,62.3975944519043,0,18.7256450653076,22.011407983648,563.197963211488,282.20114806831,,,,849.006407297348,425.410954063932,,,11851,121.225655769064
2014,MG,31023,João Monlevade,77.3701766191293,63.2225574681456,70.2952817151085,100,100,100,100,100,100,100,100,84.8573092603378,76.2620162963867,3.125,20.793270111084,75.961540222168,,,,,,615.023193359375,171.44775390625,102.86865234375,12.3368921279907,318.32470703125,56.8750991821289,74.23583984375,354.739685058594,64.9071807861328,80.9713516235352,7980,1797,5821.927734375,1311.02807617188,6,185,134.969497680664,4.37738943099976,97,141,,,1.0286865234375,0.707677960395813,1.75405645370483,0.756376385688782,92,4,67.1199722290039,2.9182596206665,28.8338642120361,27.8236944141903,691.005578794931,427.220754411118,,,,1041.67309222815,644.024271247663,,,5823,115.103005155549
2014,MG,31097,Juiz de Fora,78.3465309987857,55.5664863366165,61.6110783558843,100,91.2249625289549,96.0485079711132,94.9175637007767,95.4762229186538,100,99.1824499250579,95.9122496252895,84.2485352227824,65.1401214599609,1.98222827911377,22.1736164093018,75.0786056518555,,,,,,738.229675292969,179.035751342773,151.427429199219,5.39437913894653,377.347503662109,73.4192657470703,105.496742248535,418.617431640625,83.1568984985352,113.279563903809,39281,7002,6572.6201171875,1171.59655761719,189,1598,267.382354736328,31.6240711212158,870,2323,,,3.88691639900208,1.4557112455368,4.01901817321777,1.62813770771027,676,65,113.11043548584,10.8760032653809,37.5265617370605,28.7951081563778,835.385414305427,355.04078627005,,,,1259.32197137887,535.214830459125,,,18015,83.4979526478816
2014,MG,31016,Belo Horizonte/ Nova Lima/ Caeté ,93.1312860182687,54.6883926396836,74.1615122302964,64.3379622335757,70.6871328576894,72.6137156489838,69.5370349530733,62.6386982062074,81.6637032702393,68.4904683666809,55.3644977605726,24.4401431433008,74.7975921630859,0.690446197986603,24.7188739776611,74.2015991210938,,,,,,583.824401855469,123.685485839844,93.3589019775391,5.26152896881104,323.113006591797,50.8807754516602,68.4696197509766,361.747344970703,58.420841217041,73.8779830932617,182635,28675,5500.1943359375,863.56982421875,803,6455,194.397323608398,24.1829662322998,4717,13986,,,4.21199226379395,1.42056107521057,4.02195405960083,1.45033800601959,4193,727,126.275444030762,21.8941669464111,47.1438064575195,20.6561670317557,1080.96066286051,345.326104336215,,,,1629.52032633743,520.570197940124,,,100418,80.9097985475767
2014,MG,31085,Taiobeiras,100,100,100,100,100,100,100,100,100,100,100,68.9655172413793,82.6576614379883,0.675675690174103,13.2319822311401,86.0360336303711,,,,,,533.504516601562,131.346893310547,70.8387756347656,16.5975112915039,307.768829345703,52.2698020935059,57.7807579040527,341.964477539062,59.590217590332,61.7708778381348,8893,2046,6562.1796875,1509.75134277344,10,163,120.278335571289,7.37903928756714,110,74,,,0.546048879623413,0.811694324016571,0.753399908542633,0.838074386119843,7,0,5.16532754898071,0,0.99764609336853,18.2201768097662,540.064815722665,191.240655694651,,,,814.133783953733,288.290357256734,,,17764,385.991009089007
2014,MG,31017,Betim,92.3278239373143,81.1733050128959,75.7458657218588,100,98.7466053895968,100,100,100,100,100,100,84.0818884478797,70.1522369384766,0.98001903295517,25.8801136016846,72.416748046875,,,,,,519.041870117188,108.115280151367,83.6307830810547,10.287013053894,372.085754394531,63.0213394165039,72.6222381591797,414.18310546875,71.1503677368164,78.2713851928711,33802,4303,4985.69287109375,634.679504394531,46,679,100.150444030762,6.78486108779907,533,762,,,1.12392699718475,0.786158859729767,1.59123432636261,0.760678768157959,141,13,20.7970733642578,1.91746068000793,31.9155426025391,27.5330126093673,936.798473880269,603.444206288681,,,,1412.19954371899,909.676580973656,,,34275,136.950059046222
2014,MG,31047,São João Nepomuceno / bicas,82.9476687023112,89.3177128771828,82.9476687023112,68.2775712515489,100,100,100,100,100,100,55.8859975216853,89.8389095415118,57.75,1.25,24.5,70.625,,,,,,800.948852539062,241.400955200195,149.305801391602,5.40069675445557,346.291137695312,83.3091812133789,93.0532760620117,385.554870605469,94.3202514648438,99.2730560302734,5888,1925,8216.0048828125,2686.10888671875,0,96,133.956604003906,0,45,80,,,1.11630499362946,0.627921581268311,1.11630499362946,0.7308309674263,27,0,37.67529296875,0,16.8129482269287,22.6292739484269,553.308821105154,358.712522639247,,,,834.098780566818,540.749878358764,,,3365,132.941430113015
2014,MG,31011,Três Pontas,64.8506066855307,60.3544194523044,53.4602656946909,97.622027534418,100,100,99.2490613266583,99.1864831038799,100,100,95.6195244055069,71.9649561952441,81.2620697021484,1.41661298274994,16.934965133667,81.6484222412109,,,,,,720.614562988281,195.284133911133,133.955230712891,5.82306814193726,372.828918457031,72.1669921875,89.0847320556641,414.590057373047,83.1214065551758,96.6727828979492,8706,1765,7025.38671875,1424.28295898438,10,159,128.306518554688,8.06959247589111,101,128,,,1.03290784358978,0.815028786659241,1.12833070755005,0.793644368648529,51,0,41.1549186706543,0,18.6633529663086,32.2520875467789,583.924571624291,349.67475522526,,,,880.251235037262,527.125677023972,,,7151,170.472157488995
2014,MG,31083,Bocaiúva,91.7251381756889,97.1136633870357,91.7251381756889,84.4230769230769,99.7115384615385,100,100,100,100,100,75.6730769230769,73.75,65.7869033813477,1.17302048206329,31.7693061828613,66.8621673583984,,,,,,636.128967285156,140.922973632812,89.5585327148438,15.9420289993286,395.821441650391,69.4266967773438,72.6973724365234,436.974304199219,76.6035766601562,78.8461990356445,5233,855,6892.0556640625,1126.06677246094,0,64,84.2903823852539,0,45,54,,,0.711200058460236,0.592666745185852,0.651274919509888,0.599251925945282,0,0,0,0,8.42640399932861,19.0415710286432,613.12044556962,226.289026939305,,,,924.263262184672,341.124873174317,,,8728,338.031635724129
2014,MG,31028,Bom Despacho,98.9861279563372,84.8629851425106,88.896679805943,100,95.3316953316953,93.6936936936937,89.6805896805897,88.9434889434889,100,91.8099918099918,94.9221949221949,61.8345618345618,60.6112060546875,0.848896443843842,24.0237693786621,75.1273345947266,,,,,,714.115478515625,215.474090576172,104.876770019531,4.80640840530396,352.121398925781,81.8543853759766,69.2331008911133,391.895874023438,92.8255233764648,74.7858123779297,7373,1653,7029.60400390625,1576.01184082031,0,196,186.871337890625,0,93,117,,,1.11550748348236,0.886685431003571,1.28855419158936,0.89717310667038,60,0,57.205509185791,0,16.8222332000732,26.0253192974858,507.983766926433,367.76538847165,,,,765.772430113766,554.396840170001,,,4564,113.873640646823
2014,MG,31034,Caratinga,96.621641828241,99.8056123211882,96.621641828241,100,100,100,100,100,100,100,99.1990388466159,87.384861834201,74.4114227294922,1.77537631988525,26.5920486450195,71.5553817749023,,,,,,670.281677246094,198.825119018555,146.608428955078,3.82022476196289,366.457733154297,87.5257263183594,112.556716918945,407.434509277344,98.4345245361328,120.407745361328,12773,2575,6413.1142578125,1292.86535644531,16,217,108.9521484375,8.03333854675293,141,205,,,1.02927148342133,0.707937955856323,1.00090372562408,0.710071802139282,81,0,40.668773651123,0,7.73560285568237,24.4023193119208,584.394464505377,266.448793252252,,,,880.959586439157,401.664685358354,,,20616,259.051538199163
2014,MG,31007,Pouso Alegre,85.0644720366281,69.8576740362649,72.676664850553,100,100,100,100,100,100,100,95.9934853420195,83.8599348534202,70.5826644897461,1.75272381305695,20.8432025909424,77.1356353759766,,,,,,622.72021484375,177.319534301758,116.939170837402,5.27769231796265,323.916351318359,72.1431350708008,86.9500045776367,359.712738037109,81.6784210205078,93.2304000854492,27243,6005,5205.51318359375,1147.41784667969,35,509,97.2582321166992,6.68769788742065,429,826,,,1.57829666137695,0.819720685482025,1.61288166046143,0.795262813568115,299,37,57.1320457458496,7.06985187530518,24.2062187194824,23.1235983746702,528.660749787471,355.441565255423,,,,796.942448614004,535.818994445357,,,17733,83.81152680989
2014,MG,31053,Januária,94.1966614501826,98.0516431924883,88.980177360459,91.1727616645649,100,100,100,100,100,100,90.4791929382093,70.2395964691047,60.4707298278809,1.62945079803467,40.9173202514648,57.2721786499023,,,,,,585.917053222656,119.450355529785,86.3181381225586,23.0654754638672,347.192535400391,52.591064453125,69.920166015625,384.697265625,59.3834381103516,74.532585144043,4210,635,3670.70068359375,553.65673828125,0,93,81.0867385864258,0,78,77,,,0.671363294124603,0.680082321166992,0.745474815368652,0.708855032920837,0,0,0,0,3.85379981994629,23.3764526122475,469.843433867883,202.964574942232,,,,708.276861488983,305.963863217365,,,15560,485.100791264721
2014,MG,31051,Francisco Sá,100,100,100,35.4022988505747,100,100,100,100,100,100,28.6206896551724,73.2183908045977,69.4002456665039,0.979192137718201,26.1933898925781,72.2154235839844,,,,,,519.873901367188,128.26286315918,75.0474166870117,13.6482934951782,354.075653076172,71.5737915039062,62.4646034240723,391.781433105469,79.4879302978516,68.5964202880859,4491,1026,6127.962890625,1399.97546386719,0,149,203.310272216797,0,52,50,,,0.682249248027802,0.709539234638214,0.804713010787964,0.711585938930511,6,0,8.18699073791504,0,3.64730453491211,21.5374938209824,580.733613959442,282.921200026949,,,,875.440948637391,426.496413824805,,,9594,405.982468360703
2014,MG,31048,Ubá,80.6673157896451,73.875948039768,78.5571233648451,100,100,100,97.2921225382932,94.2833698030635,100,98.4409190371991,92.2319474835886,56.9474835886214,71.4163360595703,3.45516848564148,27.9268989562988,68.6179351806641,,,,,,685.188903808594,171.869033813477,132.659362792969,6.72389125823975,357.25830078125,64.1385345458984,92.2134780883789,396.499328613281,72.7600326538086,98.9546051025391,23315,6604,7618.11083984375,2157.83862304688,44,708,231.337020874023,14.3768768310547,223,315,,,1.02925372123718,0.728646278381348,1.25462758541107,0.72872793674469,209,7,68.2901611328125,2.28723049163818,30.2280368804932,22.0838755568978,432.150879277905,256.583985652492,,,,651.456307359458,386.793742269011,,,18069,149.596562848026
2014,MG,31077,João Pinheiro,74.9850679927215,92.2575805981137,74.9850679927215,100,100,100,100,100,100,100,83.843717001056,59.3453009503696,67.2361831665039,1.30653262138367,31.4572868347168,67.2361831665039,,,,,,551.475830078125,124.755447387695,90.7312393188477,7.71208238601685,398.109130859375,69.641716003418,82.424919128418,439.075958251953,77.1442947387695,87.2800064086914,3762,565,5333.29541015625,800.986694335938,0,50,70.8837814331055,0,47,53,,,0.751368045806885,0.666307508945465,1.16355729103088,0.623777270317078,12,0,17.0121078491211,0,10.0541553497314,31.0313201491196,590.037953944469,388.130705569634,,,,889.467001249364,585.097030568839,,,5119,207.248468861136
2014,MG,31049,Brasília de Minas/São Francisco,98.3199961955652,99.7457945864623,96.1670319788681,95.9836623553438,100,100,100,100,100,100,90.0953029271613,74.7447243022464,67.8337707519531,0.556282699108124,26.4725131988525,72.5458145141602,,,,,,553.962219238281,126.15845489502,79.8858032226562,20.0157604217529,354.569061279297,64.4621429443359,68.9507675170898,391.739379882812,71.8720092773438,73.3624114990234,13057,2381,5699.830078125,1039.38854980469,10,300,130.960327148438,4.36534452438354,138,120,,,0.523841321468353,0.602417528629303,0.744946002960205,0.69081574678421,6,0,2.61920666694641,0,1.21705806255341,19.7549942792228,521.225100024952,190.935657540376,,,,785.733398327673,287.830580403641,,,33611,440.779321945376
2014,MG,31003,Itajubá,81.3596050418932,76.2044604380034,71.4121125061896,100,100,100,100,100,100,100,96.9243557772236,91.7705735660848,77.9179840087891,0.591482639312744,19.3217658996582,79.3769683837891,,,,,,691.029968261719,207.754180908203,123.663200378418,5.08231925964355,346.899291992188,88.1213150024414,86.2660369873047,387.503631591797,100.392997741699,92.9836578369141,13728,3013,6790.59375,1490.38891601562,33,255,126.13646697998,16.3235416412354,199,370,,,1.83021533489227,0.984359085559845,1.78433632850647,0.979165196418762,82,5,40.5615310668945,2.47326397895813,28.3149166107178,24.1445698323398,463.592207484604,334.949420414422,,,,698.853298906111,504.927614494216,,,9104,122.336526315157
2014,MG,31055,Pirapora,92.2367420313904,100,92.2367420313904,100,100,100,100,100,100,100,100,69.8362387744321,75.2066116333008,0.534759342670441,21.8765182495117,77.5401077270508,,,,,,559.611877441406,129.462448120117,98.8369293212891,14.9253730773926,381.789428710938,73.2596282958984,83.5701217651367,422.465087890625,82.0972671508789,90.0586013793945,8437,1466,5872.44482421875,1020.38684082031,10,160,111.365547180176,6.96034669876099,108,99,,,0.689074337482452,0.751717448234558,1.11835372447968,0.819754838943481,186,10,129.462448120117,6.96034669876099,11.0572071075439,21.4691131022841,574.332774518368,259.128909354774,,,,865.791848227713,390.630149128511,,,14697,286.577940119368
2014,MG,31073,Ituiutaba,68.9388312652896,69.4966577158201,65.1945380791864,62.8818969448244,93.296853625171,91.8832649338805,90.5608755129959,87.5512995896033,86.8217054263566,90.3328773369813,62.8818969448244,70.8618331053352,73.3634338378906,1.67042887210846,25.1015796661377,73.2279891967773,,,,,,734.87109375,208.169876098633,126.052619934082,7.11743783950806,354.772979736328,79.8904800415039,82.2108917236328,395.848022460938,89.4196701049805,89.7198181152344,11530,2725,6030.64990234375,1425.28369140625,10,236,123.43741607666,5.2303991317749,100,221,,,1.15591824054718,0.523039937019348,1.45405089855194,0.632355272769928,102,5,53.3500709533691,2.61519956588745,22.913854598999,23.1017657123702,634.417757433878,408.930973044764,,,,956.368410661878,616.452897445886,,,9011,114.733768650887
2014,MG,31042,Carangola,96.74419327999,99.2970505672584,93.4782777738898,100,100,100,100,100,100,100,100,70.0636942675159,83.3826141357422,0.295683026313782,14.9615612030029,84.7427520751953,,,,,,725.793151855469,202.656524658203,133.53337097168,11.3636360168457,393.529510498047,86.7096328735352,96.6145248413086,439.688659667969,97.6417922973633,104.695755004883,11084,3119,8706.3759765625,2449.94458007812,25,282,221.50830078125,19.6372604370117,121,149,,,1.17038071155548,0.950443387031555,1.24912619590759,0.922362148761749,93,5,73.0506057739258,3.92745208740234,6.26350069046021,25.317821783994,554.883568150812,317.786809267642,,,,836.47267113278,479.055420733996,,,13592,290.335360954408
2014,MG,31010,Três Corações,85.4611292207393,79.9080509256412,76.2354695860754,99.5862884160756,96.0992907801418,94.6808510638298,94.2080378250591,93.2624113475177,94.8581560283688,94.2080378250591,85.3427895981088,72.1631205673759,67.4909515380859,1.02533173561096,26.4776840209961,69.1797332763672,,,,,,623.971923828125,182.249237060547,119.69758605957,7.54950475692749,358.617523193359,85.0119934082031,89.849365234375,397.027770996094,95.8661575317383,97.1672744750977,8678,2043,6701.5205078125,1577.69140625,15,336,259.473480224609,11.5836381912231,99,145,,,1.11975169181824,0.764520108699799,1.47208726406097,0.833249688148499,42,3,32.4341850280762,2.31672763824463,22.8545169830322,28.5814928216548,463.715440256616,351.420799480658,,,,699.039069132321,529.757793716662,,,6541,139.121186800754
2014,MG,31096,Itambacuri,100,100,100,100,100,100,100,100,100,100,100,78.5365853658537,62.0981369018555,2.5380711555481,31.9796962738037,63.4517784118652,,,,,,738.568969726562,273.046722412109,96.2377777099609,8.48484802246094,392.548706054688,106.266662597656,80.4037399291992,434.274291992188,119.128952026367,86.880744934082,3138,720,7023.11962890625,1611.42321777344,0,80,179.047027587891,0,43,31,,,0.693807184696198,0.962377727031708,0.845997214317322,1.0082585811615,20,0,44.7617568969727,0,4.78055572509766,21.9242326019099,714.421400344022,310.408361266705,,,,1076.97183942878,467.932600628281,,,6237,442.487390357672
2014,MG,31080,Peçanha/São João Evangelista,89.7853379191163,100,80.9277739186419,97.3829201101928,100,100,100,100,100,100,72.8650137741047,66.5289256198347,78.0674819946289,1.99386501312256,11.3496932983398,86.5030670166016,,,,,,704.891235351562,244.133071899414,103.154815673828,11.2195119857788,361.692565917969,94.8875122070312,67.8048095703125,399.663177490234,106.535926818848,72.3067779541016,4030,1513,6928.5654296875,2601.220703125,0,84,144.416748046875,0,35,25,,,0.429811745882034,0.601736426353455,0.778389096260071,0.612911522388458,2,0,3.43849396705627,0,4.95830821990967,22.3553840125,547.254407675242,315.29563923654,,,,824.971908436259,475.300046147745,,,7441,387.215142399455
2014,MG,31091,Cassia,87.5304744015027,71.6318292634187,81.535510171456,100,100,100,100,100,100,100,100,100,77.3809509277344,0.992063462734222,17.4603176116943,81.5476226806641,,,,,,582.426452636719,141.072143554688,98.7505035400391,14.5328722000122,310.854553222656,57.4489593505859,73.9830780029297,346.385650634766,64.5259628295898,80.3691253662109,4258,1101,8581.216796875,2218.86328125,0,60,120.918983459473,0,38,69,,,1.39056837558746,0.765820205211639,1.16938734054565,0.669085025787354,24,0,48.3675918579102,0,10.550181388855,30.0004091266105,736.858838361726,495.624627248846,,,,1110.79569868378,747.141345734268,,,2370,124.723561738049
2014,MG,31093,Piumhi,100,100,100,100,100,100,100,100,100,100,100,100,79.2732162475586,1.34589505195618,17.6312255859375,81.0228805541992,,,,,,594.146240234375,146.210494995117,87.7262954711914,8.50111865997314,280.906066894531,46.0736541748047,58.7357292175293,310.787841796875,51.6841087341309,62.9419975280762,6239,1656,8292.79296875,2201.13256835938,10,118,156.843978881836,13.291862487793,59,70,,,0.93043041229248,0.784219920635223,1.14110636711121,0.742350518703461,61,0,81.0803604125977,0,7.48597717285156,22.9220079507165,728.283669880214,395.318873988652,,,,1097.86885331143,595.933009111231,,,3722,125.331952019568
2014,MG,31067,Padre Paraíso,100,100,100,87.8362573099415,96.6081871345029,93.6842105263158,88.8888888888889,92.046783625731,100,92.1637426900585,61.2865497076023,60,59.2682914733887,2.92682933807373,33.4146347045898,63.5365867614746,,,,,,689.800354003906,234.791198730469,79.3432312011719,10.7981224060059,451.778778076172,114.565223693848,68.8856048583984,497.064544677734,128.664047241211,73.2626419067383,4414,1592,7147.36767578125,2577.84545898438,0,91,147.351715087891,0,27,35,,,0.566737353801727,0.437197417020798,0.641222834587097,0.626244783401489,0,0,0,0,1.91233384609222,21.753674909197,457.456295680266,205.715044540758,,,,689.603570077567,310.110125215383,,,8984,508.567883728756
2014,MG,31079,Conselheiro Lafaiete,88.0996577686516,80.041067761807,79.4754277891855,100,100,100,100,100,100,100,100,73.1300619342544,77.3008880615234,0.663716793060303,21.9469032287598,77.035400390625,,,,,,642.805236816406,190.583206176758,133.298080444336,8.48329067230225,344.855255126953,82.1371688842773,98.7353210449219,384.229522705078,92.9226455688477,106.596168518066,10945,3578,6028.70849609375,1970.82861328125,9,251,138.255447387695,4.95736646652222,157,254,,,1.39907908439636,0.864785075187683,1.48610842227936,0.874699831008911,66,1,36.3540229797363,0.550818502902985,30.710334777832,27.5958560564192,615.717594109,324.730910382752,,,,928.178396639461,489.523474109101,,,8148,123.989040060356
2014,MG,31026,Diamantina,98.3824156765111,99.2461063983048,98.3824156765111,52.4137931034483,94.2705570291777,96.0742705570292,96.0212201591512,100,100,98.0901856763926,38.8328912466843,48.1697612732096,68.6233749389648,1.71428573131561,22.1818180084229,75.8961029052734,,,,,,627.863586425781,142.824813842773,96.1592864990234,19.7072067260742,376.790710449219,64.7929000854492,76.6913986206055,418.299682617188,73.140754699707,82.2733688354492,11681,3341,8259.0927734375,2362.26586914062,30,393,277.872039794922,21.2116069793701,143,155,,,1.09593307971954,1.01108658313751,1.32289719581604,1.05350983142853,29,0,20.5045528411865,0,7.54284763336182,21.4865815115731,549.727837711527,259.801500118581,,,,828.700540437756,391.644062361976,,,14506,297.508880813537
2014,MG,31066,Nanuque,94.4555853692981,96.0796497669821,94.4555853692981,100,100,100,100,100,100,100,100,46.1818181818182,74.6400909423828,0.88593578338623,21.0409736633301,77.8516082763672,,,,,,765.005310058594,248.770523071289,125.10425567627,16.541353225708,401.313934326172,97.8786773681641,85.2376022338867,447.080200195312,111.673126220703,91.7975387573242,3940,1196,5665.64111328125,1719.82397460938,0,81,116.476371765137,0,43,51,,,0.733369767665863,0.618331372737885,0.763207852840424,0.638463079929352,30,0,43.1393966674805,0,9.76532173156738,20.6578264901351,464.510372350961,217.711942959002,,,,700.237408766961,328.19514023693,,,5210,190.24412598503
2014,MG,31020,Guanhães,99.4918430218402,98.8831133084195,97.4062820906425,100,100,100,100,100,100,100,87.6415094339623,71.1320754716981,69.61279296875,1.68350172042847,20.3703708648682,77.7777786254883,,,,,,697.99609375,232.66535949707,147.962295532227,8.29493045806885,373.501342773438,90.3021469116211,110.439079284668,415.767456054688,102.176956176758,119.38793182373,7568,2862,8114.33837890625,3068.609375,0,215,230.520980834961,0,77,85,,,0.911361992359161,0.82558673620224,1.08505690097809,0.887773811817169,24,0,25.7325744628906,0,7.48817920684814,20.7779282613277,570.402123566408,291.660722900481,,,,859.866493270755,439.671019205195,,,8183,248.597282292579
2014,MG,31088,Oliveira/Santo Antônio do Amparo,99.0814923105037,100,99.0814923105037,100,100,100,100,100,100,100,81.2615955473098,50.0927643784787,53.7105751037598,1.11317253112793,21.6140995025635,76.6233749389648,,,,,,688.433166503906,206.239471435547,109.413429260254,5.20393800735474,331.651916503906,77.9329376220703,75.3227462768555,369.935729980469,87.6492919921875,80.4345321655273,6803,1575,6587.07568359375,1525.01013183594,18,225,217.858596801758,17.4286880493164,81,88,,,0.852069199085236,0.784290969371796,1.21274614334106,0.8009934425354,33,1,31.9525947570801,0.968260407447815,16.9319705963135,25.1256044635873,594.508430877274,305.917452950238,,,,896.206129952855,461.162672140749,,,5471,140.274987384247
2014,MG,31071,Frutal / Iturama,80.9903966499398,79.7341240598426,68.1258845960394,100,100,100,100,97.9504289799809,100,100,90.9437559580553,64.6329837940896,70.9437484741211,1.62715017795563,27.3826122283936,70.4788436889648,,,,,,637.681518554688,135.813339233398,114.829299926758,13.1627054214478,387.003448486328,62.7901725769043,88.5634841918945,430.296966552734,70.8327407836914,94.9618072509766,9070,2843,5286.81103515625,1657.15588378906,0,114,66.4494400024414,0,136,172,,,1.00257050991058,0.792730212211609,1.03725254535675,0.718120276927948,52,0,30.3102722167969,0,26.0598392486572,26.6214120763286,748.438298881147,551.344240307612,,,,1128.25143683662,831.137225671884,,,7307,125.166543838891
2014,MG,31004,Lavras,77.4905457718902,72.7365794714583,68.9962854393699,100,100,100,100,100,100,100,100,85.7074340527578,81.6120910644531,0.839630544185638,22.9638957977295,76.1964721679688,,,,,,689.662902832031,187.987854003906,126.260498046875,3.90561437606812,350.470886230469,68.8885803222656,86.8111190795898,387.548980712891,77.318603515625,93.4615020751953,9257,1954,5194.6376953125,1096.50231933594,38,262,147.023345947266,21.32399559021,135,268,,,1.5039027929306,0.75756299495697,1.9045695066452,0.748865067958832,105,2,58.9215660095215,1.12231552600861,26.5169506072998,30.7324169830147,719.857818214125,414.778994730442,,,,1085.16709918815,625.268639343892,,,8256,123.837827084721
2014,MG,31052,Janaúba/Monte Azul,100,99.9909628537139,100,100,100,100,100,100,100,100,100,58.4097859327217,72.4216995239258,2.03717851638794,18.5128593444824,79.3990325927734,,,,,,566.74169921875,107.950798034668,75.1279144287109,16.4736156463623,351.427032470703,51.4367637634277,62.5888557434082,390.585510253906,58.4664421081543,66.938362121582,17636,3644,6431.8251953125,1328.96179199219,20,281,102.480316162109,7.29397249221802,233,179,,,0.652810573577881,0.849747836589813,0.752373278141022,0.910743653774261,35,0,12.7644519805908,0,3.54961180686951,19.4706605640239,546.173725452071,190.231327262514,,,,823.342807850574,286.768820671152,,,37692,386.103070911204
2014,MG,31038,Mantena,99.9758885768587,97.0101835304797,94.5394718180013,100,100,100,100,100,100,100,100,74.1573033707865,69.6511611938477,1.16279065608978,30.4651165008545,68.3720932006836,,,,,,751.944458007812,245.386444091797,156.415924072266,4.38931274414062,365.30859375,92.5693435668945,93.0100326538086,408.068542480469,103.893905639648,102.037643432617,5183,2169,7437.64892578125,3112.53344726562,0,145,208.076232910156,0,60,65,,,0.932755529880524,0.861005067825317,0.926297962665558,0.879301428794861,19,0,27.2651615142822,0,5.01248455047607,22.5459378454593,566.234764566851,296.07510267914,,,,853.584307035641,446.325582895295,,,7464,269.529276856027
2014,MG,31084,Montes Claros ,100,88.6191173494291,89.4405752586402,100,89.7723629368387,94.5655658865021,92.8182109650529,92.6098108368067,100,100,100,57.8550817569734,73.7314758300781,0.823230028152466,28.3340816497803,70.0194549560547,,,,,,537.091613769531,103.807624816895,86.9418563842773,13.3569221496582,353.881072998047,59.8719902038574,75.3434143066406,393.822784423828,67.3509063720703,81.0320129394531,29297,4700,6959.38671875,1116.46643066406,93,892,211.891082763672,22.0917835235596,467,1034,,,2.45622611045837,1.10934007167816,2.39974975585938,1.07923114299774,185,0,43.9460182189941,0,21.2228393554688,19.7038909467858,745.775573031537,160.576839148712,,,,1124.2374462776,242.065444490285,,,30628,190.474953836007
2014,MG,31065,Itaobim,100,100,100,100,92.6048565121413,98.3443708609272,96.3576158940397,90.3973509933775,91.6114790286976,99.2273730684327,100,73.2891832229581,65.9442749023438,1.65118682384491,23.2198143005371,75.1289978027344,,,,,,650.862915039062,129.927429199219,74.7695617675781,24.858757019043,349.060913085938,46.5084953308105,55.7533645629883,382.432189941406,52.2668228149414,58.9686737060547,4828,1238,5917.8271484375,1517.45434570312,0,121,148.313400268555,0,58,47,,,0.576093375682831,0.710923731327057,0.803159952163696,0.761791527271271,8,0,9.8058443069458,0,2.87433815002441,19.2169347553599,457.74291788874,204.863927894654,,,,690.035645666194,308.827088817703,,,11114,430.262305866781
2014,MG,31032,Pará de Minas,79.9650494326035,82.1452781519337,78.601801230753,100,100,100,100,100,100,100,92.5273995350382,59.6479574892062,74.0833587646484,0.846129715442657,25.9479789733887,73.0178604125977,,,,,,484.056518554688,106.796325683594,67.7245025634766,9.86547088623047,347.011810302734,60.391170501709,61.2866706848145,389.070495605469,68.6470260620117,65.9550094604492,11116,1432,4825.8046875,621.676208496094,6,162,70.3292922973633,2.60478854179382,154,175,,,0.759729981422424,0.668562352657318,1.11788845062256,0.688532412052155,70,0,30.3891983032227,0,24.4285736083984,28.6462245928452,531.426078572108,328.449912788938,,,,801.111110451936,495.129774340732,,,4956,54.52397030724
2014,MG,31025,Vespasiano,81.9139532188912,67.1621778211856,73.1669122150673,94.1893830703013,98.3500717360115,100,100,97.5370636059302,100,100,81.4681970349115,86.6331898613104,71.5081405639648,1.32819199562073,36.3753204345703,61.889461517334,,,,,,529.498046875,120.728172302246,83.9848175048828,7.31102848052979,350.670806884766,61.769344329834,71.7894744873047,389.610595703125,70.0312652587891,77.1109466552734,15590,1874,5114.5439453125,614.795104980469,0,217,71.1902542114258,0,203,321,,,1.05309092998505,0.665973365306854,1.68519151210785,0.744381070137024,122,11,40.0240135192871,3.60872268676758,28.2818870544434,29.3389823061664,645.626729449598,430.56300337234,,,,973.26564694856,649.06262537572,,,11240,102.385696966177
2014,MG,31078,Congonhas,93.1744977585921,88.4891250207538,90.3926614643865,100,100,100,100,100,100,100,100,92.4173687621517,79.3124618530273,0.859422981739044,15.9607124328613,82.9957046508789,,,,,,569.315185546875,175.365692138672,126.329788208008,7.00729942321777,343.38232421875,84.1519088745117,94.4896011352539,382.315979003906,94.7759780883789,102.130149841309,6746,1509,5606.71533203125,1254.15563964844,0,149,123.836433410645,0,104,189,,,1.57081115245819,0.864361703395844,1.82056188583374,0.814286887645721,70,4,58.1781921386719,3.32446813583374,39.7381973266602,24.6210889963151,1020.05091182183,783.664621987754,,,,1537.70044722451,1181.35421059755,,,3744,76.8282128656838
2014,MG,31018,Contagem,76.9740129636315,53.6016994742341,58.9783070769187,88.9405597361968,95.5102731039148,100,97.2435951636087,98.1736704151518,100,95.5356387925932,84.6706688086581,87.5369916293227,70.5543670654297,1.12683010101318,27.1014976501465,71.3192977905273,,,,,,493.802642822266,107.806198120117,84.3544616699219,7.12381887435913,339.716064453125,60.2065391540527,72.2542877197266,379.504669189453,68.6085968017578,78.1297988891602,34414,4746,4117.6943359375,567.867065429688,43,377,45.1086959838867,5.14502382278442,488,863,,,1.03259432315826,0.583900392055511,1.83877766132355,0.684288203716278,304,18,36.3741226196289,2.15373086929321,42.4119873046875,29.0750466647535,601.859558411608,370.390656202719,,,,907.287765159632,558.354363581198,,,30548,98.9000153755673
2014,MG,31050,Coração de Jesus,100,100,100,87.7712031558185,100,100,100,100,100,100,79.8816568047337,66.4694280078895,69.2307662963867,0.788954615592957,29.7830371856689,69.4280090332031,,,,,,632.87158203125,144.596496582031,83.8240509033203,18.2119197845459,387.369903564453,67.2860946655273,56.048999786377,430.056274414062,75.5941848754883,61.0941009521484,2992,577,6270.0390625,1209.16198730469,0,30,62.8680381774902,0,43,35,,,0.733460485935211,0.90110856294632,0.819380104541779,0.954546391963959,0,0,0,0,1.31603765487671,19.6634290414801,569.373602948768,250.199169884569,,,,858.316024960405,377.168797133433,,,7675,467.314763612321
2014,MG,31012,Varginha,69.7909256796462,56.6660481035887,56.9624429117826,100,99.8335414065751,100,94.3820224719101,95.7136912193092,100,96.8789013732834,100,75.3225135247607,76.2589950561523,2.63788962364197,18.4652271270752,78.6570739746094,,,,,,626.003967285156,169.930114746094,116.730110168457,5.44554471969604,348.028747558594,80.2748413085938,79.9600296020508,387.682830810547,91.4106140136719,86.8833389282227,11327,1714,5850.451171875,885.289428710938,32,337,174.062149047852,16.5281581878662,159,340,,,1.75611674785614,0.821242809295654,2.17138671875,0.89678168296814,207,12,106.916519165039,6.19805908203125,35.588737487793,27.8504380506832,722.14483932324,365.588217242137,,,,1088.61472453855,551.114810680584,,,5647,78.1076481981777
2014,MG,31057,Patos de Minas,95.3100595709947,97.8804812771268,87.9519821679447,100,100,100,100,100,100,100,100,85.6529516994633,71.2751693725586,0.604026854038239,23.255033493042,76.0067138671875,,,,,,598.00927734375,157.927734375,101.105102539062,3.27654004096985,322.640808105469,67.7311096191406,75.560417175293,358.944519042969,76.2536468505859,81.3482208251953,13193,2405,5170.076171875,942.471984863281,81,381,149.306365966797,31.7423000335693,294,369,,,1.4460381269455,1.15212786197662,2.0546281337738,1.18279254436493,175,21,68.5790405273438,8.22948551177979,13.8874521255493,27.9537983753772,759.002205663422,394.40257737905,,,,1144.17625391711,594.551715599265,,,10101,103.784282935964
2014,MG,31098,salinas,100,98.6028855621994,100,100,97.212543554007,100,100,100,100,100,100,63.1823461091754,72.7171478271484,1.4476615190506,20.6013355255127,77.9510040283203,,,,,,643.282470703125,157.922958374023,89.8277359008789,20.0450458526611,341.73388671875,75.9076766967773,72.0182800292969,377.91748046875,84.245719909668,75.7867660522461,5497,1208,7964.24267578125,1750.19201660156,0,49,70.9928894042969,0,52,35,,,0.5070920586586,0.753393888473511,0.948262095451355,0.790339171886444,26,0,37.6696929931641,0,4.03790140151978,21.4351651568058,595.864465634145,243.614765398615,,,,898.250317383038,367.242977151885,,,7969,329.543875152489
2014,MG,31022,Ouro Preto,100,89.6426543134263,86.4411309450897,95.0819672131148,98.711943793911,98.048399687744,100,99.2974238875878,100,100,82.2014051522248,94.9258391881343,61.3670692443848,2.34138965606689,24.0558910369873,73.6027221679688,,,,,,588.215637207031,161.132049560547,98.1288604736328,12.3222751617432,357.051147460938,74.8410491943359,79.674934387207,396.709747314453,84.7782363891602,85.0157318115234,11221,2335,6256.2724609375,1301.88000488281,10,189,105.377014160156,5.5755033493042,164,275,,,1.53326344490051,0.914382576942444,2.18141579627991,0.954386830329895,41,0,22.8595638275146,0,39.5303192138672,27.560485732179,1163.69533737082,912.539141915467,,,,1754.24071482103,1375.62922631687,,,8224,139.560756855345
2014,MG,31031,Itaúna,86.0307267449115,70.0268671862653,76.7228687167799,100,100,100,100,100,100,99.6496145760336,100,63.9803784162579,75.9502410888672,1.17484450340271,28.6800270080566,70.0760192871094,,,,,,670.872131347656,159.37385559082,141.016662597656,2.73631834983826,364.038696289062,71.6148300170898,97.111457824707,405.615264892578,81.4687347412109,104.686874389648,6507,1350,5429.55859375,1126.46435546875,10,109,90.9515686035156,8.34418106079102,120,156,,,1.30169224739075,1.0013016462326,1.65027034282684,1.10018026828766,38,0,31.7078876495361,0,26.318380355835,24.9308504446672,690.681693403899,406.633199715977,,,,1041.18484335266,612.989063401579,,,3237,68.480667779918
2014,MG,31009,São Sebastião do Paraíso,99.3157536713217,99.7142971469729,93.8938017686367,100,100,100,100,100,100,100,100,95.980595980596,85.0138092041016,1.7955801486969,10.9806632995605,86.8784561157227,,,,,,741.703247070312,173.521438598633,127.518081665039,11.534276008606,350.533843994141,57.8582077026367,90.7890625,390.620574951172,65.6705093383789,97.2374038696289,9567,1927,7721.30029296875,1555.236328125,30,172,138.817153930664,24.2122936248779,131,193,,,1.55765759944916,1.05727016925812,2.16760563850403,1.1617865562439,93,7,75.0581130981445,5.64953517913818,19.5449695587158,34.770143069029,916.672820676299,434.454218781131,,,,1381.86064046056,654.928532268209,,,5039,106.228643417674
2014,MG,31076,Manga,100,100,100,100,100,100,100,100,100,100,100,83.9662447257384,68.3734970092773,0.803212881088257,20.0803203582764,78.9156646728516,,,,,,611.51513671875,190.018829345703,105.374076843262,12.7118644714355,370.088012695312,85.8357543945312,85.8195266723633,412.401885986328,99.0805969238281,94.3278579711914,4131,1230,7136.07080078125,2124.75610351562,0,67,115.738739013672,0,44,29,,,0.500958740711212,0.760075330734253,0.655133128166199,0.754893004894257,1,0,1.72744393348694,0,0.905180633068085,19.2821003241819,464.894941022503,216.117194914678,,,,700.817136123082,325.791098681212,,,8713,546.630920359478
2014,MS,50004,Três Lagoas,81.2950618449627,92.4879614767255,73.9303181946936,100,100,100,100,100,100,100,98.9359069537243,89.2600841375897,68.8685836791992,0.726165354251862,27.8285312652588,71.2579040527344,,,,,,609.00341796875,160.735122680664,164.091552734375,1.59216165542603,388.349884033203,81.7080307006836,118.800765991211,430.981109619141,92.3219604492188,129.267425537109,16962,3599,6325.72900390625,1342.1943359375,10,384,143.207168579102,3.72935342788696,247,351,,,1.30900299549103,0.921150267124176,1.25716507434845,0.99806821346283,243,0,90.6232833862305,0,25.6393051147461,25.2699391530022,903.511647210736,538.67324202481,,,,1362.0205108264,812.036022486401,,,12363,123.479556526955
2014,MS,50001,Campo Grande,66.8310536075809,96.9612163074114,57.9470700987314,100,100,100,100,100,100,100,95.0755881563646,75.4539762053851,67.0396041870117,1.00395631790161,31.1736927032471,67.392692565918,,,,,,549.342163085938,131.688262939453,129.240524291992,1.51495862007141,351.150024414062,67.2192993164062,101.37434387207,392.600463867188,76.7474365234375,110.394561767578,87869,13709,6145.1494140625,958.743713378906,173,2216,154.976745605469,12.0988159179688,1172,2792,,,1.95259499549866,0.819642305374146,2.29886245727539,0.919440090656281,1073,78,75.0406341552734,5.45495748519897,24.2886085510254,27.011920913424,930.474056788334,466.175959360538,,,,1402.66564803006,702.748238236193,,,73018,138.961946578231
2014,MS,50003,Dourados,82.7778309684749,85.7223828581276,79.1789058460832,100,100,100,100,100,100,100,100,76.5063773640229,61.6262283325195,3.35788559913635,34.4165229797363,62.1533813476562,,,,,,603.020751953125,157.907012939453,142.406158447266,1.71368861198425,416.574951171875,93.1667175292969,114.709495544434,462.811218261719,104.878402709961,124.260482788086,51502,12889,6490.4443359375,1624.31237792969,55,1178,148.455276489258,6.93127346038818,673,891,,,1.12286627292633,0.848135828971863,1.2614917755127,0.916062295436859,662,30,83.4273223876953,3.78069448471069,20.2350330352783,22.9239115239397,739.767280570895,374.066570735724,,,,1115.18010031897,563.895709955044,,,51249,197.318194801843
2014,MS,50002,Corumbá,88.2813169019019,84.0237285232731,85.9458323277775,100,100,100,100,100,100,100,100,57.1428571428571,54.5603942871094,3.6154477596283,39.9753494262695,56.4092025756836,,,,,,606.906555175781,219.010757446289,166.571563720703,2.92249035835266,434.747436523438,137.202499389648,147.561172485352,478.626068115234,153.745468139648,159.276336669922,8353,1922,6441.5380859375,1482.17834472656,7,132,101.793731689453,5.39815235137939,74,134,,,1.0333606004715,0.570661842823029,0.90554004907608,0.647199928760529,45,3,34.7024078369141,2.3134937286377,19.0307998657227,18.164756601697,776.389986717942,381.784458601677,,,,1170.38788550717,575.530226904701,,,8594,190.125381249807
2014,MT,51002,Baixada Cuiabana,48.7943555366307,44.4260977321694,39.2140268461364,100,84.345867484202,90.7526747168867,81.2363135831821,92.1291372082838,100,90.727648126134,100,54.2326221610461,68.0057525634766,0.621582746505737,31.4532375335693,66.5035934448242,,,,,,588.61669921875,150.25651550293,133.503890991211,2.47716093063354,439.247650146484,95.8919830322266,119.113151550293,489.027984619141,108.652755737305,128.153442382812,55106,9419,5698.5791015625,974.030334472656,179,1750,180.969650268555,18.5106086730957,1081,1935,,,2.0010073184967,1.11787533760071,2.54820775985718,1.18442046642303,895,218,92.5530471801758,22.5436477661133,29.0034370422363,23.7854237668756,713.897316819,310.362569855043,,,,1076.18179702847,467.863571255947,,,55483,150.11597753583
2014,MT,51006,Médio Araguaia,80.884654488959,96.5660235100586,80.884654488959,100,97.8779840848806,100,96.684350132626,98.6074270557029,100,100,94.2307692307692,66.3129973474801,55.9090919494629,9.65909099578857,33.9772720336914,55.8522720336914,,,,,,452.734710693359,97.6486663818359,99.8679504394531,14.4607839584351,382.12060546875,77.372688293457,88.3080520629883,419.437103271484,86.4003372192383,92.7922439575195,4105,1008,4555.08837890625,1118.52111816406,0,154,170.885162353516,0,74,67,,,0.743461430072784,0.821136474609375,0.872180104255676,0.830845892429352,76,0,84.3329391479492,0,6.26283025741577,20.3778786802933,773.211082788281,436.766335005824,,,,1165.59576980228,658.413987858259,,,5150,195.3980419165
2014,MT,51001,Alto Tapajós,95.0173105673145,100,95.0173105673145,100,100,100,100,100,100,100,100,48.3344663494222,71.2765960693359,1.00125157833099,28.5356693267822,68.8360443115234,,,,,,551.452941894531,148.652542114258,105.495346069336,4.52173900604248,421.662109375,98.8517227172852,87.8855819702148,469.801452636719,111.480934143066,95.9884338378906,6819,1612,6539.75244140625,1545.986328125,0,168,161.120162963867,0,77,100,,,0.959048628807068,0.738467454910278,0.982305526733398,0.698187410831451,63,0,60.4200630187988,0,3.35187482833862,21.7529349804002,529.968217789852,294.116153838637,,,,798.913422914103,443.372518030373,,,6907,174.963888011165
2014,MT,51013,Sul Matogrossense,76.6233657619684,90.6186948676615,70.8213372473504,100,100,100,99.0734864830562,100,100,100,100,47.2902652620891,69.2500534057617,1.57282876968384,31.718713760376,66.2981567382812,,,,,,566.513977050781,134.147583007812,106.666664123535,6.64750289916992,415.040374755859,84.0607528686523,95.1469192504883,462.684844970703,95.0881576538086,102.483245849609,30943,5308,6298.82958984375,1080.50891113281,28,764,155.521621704102,5.69974565505981,411,498,,,1.01374042034149,0.836641192436218,1.28966927528381,0.866005063056946,289,35,58.829517364502,7.12468194961548,16.4498729705811,26.299372428239,744.550640155289,456.555277931017,,,,1122.39089155195,688.245309053612,,,25815,138.871890964456
2014,MT,51009,Norte Araguaia Karajá,100,100,100,75.3846153846154,100,100,100,100,100,100,30,57.6923076923077,56.1576347351074,2.46305418014526,39.4088668823242,55.6650238037109,,,,,,297.029693603516,21.5238914489746,25.828670501709,56.5217399597168,236.431716918945,17.1713390350342,24.8727169036865,264.197723388672,19.9476070404053,24.9493255615234,1104,362,4752.47509765625,1558.32971191406,0,40,172.191131591797,0,18,11,,,0.473525613546371,0.774860084056854,0.58006888628006,0.742574274539948,0,0,0,0,2.54412388801575,21.237864314478,812.598560589543,565.294145554441,,,,1224.97137696867,852.166348128602,,,1705,198.836822316637
2014,MT,51004,Centro Norte,91.5846971662969,96.8596961198778,83.5774978025198,100,100,100,100,100,100,100,100,57.1544715447154,62.5364418029785,0.510204076766968,22.9591827392578,76.4577255249023,,,,,,543.878295898438,144.148193359375,101.210433959961,8.08270645141602,395.503692626953,89.3921203613281,83.9812469482422,439.903442382812,99.900505065918,91.1475219726562,5025,1179,5137.1962890625,1205.32434082031,0,204,208.554840087891,0,70,52,,,0.531610369682312,0.71562933921814,0.754222214221954,0.701572358608246,32,0,32.714485168457,0,6.96614074707031,23.7085430845359,622.693651252509,388.963181444778,,,,938.694622903382,586.351966484956,,,7100,225.041183566764
2014,MT,51005,Garças Araguaia,88.858704682152,96.8589040640681,88.858704682152,100,81.7358892438765,84.4515441959531,79.5527156549521,91.85303514377,100,90.5750798722045,76.4110756123536,44.408945686901,54.0967407226562,8.19348430633545,38.8450164794922,51.283317565918,,,,,,586.90966796875,148.348709106445,132.1357421875,12.0165748596191,414.113128662109,90.6392288208008,108.136817932129,453.600677490234,96.8263778686523,114.245498657227,5873,1152,4760.93994140625,933.867309570312,10,238,192.934387207031,8.10648727416992,92,129,,,1.04573678970337,0.745796799659729,1.31244015693665,0.765860319137573,57,0,46.206974029541,0,15.0480718612671,23.9690634918269,694.027851493994,377.575987723768,,,,1046.2290903917,569.186065573054,,,8582,185.927608167763
2014,MT,51011,Oeste Matogrossense,61.8137882168805,62.5567106251124,53.8822322571093,100,98.6291980808773,100,100,100,100,100,96.8471555860178,69.4996572995202,64.0026397705078,1.28797888755798,44.4848098754883,54.2272109985352,,,,,,563.085144042969,147.093734741211,120.771697998047,5.49954175949097,378.336181640625,85.0748138427734,98.6628952026367,421.919708251953,96.3326110839844,105.942939758301,13512,2129,6973.79150390625,1098.81604003906,25,336,173.415771484375,12.9029598236084,185,195,,,1.00643086433411,0.954819023609161,1.11326730251312,1.00591468811035,131,10,67.6115036010742,5.16118383407593,13.0376663208008,25.3799734341235,434.728279840073,295.950559374621,,,,655.34167224781,446.137837075123,,,14910,215.045809693396
2014,MT,51007,Médio Norte Matogrossense,78.1673011366205,65.8005624327477,57.9848269750703,100,100,100,100,100,100,100,100,70.7108192977448,66.911376953125,0.707918167114258,32.2496070861816,66.675407409668,,,,,,465.187774658203,104.10718536377,85.2185363769531,7.6487250328064,403.660308837891,82.168327331543,87.7423095703125,448.925476074219,93.3052368164062,92.3888397216797,11451,3161,5030.08984375,1388.53503417969,0,320,140.566665649414,0,144,211,,,0.92686140537262,0.632549941539764,1.09718871116638,0.660992741584778,138,24,60.6193733215332,10.5424995422363,18.6874580383301,25.4883210010346,609.301102653501,397.386801648347,,,,918.505701221631,599.050356736029,,,10532,129.059943200011
2014,MT,51008,Noroeste Matogrossense,76.162566461886,94.4461279925067,73.414556874845,100,100,100,100,100,100,100,85.6415006947661,67.0217693376563,68.1411972045898,0.670241296291351,30.3842716217041,68.8561248779297,,,,,,372.313751220703,93.5797576904297,88.9007720947266,0.179533213376999,332.309051513672,81.2096328735352,82.9549942016602,372.748138427734,92.9670715332031,92.0810546875,8538,2182,5707.0283203125,1458.50744628906,0,225,150.396041870117,0,110,64,,,0.427793174982071,0.735269546508789,0.563316762447357,0.785401582717896,82,0,54.8110008239746,0,1.95180642604828,27.2772678830975,579.874437779393,317.043641339473,,,,874.145762700107,477.935114245109,,,10780,211.613598576703
2014,MT,51012,Sudoeste Matogrossense,89.2824939962326,100,86.4247899797345,97.1727748691099,90.1570680628272,93.455497382199,91.2041884816754,99.8952879581152,100,93.1413612565445,79.8952879581152,57.4869109947644,64.814811706543,0.874485611915588,35.2366256713867,61.5740737915039,,,,,,463.083862304688,97.491340637207,90.5276718139648,10.9022560119629,349.313995361328,69.6258773803711,79.2961654663086,389.927490234375,78.5321502685547,86.3208694458008,8311,2129,7234.37939453125,1853.20593261719,0,157,136.661972045898,0,78,65,,,0.565797924995422,0.678957521915436,0.650885283946991,0.731620252132416,39,0,33.9478759765625,0,12.1881580352783,22.2643565089149,658.031348495861,406.192123787914,,,,991.965290303636,612.324152813311,,,7687,187.293600087415
2014,MT,51003,Araguaia Xingu,87.7204192727854,100,84.0339645363054,96.2331838565022,100,100,100,100,100,100,86.5470852017937,67.8026905829596,53.5390205383301,1.08892917633057,39.2921943664551,59.437385559082,,,,,,353.563720703125,39.4175758361816,46.5844078063965,33.4459457397461,293.826446533203,34.5298538208008,43.2238159179688,329.846588134766,39.3691101074219,46.5297241210938,3751,1021,4480.46435546875,1219.55590820312,0,107,127.808502197266,0,50,32,,,0.382231026887894,0.597235977649689,0.492421090602875,0.589770555496216,24,0,28.6673278808594,0,2.27905249595642,23.9345817067163,590.464833562819,328.608032466121,,,,890.110511266795,495.368135676917,,,7021,250.425140745606
2014,MT,51014,Teles Pires,86.5470228158041,86.7366089451919,77.2919462721093,100,100,100,100,100,100,100,100,71.4421402564508,71.5673370361328,0.52507221698761,24.8359146118164,74.4946212768555,,,,,,400.980529785156,66.5659408569336,79.7734680175781,4.34782600402832,399.753021240234,67.4997634887695,88.883659362793,446.640472412109,77.679557800293,94.8295364379883,21580,3095,5700.36865234375,817.545959472656,22,362,95.6224975585938,5.81131219863892,402,402,,,1.06188523769379,1.06188523769379,1.29539430141449,1.0705361366272,269,14,71.0564956665039,3.69810771942139,16.4589557647705,25.4027181892225,662.796726111886,463.754605663877,,,,999.148974182971,699.098109973874,,,11607,81.7076971073245
2014,MT,51010,Norte Matogrossense,67.5384774605615,93.0467052057306,63.1030353209042,100,93.1170108161259,95.968534906588,95.3785644051131,100,100,98.7217305801377,100,60.9636184857424,77.5830230712891,2.39852404594421,24.2619934082031,72.7859802246094,,,,,,491.556793212891,121.44344329834,98.3113555908203,8.52941131591797,323.1630859375,64.7119140625,78.7121429443359,357.930297851562,71.8610458374023,83.0028915405273,4465,1048,6455.29736328125,1515.15148925781,8,136,196.622711181641,11.5660419464111,63,72,,,1.0409437417984,0.910825788974762,1.65177536010742,1.11033999919891,58,10,83.8538055419922,14.4575529098511,2.74548935890198,22.3185758919282,554.619904389203,358.745014304561,,,,836.07520481081,540.798858706417,,,3448,125.182713561279
2014,MT,51015,Vale do Peixoto,89.6706027333609,100,89.6706027333609,100,100,100,100,100,100,100,100,57.9939668174962,71.3432846069336,1.13432836532593,28.8358211517334,69.9701461791992,,,,,,517.823547363281,135.854858398438,95.4921798706055,7.79467678070068,396.822845458984,87.2920227050781,87.3602523803711,439.934509277344,96.9302291870117,93.8886871337891,5511,1120,5425.333984375,1102.59008789062,0,165,162.435150146484,0,59,53,,,0.521761417388916,0.580828726291656,0.684688746929169,0.632512629032135,29,0,28.5492076873779,0,1.79072451591492,28.3214738734312,642.472543783232,319.567310723262,,,,968.510793388224,481.739480767529,,,7183,208.022225728918
2014,MT,51016,Vale dos Arinos,80.9457260457548,100,69.1720111036661,100,100,100,100,100,100,100,100,72.9487179487179,72.7375564575195,0.339366525411606,23.9819011688232,75.5656127929688,,,,,,473.224487304688,97.2635269165039,74.8180999755859,11.4624509811401,348.029083251953,57.9912643432617,66.4333038330078,380.924591064453,64.6756591796875,70.1439743041992,2321,426,4341.3203125,796.812744140625,3,90,168.340728759766,5.61135721206665,35,32,,,0.598544776439667,0.654658377170563,0.810841143131256,0.72713840007782,75,0,140.283935546875,0,3.56134152412415,26.1026014467586,738.566007157073,413.443244986222,,,,1113.36921162286,623.255031047225,,,2362,120.641923851962
2014,PA,15011,Tocantins,47.3495090420859,98.9280584346058,41.6969464075702,100,84.1551724137931,85.1637931034483,67.1724137931034,93.5431034482759,100,83.1465517241379,93.8793103448276,30.801724137931,44.1309432983398,3.18988609313965,51.934024810791,44.5160751342773,,,,,,344.948791503906,79.8366317749023,76.503791809082,13.1752309799194,299.841857910156,67.4490127563477,73.4434280395508,331.881164550781,75.4513168334961,78.5658264160156,43966,12573,6660.5263671875,1904.71716308594,0,679,102.86351776123,0,204,216,,,0.327224135398865,0.309045016765594,0.391343414783478,0.336010724306107,157,0,23.7843475341797,0,5.24513006210327,17.8958475963939,310.794195772213,112.963622569541,,,,468.514236196465,170.289748219571,,,91376,513.773129302806
2014,PA,15003,Carajás,52.9169061085403,83.0321406607588,45.1438667594189,100,83.6353085305307,81.894383906119,67.9798826487846,76.7102972467599,100,81.6558127538848,100,19.2017538203624,48.8218307495117,1.76725172996521,53.666748046875,44.4578018188477,,,,,,429.300872802734,100.888778686523,86.9688415527344,9.12482070922852,413.484741210938,96.6716766357422,97.17822265625,461.592681884766,110.252502441406,104.74356842041,45163,13011,5563.4189453125,1602.76428222656,38,932,114.808723449707,4.68104219436646,450,532,,,0.655345916748047,0.554333984851837,0.727778911590576,0.567545592784882,427,0,52.6001358032227,0,18.6973152160645,24.5904406739564,678.600028270806,455.160440349341,,,,1022.97204469422,686.142627365579,,,72206,272.814220524432
2014,PA,15007,Metropolitana II,69.57208551269,100,64.9565298791262,91.5314401622718,91.1088573360379,96.3319810682894,87.8296146044625,100,100,98.8336713995943,69.235970250169,21.737660581474,39.5931663513184,3.15703821182251,60.2278289794922,36.4524002075195,,,,,,427.723327636719,121.879692077637,85.8307723999023,12.7759199142456,356.139282226562,96.6566925048828,85.4401092529297,393.818939208984,108.394004821777,91.0821533203125,26565,10297,7600.31494140625,2945.998046875,0,491,140.476364135742,0,144,100,,,0.286102563142776,0.411987692117691,0.426936566829681,0.446248471736908,52,0,14.8773336410522,0,4.27952241897583,20.19644080973,294.073260608163,116.097182159787,,,,443.30785759145,175.013508502007,,,50870,469.538420378677
2014,PA,15013,Marajó I,52.6548613252188,99.3444952345206,50.8719956031582,93.2305055698372,75.9782919165953,77.5778349043131,59.4687232219366,75.8926021136818,100,76.6352470722651,67.3236218223365,28.9345901171094,35.2521781921387,6.09981536865234,58.1198844909668,34.6976509094238,,,,,,259.068481445312,71.64794921875,67.279167175293,6.74536275863647,226.982284545898,62.2346267700195,63.5139656066895,250.166778564453,69.4902877807617,67.1814270019531,11255,3857,4917.05859375,1685.03735351562,0,221,96.5499801635742,0,83,61,,,0.266495406627655,0.362608522176743,0.276652812957764,0.402801275253296,0,0,0,0,0.61905574798584,17.3398295752756,310.540051332128,111.799595193166,,,,468.131120006235,168.535006964514,,,34239,551.02976034646
2014,PA,15001,Araguaia,65.4607441659972,100,63.697317632306,100,79.136302294197,72.4561403508772,64.0350877192982,71.3090418353576,100,75.7354925775978,85.4385964912281,8.05668016194332,49.0682411193848,1.54176163673401,55.5436401367188,42.8073463439941,,,,,,373.424438476562,81.0043792724609,78.3233795166016,12.9230766296387,347.997161865234,73.9773635864258,84.3832778930664,389.504364013672,84.8423538208008,91.1357116699219,36605,13194,7009.8466796875,2526.64721679688,24,922,176.562728881836,4.59599304199219,287,228,,,0.436619341373444,0.549604177474976,0.590968132019043,0.616437554359436,313,5,59.9394111633301,0.957498550415039,3.55749011039734,19.4053143263266,390.241607037639,161.663755851424,,,,588.279160101571,243.703943393121,,,45796,249.516433751277
2014,PA,15002,Baixo Amazonas,51.1465758095741,99.825243092221,43.0700842573038,100,85.9803378565494,86.8734422597618,73.8507338687344,90.1827748546109,100,89.8643035170313,85.1010800332318,28.1570202160066,41.3496055603027,2.34288334846497,52.0524711608887,45.3697052001953,,,,,,417.926025390625,119.176849365234,82.1862869262695,11.0395879745483,331.426605224609,85.4827041625977,79.5122528076172,368.858489990234,97.6420669555664,85.190803527832,42301,9019,5689.95458984375,1213.15576171875,28,983,132.224426269531,3.76631116867065,452,330,,,0.443886667490005,0.607990205287933,0.600827515125275,0.706620514392853,219,0,29.4579334259033,0,5.15453433990479,22.4049926389761,401.843052068548,159.304577407466,,,,605.768039338606,240.147542721043,,,91682,429.405552766029
2014,PA,15012,Xingu,69.3455007807823,91.5190998475469,66.0211582735145,100,84.0783034257749,92.7569331158238,75.6606851549755,83.7846655791191,100,90.1141924959217,95.3833605220228,24.3556280587276,42.2159690856934,7.25818395614624,51.799732208252,40.4680786132812,,,,,,458.124481201172,98.3850936889648,95.6689453125,6.65349149703979,411.634185791016,85.4103240966797,97.7067337036133,459.591522216797,97.4905624389648,105.730194091797,26177,8095,7900.08154296875,2443.02880859375,20,566,170.815841674805,6.03589534759521,225,186,,,0.561338305473328,0.679038226604462,0.609248220920563,0.766106009483337,73,0,22.0310192108154,0,2.1807689666748,16.3788519412372,474.405796424471,212.14387781327,,,,715.154505401028,319.801425604122,,,39305,423.642086776767
2014,PA,15014,Marajó II,47.9278984358216,95.5038823132244,45.8818835612935,88.6894887648922,47.4438244608656,46.0865631126527,33.5243553008596,43.7490574573971,94.269340974212,51.1385914643342,61.9816015683909,17.2824611672448,34.1138916015625,17.80202293396,50.1995735168457,30.9340076446533,,,,,,252.383804321289,52.3438034057617,64.6796035766602,18.7582569122314,244.59553527832,51.8340187072754,65.7804946899414,269.410919189453,57.1597023010254,69.4041290283203,16317,3203,5440.087890625,1067.88024902344,0,277,92.351806640625,0,114,107,,,0.35673800110817,0.380076020956039,0.516603291034698,0.430502772331238,17,17,5.66780042648315,5.66780042648315,0.545775830745697,21.1630460814879,286.098004892552,114.022754325445,,,,431.285365244748,171.886362031538,,,41433,551.159195178415
2014,PA,15006,Metropolitana I,60.6955253839308,43.3128349334394,37.8414664167093,100,84.3052489575668,85.1514594064263,74.6136865342163,87.2700515084621,100,84.700760363012,100,30.4298503801815,57.6817283630371,3.68747162818909,40.3959503173828,55.8712425231934,,,,,,560.027648925781,141.118453979492,118.609893798828,2.9523651599884,405.835388183594,88.6954040527344,107.3359375,453.148590087891,100.705154418945,115.060829162598,117094,26150,5423.07958984375,1211.10852050781,236,3688,170.8056640625,10.9300804138184,1640,3613,,,1.67332124710083,0.75954794883728,1.78809857368469,0.795198082923889,3304,508,153.021118164062,23.5274620056152,26.3900299072266,20.7862412314911,532.060482612238,174.77097518449,,,,802.067458184116,263.462738563774,,,160125,193.380455215573
2014,PA,15009,Rio Caetés,85.9050858304249,100,83.3867613161653,100,86.4272127112006,86.6621908917981,75.4168065346313,100,100,85.6663309835515,91.8540897392861,12.5433590690388,33.7104301452637,14.4784078598022,54.5415000915527,30.8930702209473,,,,,,414.216278076172,116.691528320312,80.1771240234375,15.625,328.264923095703,81.3508148193359,77.085334777832,365.741851806641,92.5158996582031,82.7027053833008,36785,9564,7106.7841796875,1847.74462890625,30,737,142.386840820312,5.79593658447266,252,242,,,0.467538893222809,0.486858665943146,0.642479598522186,0.600748836994171,422,10,81.5295104980469,1.93197894096375,1.84330105781555,18.9928121881425,336.779368587306,114.992426781187,,,,507.686214179026,173.348118255247,,,74013,492.096330198451
2014,PA,15008,Metropolitana III,69.0436025073746,99.3632466814159,66.3645372418879,100,85.0605844618674,91.3898788310763,77.84034212402,88.2181040627227,100,87.6621525302922,73.007840342124,26.6928011404134,50.2238998413086,2.22502088546753,48.0548553466797,49.4052619934082,,,,,,417.931030273438,117.638175964355,89.3554382324219,9.30169868469238,348.958190917969,89.0895843505859,89.5494384765625,389.761566162109,100.765968322754,96.9017791748047,58093,17021,6545.93359375,1917.93041992188,6,1413,159.217193603516,0.676081478595734,373,333,,,0.375225216150284,0.42029732465744,0.560753226280212,0.459200173616409,300,24,33.8040733337402,2.70432591438293,3.81591653823853,19.7608559332355,386.84736860948,135.634757926847,,,,583.162433192671,204.465900188059,,,116948,391.957205860325
2014,PA,15010,Tapajós,47.6235541967897,88.1344355246862,42.5871596627591,100,92.6153846153846,95.2307692307692,74.9487179487179,94.2564102564103,100,93.4615384615385,100,24.4615384615385,43.9161186218262,5.14508676528931,55.3035850524902,36.7959022521973,,,,,,436.614990234375,115.81787109375,82.72705078125,8.31578922271729,405.063140869141,106.297386169434,83.1044387817383,450.406066894531,118.778327941895,88.3715896606445,15955,4888,7332.833984375,2246.4990234375,0,255,117.196655273438,0,139,64,,,0.294140636920929,0.638836681842804,0.32596755027771,0.786596357822418,299,0,137.418823242188,0,1.201380610466,18.7889057912528,378.46116016066,164.217769211263,,,,570.520440197206,247.554052677006,,,24566,392.308595886265
2014,PA,15004,Lago de Tucuruí,50.9675408782369,88.1440939590779,47.8779350038468,100,72.3671362812108,72.3671362812108,57.1627842097922,68.4614311619473,99.7489189566188,70.7211605523783,95.2992049100293,18.4126098479565,54.010181427002,1.47200441360474,54.1752662658691,44.2564315795898,,,,,,350.412261962891,67.3229293823242,68.9881591796875,8.89341449737549,346.730041503906,70.5098724365234,77.7987289428711,386.016693115234,79.9018402099609,84.4818496704102,21119,5704,5024.0029296875,1356.92565917969,7,523,124.416572570801,1.66523134708405,208,151,,,0.359214186668396,0.494811624288559,0.529305696487427,0.552381038665771,207,17,49.2432708740234,4.04413318634033,2.3591570854187,20.9141548140771,386.299045917834,166.481742586307,,,,582.335850873694,250.96693416259,,,44867,352.121521986494
2014,PB,25011,11ª Região,99.2130134278835,100,99.2130134278835,100,100,100,100,100,100,100,94.7802197802198,30.952380952381,71.0900497436523,1.51658773422241,28.0568714141846,70.1421813964844,,,,,,589.158081054688,155.671844482422,134.117279052734,8.94308948516846,339.968383789062,70.1719589233398,96.2503356933594,375.139739990234,76.7865371704102,103.546775817871,3196,1120,3827.13232421875,1341.1728515625,0,123,147.289520263672,0,77,60,,,0.718485414981842,0.922056317329407,0.761893928050995,0.993904829025269,4,0,4.78990268707275,0,0.923253774642944,19.0461846466241,532.911869137715,179.151587271319,,,,803.350901417993,270.06639832915,,,13205,561.00502438634
2014,PB,25007,7ª Região,100,100,100,76.8286171916711,92.7923117992525,95.1414842498665,98.7720234917245,99.252536038441,100,98.184730379071,79.1243993593166,42.4986652429258,53.0349807739258,4.06378602981567,30.967077255249,64.7119369506836,,,,,,572.781494140625,158.956924438477,109.995506286621,10.7728338241577,314.782287597656,60.8725242614746,80.0633163452148,348.091278076172,69.0573654174805,86.1430435180664,4963,1151,3328.70556640625,771.980651855469,0,390,261.574676513672,0,163,119,,,0.79813814163208,1.0932480096817,1.04814314842224,1.10766816139221,18,10,12.0726776123047,6.70704317092896,1.17909812927246,20.7997710317518,650.319136339494,256.595572647389,,,,980.33932933983,386.811209365045,,,25115,576.981440927003
2014,PB,25003,3ª Região,100,100,100,37.2252747252747,90.1785714285714,85.5082417582418,84.581043956044,88.3928571428571,100,89.1826923076923,30.0824175824176,34.6840659340659,69.8401870727539,1.39408361911774,27.2016315460205,70.5882339477539,,,,,,719.187255859375,227.193115234375,132.91569519043,8.02292251586914,370.072326660156,81.0555267333984,91.7231292724609,410.06689453125,91.7994766235352,98.7923049926758,9851,2150,5075.009765625,1107.630859375,0,294,151.462066650391,0,148,92,,,0.473962962627411,0.762462139129639,0.734771370887756,0.799297332763672,17,4,8.75801086425781,2.06070852279663,3.04727268218994,23.7019337016925,457.985214178312,211.860767110915,,,,690.400901075034,319.374643520425,,,31326,493.918131327178
2014,PB,25002,2ª Região,100,100,100,99.6502681277687,90.8370249475402,88.0858008859874,86.6635579389135,88.2256936348799,100,87.3863371415248,66.1226393098624,40.4056889717883,63.1794395446777,1.56925177574158,27.6324768066406,70.1159896850586,,,,,,643.24267578125,224.348892211914,125.438873291016,5.95723009109497,353.738250732422,89.1434783935547,90.891975402832,392.466033935547,99.7012405395508,97.8688812255859,15794,3667,5172.7978515625,1201.00354003906,6,376,123.146255493164,1.96509981155396,267,234,,,0.766388952732086,0.874469399452209,0.899524450302124,0.867673456668854,12,0,3.93019962310791,0,2.36172246932983,20.3868064980914,475.036231361003,205.348556630128,,,,716.104869811878,309.557654140119,,,48255,517.000439354264
2014,PB,25015,15ª Região,100,100,100,29.688972667295,87.5589066918002,84.3543826578699,86.6163996229972,89.6324222431668,100,88.3600377002827,22.6672950047125,33.7888784165881,69.177490234375,0.909090936183929,29.3073596954346,68.701301574707,,,,,,634.76953125,180.30940246582,117.301658630371,8.55332660675049,339.750640869141,67.5508728027344,88.2169036865234,376.321197509766,75.9712982177734,93.1515579223633,5689,1026,3813.30932617188,687.722900390625,0,137,91.8304443359375,0,115,89,,,0.596562743186951,0.77083945274353,0.883784234523773,0.872389197349548,0,0,0,0,2.40971112251282,21.2902980234399,488.948851676566,224.905645554855,,,,737.077786196116,339.039461408201,,,24017,528.892065780018
2014,PB,25001,1ª Região Mata Atlântica,95.5504910565793,100,89.2435452836765,100,92.8809965544659,92.6371587596077,86.1648555526107,100,100,93.2308507818712,100,45.7195865359131,61.7611122131348,1.92787718772888,33.9794998168945,60.7520332336426,,,,,,632.526000976562,165.104064941406,132.099227905273,2.51421356201172,403.561798095703,83.5047073364258,106.631675720215,450.161102294922,95.0156555175781,115.057525634766,70848,12764,5661.806640625,1020.03308105469,167,2335,186.601150512695,13.345778465271,1769,2688,,,2.14811086654663,1.41369354724884,2.22454953193665,1.36027050018311,995,100,79.515266418457,7.99148416519165,21.7454681396484,22.9816265268574,658.12815879804,291.872234609696,,,,992.111229337887,439.989867652938,,,127212,282.793472961899
2014,PB,25005,5ª Região,100,100,100,79.0637191157347,73.927178153446,74.7724317295189,73.7321196358908,70.3511053315995,95.1885565669701,74.2522756827048,72.4317295188557,38.2314694408322,68.457649230957,0.821744620800018,31.09987449646,67.6359024047852,,,,,,727.050231933594,236.651245117188,135.872009277344,8.16831684112549,351.548614501953,80.9495544433594,90.8625183105469,389.200897216797,91.5517654418945,98.2395401000977,6446,1749,5800.205078125,1573.77575683594,0,174,156.567749023438,0,92,74,,,0.665862858295441,0.827829480171204,0.778339684009552,0.856398582458496,0,0,0,0,2.15955519676208,20.5643398613383,697.873825579525,310.265452985648,,,,1052.02679715594,467.717170079525,,,18721,504.666527020049
2014,PB,25010,10ª Região,100,100,100,97.1779141104294,100,92.8834355828221,86.5030674846626,93.9877300613497,100,98.6503067484663,59.1411042944785,49.4478527607362,71.8397979736328,1.93992495536804,23.466833114624,74.3429260253906,,,,,,647.282775878906,148.840423583984,136.725509643555,3.47593593597412,326.798828125,55.3947906494141,93.9893646240234,360.072845458984,61.6999359130859,101.026489257812,1894,556,1638.97546386719,481.135345458984,14,212,183.454483032227,12.1149187088013,113,93,,,0.804776728153229,0.97784698009491,1.11889934539795,0.92592591047287,86,2,74.4202117919922,1.7307026386261,4.54655599594116,18.4669819998652,529.346012421076,181.519099342768,,,,797.975464364443,273.635361729786,,,18062,471.614625600038
2014,PB,25006,6ª Região,99.8119062888723,100,99.8119062888723,100,100,100,100,100,100,100,100,48.5961123110151,77.2971343994141,3.10262537002563,29.5644397735596,67.2732696533203,,,,,,642.727172851562,177.674911499023,152.722991943359,7.09504699707031,370.686981201172,79.7458724975586,111.409332275391,408.935241699219,88.998046875,119.543281555176,7313,1269,3146.09350585938,545.930908203125,6,447,192.301895141602,2.58123350143433,322,171,,,0.735651552677155,1.38526201248169,1.16467416286469,1.36525750160217,69,16,29.6841869354248,6.8832893371582,3.3822762966156,19.6645308053779,574.415920827487,231.633322182677,,,,865.917189144755,349.181260449296,,,34035,462.266516880968
2014,PB,25016,16ª Região,98.6023457966182,89.0176604548702,90.4084305787092,100,91.2528693971246,95.964721517458,95.9284765011478,100,100,95.2519028633563,100,50.9846562764287,70.8649826049805,1.36038994789124,27.4912147521973,69.7653350830078,,,,,,673.095581054688,213.675216674805,138.907531738281,4.73684215545654,371.430114746094,90.7713165283203,104.882904052734,413.195617675781,102.146812438965,112.607833862305,30590,6844,5703.59912109375,1276.08483886719,133,1737,323.868988037109,24.7982578277588,559,1062,,,1.98013150691986,1.04227268695831,1.96759259700775,1.00111317634583,424,28,79.0560989379883,5.2206859588623,15.8940048217773,21.1763181106329,597.568531725068,197.836808042559,,,,900.819153075202,298.233886837256,,,57507,292.112215130486
2014,PB,25014,14ª Região,100,98.7775540268411,98.7775540268411,36.0379801467415,79.3698748381528,74.7086750107898,76.8234786361675,76.3055675442382,93.2239965472594,77.8161415623651,26.5429434613725,31.5062580923608,55.2068481445312,1.90204465389252,39.2772216796875,55.3019485473633,,,,,,600.257141113281,184.069839477539,142.112747192383,4.17136430740356,365.839416503906,89.7337188720703,108.439254760742,406.619384765625,100.077224731445,118.014808654785,6649,1131,4499.56005859375,765.378601074219,0,60,40.6036415100098,0,119,74,,,0.500778257846832,0.805305540561676,0.741693198680878,0.889219760894775,0,0,0,0,1.88197875022888,21.4241584962452,421.870116547148,213.731941491857,,,,635.958322635678,322.19539065085,,,24895,475.700387208488
2014,PB,25004,4ª Região,99.6831100357517,97.6066230905348,99.6831100357517,82.8920570264766,100,100,100,100,100,100,71.8940936863544,38.4928716904277,71.2525634765625,1.57426416873932,22.381929397583,75.3593444824219,,,,,,619.69287109375,181.571823120117,133.694671630859,5.97667646408081,327.645721435547,71.6750030517578,97.7280197143555,362.076507568359,80.3483810424805,103.97599029541,6409,1647,5789.52099609375,1487.80493164062,0,310,280.0361328125,0,111,59,,,0.532971978187561,1.00270998477936,0.759710967540741,1.02710032463074,0,0,0,0,1.20957541465759,22.5331328836509,565.595824301044,257.419359634641,,,,852.621121060221,388.053047006709,,,19439,587.880137000542
2014,PB,25008,8ª Região,98.1020104501886,100,98.1020104501886,86.5497076023392,86.0298895386615,88.62897985705,88.4340480831709,86.1598440545809,100,87.719298245614,80.1819363222872,31.5789473684211,74.3656463623047,1.04098892211914,29.4729995727539,69.2908248901367,,,,,,583.858154296875,156.792770385742,122.142433166504,6.08308601379395,330.045227050781,56.444580078125,87.98681640625,363.298492431641,63.7572059631348,94.0248489379883,8016,3402,6943.92724609375,2947.01098632812,0,206,178.44921875,0,127,70,,,0.606380879878998,1.10014808177948,0.795874893665314,1.00269412994385,3,0,2.59877514839172,0,1.72212159633636,24.3791519732102,534.7380862066,257.538306103867,,,,806.103876559732,388.232355741994,,,17480,421.390108740568
2014,PB,25009,9ª Região,100,100,100,100,90.9688733011837,91.9772029811486,93.9938623410785,98.1587023235423,100,94.6953090749671,97.1065322227093,42.2621657167909,74.3243255615234,2.39755892753601,29.9912815093994,67.5239791870117,,,,,,711.330078125,164.595794677734,142.726425170898,10.1132688522339,352.830688476562,53.6848449707031,97.5733489990234,391.226989746094,60.7163505554199,104.964195251465,7668,2499,4413.0087890625,1438.19885253906,7,317,182.436599731445,4.02856826782227,226,190,,,1.09346854686737,1.30065202713013,1.00987577438354,1.11907875537872,4,0,2.30203914642334,0,3.22803425788879,19.3038645838872,499.363356825117,216.471659176394,,,,752.77738416613,326.325444415773,,,25187,520.32171344017
2014,PB,25013,13ª Região,100,99.7932161558216,100,100,87.8326996197719,93.4093789607098,92.6489226869455,93.7896070975919,100,86.8187579214195,91.7617237008872,34.8542458808619,81.8646240234375,0.383141756057739,14.3039588928223,85.185188293457,,,,,,703.464111328125,209.542495727539,129.716781616211,4.7281322479248,322.696350097656,59.7385711669922,76.3262405395508,359.502685546875,67.5884246826172,82.627571105957,2011,452,3344.36474609375,751.692138671875,0,105,174.618743896484,0,78,59,,,0.981191039085388,1.29716789722443,1.24686110019684,1.43519985675812,6,6,9.97821426391602,9.97821426391602,12.3513660430908,20.0186617634807,647.348010044569,230.227501663008,,,,975.860433061695,347.062022265438,,,9577,476.976890084788
2014,PB,25012,12ª Região,98.4097292568376,99.0716226171839,98.4097292568376,67.8543151227237,90.7759303246239,84.5209817893903,83.6104513064133,92.319873317498,100,86.4212193190816,49.4853523357086,19.9524940617577,63.3702545166016,2.45253157615662,32.5553779602051,63.6471519470215,,,,,,611.838439941406,197.441299438477,106.756050109863,9.66228866577148,329.638580322266,77.325927734375,77.7044677734375,364.877014160156,87.3122863769531,84.2181015014648,9061,2306,5200.626953125,1323.54541015625,0,262,150.376800537109,0,146,108,,,0.619873821735382,0.837977588176727,0.793782889842987,0.859214007854462,1,0,0.57395726442337,0,2.04787945747375,21.1375417372062,482.437912142124,219.53187458053,,,,727.262712734653,330.93864022885,,,30934,587.841434140444
2014,PE,26010,Recife,63.1699515049279,74.6269887469606,57.8755248290413,100,94.8873673053953,97.9391329217207,92.9627698053532,99.4179101966656,95.2053296546155,96.1053818071701,70.3453844989149,55.8436096297169,55.6152114868164,2.00513958930969,42.5531578063965,53.9439888000488,,,,,,634.203796386719,147.426376342773,136.977691650391,1.67441141605377,396.974151611328,78.0605392456055,103.7353515625,445.433074951172,89.1623764038086,112.932968139648,258642,41757,6299.4638671875,1017.03015136719,787,9030,219.933959960938,19.1681098937988,4904,8712,,,2.12188768386841,1.19441425800323,2.47386121749878,1.32480370998383,3372,579,82.1281585693359,14.1020774841309,29.2807846069336,17.1148362742319,477.069896065635,225.601748276128,,,,719.1705669154,340.088818311282,,,377631,229.031767393678
2014,PE,26001,Afogados da Ingazeira,97.2153309507097,100,97.2153309507097,100,100,96.5529010238908,99.3856655290102,100,100,100,94.778156996587,45.7679180887372,78.8881072998047,0.738916277885437,21.3230113983154,77.7973251342773,,,,,,661.661071777344,219.485626220703,141.517501831055,2.90556907653809,337.133514404297,74.1697616577148,90.4536514282227,376.008361816406,85.4133148193359,99.3666000366211,13130,3557,7011.79150390625,1899.53857421875,0,362,193.318237304688,0,126,162,,,0.865125834941864,0.672875642776489,1.10183382034302,0.67714786529541,94,4,50.198657989502,2.13611316680908,1.41357290744781,20.2869963165034,483.973146429258,213.270550885476,,,,729.577038835989,321.499856208838,,,31903,528.810484384576
2014,PE,26009,Petrolina,77.4088479093381,88.9707625571069,77.2646790587803,100,93.382530849262,98.9958867650617,94.6648923300266,100,100,100,100,74.3164771352528,63.3462600708008,0.753462612628937,32.2326850891113,65.639892578125,,,,,,461.890350341797,89.6648025512695,98.9916381835938,14.1808166503906,362.840576171875,64.196662902832,91.6198501586914,402.813720703125,72.3454360961914,98.6910552978516,24343,3171,5160.07177734375,672.168090820312,56,603,127.820045471191,11.8705177307129,423,610,,,1.29303860664368,0.896648049354553,1.28069114685059,0.956053674221039,231,29,48.9658889770508,6.14723253250122,15.1304588317871,20.8919162107311,402.669327615925,165.864233762139,,,,607.01362842049,250.036055532824,,,59145,384.874866089294
2014,PE,26003,Caruaru,78.0417773092288,93.4030206659074,76.5862920444915,99.2243346007605,97.6121673003802,98.3016476552598,95.9898605830165,100,100,97.743979721166,82.4030418250951,57.4651457541191,68.8733291625977,1.29356265068054,31.223051071167,67.1232147216797,,,,,,665.617858886719,178.104934692383,138.585052490234,7.41880321502686,408.264404296875,86.4864730834961,107.657035827637,455.187377929688,98.8326263427734,116.813163757324,61755,9589,4684.35693359375,727.362915039062,38,2051,155.576324462891,2.88244771957397,864,1087,,,0.824531733989716,0.655377566814423,0.996909737586975,0.719986140727997,301,70,22.8320198059082,5.30977201461792,7.62945985794067,23.7631631969416,403.665281217957,190.475925744989,,,,608.515002794564,287.137546576431,,,183475,384.957427510257
2014,PE,26008,Palmares,87.8703712954545,99.7022709334506,87.8703712954545,100,100,100,100,100,100,100,92.8075194115243,58.1630568042501,49.8555946350098,2.5,46.814079284668,49.7382659912109,,,,,,594.25634765625,178.194030761719,128.962738037109,3.34728026390076,446.310302734375,114.05770111084,112.32755279541,500.475219726562,129.312118530273,123.3017578125,34028,4869,5640.54541015625,807.094604492188,30,1185,196.427825927734,4.97285652160645,287,376,,,0.623264670372009,0.475736618041992,0.787327527999878,0.534996509552002,30,0,4.97285652160645,0,2.74717164039612,21.109130179487,439.299762898601,186.287365027337,,,,662.233065081351,280.82339929798,,,93948,443.261538774459
2014,PE,26004,Garanhuns,93.3550799347226,98.6811193302497,92.0818333248826,93.2935916542474,100,100,97.7301387137453,100,100,100,76.796973518285,49.2491115441935,66.063720703125,1.3303769826889,27.4010963439941,70.7200393676758,,,,,,683.972534179688,212.641693115234,144.693695068359,7.27969360351562,407.424987792969,101.625701904297,105.623870849609,452.569000244141,113.894454956055,115.276504516602,24798,3122,4641.8037109375,584.390319824219,21,813,152.181076049805,3.93087649345398,330,363,,,0.679480075836182,0.617709159851074,0.855059206485748,0.72169017791748,76,5,14.2260293960571,0.935922980308533,6.95446920394897,20.6614596323796,414.892686890068,178.213184222681,,,,625.440027342938,268.651779930358,,,87665,538.862563164188
2014,PE,26005,Goiana,98.7978205276482,98.2722284333757,98.7978205276482,72.7805695142379,100,100,93.6139028475712,99.6649916247906,100,99.1834170854271,56.7420435510888,48.9949748743719,60.4330291748047,1.59201872348785,34.1116523742676,63.4472503662109,,,,,,632.645812988281,192.196197509766,131.334060668945,2.48101258277893,398.783782958984,92.2098388671875,99.6969680786133,443.18359375,103.805671691895,108.068069458008,17213,2585,5513.78857421875,828.045288085938,0,445,142.545516967773,0,198,284,,,0.909728646278381,0.634247422218323,0.859597504138947,0.628321409225464,42,0,13.4537334442139,0,4.77735662460327,21.9296143354789,467.963687361128,210.112197109851,,,,705.443192099929,316.73871933127,,,45765,405.436774139333
2014,PE,26007,Ouricuri,95.0065488362324,99.07791219017,93.5188399371078,95.2937460518004,95.8464939987366,94.8041692987997,96.2728995578016,100,100,100,70.4042956411876,40.8243840808591,65.5605850219727,0.670353591442108,26.2275848388672,72.9177169799805,,,,,,539.626770019531,149.91242980957,113.666679382324,6.55561542510986,359.071197509766,72.8899688720703,89.8059005737305,396.996765136719,82.4061965942383,97.443977355957,18668,3818,5413.08544921875,1107.09020996094,0,486,140.923477172852,0,252,218,,,0.632125914096832,0.730714380741119,0.7465900182724,0.724045157432556,178,10,51.6139526367188,2.89966011047363,2.48616862297058,24.0648497219633,404.067498197277,190.591127650147,,,,609.121334519593,287.311210477938,,,59553,591.419204500272
2014,PE,26002,Arcoverde,89.0931060641629,93.4250745634302,87.9070100744028,92.2685969505621,95.934082858463,91.8989681195133,84.5833975050054,94.8713999691976,100,94.902202371785,80.5328815647621,39.1036500847066,68.361213684082,1.47799253463745,24.9796981811523,73.2337188720703,,,,,,538.530334472656,144.034133911133,116.505424499512,10.7713375091553,339.365753173828,67.9997863769531,93.6135025024414,375.629638671875,76.7656402587891,101.143447875977,21717,4820,5337.86572265625,1184.71765136719,8,612,150.424728393555,1.96633636951447,288,352,,,0.865188002586365,0.707881093025208,0.899844646453857,0.742291986942291,90,5,22.1212844848633,1.22896015644073,3.17956590652466,23.5158865397778,404.145204207497,215.832382233165,,,,609.238474326324,325.361750907819,,,64102,511.312030581779
2014,PE,26011,Salgueiro,94.9476530541496,100,94.9476530541496,100,91.4901809780516,90.4120138621486,93.453985367732,84.4435887562572,86.8694647670389,91.3361571043512,100,54.5244512899499,63.1018333435059,1.23561990261078,29.3140182495117,69.1521072387695,,,,,,571.531494140625,145.480743408203,132.318206787109,6.66666650772095,369.987365722656,66.139404296875,111.534057617188,409.787872314453,75.6821746826172,119.992057800293,11109,2589,7695.93115234375,1793.56970214844,10,334,231.383666992188,6.92765426635742,114,134,,,0.928305685520172,0.789752602577209,1.29720330238342,0.791138172149658,57,1,39.4876289367676,0.692765474319458,2.48702788352966,21.2307214171181,432.740185883862,220.720693391639,,,,652.344671872476,332.730753932515,,,21377,490.884291706665
2014,PE,26012,Serra Talhada,90.211434726448,99.6193574135186,85.5767786565505,100,100,100,100,100,100,100,85.6925418569254,59.4368340943683,65.3125839233398,1.21340012550354,29.4645214080811,68.5043487548828,,,,,,624.7783203125,169.228607177734,121.365966796875,8.75512981414795,368.062225341797,75.5778732299805,85.4957504272461,409.340667724609,84.8006057739258,93.5547256469727,17495,3942,7476.39990234375,1684.59375,6,555,237.176452636719,2.5640697479248,161,153,,,0.65383780002594,0.68802535533905,1.03962349891663,0.670931577682495,155,11,66.2384643554688,4.7007942199707,2.66663241386414,18.3426387297652,418.007558910995,195.1824960854,,,,630.13561659649,294.232580004143,,,35541,490.62807635176
2014,PE,26006,Limoeiro,96.7816350452513,99.8507523716061,96.7816350452513,89.4314781567923,96.8162776780371,94.9012567324955,86.8461998803112,97.8575703171753,100,95.5834829443447,78.9946140035907,53.6684619988031,67.4112014770508,0.866593420505524,27.059684753418,71.6099090576172,,,,,,643.979736328125,182.636306762695,140.202224731445,3.97996830940247,380.6181640625,82.9089736938477,101.113006591797,423.651885986328,93.5678863525391,110.043655395508,31366,5179,5323.9501953125,879.064575195312,10,1011,171.603454589844,1.69736349582672,332,439,,,0.745142579078674,0.563524663448334,0.859969198703766,0.591785788536072,39,10,6.61971759796143,1.69736349582672,2.75227499008179,21.0949420435026,406.605819041917,177.667474070217,,,,612.947787741453,267.829135946834,,,90774,448.592801688638
2014,PI,22009,Vale do Rio Guaribas,100,100,100,98.3822648292391,83.2234871180348,83.7227880966647,83.3632913920511,82.3247453565009,93.8885560215698,82.3247453565009,81.5857799081286,49.1911324146195,60.7526893615723,1.36476421356201,40.7154655456543,57.8577346801758,,,,,,594.852661132812,188.61181640625,141.055847167969,3.34236669540405,352.744812011719,80.9462890625,105.939544677734,390.722137451172,90.8438339233398,114.586273193359,26666,10078,7164.5625,2707.73486328125,0,979,263.035583496094,0,270,242,,,0.650200307369232,0.725430071353912,0.807779848575592,0.786822974681854,140,68,37.6148948669434,18.2700901031494,3.19323587417603,18.8303655439002,544.193722523815,190.598410144384,,,,820.358004491253,287.322188650219,,,62831,520.412777931539
2014,PI,22004,Entre Rios,100,99.9836863222779,100,100,82.3996240797786,88.7067300161855,82.6502375606955,83.715344854592,92.4554900015663,83.7049026262204,100,55.6361927635357,48.7873268127441,3.3497793674469,39.3040771484375,54.4066467285156,,,,,,593.785522460938,175.205932617188,125.936996459961,2.84920072555542,392.791687011719,89.0373306274414,106.836097717285,436.863891601562,101.173309326172,115.011894226074,73158,13654,6037.54833984375,1126.83081054688,129,2799,230.994537353516,10.646050453186,1240,2095,,,1.72895157337189,1.02334129810333,1.80993175506592,1.04537606239319,790,81,65.1967391967773,6.68472909927368,18.9684562683105,30.0078720178648,838.282096471739,364.390691973379,,,,1263.68864505269,549.309572216511,,,127878,338.154191817946
2014,PI,22002,Chapada das Mangabeiras,100,100,100,67.439581972567,82.527759634226,83.0502939255389,80.6335728282169,82.560418027433,86.773350751143,83.8340953625082,57.5440888308295,46.962769431744,54.674129486084,0.95457535982132,47.9262657165527,51.0204086303711,,,,,,441.954284667969,132.740631103516,96.7257308959961,6.98486614227295,306.611419677734,69.7141952514648,83.0636825561523,341.116302490234,78.8908615112305,89.9787292480469,11948,5367,6147.22900390625,2761.31372070312,0,329,169.270034790039,0,140,115,,,0.591673374176025,0.720297992229462,0.707435548305511,0.80724823474884,0,0,0,0,1.75546908378601,18.5445294905414,504.091749428274,212.060413461538,,,,759.905314092238,319.675605246043,,,32725,640.477516232063
2014,PI,22006,Serra da Capivara,100,100,100,76.9746290090953,75.4427955959789,77.3097175682145,75.8736237434179,75.4427955959789,82.3360459550024,78.9851603638104,68.3580660603159,47.8219243657252,63.5243949890137,0.805305540561676,35.2439613342285,63.4296531677246,,,,,,501.893218994141,159.537689208984,116.400886535645,4.63847208023071,292.526947021484,61.6725273132324,86.2107086181641,326.122253417969,70.8429794311523,93.1578598022461,12915,5386,8843.0439453125,3687.85400390625,0,397,271.830291748047,0,106,85,,,0.582004427909851,0.725793778896332,0.711072444915771,0.755065143108368,21,0,14.3789329528809,0,1.71862483024597,17.5267178221125,483.811709421803,176.281780503658,,,,729.333676709957,265.740238625809,,,26141,623.689306074207
2014,PI,22007,Tabuleiros do Alto Parnaíba,100,100,100,84.7043701799486,100,100,99.8714652956298,100,100,100,77.3778920308483,73.5218508997429,52.3690757751465,0.872817933559418,49.5012474060059,49.6259346008301,,,,,,513.632690429688,216.153747558594,111.287078857422,6.66666650772095,345.947509765625,101.543411254883,104.854667663574,383.595642089844,117.445709228516,110.966850280762,2891,913,6187.13330078125,1953.94421386719,0,51,109.146942138672,0,41,25,,,0.535034000873566,0.877455830574036,0.854984402656555,0.890296638011932,0,0,0,0,5.44450616836548,17.1358753948917,628.476925893223,338.343744965865,,,,947.412760300627,510.044471231745,,,6520,440.428952364786
2014,PI,22010,Vale do Sambito,100,99.4204084740278,100,92.65625,89.53125,92.265625,100,92.578125,97.5,91.328125,83.359375,55.46875,68.2004928588867,0.575184881687164,31.7173385620117,67.5431365966797,,,,,,642.743347167969,252.037857055664,129.298233032227,4.95626831054688,304.646759033203,88.1584091186523,83.7531356811523,339.063415527344,99.5951614379883,89.9369354248047,6358,2123,5957.087890625,1989.13146972656,0,189,177.08235168457,0,71,51,,,0.477841287851334,0.66523003578186,0.747681081295013,0.712545692920685,0,0,0,0,1.81767070293427,19.783293310113,504.18148927059,211.735547318837,,,,760.040594590558,319.185877912701,,,18385,538.463970316966
2014,PI,22011,Vale dos Rios Piauí e Itaueiras,100,100,100,98.2715160244869,84.5876845516745,82.7511703276918,82.3190493338135,82.9312207418077,94.0943464169968,83.1112711559237,93.2661145120634,59.4886568239107,58.3011589050293,1.01790106296539,43.4889450073242,55.3176536560059,,,,,,567.458984375,173.790313720703,138.744201660156,3.21489000320435,315.586730957031,68.3166656494141,96.2276763916016,349.688110351562,77.3921585083008,104.976409912109,12293,3023,5901.66943359375,1451.29309082031,10,304,145.945449829102,4.80083703994751,178,143,,,0.686519742012024,0.854549050331116,0.853468835353851,0.835225641727448,75,0,36.0062789916992,0,4.24249982833862,17.9110324365853,597.224360987967,223.761930579237,,,,900.300324563578,337.315340573522,,,32554,505.914330110085
2014,PI,22001,Carnaubais,100,99.5195473960849,100,52.7195027195027,66.7055167055167,66.7055167055167,65.9285159285159,66.0839160839161,78.1274281274281,66.1227661227661,45.7264957264957,48.4459984459984,61.5452537536621,1.6335541009903,43.0022087097168,54.437084197998,,,,,,605.671875,183.798583984375,141.857971191406,3.0549898147583,343.097595214844,73.181510925293,99.7297058105469,383.722869873047,82.6763381958008,108.888961791992,11191,3549,6902.3154296875,2188.93017578125,0,365,225.122436523438,0,133,100,,,0.616773784160614,0.820309102535248,0.664265334606171,0.819692373275757,21,0,12.9522495269775,0,2.63177371025085,18.9278579422047,493.116772117425,165.308902377181,,,,743.360818789518,249.198907789402,,,27777,540.231492721942
2014,PI,22003,Cocais,99.4108600677894,99.1175652963425,99.4108600677894,78.2438858695652,84.2221467391304,82.9653532608696,80.7065217391304,82.914402173913,100,82.6766304347826,72.8600543478261,54.2289402173913,59.2494621276855,1.60357081890106,42.0069427490234,56.191104888916,,,,,,551.440490722656,175.424026489258,128.359039306641,5.15746212005615,328.489593505859,76.4615631103516,95.8487319946289,364.848266601562,86.6614379882812,103.677978515625,23386,7052,5885.89111328125,1774.87841796875,0,545,137.167999267578,0,259,242,,,0.609076261520386,0.651862561702728,0.707547783851624,0.706729769706726,25,0,6.29210996627808,0,1.65633499622345,18.2916112138419,397.960252363201,122.909344563046,,,,599.914818902058,185.282667671081,,,68305,614.591663442841
2014,PI,22008,Vale do Canindé,100,100,100,80.9891808346213,83.3075734157651,84.2349304482226,81.2210200927357,80.9891808346213,88.1761978361669,82.9984544049459,78.0525502318393,51.5455950540958,62.0188827514648,1.01670300960541,41.0312271118164,57.9520683288574,,,,,,581.368408203125,201.207244873047,116.830009460449,4.30622005462646,348.096343994141,86.7555389404297,86.8896713256836,386.488616943359,98.2589645385742,93.4029769897461,6666,2306,6180.86376953125,2138.17456054688,0,249,230.878356933594,0,67,53,,,0.491427838802338,0.621238946914673,0.67779952287674,0.646737575531006,24,0,22.2533359527588,0,2.34123635292053,16.9991750985143,463.882561568495,168.155638585426,,,,699.291000200701,253.490289219306,,,19034,562.032636436471
2014,PI,22005,Planície Litorânea,94.0878260390052,100,89.6763046155543,100,82.3224852071006,79.9802761341223,78.6489151873767,76.1834319526627,99.3343195266272,81.0404339250493,86.2426035502959,43.3185404339251,47.3201370239258,1.8590053319931,51.1830024719238,46.8372764587402,,,,,,580.198608398438,157.642959594727,102.196128845215,12.2423486709595,361.623474121094,76.3666687011719,88.6637573242188,402.474151611328,87.0422821044922,94.7062835693359,16678,3578,6044.0673828125,1296.65869140625,32,495,179.386825561523,11.5967235565186,176,219,,,0.793650805950165,0.637819826602936,0.919855773448944,0.681760549545288,97,21,35.1525688171387,7.61035013198853,4.46075248718262,20.5444576040292,459.779554301235,168.203436778201,,,,693.105822542692,253.562343762422,,,34661,353.396933215765
2014,PR,41018,18ª RS Cornélio Procópio,90.8308760808663,75.7045927888841,79.9752326271168,100,96.7930029154519,100,100,100,100,99.7813411078717,83.1632653061225,56.3411078717201,80.9283905029297,2.12306594848633,12.4865055084229,85.3904266357422,,,,,,774.483459472656,220.714569091797,150.22688293457,3.75426626205444,363.560455322266,84.7445526123047,89.2240371704102,404.237396240234,95.7191696166992,97.5901107788086,17581,5215,7745.27490234375,2297.4580078125,22,671,295.607727050781,9.69205665588379,222,227,,,1.00004410743713,0.978016674518585,1.04277718067169,0.988039135932922,156,20,68.7254943847656,8.81096076965332,10.8894662857056,23.2422190775683,552.937221174154,380.170049613371,,,,833.538603252662,573.096546982895,,,12848,147.449433945625
2014,PR,41002,2ª RS Metropolitana,63.2061892399985,41.359338847216,49.3393078724436,100,96.4712343814362,98.1012534081324,97.1832643533866,97.8325258429611,100,94.7549086914733,34.6089719699496,68.7099115356701,75.8368606567383,0.903096079826355,16.7295150756836,81.8027114868164,,,,,,557.505676269531,140.716934204102,112.544555664062,1.20093584060669,354.482147216797,73.1945495605469,86.5805053710938,398.883514404297,84.1397476196289,94.5905685424805,214098,29882,6205.3994140625,866.097473144531,704,5581,161.759246826172,20.4046783447266,3461,8932,,,2.58884358406067,1.00313341617584,2.39905691146851,0.998025000095367,3196,492,92.6326065063477,14.2600879669189,41.3940505981445,21.4770973243077,660.206384145168,370.472929188248,,,,995.244100460961,558.478387985447,,,87348,65.4995811464013
2014,PR,41011,11ª RS Campo Mourão,93.4345756754778,80.4812184227869,83.0560152302848,100,100,100,100,100,100,100,78.9425287356322,55.0344827586207,84.6035232543945,0.484581500291824,10.5726871490479,88.9427337646484,,,,,,765.349487304688,222.630859375,154.977310180664,2.45327091217041,404.049865722656,86.6829528808594,97.9604034423828,449.667266845703,98.0693969726562,105.914527893066,29029,8805,8651.6083984375,2624.18310546875,28,632,188.357025146484,8.34493160247803,286,288,,,0.858335852622986,0.852375149726868,1.07761383056641,0.881433427333832,178,5,53.0499229431152,1.49016642570496,16.2478809356689,22.9881441791967,663.262463717095,389.434949202466,,,,999.851061613627,587.063144214983,,,19139,146.519617025016
2014,PR,41012,12ª RS Umuarama,94.8893321416374,74.3901641488457,85.0253235381742,93.3276059564719,78.2359679266896,80.7273768613975,77.0332187857961,63.3447880870561,80.4696449026346,76.3459335624284,29.9541809851088,35.9106529209622,78.4722213745117,0.540123462677002,22.839506149292,76.6203689575195,,,,,,785.630859375,220.123138427734,157.492431640625,10.0699300765991,383.315124511719,78.1853103637695,105.373931884766,426.634216308594,89.2664794921875,113.354995727539,18872,3270,6912.08642578125,1197.67492675781,44,395,144.673278808594,16.1155033111572,243,332,,,1.2159880399704,0.890015363693237,1.46980726718903,0.928839027881622,197,15,72.1535110473633,5.49392175674438,11.6258716583252,23.6407171672231,717.217553004653,389.725142619181,,,,1081.18696746497,587.50060330795,,,7542,69.6919371757873
2014,PR,41014,14ª RS Paranavaí,95.4107355777016,91.9994700660945,91.8254014985353,100,100,100,100,100,100,100,92.9791271347249,64.4076985632963,82.7533264160156,0.537359237670898,19.1914024353027,80.2456512451172,,,,,,734.839782714844,214.975784301758,160.214309692383,2.97079563140869,383.861846923828,79.8476638793945,108.355606079102,429.785247802734,91.122932434082,118.388549804688,21190,4614,7840.5107421875,1707.22595214844,20,542,200.545394897461,7.4001989364624,214,242,,,0.895424067974091,0.791821300983429,1.05434334278107,0.870355904102325,115,1,42.5511436462402,0.370009958744049,14.0962696075439,26.9822322073713,658.60198028687,458.24373853547,,,,992.825503014654,690.790619877315,,,10865,104.683863718673
2014,PR,41017,17ª RS Londrina,80.7047092905747,47.5316919238568,68.9311568611684,100,96.2824039343169,100,95.2404767858631,91.0560973576728,95.4488622155539,93.0482620655164,97.5160456780862,72.5514712011336,78.7086791992188,0.59436571598053,16.6910934448242,82.3888626098633,,,,,,681.998596191406,185.033340454102,123.536331176758,2.24236631393433,352.900115966797,76.298454284668,84.0400695800781,395.228424072266,86.9547653198242,91.9242401123047,57250,10527,6209.3544921875,1141.76196289062,129,1624,176.139587402344,13.9913835525513,1415,1965,,,2.13124561309814,1.53471386432648,2.25546002388,1.61760461330414,736,106,79.8268127441406,11.4967956542969,28.5405788421631,25.8430674797196,730.117476492743,361.359494130727,,,,1100.63326949451,544.740119629143,,,26392,78.1666131338381
2014,PR,41008,8ª RS Francisco Beltrão,88.2324391981449,96.57852088791,84.5277053242245,100,100,100,100,98.7932604735883,100,100,100,49.7723132969035,78.457275390625,1.17195820808411,16.9614315032959,81.781379699707,,,,,,623.682250976562,168.331436157227,119.258544921875,4.84903955459595,343.150146484375,65.0755920410156,80.9068298339844,383.720031738281,74.7413177490234,87.7957916259766,30629,7641,8738.68359375,2180.03466796875,42,725,206.847946166992,11.9829158782959,301,316,,,0.901571750640869,0.858775615692139,1.14793479442596,0.961129724979401,248,21,70.7562637329102,5.99145793914795,10.96950340271,22.6938986968073,675.846056423959,386.459914386754,,,,1018.82050314717,582.578355942545,,,15086,114.106111049674
2014,PR,41010,10ª RS Cascavel,61.9227673017344,58.1765367070175,48.8584354927389,100,92.2378089512358,99.5724782899132,94.8029392117569,96.4462257849031,100,99.3987975951904,94.188376753507,61.4428857715431,77.6780166625977,0.249407663941383,20.7382469177246,78.9874038696289,,,,,,569.735229492188,162.352005004883,100.154647827148,2.17678093910217,345.43115234375,78.0644683837891,73.1567687988281,385.467895507812,88.6380767822266,79.6431579589844,35972,6620,6759.4052734375,1243.94702148438,77,995,186.967864990234,14.4688701629639,580,901,,,1.69304573535919,1.08986294269562,1.79338824748993,1.11570024490356,545,75,102.409538269043,14.0930557250977,19.6733417510986,25.1022211717076,541.866668493049,376.94101377241,,,,816.850030543723,568.228858714393,,,22230,104.565559113165
2014,PR,41015,15ª RS Maringá,85.7285862953313,56.957296602087,62.3404151953627,100,100,100,100,99.7459607763439,100,100,100,64.1906310334316,83.1807250976562,0.472289144992828,16.2409629821777,83.2674713134766,,,,,,595.049194335938,157.647430419922,112.079444885254,2.73037552833557,314.795837402344,62.6831092834473,78.1448287963867,351.160461425781,71.3988952636719,84.4247436523438,51627,9367,6553.0302734375,1188.9560546875,94,1306,165.770965576172,11.9314470291138,1103,1473,,,1.86968326568604,1.40004110336304,2.09384202957153,1.56990563869476,823,73,104.46363067627,9.26591110229492,35.0176544189453,21.9120978072304,655.020094995905,328.889736423017,,,,987.425903298611,495.79279712811,,,16912,52.7281199422955
2014,PR,41001,1ª RS Paranaguá,71.4854054822768,52.1161161872934,58.9422974366267,100,94.3052930056711,100,100,97.093572778828,100,99.6928166351607,99.078449905482,38.6814744801512,59.9092979431152,1.31519269943237,32.8798179626465,64.8752822875977,,,,,,681.845581054688,160.100875854492,138.494338989258,8.51948070526123,440.452453613281,91.965934753418,104.575538635254,491.863037109375,104.995750427246,113.723617553711,16992,3304,6018.65966796875,1170.294921875,14,295,104.490615844727,4.95887660980225,197,244,,,0.864261388778687,0.697784781455994,1.1249566078186,0.756405830383301,99,11,35.0663414001465,3.89626026153564,22.0599174499512,19.4096619878887,447.95184783489,330.191963335575,,,,675.275860025964,497.755870620443,,,13936,129.59710789721
2014,PR,41006,6ª RS União da Vitória,75.7104128371426,66.7371877131528,60.4850923132059,100,100,100,100,100,100,100,100,41.6666666666667,76.8307800292969,0.744724869728088,18.2457599639893,81.0095138549805,,,,,,655.091430664062,202.904434204102,138.554733276367,1.32743358612061,409.693206787109,100.308753967285,103.790351867676,458.880157470703,113.530136108398,113.178482055664,13556,3157,7858.7783203125,1830.19799804688,22,259,150.149276733398,12.7539930343628,118,180,,,1.04350852966309,0.684077799320221,1.11974263191223,0.679295063018799,80,5,46.3781547546387,2.89863467216492,8.68141078948975,26.7543121351809,524.626966701532,384.219441845496,,,,790.86162462437,579.200901357917,,,9808,141.318652878679
2014,PR,41016,16ª RS Apucarana,98.274526279033,89.1599329997872,96.5029489914504,100,100,100,100,100,100,100,100,67.1940049958368,79.2344512939453,0.440191388130188,16.2870807647705,83.2535858154297,,,,,,670.0537109375,194.944519042969,124.154602050781,3.69768381118774,348.097381591797,79.3086776733398,82.0512847900391,388.387054443359,90.2052841186523,88.9620742797852,27614,6141,7518.4326171875,1672.00317382812,74,708,192.766357421875,20.1478958129883,480,523,,,1.4239661693573,1.30689060688019,1.32336282730103,1.5072124004364,212,13,57.7210006713867,3.53949522972107,13.5206003189087,21.5655223241985,563.415801572963,284.762091262157,,,,849.334793010239,429.271509893898,,,12337,82.3494093032663
2014,PR,41003,3ª RS Ponta Grossa,80.3316370167636,71.4160241058975,67.0399221032132,100,96.3703314045239,100,98.0115728563914,99.1688584955287,100,98.916359810626,93.2561809573909,66.3545502367175,76.1027908325195,0.849858343601227,18.3124237060547,80.1598510742188,,,,,,646.941589355469,175.81184387207,118.356986999512,8.80487155914307,414.796783447266,93.3436889648438,95.5459060668945,463.462188720703,106.731636047363,103.688812255859,41454,10013,6804.9521484375,1643.701171875,61,1139,186.974487304688,10.0135593414307,487,840,,,1.37891638278961,0.799443185329437,1.44182944297791,0.819018840789795,326,33,53.5150871276855,5.41717147827148,20.2042446136475,24.4139339441522,477.606047473303,325.02937689863,,,,719.978801337619,489.973404685731,,,25028,102.729645907345
2014,PR,41022,22ª RS Ivaiporã,90.5703492648371,90.6103386962017,87.9953155237544,100,100,100,100,98.687963491158,97.2618368511124,100,100,50.0285225328009,79.319953918457,1.28205132484436,16.332218170166,82.3857269287109,,,,,,788.593688964844,260.169769287109,149.928344726562,7.45573139190674,377.114624023438,90.803955078125,93.6453247070312,421.877105712891,103.839874267578,101.253746032715,12957,4743,9522.654296875,3485.833984375,30,459,337.338775634766,22.0482864379883,111,97,,,0.712894558906555,0.815786600112915,0.887627243995667,0.905817091464996,53,12,38.9519729614258,8.81931400299072,5.33274555206299,23.5097507413557,612.203132541383,397.027893374369,,,,922.880436447822,598.509311767575,,,11508,212.206058896224
2014,PR,41020,20ª RS Toledo,81.9845166461874,54.2268079294178,49.3284042547581,100,100,100,100,93.2070147147752,100,100,100,39.0848619229994,80.5304718017578,0.545522928237915,17.8329563140869,81.546272277832,,,,,,646.01318359375,169.92041015625,123.363265991211,2.93159604072571,348.861999511719,68.1636657714844,82.7124252319336,390.074005126953,78.3821487426758,89.1444702148438,25965,6782,6829.69580078125,1783.90124511719,16,568,149.403701782227,4.20855474472046,333,401,,,1.05476903915405,0.875905513763428,1.3320734500885,0.893068492412567,447,30,117.576499938965,7.89104032516479,27.2225112915039,23.7078750641283,564.712874566828,408.287384239054,,,,851.290097103037,615.482703916427,,,9205,60.3763570056056
2014,PR,41019,19ª RS Jacarezinho,90.5957634139493,84.2779743974599,87.8043031401762,100,98.7130339539978,100,100,100,100,100,89.9507119386637,58.5432639649507,77.0395965576172,0.797236263751984,19.877758026123,79.1921310424805,,,,,,779.627624511719,271.646026611328,159.071990966797,3.3183856010437,387.075469970703,105.593223571777,104.674919128418,432.442810058594,119.983177185059,114.35489654541,20292,6023,7094.26171875,2105.69384765625,19,802,280.386260986328,6.64256715774536,179,273,,,0.954432010650635,0.625799715518951,1.15309715270996,0.70612233877182,155,15,54.1893615722656,5.24413204193115,7.46170043945312,23.1010949515528,531.556945069376,344.886431842137,,,,801.308388322132,519.907402992401,,,14805,133.903815905174
2014,PR,41005,5ª RS Guarapuava,89.2084929834197,77.2278982645096,72.6964981651637,100,100,100,100,100,100,100,71.5359669811321,53.0070754716981,76.6015930175781,0.343689858913422,21.8999176025391,77.7563934326172,,,,,,629.432067871094,204.880035400391,121.647514343262,3.01648545265198,407.225982666016,108.260871887207,96.8666381835938,453.793304443359,123.519538879395,104.095603942871,33350,7544,7362.8759765625,1665.53332519531,36,803,177.283050537109,7.94793224334717,353,415,,,0.91621994972229,0.779338896274567,0.999286890029907,0.810413122177124,221,12,48.7914733886719,2.64931082725525,8.25701808929443,22.3970846415935,449.430080268172,300.675821013762,,,,677.504257302428,453.261047153708,,,35663,211.521122555286
2014,PR,41007,7ª RS Pato Branco,87.1238360589233,79.9972444304965,79.3006976948896,100,99.7680412371134,100,100,100,100,100,100,60.2835051546392,79.7129669189453,0.510824620723724,14.6436386108398,84.4806594848633,,,,,,609.833435058594,157.165634155273,113.743347167969,5.29300546646118,369.39208984375,74.3272476196289,84.3383941650391,410.355316162109,84.7171020507812,90.6841583251953,21008,4909,8072.70361328125,1886.37194824219,52,574,220.569869995117,19.9819393157959,268,366,,,1.40642106533051,1.02983844280243,1.61469447612762,1.05001246929169,100,4,38.4268074035645,1.53707230091095,15.5259666442871,24.017134242814,796.481945639019,412.288360607698,,,,1200.67599550295,621.514072625672,,,13360,135.578251833158
2014,PR,41013,13ª RS Cianorte,96.5895346301033,77.6072545092829,85.0289823462151,100,100,100,100,94.379746835443,100,100,100,75.7974683544304,85.6725158691406,0.389863550662994,12.4756336212158,86.6471710205078,,,,,,631.970764160156,197.942977905273,121.001686096191,1.04058277606964,346.78076171875,78.6845932006836,81.5408706665039,386.735656738281,89.5625457763672,88.7317047119141,10780,2121,7089.12060546875,1394.80749511719,15,214,140.730224609375,9.86426734924316,142,170,,,1.11795032024384,0.933817327022552,1.28843772411346,1.00960779190063,44,3,28.9351844787598,1.97285354137421,18.1265773773193,25.9480373340945,724.973473980309,459.981123998299,,,,1092.87881834681,693.409683663476,,,3219,52.9149779392071
2014,PR,41021,21ª RS Telêmaco Borba,94.9092048966663,85.356196174617,79.6318701261562,94.7609942638623,91.0516252390057,91.7782026768642,90.2103250478011,84.3977055449331,88.8718929254302,90.057361376673,95.8317399617591,38.1261950286807,75.1456298828125,0.893203854560852,20.9708728790283,77.980583190918,,,,,,659.799011230469,187.649261474609,127.667533874512,5.00416994094849,447.598754882812,105.875045776367,108.072380065918,501.56298828125,120.674789428711,116.849212646484,13201,4993,7264.39306640625,2747.603515625,10,360,198.104797363281,5.50291109085083,95,114,,,0.627331852912903,0.522776544094086,0.73106175661087,0.567625284194946,80,0,44.0232887268066,0,11.8752822875977,18.7802205455291,481.291705520736,296.360212923937,,,,725.534835808224,446.755379237665,,,12279,185.65319504199
2014,PR,41004,4ª RS Irati,75.6428677014043,59.059866962306,65.6029563932003,100,100,100,100,100,100,100,99.6563573883162,39.2182130584192,83.7849426269531,0.387096762657166,13.0322580337524,86.5806427001953,,,,,,671.291931152344,205.412963867188,133.192840576172,3.79188704490662,400.976806640625,97.2821350097656,96.1671600341797,449.491729736328,112.274772644043,105.141746520996,11328,2873,6705.8154296875,1700.724609375,20,246,145.624176025391,11.8393630981445,107,120,,,0.710361838340759,0.633405923843384,0.900975584983826,0.643469393253326,97,2,57.4209136962891,1.18393635749817,6.92661952972412,22.7616815814588,470.091836004932,319.260075509365,,,,708.651321305455,481.27633160474,,,10047,149.923257985935
2014,PR,41009,9ª RS Foz do Iguaçu,75.2683987298314,76.4867591612524,56.6761937577309,100,97.9802798982188,100,99.5706106870229,100,100,100,100,63.4541984732824,73.2045059204102,0.897747993469238,28.7127208709717,70.0091323852539,,,,,,597.455200195312,167.737426757812,111.991600036621,3.80753135681152,397.757873535156,91.8312606811523,92.5386428833008,442.857574462891,104.727401733398,99.7169723510742,24746,3640,6186.0361328125,909.931762695312,35,428,106.991973876953,8.74934387207031,318,545,,,1.36239778995514,0.79494035243988,1.64093947410583,0.853373467922211,402,37,100.492462158203,9.24930667877197,21.0496711730957,26.733605119127,791.738763449097,386.266928465876,,,,1193.52577065615,582.287434643027,,,17361,108.975157604671
2014,RJ,33001,Baia da Ilha Grande,100,86.6489832007073,95.4507361703763,100,98.9936440677966,100,88.6387711864407,100,100,95.656779661017,53.2574152542373,46.9014830508475,69.0027618408203,1.58251690864563,25.872896194458,72.0924377441406,,,,,,576.054077148438,152.242874145508,123.440162658691,5.19480514526367,396.315521240234,87.9741821289062,100.888519287109,442.509765625,101.098403930664,108.832534790039,11217,1865,4195.84326171875,697.623962402344,8,416,155.609420776367,2.99248886108398,295,649,,,2.42765665054321,1.103480219841,2.2196786403656,1.05849945545197,95,23,35.5358047485352,8.6034049987793,23.403881072998,31.2925017412224,1541.30912922356,1018.65326526067,,,,2323.48376914372,1535.59353107233,,,15042,172.258679729397
2014,RJ,33007,Noroeste,90.2015724322516,82.3869067533337,80.3439994264685,100,95.4082898982378,99.57805907173,91.7845619260362,95.3586497890295,100,90.7917597418714,100,62.8691983122363,75.9342269897461,1.27055311203003,28.799201965332,69.5316390991211,,,,,,818.609375,210.432662963867,167.409576416016,5.21987867355347,376.504760742188,77.9747848510742,102.705947875977,418.534698486328,87.6492156982422,111.677124023438,23095,6752,6759.3076171875,1976.13537597656,80,977,285.942565917969,23.4139251708984,317,623,,,1.82335948944092,0.92777681350708,1.88957703113556,0.889436542987823,444,26,129.947296142578,7.60952615737915,15.1315422058105,25.1151402151268,966.715088892596,401.333049307984,,,,1457.29806944035,604.999223327644,,,23634,175.767852659779
2014,RJ,33002,Baixada Litorânea,67.4394316578322,51.2153053644015,54.9067860717599,100,91.2838293364153,99.7399595492632,83.2707310026004,100,100,93.0848502359626,73.5432919194838,61.600693441202,54.1467323303223,2.28601813316345,38.3572578430176,57.7529678344727,,,,,,677.975952148438,163.421768188477,147.053192138672,7.28193140029907,409.185668945312,78.4303741455078,109.251670837402,456.953887939453,89.0993347167969,118.538017272949,27663,3592,3651.64501953125,474.160736083984,58,961,126.856483459473,7.6562705039978,680,1318,,,1.739821434021,0.897631704807281,2.09210896492004,0.757739782333374,429,80,56.6300010681152,10.5603733062744,19.7279644012451,27.2053573157557,1037.58245836493,424.085111507203,,,,1564.12880158156,639.29737042359,,,42250,157.982314271177
2014,RJ,33003,Centro-Sul,94.0901180131481,92.3463645923657,92.2452016801038,100,100,100,100,100,100,100,73.2352941176471,67.5735294117647,62.8467483520508,2.66030025482178,30.1728057861328,66.7348785400391,,,,,,825.272216796875,241.080612182617,200.148086547852,3.20933628082275,431.596710205078,103.510818481445,130.079299926758,480.599548339844,116.805679321289,141.522201538086,19721,4809,5935.51904296875,1447.38659667969,35,742,223.323120117188,10.5341091156006,403,639,,,1.92322742938995,1.21292746067047,2.22450304031372,1.22308540344238,176,22,52.9715232849121,6.62144041061401,15.9597778320312,20.7255474013964,893.48203409867,334.548372182051,,,,1346.90112767682,504.323044625077,,,21729,202.286561719074
2014,RJ,33004,Médio Paraíba,86.5686673740357,67.0912792865132,72.2323994149867,100,98.0969319697643,100,90.5735882614495,96.5228990662517,100,96.3361493997332,75.3401511783015,60.2845709204091,68.2818984985352,1.55166435241699,22.5814838409424,75.7108154296875,,,,,,732.231689453125,199.822082519531,162.41862487793,3.28271198272705,392.286499023438,88.4678726196289,112.414573669434,437.220916748047,99.9441146850586,122.070709228516,49647,9423,5576.48486328125,1058.41674804688,84,1517,170.393539428711,9.43510627746582,916,2090,,,2.3475444316864,1.0288759469986,2.54725408554077,1.0111289024353,1286,250,144.446990966797,28.0806751251221,34.0648918151855,27.8391592930348,926.498621413936,501.898141002944,,,,1396.67278171106,756.598505953965,,,36118,117.801693842848
2014,RJ,33005,Metropolitana I,51.9082356475901,45.6319293379384,40.5847814424083,100,91.3195257455459,96.1592768400065,87.8129944585169,99.3727693934169,100,93.2203750611976,82.8909370853644,59.7501011090062,62.8613929748535,2.30248951911926,30.6375026702881,64.5094528198242,,,,,,797.431518554688,193.373748779297,174.234298706055,5.465416431427,417.891479492188,83.9301910400391,118.666664123535,478.013549804688,98.5135345458984,129.631484985352,346682,43727,3380.1845703125,426.342681884766,825,13529,131.909118652344,8.04383373260498,14087,26432,,,2.57714676856995,1.37349677085876,2.80821919441223,1.40799987316132,15600,3567,152.101577758789,34.7786102294922,41.4375305175781,21.6714595413403,589.94474555543,339.578627566658,,,,889.326492006297,511.906024910589,,,485010,132.163583702546
2014,RJ,33009,Serrana,63.5449790716131,53.9519492420661,49.3320899419906,100,100,100,98.4488896423123,100,100,100,97.5080522122394,68.7065604339719,69.6808547973633,1.76196813583374,28.7649593353271,68.8580474853516,,,,,,803.050170898438,221.651123046875,167.108703613281,4.59800338745117,404.204925537109,88.6828689575195,109.446189880371,449.495361328125,100.271537780762,118.778266906738,47495,9639,5010.62353515625,1016.89440917969,84,2136,225.343551635742,8.86182498931885,654,2219,,,2.34099888801575,0.689956367015839,2.38232755661011,0.66524350643158,689,87,72.6880645751953,9.17831897735596,25.1109313964844,29.6307897839481,835.871945545988,443.077576281728,,,,1260.05540467865,667.928021344261,,,42124,128.920367374923
2014,RJ,33008,Norte,45.9451655814284,36.0381221692238,27.2437392082477,100,100,100,97.9715532568288,100,100,100,100,85.9463390981089,52.3137588500977,4.77969169616699,26.8797130584717,65.9472885131836,,,,,,699.691101074219,159.986938476562,144.995147705078,9.06619739532471,431.088745117188,80.6689834594727,112.596755981445,480.232025146484,91.7609939575195,121.700736999512,43265,7294,4840.44384765625,816.045227050781,106,1718,192.208084106445,11.8591709136963,1051,2039,,,2.2812123298645,1.17584800720215,2.5489387512207,0.941825211048126,983,242,109.977027893066,27.0747108459473,31.6053619384766,36.3615621965166,1706.07709829613,1002.70548271088,,,,2571.86723392457,1511.55266009732,,,50640,159.39526715878
2014,RJ,33006,Metropolitana II,77.2242481728844,53.0864692676598,63.637065505441,100,90.0450245776364,96.6210913296708,83.448304349622,99.6736750795159,100,90.2185137758685,82.0273452021975,54.9506381924078,72.5208206176758,1.19910550117493,26.7080497741699,70.4387741088867,,,,,,743.380676269531,173.756286621094,176.012222290039,6.85446643829346,382.869598388672,73.8916931152344,111.234107971191,428.553039550781,83.9754180908203,121.168968200684,72354,20904,3548.39453125,1025.1767578125,68,2538,124.468933105469,3.3348650932312,1920,4820,,,2.36383080482483,0.941608965396881,2.43481945991516,0.92825722694397,2588,586,126.921043395996,28.7386894226074,35.694580078125,23.1693639089539,687.974668832889,264.488449043324,,,,1037.10407361338,398.709517011513,,,111300,155.715952498086
2014,RN,24004,4ª Região de Saúde - Caicó,100,100,100,96.1766985275123,94.2392146732111,98.450012916559,94.4975458537846,100,100,97.2358563678636,85.1717902350814,31.6714027383105,76.1214065551758,0.832661807537079,23.5025520324707,75.4230422973633,,,,,,661.542724609375,187.98649597168,136.094390869141,2.8613715171814,319.772125244141,67.6296997070312,88.6678085327148,356.601409912109,76.3569869995117,96.2927169799805,17796,4304,5807.9990234375,1404.6767578125,0,861,281.000640869141,0,210,277,,,0.904032230377197,0.685367405414581,0.796413242816925,0.676065981388092,52,9,16.9710025787354,2.9372889995575,3.49472093582153,21.9610457286423,512.952627970617,246.607347403843,,,,773.262860014164,371.754217360058,,,38490,330.929449751102
2014,RN,24008,8ª Região de Saúde - Açu,99.2463033596322,100,99.2463033596322,100,97.620253164557,97.9746835443038,100,98.126582278481,100,100,77.2151898734177,39.3924050632911,58.7126426696777,1.56321835517883,42.0229873657227,56.0919532775879,,,,,,546.491088867188,128.586135864258,89.8790893554688,12.6050424575806,344.496276855469,61.1224098205566,70.8500061035156,380.707672119141,68.9863052368164,75.9599533081055,7541,1116,4947.2861328125,732.153747558594,0,193,126.617988586426,0,117,116,,,0.761020004749298,0.767580568790436,0.724445164203644,0.803007364273071,4,0,2.62420701980591,0,5.43735694885254,24.7737509115799,582.254900065393,300.152774990126,,,,877.734248215251,452.47256875999,,,20297,384.23461343608
2014,RN,24003,3ª Região de Saúde - João Câmara,100,99.1957487911427,100,54.9603174603175,96.6490299823633,100,93.7830687830688,100,100,100,39.0432098765432,27.8880070546737,56.3257217407227,1.56901693344116,46.0178756713867,51.8371391296387,,,,,,513.134765625,154.820098876953,115.235412597656,2.7428572177887,328.277221679688,78.0893325805664,91.4840469360352,365.848724365234,88.005744934082,98.6719665527344,14311,1677,4196.26953125,491.729736328125,0,398,116.701507568359,0,219,223,,,0.653880298137665,0.642151534557343,0.823068201541901,0.662823557853699,0,0,0,0,4.28804731369019,22.7028782424244,596.408418880593,343.808133182844,,,,899.070312876045,518.281895567801,,,48295,429.820467917128
2014,RN,24006,6ª Região de Saúde - Pau dos Ferros,98.8435930845992,99.7918388101443,98.8435930845992,92.0887024273299,88.3727899310758,88.8522625112376,89.6613724902607,96.2840875037459,100,92.9277794426131,75.2172610128858,34.0125861552293,74.0609283447266,1.83377695083618,30.2277431488037,67.8497467041016,,,,,,682.028686523438,178.426086425781,168.803100585938,3.05702519416809,358.283111572266,62.6996803283691,107.783660888672,397.250152587891,70.6101303100586,117.209426879883,17927,5272,7187.96484375,2113.84790039062,6,901,361.2626953125,2.40574502944946,205,182,,,0.729742646217346,0.821962833404541,0.90045028924942,0.925810813903809,16,0,6.41531991958618,0,1.76220810413361,24.3113585109001,687.041956762837,342.640506202766,,,,1035.69803421807,516.521728002978,,,40007,526.889670222988
2014,RN,24002,2ª Região de Saúde - Mossoró,93.0345183115825,97.9702283038604,86.2001621421589,100,88.410386320456,96.5167827739075,88.6478784040532,100,100,93.9043698543382,96.9759341355288,36.8429385687144,62.0360374450684,3.23425221443176,42.0760803222656,54.658863067627,,,,,,576.168762207031,139.96955871582,108.674682617188,6.3244047164917,360.608825683594,70.0599975585938,86.5755996704102,401.176544189453,79.0535888671875,93.1091918945312,20129,3214,4314.62060546875,688.916015625,68,752,161.190063476562,14.5756969451904,418,489,,,1.0481641292572,0.895976662635803,1.16975331306458,0.907229959964752,161,27,34.5101051330566,5.78740930557251,14.6908025741577,26.5788511339469,555.184341910233,278.32786013782,,,,836.926079819557,419.572072382717,,,46678,265.459239401484
2014,RN,24001,1ª Região de Saúde - São José de Mipibu,99.908858669283,99.5223122019478,99.908858669283,100,94.576026035075,95.8235400470078,90.36340625565,100,100,97.0348942325077,55.7946121858615,29.0001807991322,55.7279014587402,2.87796664237976,38.8712387084961,57.7835922241211,,,,,,555.566040039062,170.115173339844,125.163856506348,3.39147281646729,354.622406005859,81.9949417114258,96.3573379516602,392.943908691406,91.8788070678711,104.745338439941,16997,1676,4575.0751953125,451.128234863281,0,414,111.436210632324,0,261,264,,,0.710607707500458,0.702532589435577,0.929846346378326,0.690218091011047,66,0,17.7651920318604,0,3.40364933013916,22.9114102409783,506.658264535254,228.261352718985,,,,763.774269437578,344.098103430118,,,54220,469.614929568187
2014,RN,24005,5ª Região de Saúde - Santa Cruz,100,100,100,100,88.8931443891229,99.3106089620835,84.9482956721563,100,100,90.4634239754883,95.0976637303715,27.1543469934891,62.9107971191406,1.76959192752838,33.3694458007812,64.4275894165039,,,,,,591.819091796875,184.975479125977,119.388610839844,4.15584421157837,310.805541992188,62.6082649230957,82.0161819458008,345.630798339844,71.4204788208008,88.5662994384766,9153,1194,4689.97412109375,611.802551269531,0,359,183.95068359375,0,153,132,,,0.676364660263062,0.783968091011047,0.966894030570984,0.827009499073029,4,0,2.04958987236023,0,2.83816957473755,23.9855804025963,529.129620098225,269.121465284838,,,,797.649258517492,405.693669531754,,,30621,485.004116441934
2014,RN,24007,7ª Região de Saúde - Metropolitana,74.7536081387587,52.6787868377597,60.1305449392365,100,81.9457735247209,83.5938330675173,77.0813397129187,85.2472089314195,79.0430622009569,79.2557150451887,100,54.7687400318979,54.3421592712402,2.57506251335144,37.7710609436035,58.8042106628418,,,,,,540.1357421875,122.051780700684,121.348991394043,1.98062741756439,347.890838623047,60.7321166992188,95.9917144775391,387.957946777344,68.984733581543,103.988746643066,54834,6837,4281.8857421875,533.888671875,235,2264,176.791580200195,18.350715637207,1167,2802,,,2.18803000450134,0.911288738250732,2.58208227157593,0.886300504207611,960,195,74.9646224975586,15.2271900177002,31.3844089508057,25.254341662422,547.586893471441,295.27251414883,,,,825.473122200775,445.11570138086,,,84197,167.466181181664
2014,RO,11005,Zona da Mata,83.9020889260008,100,83.9020889260008,92.3076923076923,98.0769230769231,100,98.4521575984991,98.4990619136961,100,99.296435272045,86.8198874296435,69.2307692307692,67.93017578125,0.548628449440002,36.5586051940918,62.8927688598633,,,,,,466.234436035156,121.658042907715,79.4055480957031,7.96875,356.155914306641,80.8654022216797,72.2935409545898,397.421600341797,93.206184387207,77.3868026733398,13882,5428,10112.916015625,3954.25073242188,0,255,185.765274047852,0,74,77,,,0.56093829870224,0.539083540439606,0.907882273197174,0.630144953727722,22,0,16.0268077850342,0,4.43214082717896,27.7224528910387,548.209290402562,319.246669651159,,,,826.411369525731,481.256122619168,,,11467,222.978487186918
2014,RO,11001,Vale do Jamari,65.7722253118297,81.9837928020974,61.5055215698737,100,100,100,100,100,100,100,100,73.9925604463732,60.8753662109375,2.53536152839661,37.7902336120605,59.5409660339355,,,,,,403.867126464844,85.3637390136719,89.7929916381836,7.07876348495483,355.779357910156,71.7425537109375,84.5507888793945,397.977294921875,81.1469802856445,90.8658676147461,13280,3588,5347.3134765625,1444.74108886719,7,320,128.850936889648,2.81861424446106,146,178,,,0.716733336448669,0.587882399559021,0.9651740193367,0.679688692092896,192,10,77.3105621337891,4.02659177780151,4.60239410400391,23.4775710935101,436.689172043598,232.69698929555,,,,658.297666682375,350.784711194948,,,18775,212.977949702949
2014,RO,11003,Central,83.2324397563318,96.5871217171044,79.0025275541492,100,100,100,100,100,100,100,100,49.4961240310078,67.2647476196289,1.52700901031494,35.5983963012695,62.7409820556641,,,,,,466.096588134766,119.040084838867,99.4876098632812,8.57495403289795,334.745483398438,69.8416061401367,88.2925720214844,373.022857666016,79.2624664306641,95.0885391235352,24019,7339,6906.337890625,2110.22998046875,6,559,160.732879638672,1.72521865367889,178,270,,,0.776348412036896,0.511814892292023,1.0877503156662,0.5959193110466,187,4,53.7693138122559,1.15014576911926,7.42447853088379,21.9890522577501,443.363592681635,221.36155489453,,,,668.359183692093,333.696836123299,,,24650,193.54536004898
2014,RO,11006,Cone Sul,96.9645724773048,93.3785599580507,94.3492937436502,100,100,100,100,100,100,100,100,63.1198844487241,66.7808227539062,0.898972630500793,33.904109954834,64.683219909668,,,,,,460.826385498047,107.79564666748,115.206596374512,3.36257314682007,375.643798828125,80.0048370361328,109.231513977051,416.529937744141,89.657585144043,116.408782958984,14204,3561,9569.55859375,2399.126953125,10,347,233.781814575195,6.73722791671753,116,149,,,1.00384700298309,0.781518459320068,1.28714740276337,0.933948218822479,28,0,18.8642387390137,0,9.21383285522461,20.8686566451052,734.074646065816,303.394249087331,,,,1106.59860058901,457.359007379056,,,8131,157.757482774819
2014,RO,11002,Café,60.2770294950233,87.4223815176696,55.1405122819834,100,100,100,100,100,100,100,100,80.9601969634797,69.1542282104492,1.26291620731354,32.4148483276367,66.3222351074219,,,,,,507.738098144531,138.690475463867,106.547622680664,3.86869859695435,370.853057861328,89.0857467651367,98.2066040039062,412.042419433594,100.083122253418,105.109252929688,13675,3783,8139.880859375,2251.78564453125,27,378,225,16.0714282989502,142,275,,,1.6369047164917,0.845238089561462,1.7224702835083,0.888988077640533,123,0,73.2142868041992,0,8.47857189178467,22.7314351504774,466.506862432753,263.156083638982,,,,703.247066085112,396.701010519945,,,9366,149.375593012708
2014,RO,11004,Madeira-Mamoré,72.7684552944808,58.4529878869905,57.3426004131517,100,97.0577350111029,100,98.7231680236862,100,100,100,100,71.4470762398224,29.0037708282471,32.5912971496582,31.4874439239502,35.7004890441895,,,,,,457.542053222656,92.608024597168,102.057823181152,7.13481044769287,426.087677001953,87.8284530639648,110.585426330566,474.407806396484,99.5974807739258,118.407936096191,35198,5342,6047.52734375,917.833129882812,110,1445,248.27197265625,18.8995971679688,587,1014,,,1.74219918251038,1.00855123996735,2.60629725456238,1.19926536083221,647,95,111.163993835449,16.3223781585693,19.8516216278076,21.9678350931523,475.101852567251,288.199608472304,,,,716.203792088233,434.453478450688,,,36850,177.306119757486
2014,RO,11007,Vale do Guaporé,94.6314051004869,100,88.1968127319134,100,100,100,100,100,100,100,100,63.7313432835821,71.1409378051758,1.6107382774353,29.9328861236572,68.0536880493164,,,,,,383.333709716797,98.0114593505859,71.8750686645508,7.38636350631714,340.808227539062,80.2754898071289,72.563362121582,377.394348144531,90.255744934082,76.2647323608398,3284,995,7152.658203125,2167.14208984375,0,117,254.829788208008,0,23,27,,,0.588068723678589,0.500947415828705,0.968679904937744,0.678457081317902,0,0,0,0,1.70975542068481,23.0874124108888,449.209156636665,266.026648047048,,,,677.171220624519,401.028312346662,,,4931,301.503543752704
2014,RR,14001,Centro Norte,74.620019170204,63.9529254122572,67.4478198783279,100,84.9583378422249,84.4713775565415,79.3853479060708,88.323774483281,100,84.5363055946326,81.0518342170761,51.1849366951629,44.2865905761719,4.74243640899658,52.6062965393066,42.6308250427246,,,,,,396.089508056641,87.7293090820312,92.2465362548828,4.2016806602478,388.622344970703,85.0824737548828,98.0864410400391,428.831146240234,95.4962615966797,104.4091796875,29099,4653,6918.25244140625,1106.24523925781,30,764,181.640090942383,7.13246393203735,449,640,,,1.52159237861633,1.06749212741852,1.96570706367493,1.14386892318726,97,7,23.0616340637207,1.66424167156219,8.01974296569824,17.3475660851801,451.77193650725,257.910304159042,,,,681.034545197309,388.793133218078,,,37087,283.8067182693
2014,RR,14002,Sul,98.6979166666667,100,92.4024069579288,29.3814432989691,98.379970544919,97.4963181148748,92.9307805596465,97.7908689248895,100,100,19.7349042709867,64.8011782032401,49.736644744873,4.66516160964966,49.5861549377441,45.5981941223145,,,,,,352.761871337891,90.9560241699219,83.5812072753906,4.18118476867676,320.86474609375,77.3797836303711,86.9775924682617,356.224212646484,87.54052734375,93.5889129638672,3679,927,4521.9892578125,1139.40856933594,0,128,157.329330444336,0,64,38,,,0.46707147359848,0.786646664142609,0.693846940994263,0.884977519512177,0,0,0,0,0.548194408416748,18.18613176199,427.832237962802,126.492056815078,,,,644.946066934522,190.68351400961,,,11017,439.136403127826
2014,RS,43022,Região 22 - Pampa,65.375187540942,35.6000253576485,57.4509223844642,100,90.6755076668048,93.1620389556569,89.680895151264,94.3638624119353,100,90.9656029838375,100,60.3812681309573,71.6182556152344,1.07883822917938,25.850622177124,72.9045639038086,,,,,,813.420654296875,213.102325439453,175.181854248047,2.23243594169617,388.833770751953,81.4252166748047,103.927864074707,431.529693603516,91.6137313842773,112.062965393066,12302,3436,6570.3876953125,1835.13684082031,40,355,189.602310180664,21.3636417388916,145,222,,,1.18568205833435,0.774432003498077,1.31933832168579,0.845466077327728,162,11,86.5227432250977,5.87500143051147,8.03379726409912,16.6639519805619,428.970289393476,231.57116701294,,,,646.661650121234,349.08756313361,,,13265,211.496247528053
2014,RS,43018,Região 18 - Araucárias,77.0918984734947,71.9501837668829,67.6044164180114,100,100,100,98.2783357245337,96.4849354375897,100,98.780487804878,74.9641319942611,83.0703012912482,70.3703689575195,1.57750344276428,22.0850486755371,76.3374481201172,,,,,,706.448303222656,202.601181030273,94.0919342041016,4.61868953704834,297.797882080078,54.1652221679688,50.1595573425293,331.620147705078,60.8508720397949,54.221435546875,10324,2581,7833.91259765625,1958.47814941406,0,377,286.069854736328,0,101,130,,,0.986447751522064,0.766394019126892,1.29585087299347,0.793521344661713,143,0,108.509246826172,0,6.71087980270386,20.5950182944219,624.028422623288,450.405084016286,,,,940.706756327314,678.974050311919,,,5299,107.246050480934
2014,RS,43001,Região 01 - Verdes Campos,69.2835687396407,41.3083319309618,35.6906237825302,100,89.2460549386324,91.7397233586597,87.3173582700175,92.3046951100721,100,87.3563218390805,99.3376193259302,68.2446912137152,70.2686309814453,2.20157551765442,24.641487121582,72.9751586914062,,,,,,755.311218261719,195.331100463867,121.47225189209,7.74907732009888,328.256286621094,56.7569160461426,72.9907150268555,367.970153808594,65.1941146850586,79.1811370849609,22250,4533,5167.79638671875,1052.8369140625,32,935,217.163589477539,7.43233680725098,648,1017,,,2.36208939552307,1.50504815578461,2.67575740814209,1.53466141223907,721,74,167.459838867188,17.1872787475586,14.8860416412354,19.203328223943,432.19098588344,261.434336848106,,,,651.516767033141,394.105521628506,,,19582,118.651778652782
2014,RS,43013,Região 13 - Diversidade,88.8881909547739,92.2049904695893,83.7939698492462,100,100,100,100,99.5260663507109,100,100,100,63.9445862194677,79.3251953125,0.394831299781799,18.9519023895264,80.5455856323242,,,,,,706.767944335938,218.208587646484,128.383773803711,3.9677619934082,300.670623779297,69.8659439086914,73.2488708496094,336.497589111328,80.8011016845703,78.9529190063477,15404,2898,6749.568359375,1269.81628417969,27,559,244.936950683594,11.8305864334106,265,370,,,1.62122845649719,1.16115009784698,1.81468045711517,1.12752056121826,210,23,92.0156707763672,10.0779066085815,19.1151599884033,24.5087945331522,744.213946693538,443.574355898265,,,,1121.88333484011,668.676903806565,,,10248,114.843045272793
2014,RS,43014,Região 14 - Fronteira Noroeste,92.3253877649119,89.5940807375044,92.3253877649119,100,100,100,100,100,100,100,100,66.2650602409639,77.0034866333008,0.27100270986557,21.9512195587158,77.7003479003906,,,,,,815.516296386719,250.220199584961,153.374908447266,4.19129514694214,322.283935546875,73.9375,82.1366195678711,360.622009277344,84.8916091918945,89.0404510498047,18174,4694,7964.1015625,2056.9765625,26,627,274.760192871094,11.3935642242432,219,237,,,1.03856718540192,0.959688663482666,1.43898522853851,1.0122743844986,265,9,116.12671661377,3.94392609596252,13.9150476455688,18.6987878270536,803.110633501465,337.954971042388,,,,1210.6685715327,509.458404566767,,,10462,120.765913608094
2014,RS,43003,Região 03 - Fronteira Oeste,63.570539653807,34.9375453063653,43.520508855954,100,98.3446449263367,93.3620261546102,92.9978480384042,93.8255255752359,100,94.8518457209071,100,62.5889753352094,63.2498359680176,1.68094921112061,33.0092277526855,65.14501953125,,,,,,807.18505859375,195.590438842773,145.729858398438,10.1007423400879,396.082366943359,74.2880401611328,93.4883346557617,440.55029296875,83.7384414672852,101.682159423828,32112,7075,6871.7724609375,1514.00695800781,73,737,157.713516235352,15.6215562820435,293,507,,,1.08494913578033,0.62700217962265,1.24052274227142,0.650595009326935,320,21,68.4780502319336,4.49387216567993,7.82104969024658,19.0706513040208,381.579823785312,229.631492171965,,,,575.221745195607,346.163553325991,,,33427,184.399768813942
2014,RS,43017,Região 17 - Planalto,65.3718707645699,52.2138842382205,57.4987044566691,100,94.1976254308694,97.3190348525469,92.0911528150134,95.0402144772118,100,96.7636920720031,100,57.8705476828801,76.7966003417969,0.683539628982544,23.8315162658691,75.4849472045898,,,,,,672.543640136719,170.437438964844,109.229248046875,2.21975588798523,331.088592529297,62.4461975097656,72.4294662475586,368.969360351562,71.1678771972656,77.9308853149414,32453,5889,8074.75341796875,1465.26440429688,88,1116,277.676177978516,21.8956127166748,536,1125,,,2.79915499687195,1.33364188671112,3.37217307090759,1.36293971538544,526,40,130.876052856445,9.95255088806152,19.1041717529297,19.4209710580089,584.042803767498,364.06940333088,,,,880.429466944491,548.825237872478,,,9490,58.4891195907702
2014,RS,43015,Região 15 - Caminho das Águas,99.1964937910884,95.873943441511,91.9758948137327,100,94.7542533081285,97.9206049149338,99.8582230623819,94.9905482041588,100,98.6767485822306,99.5746691871456,70.1323251417769,82.562744140625,0.70453542470932,19.3747253417969,79.7886428833008,,,,,,729.915344238281,180.476501464844,123.343406677246,6.3643012046814,325.790100097656,53.3617324829102,72.1830825805664,365.320373535156,61.4509010314941,77.9861831665039,17961,3856,9590.3505859375,2058.92724609375,10,594,317.168762207031,5.3395414352417,192,189,,,1.00917327404022,1.02519190311432,1.25572669506073,1.07338130474091,236,0,126.013175964355,0,7.76689720153809,19.9394796653765,635.89377781146,368.530203414989,,,,958.593473321413,555.54977897608,,,12256,170.932324279828
2014,RS,43019,Região 19 - Botucaraí,94.4265863050393,83.1650761761259,75.392600033484,100,100,100,96.2085308056872,90.521327014218,100,97.3143759873618,63.5860979462875,73.7756714060032,73.7121200561523,0.757575750350952,26.212121963501,73.0303039550781,,,,,,764.545471191406,248.052536010742,124.026268005371,3.33333325386047,363.821868896484,92.2443466186523,71.6715316772461,404.629547119141,104.653182983398,77.7215042114258,9334,2605,7929.18603515625,2212.93432617188,0,249,211.52424621582,0,77,102,,,0.866484880447388,0.65411114692688,1.02449095249176,0.698284864425659,91,0,77.3040390014648,0,5.97279930114746,20.4819499604575,544.20787168012,352.877421724037,,,,820.379333979543,531.953614189074,,,6994,158.209276043889
2014,RS,43026,Região 26 - Uva Vale,73.166638744625,52.9619701792595,58.988105210253,100,100,100,100,100,100,100,100,74.3626743626744,82.4713973999023,0.961098372936249,16.0183067321777,82.9748306274414,,,,,,563.380310058594,128.091384887695,112.010643005371,2.16535425186157,273.944671630859,42.5359802246094,68.0835342407227,307.5859375,49.6791152954102,73.9970855712891,10837,2498,6009.205078125,1385.16137695312,5,235,130.309417724609,2.772540807724,130,167,,,0.926028609275818,0.720860600471497,1.78163468837738,0.820256173610687,153,5,84.8397445678711,2.772540807724,44.9329032897949,18.5527372687957,673.888427189957,350.67083844388,,,,1015.86942755502,528.62724679171,,,2580,39.2246980733424
2014,RS,43010,Região 10 - Capital e Vale do Gravataí,61.0161087898523,27.8411174407735,39.9427231550297,89.4915254237288,84.3251726302574,93.7413684871312,88.6283741368487,92.9535467671061,100,87.0778405524168,47.8688010043942,59.4067796610169,63.7286643981934,2.53984212875366,27.1524219512939,70.1599960327148,,,,,,762.08154296875,183.219253540039,141.788635253906,3.32766437530518,394.098968505859,74.0479888916016,85.0165100097656,442.4169921875,84.7083435058594,93.0615463256836,154660,30752,6681.60595703125,1328.54479980469,612,5333,230.395736694336,26.4395637512207,3607,8361,,,3.61211085319519,1.55829250812531,4.17479419708252,1.60968112945557,2714,306,117.249954223633,13.2197818756104,40.2846069335938,21.4014810871602,742.481845791948,332.38189618259,,,,1119.27223739375,501.057137919182,,,82516,112.534476379824
2014,RS,43021,Região 21 - Sul,72.3398219845544,51.3451410304754,57.9983344516735,100,83.8318033757773,86.9509426512684,88.1847793899911,90.0700819267595,100,89.5962886190899,100,55.8681275293653,60.8723526000977,10.1530284881592,24.2554759979248,64.2169876098633,,,,,,877.052795410156,215.325714111328,167.731033325195,8.54633617401123,410.174865722656,74.7754287719727,100.388000488281,457.924774169922,85.1959838867188,108.855377197266,56875,11746,6538.52099609375,1350.35546875,121,2048,235.444244384766,13.9105243682861,1068,1824,,,2.09692525863647,1.2278048992157,2.47236585617065,1.21268725395203,556,40,63.91943359375,4.59852027893066,16.8628902435303,18.6453466337244,530.598388864643,237.999321622433,,,,799.863389560183,358.777840455347,,,39111,112.580292817073
2014,RS,43029,Região 29 - Vales e Montanhas,81.4614982626315,74.5862862486591,71.2238592502269,100,100,100,100,100,100,100,100,63.7992831541219,82.2266387939453,0.556660056114197,15.1491050720215,84.1351852416992,,,,,,713.673889160156,191.015411376953,138.337295532227,0.641848504543304,310.246643066406,55.5262260437012,73.7947311401367,346.460296630859,63.234619140625,79.594970703125,16544,3316,7578.31884765625,1518.96179199219,22,558,255.60334777832,10.0775508880615,282,384,,,1.75899076461792,1.29175889492035,2.0515832901001,1.41062819957733,194,9,88.8656768798828,4.12263441085815,23.4330558776855,21.2236843166574,841.281450687655,453.1283690993,,,,1268.21009419385,683.079332353764,,,3496,47.1107668186166
2014,RS,43009,Região 09 - Carbonífera/Costa Doce,55.5242167155403,36.4508017519904,32.3456624309488,100,81.4142678347935,88.1935753024614,80.2461410095953,82.0191906549854,94.7642886942011,84.7100542344597,47.6011681268252,65.3525239883187,69.3172836303711,1.04577744007111,27.7229671478271,70.7182312011719,,,,,,723.128662109375,191.555618286133,155.436538696289,5.16706848144531,389.405944824219,83.8398132324219,99.1269760131836,435.699676513672,95.8582763671875,108.636581420898,23105,4471,5755.38671875,1113.71276855469,0,492,122.555732727051,0,200,490,,,1.22057545185089,0.49819403886795,1.25495076179504,0.54620748758316,90,0,22.4187316894531,0,18.0074729919434,21.2471972356364,440.434507052366,301.52935007316,,,,663.943662633403,454.547720202225,,,18362,125.249545607841
2014,RS,43007,Região 07 - Vale dos Sinos,59.656901849368,36.1809506793263,38.9260630279909,100,94.2149569303054,100,97.2689898198904,96.5152701644479,100,96.270555990603,85.0332811276429,65.9945184025059,72.3686676025391,1.02822959423065,26.4068050384521,72.2658462524414,,,,,,659.72412109375,172.080123901367,127.429595947266,5.53231954574585,402.1376953125,84.9543304443359,96.9227981567383,450.174926757812,96.6334838867188,104.788055419922,48965,8245,6141.3291015625,1034.11120605469,47,903,113.256820678711,5.89487314224243,545,1160,,,1.45490479469299,0.683554410934448,1.59669542312622,0.700486481189728,360,60,45.1522178649902,7.5253701210022,27.9494743347168,26.8069398312769,677.728718284492,350.363093930184,,,,1021.65856735687,528.163329872606,,,21744,75.6930962956538
2014,RS,43016,Região 16 - Alto Uruguai Gaúcho,81.9880575454981,79.4614137783339,74.725583895323,100,99.3364558938329,97.3848555815769,97.4629195940671,96.9945355191257,100,97.2677595628415,100,61.0070257611241,79.3510360717773,0.442477881908417,20.3908557891846,79.0560455322266,,,,,,695.789428710938,174.480606079102,114.32958984375,5.15021467208862,284.296295166016,44.5079803466797,66.4933013916016,318.788208007812,51.5992050170898,70.2999725341797,20250,3546,8638.7099609375,1512.73413085938,25,623,265.773651123047,10.6650743484497,240,357,,,1.52297258377075,1.0238471031189,1.34497249126434,1.04688370227814,261,10,111.343376159668,4.26602983474731,14.5211381912231,19.0652627285147,631.2054541486,415.873776827277,,,,951.525946289614,626.918995125556,,,7352,84.2981304333962
2014,RS,43004,Região 04 - Belas Praias,71.1528406814648,59.1990276429168,62.6993773383762,100,98.5988583290088,100,86.6113129216399,90.2439024390244,100,93.6170212765958,77.8412039439543,61.7021276595745,78.0642013549805,1.41050589084625,25.8754863739014,72.6653671264648,,,,,,674.439392089844,178.292404174805,130.881317138672,6.23762369155884,351.629272460938,67.5521469116211,79.7277526855469,393.417907714844,75.700813293457,87.2365188598633,10380,1491,6931.36767578125,995.6328125,12,128,85.4735107421875,8.01314163208008,149,231,,,1.54252970218658,0.994965076446533,1.7438600063324,1.06090652942657,24,3,16.0262832641602,2.00328540802002,7.59512281417847,20.9894455719588,671.384814757548,446.751234815228,,,,1012.09529636963,673.465966857023,,,5892,106.733621706446
2014,RS,43027,Região 27 - Jacuí Centro,66.8030368973355,73.684897722327,52.2061028096136,100,91.4323962516734,89.6028558679161,91.3877733154842,88.8888888888889,98.0365908076751,89.2904953145917,32.7086122266845,78.4024988844266,68.6752319335938,0.930438637733459,30.0841827392578,68.8524627685547,,,,,,885.355346679688,266.980773925781,174.224578857422,3.2150776386261,380.374755859375,87.4240875244141,87.5710906982422,426.460479736328,99.9160919189453,96.0942153930664,16295,4835,7997.1533203125,2372.8896484375,12,376,184.530822753906,5.88928127288818,173,282,,,1.38398110866547,0.849038064479828,1.59930801391602,0.855295419692993,185,7,90.7930908203125,3.43541431427002,6.33932065963745,22.1466730764898,569.631065445039,298.640137674751,,,,858.704143034778,450.192307010911,,,11851,147.695133901848
2014,RS,43005,Região 05 - Bons Ventos,75.4943222241728,58.5513124948027,56.5070360069852,100,100,100,98.2638888888889,100,100,100,81.9444444444444,33.2561728395062,70.8609237670898,2.3701639175415,25.9323806762695,71.5231781005859,,,,,,741.386840820312,193.069488525391,155.364151000977,1.83823525905609,366.187133789062,73.7553253173828,92.9054336547852,408.968841552734,83.1890640258789,101.415748596191,14884,2841,6761.5205078125,1290.61279296875,19,322,146.278533935547,8.6313419342041,196,261,,,1.18567383289337,0.890391051769257,1.91842937469482,0.990900754928589,61,10,27.7111492156982,4.54281139373779,8.21930885314941,27.4984771547731,711.258392773013,484.952102870212,,,,1072.20368707467,731.052790428014,,,10179,129.328156935568
2014,RS,43008,Região 08 - Vale do Caí e Metropolitana,67.5714304690302,46.4193775487162,47.686994407768,100,85.9678468543816,88.1423659511198,85.9957253043397,87.7706532850107,100,87.2223771024998,67.2985781990521,53.4801598364464,58.0353889465332,1.64173662662506,30.0893840789795,67.2017517089844,,,,,,721.817993164062,196.3525390625,144.443252563477,3.88081669807434,413.39990234375,89.569580078125,100.066223144531,462.981292724609,102.242240905762,109.036056518555,59159,10525,7853.96875,1397.30261230469,120,1347,178.828170776367,15.9312410354614,755,1788,,,2.37375497817993,1.00234055519104,2.26130700111389,1.06895303726196,338,41,44.8729934692383,5.44317388534546,32.0906982421875,18.3707802509982,775.430043555538,331.074004374054,,,,1168.94079594229,499.085524742233,,,21911,81.5982627467202
2014,RS,43020,Região 20 - Rota da Produção,89.4942708020877,94.8383226348311,85.5978163057172,95.669487307118,94.2259830761573,95.8685913389746,91.6376306620209,91.4385266301643,94.7735191637631,90.5425584868094,35.9880537580886,74.2658038825286,71.3035049438477,0.583657562732697,17.9474716186523,81.0311279296875,,,,,,687.289428710938,173.040954589844,135.264404296875,2.92553186416626,319.171966552734,60.8411903381348,79.1184692382812,356.071929931641,69.6860961914062,85.8610382080078,12816,3417,7808.77734375,2081.97509765625,0,436,265.654418945312,0,156,119,,,0.725065946578979,0.950506627559662,0.903895258903503,0.99559473991394,129,0,78.5995864868164,0,4.31993055343628,20.2805990827038,665.825977968866,414.40970898995,,,,1003.71549324712,624.711950612254,,,11108,194.630110393646
2014,RS,43025,Região 25 - Vinhedos e Basalto,74.9126990023708,47.1182227745844,50.8642292183099,100,100,100,100,100,100,100,100,86.7642478978511,81.4011001586914,0.824175834655762,16.3461532592773,82.8296737670898,,,,,,616.008178710938,155.254104614258,106.173774719238,1.89701902866364,273.499694824219,50.0277328491211,64.136604309082,305.429901123047,56.5638732910156,68.7647094726562,19204,3214,6411.8271484375,1073.08959960938,20,458,152.916946411133,6.67759561538696,224,590,,,1.96989071369171,0.747890710830688,2.24817943572998,0.771345794200897,275,18,91.8169403076172,6.00983619689941,37.4428291320801,19.7496576576225,779.000060084198,432.898117328296,,,,1174.3225038052,652.582749452646,,,2867,23.471302404017
2014,RS,43012,Região 12 - Portal das Missões,87.6012520761467,86.9886291043823,71.5222946211831,100,100,100,100,100,100,100,60.5764282038085,82.5012866700978,72.809211730957,1.2018027305603,23.5353031158447,75.1627426147461,,,,,,832.612365722656,244.579895019531,149.61003112793,4.375,383.772583007812,81.3940353393555,85.5710525512695,427.525115966797,92.3583526611328,92.9486312866211,11111,2926,7227.4658203125,1903.29992675781,8,327,212.706451416016,5.20382738113403,167,224,,,1.45707166194916,1.08629894256592,1.36437845230103,1.06223130226135,237,6,154.163391113281,3.90287065505981,9.30314254760742,21.2252569693523,660.788594450905,411.363262617097,,,,996.121767484376,620.119511258796,,,8551,152.067016658198
2014,RS,43024,Região 24 - Campos de Cima da Serra,92.7871339705659,71.0696404187528,63.8689121529358,100,93.5055350553505,97.2693726937269,94.2435424354244,92.3985239852398,96.5313653136531,94.9077490774908,100,62.3616236162362,61.7928009033203,3.37986779212952,29.2432041168213,66.348274230957,,,,,,660.862487792969,185.326614379883,109.97403717041,7.39599370956421,348.789367675781,78.4726791381836,73.0758895874023,388.695922851562,88.1701965332031,79.9807815551758,6819,1402,6943.63818359375,1427.62585449219,8,157,159.869659423828,8.14622497558594,81,117,,,1.19138538837433,0.82480525970459,1.32019758224487,0.90117609500885,45,2,45.8225135803223,2.03655624389648,12.9433326721191,20.9340835651517,779.803330812359,418.947719929816,,,,1175.5334137153,631.552885090004,,,4532,136.573049974371
2014,RS,43030,Região 30 - Vale da Luz,59.0125132281544,48.9970837473443,29.2085726518511,100,91.4151576123407,96.5124077800134,89.738430583501,92.3541247484909,100,93.3601609657948,76.5928906773977,62.9107981220657,79.8965759277344,0.129282489418983,18.8752422332764,80.8015518188477,,,,,,768.025695800781,209.6806640625,173.528823852539,1.67364013195038,359.187774658203,72.7182769775391,96.4091873168945,401.713958740234,82.7314071655273,104.053398132324,9548,1748,7670.61669921875,1404.29809570312,14,235,188.792922973633,11.2472381591797,94,213,,,1.71118700504303,0.755171716213226,1.54629445075989,0.730066299438477,83,8,66.6800537109375,6.42699337005615,22.46555519104,22.6294279864502,562.916626462516,396.52435577062,,,,848.582299402634,597.750241813805,,,2785,61.3369731254757
2014,RS,43011,Região 11 - Sete Povos das Missões,86.7848679611982,81.4774025265527,74.2843991339482,100,100,100,100,100,100,100,100,76.7648864333947,67.6291809082031,0.486322194337845,28.7537994384766,69.5744705200195,,,,,,841.593994140625,248.081817626953,161.200836181641,5.3897180557251,368.674499511719,77.5842056274414,97.6654052734375,412.847045898438,88.5603713989258,105.862167358398,21146,5057,7378.25341796875,1764.486328125,25,494,172.366271972656,8.72298908233643,263,346,,,1.2072616815567,0.917658448219299,1.65762960910797,0.916698932647705,215,9,75.017707824707,3.14027619361877,8.1814661026001,19.27849428844,486.031356232645,299.749083606283,,,,732.679737042982,451.864014408161,,,18307,160.886325506794
2014,RS,43002,Região 02 - Entre Rios,86.191759149756,87.6974647754952,75.7833976864216,92.654028436019,94.8657187993681,100,97.1563981042654,96.9194312796209,100,97.6303317535545,89.0205371248025,80.6477093206951,74.9401473999023,0.718276143074036,21.6280918121338,77.494010925293,,,,,,787.011535644531,229.311981201172,162.1962890625,4.36548233032227,323.602111816406,61.8279037475586,89.8580780029297,360.800170898438,69.9965057373047,97.6686172485352,7720,2083,6168.25244140625,1664.3095703125,7,274,218.925033569336,5.59297513961792,86,146,,,1.16653478145599,0.687136948108673,1.13117921352386,0.70131915807724,136,3,108.663520812988,2.39698934555054,5.40281391143799,21.2261130519479,549.410042171602,347.099152335115,,,,828.221471855781,523.243022079843,,,8413,176.345744544511
2014,RS,43006,Região 06 - Vale do Paranhana e Costa Serra,52.9778309830215,33.5318107302866,43.4500225576336,100,98.8581314878893,100,92.9065743944637,99.2733564013841,100,96.5743944636678,83.1833910034602,65.5017301038062,72.7948608398438,0.912470400333405,24.5353164672852,74.3832397460938,,,,,,668.448608398438,205.026489257812,135.646591186523,3.99201607704163,395.328918457031,91.9250793457031,99.831413269043,440.979187011719,101.908721923828,108.506820678711,20264,3697,9012.2705078125,1644.21459960938,8,411,182.789337158203,3.55794334411621,129,241,,,1.07183039188385,0.573718369007111,1.36647260189056,0.64532196521759,92,2,40.9163475036621,0.889485836029053,11.2955808639526,21.7207611943196,401.416658855588,260.846030818255,,,,605.125262564758,393.218665458169,,,7213,84.5355609449354
2014,RS,43028,Região 28 - Vinte e Oito,64.5432316604685,58.4121855527348,41.5726234053058,100,100,100,100,100,100,100,83.0853563038371,69.5118767945706,78.080810546875,0.883838355541229,19.7474746704102,78.9646453857422,,,,,,778.735046386719,214.510635375977,146.616409301758,4.17136430740356,364.62255859375,73.2199401855469,83.3029327392578,408.157531738281,83.0919342041016,90.9058303833008,26013,5644,7612.64013671875,1651.70263671875,30,524,153.347305297852,8.77942562103271,295,542,,,1.58614957332611,0.863310217857361,2.50316071510315,0.911158084869385,239,9,69.942756652832,2.63382768630981,18.7361717224121,22.4142933691621,771.163093253611,320.304405510414,,,,1162.50847838685,482.85063215293,,,14911,114.368517516964
2014,RS,43023,Região 23 - Caxias e Hortênsias,51.933931059721,26.4548467915605,31.2096217996538,100,100,100,100,99.1531030832341,100,100,100,76.5515416170438,78.9473648071289,0.893981337547302,13.8504152297974,85.1422805786133,,,,,,571.269409179688,129.409301757812,101.728164672852,1.75651121139526,318.548767089844,55.5326232910156,73.5458831787109,355.989135742188,64.1053161621094,79.6140594482422,27340,3712,4730.013671875,642.202331542969,81,612,105.880340576172,14.0135746002197,674,1773,,,3.06741571426392,1.16606771945953,2.64990639686584,1.17117142677307,611,96,105.707328796387,16.6086807250977,51.8606033325195,23.1173962825607,778.709687553887,412.07364543689,,,,1173.88477470311,621.19039504218,,,10011,44.6125321692027
2014,SC,42008,Meio Oeste,96.1427789170791,85.1525172595209,87.6681662497182,100,100,100,100,100,100,100,100,84.091875797533,66.4756469726562,0.65493243932724,32.6238250732422,66.5575103759766,,,,,,596.71484375,150.248092651367,92.5014953613281,5.73476696014404,333.123565673828,55.9634552001953,62.4809608459473,372.469879150391,64.0965728759766,67.7750244140625,13394,2853,7161.6474609375,1525.47265625,10,375,200.509033203125,5.34690713882446,158,265,,,1.41693043708801,0.844811379909515,1.53188896179199,0.927020072937012,173,6,92.5014953613281,3.20814442634583,19.9477081298828,20.4036027430618,647.762090522991,438.752273905945,,,,976.484648705715,661.407739542106,,,4601,64.4889673090566
2014,SC,42003,Xanxerê,98.1423214075586,91.9589274477,92.4331957085629,100,96.5965583173996,99.2351816443595,98.4703632887189,95.8699808795411,100,95.4493307839388,93.5372848948375,71.8929254302103,69.6160888671875,0.877513706684113,30.8957958221436,68.080436706543,,,,,,566.999816894531,162.145629882812,86.6816253662109,3.59712219238281,310.040405273438,65.58837890625,62.8339347839355,346.847320556641,74.9791412353516,67.6516494750977,18332,3746,9347.337890625,1910.05505371094,20,375,191.209457397461,10.1978378295898,172,207,,,1.05547618865967,0.877014100551605,1.24655818939209,0.970451772212982,104,3,53.0287590026855,1.52967572212219,9.80063247680664,21.2377415204622,654.309577134425,406.451642210237,,,,986.354815943366,612.715370143196,,,8344,121.241219434787
2014,SC,42004,Alto Vale do Itajaí,93.3762659270358,90.8056237446998,90.6982922604436,100,100,100,100,100,100,100,100,76.6640148501724,75.6065063476562,0.719808042049408,26.3129825592041,72.7539291381836,,,,,,647.853271484375,177.869644165039,123.383880615234,3.68963646888733,349.370788574219,71.7877349853516,86.3952941894531,390.630493164062,82.8958282470703,94.0030975341797,19748,3639,6941.83740234375,1279.18505859375,34,698,245.361679077148,11.9517154693604,269,354,,,1.24438440799713,0.945591568946838,1.31565535068512,1.0207291841507,185,21,65.0313873291016,7.38194179534912,7.35628080368042,20.4764679083808,692.80481161098,341.495796439533,,,,1044.38538930454,514.796107551621,,,5305,51.944446209224
2014,SC,42002,Oeste,95.1353978492105,91.8002980538664,84.0681717703756,100,100,100,100,100,100,100,100,90.6095197070859,81.2288055419922,0.558547794818878,19.4494323730469,79.9321746826172,,,,,,511.824157714844,132.813293457031,82.0658569335938,2.2662889957428,294.246398925781,56.7231369018555,59.0843544006348,328.930511474609,65.0958404541016,64.0115127563477,25082,4047,7273.41259765625,1173.57067871094,28,525,152.242309570312,8.11958980560303,400,628,,,1.82110798358917,1.15994143486023,1.94427931308746,1.20974636077881,272,5,78.8760147094727,1.44992673397064,15.9297657012939,21.6711074883518,818.060387308053,391.839621746879,,,,1233.20493991183,590.688126070417,,,8576,63.559881273119
2014,SC,42007,Grande Florianópolis,95.737059240755,65.3576383606936,83.3094767246862,100,98.9145086910252,100,98.4036892515076,86.0730755587088,100,93.6431358637815,59.3969492727918,81.1706278822277,63.4886817932129,1.12516641616821,29.440746307373,67.5166473388672,,,,,,494.745849609375,93.176383972168,105.353355407715,1.56791245937347,292.392059326172,38.9043846130371,73.7362670898438,326.155975341797,44.867603302002,79.9560852050781,64275,9822,5797.591796875,885.9423828125,131,1980,178.595596313477,11.8161725997925,1432,2849,,,2.56979203224182,1.29166102409363,2.62023639678955,1.30401837825775,766,146,69.0930404663086,13.1691694259644,29.9346046447754,19.7641524248467,497.674709643412,310.429046372139,,,,750.23179208203,467.963782891351,,,17725,42.7934434753215
2014,SC,42010,Alto Uruguai Catarinense,90.5926297282221,77.5290736674128,77.8828297663515,100,100,100,99.9398315282792,96.028880866426,99.3983152827918,97.1720818291215,100,93.3212996389892,83.2968215942383,0.602409660816193,19.496166229248,79.9014205932617,,,,,,552.22509765625,157.980117797852,73.3479080200195,2.04342269897461,254.368209838867,48.2504997253418,44.9234580993652,286.671875,55.3883094787598,49.043701171875,11040,1999,7786.16259765625,1409.83142089844,20,357,251.780807495117,14.1053667068481,158,186,,,1.31179916858673,1.1143239736557,1.52020597457886,1.15963745117188,148,2,104.37971496582,1.41053676605225,25.2859859466553,20.73270300739,808.075391800106,445.789820306176,,,,1218.15281664998,672.016659275016,,,2254,43.1990716100774
2014,SC,42001,Extremo Oeste,96.9745861750188,98.4572046536778,93.8732971690708,100,99.9272462713714,100,98.0720261913423,100,100,97.8173881411422,100,88.6140414696253,71.8436508178711,0.311310976743698,22.8640613555908,76.4787292480469,,,,,,566.795593261719,152.917190551758,89.7462692260742,3.76633358001709,268.833801269531,50.2968406677246,57.7139549255371,300.566650390625,57.6531944274902,62.186351776123,19073,4059,8309.3720703125,1768.35009765625,20,544,236.999862670898,8.71323013305664,229,226,,,0.984595000743866,0.997664868831635,1.20994091033936,1.08033156394958,185,0,80.5973815917969,0,7.15835428237915,20.5707014196194,693.42295949289,407.858675008369,,,,1045.31723129737,614.836435805578,,,6321,72.1429284804276
2014,SC,42013,Serra Catarinense,85.9102802451284,98.2555257178269,84.1028024512842,100,95.816430020284,100,92.393509127789,97.3377281947262,100,97.3377281947262,100,68.5598377281947,67.6826324462891,1.71746492385864,35.6071586608887,61.9013061523438,,,,,,740.244812011719,195.673110961914,152.190185546875,6.06060600280762,434.089691162109,90.5681762695312,110.488319396973,480.352813720703,101.670341491699,118.923637390137,23507,5265,8112.32373046875,1816.96459960938,36,766,264.348510742188,12.4236888885498,261,434,,,1.49774479866028,0.900717496871948,1.64544856548309,0.943337619304657,182,1,62.808650970459,0.345102488994598,13.9921798706055,20.389576485224,635.676752406148,308.471667045588,,,,958.266313118977,465.013084028242,,,13762,124.552114418909
2014,SC,42006,Médio Vale do Itajaí,90.8883135682868,65.1721786092088,75.8891487110963,100,98.9267129228101,100,97.6257588898526,96.5524718126626,100,97.6691240242845,91.8473547267997,73.0268863833478,78.8263473510742,0.468213498592377,24.7528877258301,74.7268753051758,,,,,,523.959899902344,139.79573059082,93.7453765869141,3.03426623344421,318.035186767578,66.6445693969727,74.0791015625,354.8408203125,75.6129989624023,79.8545913696289,41443,6538,5679.95556640625,896.063232421875,50,880,120.608085632324,6.85273218154907,785,1488,,,2.03937315940857,1.07587897777557,1.99606382846832,1.14533138275146,618,49,84.6997680664062,6.71567726135254,28.9386768341064,23.2070782067754,738.267977656151,365.05225086608,,,,1112.91993983501,550.306855188746,,,7032,27.6977509375682
2014,SC,42011,Nordeste,67.1803835695962,56.5296683783449,51.0614752873784,100,95.7993084675936,99.6248068858972,98.9479879349665,96.6821157948944,100,97.0793790921798,99.2349003163393,82.9691753108217,74.050407409668,0.430817842483521,25.7198257446289,73.8493576049805,,,,,,474.622894287109,120.230804443359,97.0246810913086,3.5176990032196,314.384399414062,68.3338394165039,80.9867095947266,350.778686523438,78.024543762207,87.320686340332,51070,6761,5362.60888671875,709.939270019531,99,1197,125.691062927246,10.3955011367798,812,1790,,,1.8795907497406,0.8526411652565,1.98724710941315,0.91784930229187,518,56,54.3926239013672,5.88028383255005,34.2297630310059,31.3065248027008,867.485645060116,537.020006314725,,,,1307.7122415266,809.543812282671,,,12684,37.3218203594895
2014,SC,42014,Extremo Sul Catarinense,87.5504434822817,91.9264155702215,83.0410063474715,99.2073425114727,100,100,98.2478097622027,100,100,100,76.8043387567793,68.1268251981644,72.2418518066406,0.785237550735474,38.7514724731445,60.3062438964844,,,,,,611.486999511719,175.529067993164,120.838996887207,3.57751274108887,336.696014404297,73.7972946166992,86.4270629882812,376.589874267578,84.0249786376953,93.2044982910156,14604,3678,7606.6064453125,1915.71484375,10,331,172.403915405273,5.20857763290405,169,243,,,1.2656843662262,0.880249619483948,1.21685397624969,0.929080009460449,104,0,54.1692047119141,0,7.92432975769043,21.3179538751615,430.330413083578,287.501882517991,,,,648.712001512828,433.401674565653,,,6403,88.463785748314
2014,SC,42016,Laguna,97.3059739578433,99.7240113018512,96.3742269892997,100,96.3691026827012,100,94.9583718778908,93.7557816836263,100,94.4495837187789,92.3219241443108,77.6133209990749,72.5423736572266,0.881355941295624,31.5932197570801,67.4350280761719,,,,,,641.047424316406,208.963333129883,129.11555480957,1.06007063388824,337.700958251953,86.0070648193359,82.4981307983398,378.831726074219,98.3280029296875,90.5332717895508,26702,6112,7560.6220703125,1730.6015625,30,633,179.232788085938,8.49444484710693,395,489,,,1.38459444046021,1.11843526363373,1.49346494674683,1.16161525249481,264,18,74.7511138916016,5.09666681289673,19.231990814209,20.4608813004688,490.491815988632,286.294781871753,,,,739.403765110716,431.582001466935,,,6986,51.267654080636
2014,SC,42009,Alto Vale do Rio do Peixe,66.3797615994548,72.9141708853422,61.3886673669492,100,100,100,100,100,100,100,100,65.8637469586375,67.9925537109375,1.09327745437622,31.4956970214844,67.4110260009766,,,,,,599.434814453125,156.678421020508,105.967765808105,9.27654647827148,376.155822753906,84.2453842163086,83.1064758300781,418.947998046875,96.310188293457,89.0820465087891,21121,4471,7386.6181640625,1563.63659667969,26,492,172.066482543945,9.09294414520264,220,319,,,1.11563432216644,0.769402921199799,1.25736176967621,0.834365010261536,201,10,70.2954483032227,3.49728608131409,18.2533855438232,22.5691440199121,532.752069102698,353.627137727309,,,,803.1100069857,533.083791732334,,,10306,97.8830766082537
2014,SC,42005,Foz do Rio Itajaí,90.3281923456405,74.4859012307213,76.5184413460041,100,100,100,100,100,100,100,100,70.7146941109205,73.1007461547852,0.763831555843353,25.6399669647217,73.4826583862305,,,,,,522.41455078125,135.000671386719,94.5955352783203,2.82074618339539,346.263977050781,76.4358215332031,76.4833908081055,386.169586181641,86.8449478149414,82.4015045166016,31486,4312,4989.00341796875,683.242797851562,54,743,117.729454040527,8.55638027191162,449,1057,,,1.67483222484589,0.711447179317474,1.97474122047424,0.72321218252182,262,43,41.514289855957,6.81341409683228,24.0011215209961,21.565243594331,748.557044772159,446.84872590379,,,,1128.43044320542,673.612932159191,,,8560,37.9660367212079
2014,SC,42015,Carbonífera,88.4361394028922,85.4719814181309,80.1632230601773,100,97.8115727002967,100,98.5719584569733,96.2166172106825,100,94.8442136498516,94.9554896142433,84.4028189910979,72.0272369384766,0.803212881088257,34.6778411865234,64.4665603637695,,,,,,561.523132324219,146.159759521484,130.989959716797,0.643224716186523,350.578948974609,72.2062759399414,98.7917404174805,390.959716796875,82.0309295654297,106.449485778809,28793,6476,6933.0771484375,1559.3583984375,28,637,153.38346862793,6.74213027954102,421,675,,,1.62533497810364,1.01372742652893,1.81206798553467,1.05670857429504,259,18,62.3647041320801,4.33422660827637,21.5096645355225,27.3281659953219,749.296478973046,363.996670926425,,,,1129.54512119671,548.715595648191,,,7202,50.8542696101571
2014,SC,42012,Planalto Norte,75.5582017646642,71.7016093432375,67.0231782485244,100,96.7585403726708,98.8548136645963,95.7880434782609,94.7010869565217,100,93.5170807453416,95.8074534161491,75.8928571428571,74.475456237793,1.03946101665497,28.161693572998,70.2983627319336,,,,,,629.63916015625,202.732955932617,125.113647460938,2.06896543502808,391.914642333984,99.1080932617188,98.7147674560547,438.822601318359,113.55152130127,106.845817565918,26411,4901,7167.84521484375,1330.11279296875,47,627,170.165420532227,12.7556209564209,251,519,,,1.40854620933533,0.681204438209534,1.27834391593933,0.699523687362671,159,1,43.1519966125488,0.271396189928055,14.717001914978,26.4872706595046,594.77816772373,336.340393243821,,,,896.612751293635,507.024470167845,,,11909,87.2292253606861
2014,SE,28007,Propriá,99.3834842347204,99.646979644186,99.3834842347204,96.6580976863753,100,100,100,100,100,100,93.3590402742074,59.2116538131962,55.5738372802734,2.05676674842834,43.9325370788574,53.8872909545898,,,,,,606.31591796875,201.679809570312,112.96622467041,10.7368421554565,412.739227294922,120.970542907715,97.8839492797852,458.081268310547,134.978485107422,105.989067077637,6593,1614,4207.83251953125,1030.09875488281,0,141,89.9900436401367,0,94,134,,,0.855224549770355,0.599933624267578,0.955426216125488,0.64780068397522,5,0,3.19113636016846,0,3.37047815322876,18.8268144918246,498.61301481046,230.605217479251,,,,751.64626292685,347.631419118898,,,26275,507.474678769686
2014,SE,28001,Aracaju,86.5816158822107,85.0342043079442,82.169477229172,100,85.3471054527985,86.6122187525022,85.3871406838017,88.2216350388342,48.1143406197454,87.8773320522059,100,66.146208663624,60.2846870422363,1.98654782772064,44.7677154541016,53.190990447998,,,,,,547.946228027344,130.274856567383,106.644760131836,3.88349509239197,383.175598144531,73.9222717285156,95.4521713256836,425.0283203125,84.0874633789062,102.131820678711,30587,3750,3784.15698242188,463.941833496094,221,1580,195.474151611328,27.3416385650635,916,2423,,,2.99768280982971,1.13325524330139,3.07333612442017,1.2000937461853,803,132,99.3454055786133,16.3307514190674,30.9522190093994,20.6588021672897,706.451553679326,289.017368260212,,,,1064.95750108686,435.686230244755,,,66366,209.210056015781
2014,SE,28002,Estância,96.456006095403,100,95.206948093313,91.5996888773658,100,96.4220897070262,95.6702100077781,95.0220378532538,100,95.9813326419497,90.6922478610319,57.4539797770288,52.6680908203125,2.37459969520569,48.9060821533203,48.7193183898926,,,,,,546.390991210938,172.10481262207,121.559471130371,3.5168194770813,406.484619140625,105.365539550781,108.878463745117,451.321166992188,120.616050720215,117.861938476562,10825,1202,4521.9287109375,502.111633300781,0,232,96.9133911132812,0,116,136,,,0.568112969398499,0.484566956758499,0.829194307327271,0.550568342208862,11,0,4.59503173828125,0,2.75785446166992,17.803841093192,412.959182551956,168.637750891092,,,,622.525319409278,254.217061088674,,,38893,456.952676584658
2014,SE,28003,Itabaiana,88.5431354037673,99.8912879112975,86.4220235978797,100,99.3246893571043,96.2182603997839,97.8930307941653,98.6493787142085,100,97.5958941112912,96.2722852512156,55.7266342517558,63.0099220275879,1.24035286903381,43.4399108886719,55.2646102905273,,,,,,593.915161132812,156.767395019531,100.691329956055,6.82288074493408,376.046417236328,77.4227828979492,83.1369781494141,418.054779052734,87.4396896362305,89.031494140625,9087,717,3719.439453125,293.478393554688,0,139,56.8946952819824,0,103,107,,,0.437966376543045,0.42159378528595,0.875625729560852,0.542341530323029,56,0,22.9216041564941,0,3.16031622886658,17.0487498365144,426.319410827574,165.982025498105,,,,642.665519036908,250.213623537494,,,33523,356.306543923703
2014,SE,28005,Nossa Senhora da Glória,98.8542779054825,100,98.8542779054825,97.7454545454545,98,94.7636363636364,99.8545454545455,99.2727272727273,100,99.2363636363636,95.2727272727273,57.4181818181818,58.060920715332,1.30014860630035,41.2704315185547,56.9465065002441,,,,,,475.755798339844,118.485557556152,87.6551361083984,9.78398990631104,345.341094970703,70.3234558105469,77.8542327880859,384.244262695312,80.2480926513672,83.8034820556641,4713,407,2849.09423828125,246.03889465332,0,115,69.5195922851562,0,111,89,,,0.538021147251129,0.67101514339447,0.736000895500183,0.702450096607208,1,0,0.604518175125122,0,1.5590523481369,19.4293566923035,438.907530144215,250.499050069242,,,,661.641784317965,377.62085877932,,,30884,608.773596719375
2014,SE,28006,Nossa Senhora do Socorro,100,99.6342503047914,99.652583622847,100,100,93.6189775652814,95.6601691798455,98.7127620448694,100,96.2486208164766,100,52.7583670467084,52.1921043395996,2.00109148025513,51.300708770752,46.2797889709473,,,,,,514.076049804688,130.045364379883,106.234237670898,4.98812341690063,432.443572998047,97.5345764160156,105.488014221191,482.726470947266,110.082664489746,114.781318664551,14752,2207,4503.35498046875,673.732666015625,0,133,40.601016998291,0,146,171,,,0.522013068199158,0.445695370435715,0.929244339466095,0.628399968147278,0,0,0,0,10.1291904449463,18.0299707860533,394.335323839357,201.057850245045,,,,594.450332622332,303.089524901875,,,45770,373.045510740442
2014,SE,28004,Lagarto,79.8543851709006,99.8476947598339,75.8637517463941,93.0186546071227,98.9824759751272,93.3860938383267,96.1560203504805,93.4426229508197,100,95.2232899943471,92.736009044658,60.0056529112493,62.1131858825684,2.23027610778809,44.2430992126465,53.4708671569824,,,,,,629.256286621094,203.431869506836,108.233657836914,11.7388572692871,383.273864746094,100.885681152344,92.9157257080078,424.406158447266,113.809669494629,99.085823059082,10828,2092,4277.20458984375,826.367919921875,10,230,90.8530731201172,3.95013356208801,136,135,,,0.53326803445816,0.537218153476715,0.80049455165863,0.614542007446289,6,0,2.37007999420166,0,3.97462439537048,17.7884899553566,359.193933798386,120.893292416515,,,,541.475593267822,182.24352104475,,,39520,432.979254926407
2014,SP,35091,Adamantina,81.098459477562,82.1515219170946,60.7836570663095,100,100,100,100,100,100,100,76.9171779141104,86.0429447852761,83.6689071655273,0.521998524665833,8.35197639465332,90.9023132324219,,,,,,748.651977539062,181.221313476562,109.178413391113,14.3849210739136,297.0693359375,55.0717086791992,65.774528503418,332.644744873047,62.0417709350586,72.0816879272461,10604,3059,7875.7001953125,2271.95068359375,4,260,193.104675292969,2.9708411693573,148,166,,,1.23289906978607,1.0992112159729,1.26000797748566,1.04425072669983,113,1,83.9262619018555,0.742710292339325,12.6661815643311,26.1976918131951,711.436536405898,427.72508712839,,,,1072.47223400775,644.784539814566,,,4468,87.7444107912753
2014,SP,35156,José Bonifácio,79.7243893992789,64.8194170010796,47.2113014605529,49.7942386831276,100,100,100,100,100,98.9300411522634,41.4814814814815,72.5102880658436,70.4006576538086,3.76124286651611,26.2469329833984,69.7465286254883,,,,,,634.671203613281,150.104766845703,126.934234619141,6.03174591064453,314.592498779297,63.1552047729492,85.1413116455078,357.065856933594,73.4681701660156,93.4412231445312,10575,2264,10653.4091796875,2280.78662109375,0,221,222.638626098633,0,90,102,,,1.02756285667419,0.90667313337326,0.890050768852234,0.934377014636993,99,0,99.7340393066406,0,31.1230659484863,26.9920123365083,767.687327375381,594.493660215573,,,,1157.26885094918,896.183863561208,,,2077,57.6992802208783
2014,SP,35142,Mantiqueira,65.6486034369139,46.636589445937,48.7185800462021,97.3413897280967,100,95.5891238670695,100,98.7915407854985,100,99.2749244712991,87.5528700906344,80.6042296072508,71.3204116821289,1.09024834632874,17.2319812774658,80.1938247680664,,,,,,754.576721191406,180.434417724609,111.147598266602,13.9167861938477,368.347045898438,70.3673782348633,73.4067001342773,412.908142089844,79.5448150634766,79.7957077026367,17974,3454,6486.25634765625,1246.44091796875,8,244,88.0519943237305,2.88695073127747,215,426,,,1.53730118274689,0.775867998600006,1.67082273960114,0.830810248851776,208,12,75.0607147216797,4.33042573928833,35.4145851135254,29.4253910934182,612.840191666966,430.843453675386,,,,923.84078665286,649.485396976059,,,5280,50.9147703764187
2014,SP,35074,Circuito das Águas,97.8850246222161,66.7934269054369,85.8766046693863,97.0822281167109,93.0371352785146,98.209549071618,100,99.2705570291777,99.6021220159151,99.5358090185676,100,58.8859416445623,80.8538131713867,0.970245778560638,15.9120311737061,83.0530395507812,,,,,,727.617370605469,188.783081054688,140.631927490234,8.19327735900879,298.878753662109,50.1625099182129,78.5239334106445,334.20068359375,57.2980308532715,86.3955993652344,7799,1562,5960.806640625,1193.8427734375,7,136,103.945335388184,5.35012769699097,146,320,,,2.44577264785767,1.11588370800018,1.92585492134094,1.06486642360687,69,1,52.7369728088379,0.764303922653198,31.0979995727539,29.5104642909908,844.48318354744,594.599967598063,,,,1273.03662392225,896.344119199141,,,2634,55.6825981238483
2014,SP,35061,Vale do Jurumirim,73.8291510981578,52.7427403087103,50.7543092376768,98.2029865856745,95.7226018729436,98.5067071627436,100,100,100,100,80.5871931156669,82.0298658567451,76.8170394897461,2.80701756477356,16.1403503417969,80.8270645141602,,,,,,746.619934082031,161.329925537109,127.563201904297,19.3695755004883,402.347747802734,69.3654937744141,91.7987060546875,446.874450683594,78.8113021850586,98.9929809570312,22668,4952,7731.55810546875,1689.01867675781,9,394,134.384765625,3.06970262527466,219,266,,,0.907267689704895,0.746960997581482,1.00114941596985,0.751821339130402,150,1,51.1617126464844,0.341078072786331,10.4284620285034,29.332497193211,742.109374970238,510.637119781498,,,,1118.71074723431,769.772291125204,,,12279,117.176709872119
2014,SP,35103,Piracicaba,57.5498706728555,38.5993693087198,39.5161747510895,100,100,100,100,100,100,100,100,79.8370944051275,80.8472137451172,0.426191389560699,20.3280391693115,79.0520477294922,,,,,,672.79833984375,140.891891479492,105.536994934082,16.470588684082,356.770294189453,57.7122383117676,75.7787322998047,397.344848632812,65.1179275512695,82.2864761352539,30349,4356,5338.2373046875,766.198608398438,69,554,97.4458312988281,12.136754989624,644,993,,,1.74663734436035,1.13276374340057,2.04165720939636,1.02146625518799,653,48,114.859436035156,8.44295978546143,48.9019737243652,25.9424224885925,766.642918869766,472.496010143035,,,,1155.69443205738,712.275551826227,,,13590,71.9910662001346
2014,SP,35062,Bauru,54.0298898542574,32.5931701331527,27.1384474786627,100,98.4922728986053,100,100,97.1604472923734,96.1301671064204,97.5499434602337,87.9633119738661,64.3171252669933,77.2511825561523,0.947867274284363,21.2322273254395,77.3341217041016,,,,,,697.119445800781,181.553115844727,132.905792236328,7.34321546554565,359.570159912109,77.8575134277344,93.3571014404297,401.141693115234,88.5314712524414,100.451385498047,38288,6201,6086.9580078125,985.823913574219,73,1406,223.523376464844,11.6054096221924,880,1121,,,1.78214573860168,1.39900827407837,1.74661421775818,1.46164572238922,734,169,116.690010070801,26.8673191070557,35.3947525024414,25.662738943561,599.865173756194,429.910511080278,,,,904.281281717458,648.079010070163,,,18515,85.7982387019994
2014,SP,35161,Itapetininga,65.4153374590826,39.55742593225,41.2139031642776,98.7243735763098,99.0280941533789,99.9544419134396,100,100,100,100,73.6370539104024,69.0205011389522,76.8477325439453,0.890471935272217,15.6574649810791,82.8732528686523,,,,,,664.447692871094,185.830627441406,133.798049926758,7.76880073547363,384.027130126953,88.1977996826172,100.383422851562,428.759948730469,99.6920623779297,109.022727966309,25217,3761,5206.767578125,776.565490722656,16,397,81.9719543457031,3.30365538597107,332,502,,,1.03652191162109,0.685508489608765,1.16706788539886,0.700891137123108,199,9,41.0892143249512,1.85830616950989,19.5533046722412,29.8937426805889,643.878881605393,428.958392401802,,,,970.63081139225,646.643715713053,,,18318,108.655669372348
2014,SP,35112,Alta Sorocabana,72.292005912268,57.3292081068217,53.6488213042062,100,100,100,100,99.3970893970894,100,98.5446985446985,100,93.6590436590437,67.687141418457,1.48133516311646,19.2968597412109,78.4515075683594,,,,,,733.722229003906,154.835876464844,132.609436035156,8.16882228851318,348.772033691406,53.8674926757812,85.9668960571289,388.910125732422,61.4058456420898,93.2507781982422,32705,5684,8167.59228515625,1419.49536132812,55,781,195.043258666992,13.7354402542114,505,1061,,,2.6496913433075,1.2611631155014,2.37198567390442,1.26565837860107,492,36,122.869758605957,8.99046993255615,29.1103935241699,23.3167684304751,547.375916855684,388.001472765344,,,,825.155080392622,584.902215448682,,,12537,87.4675071758797
2014,SP,35051,Norte - Barretos,66.1686746987952,58.6945428773919,46.1878100637846,97.0258136924804,96.7452300785634,98.0359147025814,100,97.9236812570146,100,97.0819304152638,94.8372615039282,77.4130190796858,80.8770446777344,0.804884791374207,16.2642250061035,82.8198699951172,,,,,,780.149108886719,204.131362915039,155.747283935547,5.20597553253174,398.962036132812,84.5411911010742,106.492492675781,445.287719726562,96.3303451538086,115.354499816895,19967,3461,7051.71435546875,1222.31604003906,51,759,268.054840087891,18.0115909576416,502,769,,,2.71586537361145,1.77290558815002,2.96802759170532,1.83744716644287,174,10,61.4513092041016,3.53168439865112,30.9386157989502,22.8230399492417,744.72680544943,441.911346582486,,,,1122.65645619039,666.169960144268,,,9271,91.6326212029873
2014,SP,35133,Vale das Cachoeiras,87.4287453239119,88.238525028205,75.738525028205,100,89.3518518518518,92.9398148148148,91.7824074074074,90.2777777777778,100,89.2361111111111,66.7824074074074,56.1921296296296,64.8762817382812,1.3277006149292,15.8117074966431,77.6704864501953,,,,,,692.917358398438,177.103469848633,130.613815307617,5.32481384277344,337.466033935547,70.2626571655273,85.0148696899414,376.159118652344,80.3814468383789,92.0227737426758,12984,2830,9581.2978515625,2088.34521484375,7,193,142.420715332031,5.16551780700684,126,275,,,2.02931070327759,0.929793238639832,2.0199019908905,0.924996674060822,70,1,51.6551780700684,0.737931132316589,21.409595489502,28.9181164980042,771.57919437246,476.672833794688,,,,1163.13574009421,718.572005780327,,,3942,82.6552603825195
2014,SP,35023,Consórcios do DRS II,85.7891588250565,75.3370230601656,72.4448140024005,100,99.5461422087746,99.0015128593041,100,100,100,99.1830559757942,80.4841149773071,78.9409984871407,79.7412490844727,0.558659195899963,16.0835056304932,82.7403717041016,,,,,,689.0859375,165.455322265625,109.805564880371,12.953929901123,332.631286621094,64.3545989990234,78.4947128295898,368.691131591797,71.3089904785156,83.8086090087891,16036,2482,5989.25830078125,926.997985839844,14,246,91.8781204223633,5.22883605957031,224,250,,,0.933720767498016,0.836613833904266,1.27490234375,0.82410192489624,209,6,78.0590591430664,2.24092984199524,22.9396514892578,29.3834728402959,715.070524408791,492.519272694063,,,,1077.95037721854,742.460103815517,,,6046,61.7888201506544
2014,SP,35163,Sorocaba,59.6346635167293,20.5036409859731,22.490293988678,100,93.5385420299965,95.9452389257063,100,94.6764911056854,100,95.3348447854901,79.3119986048134,70.7752005580746,78.012321472168,0.663421332836151,16.9301681518555,81.8506851196289,,,,,,638.749816894531,163.953903198242,119.277992248535,10.9828243255615,374.587432861328,79.6399612426758,93.3822174072266,418.773040771484,90.6731033325195,100.512199401855,72048,10475,4391.283203125,638.445068359375,130,1834,111.781219482422,7.92342329025269,1166,2718,,,1.65660488605499,0.710670113563538,1.87718081474304,0.680454432964325,1014,135,61.8027000427246,8.22817039489746,38.9764137268066,28.0908815311506,662.169537499269,495.315047309374,,,,998.203503521716,746.674661958135,,,36070,58.1613276010199
2014,SP,35157,Votuporanga,86.4463910554543,93.2714593216227,71.4975197055651,100,100,100,100,100,100,100,100,70.6284153005465,74.2742309570312,0.267976760864258,13.9347925186157,84.1000442504883,,,,,,755.791809082031,170.181701660156,139.333053588867,9.45578193664551,337.669830322266,56.4134826660156,84.5238571166992,375.364410400391,64.3143463134766,91.0070724487305,14852,3507,7636.068359375,1803.10339355469,17,219,112.597557067871,8.74044990539551,258,312,,,1.60412955284119,1.32649183273315,1.70245969295502,1.41800940036774,301,13,154.757369995117,6.68387317657471,28.6023502349854,25.33824653396,692.202832496783,495.649076376463,,,,1043.47792131212,747.178202163723,,,5198,69.4519501038035
2014,SP,35093,Marília,86.319596610259,78.7095752263787,67.4764381319465,94.4121312837557,92.06481096801,96.8840880764437,100,96.7386788533444,100,96.3232239302036,96.2816784378895,62.7960116327379,71.2137222290039,0.974369823932648,19.1273040771484,79.1145935058594,,,,,,736.006896972656,209.422149658203,125.653289794922,4.97494649887085,346.490356445312,75.9642562866211,83.8644332885742,386.218780517578,86.0166397094727,90.3312454223633,24227,3839,6381.9755859375,1011.28509521484,64,676,178.074691772461,16.8591423034668,537,961,,,2.5315055847168,1.41458737850189,3.14574456214905,1.44929349422455,193,36,50.8408508300781,9.48326683044434,29.4940147399902,24.5690236826259,705.684078506538,409.98377558683,,,,1063.80055205348,618.039970131193,,,12633,93.9204731654158
2014,SP,35072,Região Metropolitana de Campinas,60.8174895624342,23.7360633779734,36.0585097213326,100,98.3609849150373,98.913179890063,100,98.019628021385,100,97.392133731583,93.3410305966216,61.8433272257222,70.2995986938477,1.54171121120453,18.1509170532227,79.6008529663086,,,,,,583.998962402344,133.704772949219,117.92635345459,5.82097148895264,319.624298095703,56.6212959289551,84.7611999511719,359.67626953125,65.2880859375,92.2315444946289,142402,18866,4690.767578125,621.4521484375,333,2924,96.3175048828125,10.9691276550293,3302,8017,,,2.6408257484436,1.08768939971924,2.83213472366333,1.11024534702301,2663,413,87.7200775146484,13.6043529510498,49.1706466674805,27.6591861299169,863.939466065231,649.941417913961,,,,1302.3664681312,979.769928552932,,,63274,59.1157028787861
2014,SP,35031,Central do DRS III,76.2792106458771,45.5827643197187,45.5827643197187,100,96.7500644828476,100,100,98.0139282950735,100,95.4346143925716,99.2519989682744,83.0539076605623,82.8001937866211,0.590551197528839,14.1978349685669,84.7933044433594,,,,,,674.967407226562,165.231506347656,145.63883972168,3.28979206085205,335.280792236328,57.6845207214355,101.869636535645,373.762451171875,66.4360198974609,109.98853302002,13024,1596,4252.9150390625,521.164978027344,29,389,127.025802612305,9.46978950500488,431,696,,,2.27274942398071,1.40740668773651,2.16049981117249,1.36193537712097,355,43,115.923286437988,14.0414123535156,47.0664863586426,31.0352907190946,826.109210726196,506.496230119017,,,,1245.33833367313,763.53000673321,,,6225,56.8057871960563
2014,SP,35104,Rio Claro,52.8288814724198,32.3249838672003,31.4144209413637,100,92.3572744014733,96.4702271332106,89.4106813996317,88.0294659300184,100,90.1166359729896,81.9828115408226,65.7151626764886,71.986572265625,0.579798579216003,19.7741832733154,79.1882781982422,,,,,,701.324523925781,166.888534545898,111.520805358887,9.91041469573975,356.440734863281,66.8290939331055,81.6353378295898,399.165344238281,76.016357421875,88.1140289306641,7247,739,2845.74389648438,290.189697265625,18,115,45.158073425293,7.0682201385498,232,343,,,1.34688866138458,0.911015033721924,1.82644772529602,0.934772074222565,246,33,96.599006652832,12.9584035873413,42.5942726135254,26.4597984159491,797.178646569972,539.330372324579,,,,1201.7262541917,813.026629468982,,,4521,49.4395673859311
2014,SP,35022,Lagos do DRS II,91.6529646487939,96.8969942451525,84.3390948647511,95.8106409719313,93.841642228739,95.9363217427734,100,97.318810222036,97.4025974025974,91.7888563049853,81.9438625890239,66.7783829074152,77.1636657714844,0.599828600883484,20.2656383514404,78.8346176147461,,,,,,756.49169921875,189.623260498047,137.089111328125,5.68783092498779,360.777130126953,67.9743804931641,89.4753265380859,401.312194824219,77.1602249145508,96.2998046875,16540,3920,8275.37890625,1961.27478027344,14,428,214.139190673828,7.00455284118652,219,261,,,1.3058488368988,1.09571218490601,1.35450541973114,1.09208488464355,116,1,58.0377235412598,0.500325202941895,20.1105728149414,24.4384487239123,766.854622918121,540.62384706293,,,,1156.01357045141,814.976509284377,,,6093,83.0914779057804
2014,SP,35063,Polo Cuesta,63.7268776072042,35.782018400433,40.2053157553287,100,99.7382884061764,100,100,100,100,100,100,69.013347291285,77.6861572265625,0.649675190448761,15.892053604126,83.308349609375,,,,,,674.320495605469,164.582183837891,138.595520019531,4.4466404914856,337.772247314453,67.1964263916016,89.2658538818359,377.046325683594,76.2067108154297,97.16845703125,21453,4200,7147.3310546875,1399.28173828125,52,546,181.906616210938,17.3244400024414,489,1158,,,3.85801959037781,1.62916374206543,4.98427486419678,1.58885109424591,169,9,56.3044319152832,2.99846076965332,24.3155174255371,26.0454370410683,589.145129934933,435.589953295278,,,,888.121092076748,656.640622762998,,,8398,79.2860350775135
2014,SP,35172,Circuito da Fé e Vale Histórico,62.2255382195779,47.3035501190156,47.2950717166857,100,96.5637450199203,100,93.1938911022576,97.742363877822,100,95.1029216467464,85.242363877822,55.7934926958831,70.9629135131836,2.09545993804932,27.2908706665039,70.0149688720703,,,,,,742.8056640625,191.200546264648,140.227828979492,11.4749431610107,400.103179931641,82.7665405273438,97.9304962158203,446.480804443359,94.1557846069336,106.155014038086,24862,4481,5258.43798828125,947.754028320312,54,630,133.248168945312,11.4212713241577,432,798,,,1.68781006336212,0.913701713085175,1.81894326210022,0.939611077308655,296,22,62.6054878234863,4.65311050415039,26.7500991821289,27.1066030100286,596.046353659179,360.277916707951,,,,898.524508890735,543.109669553136,,,20288,119.231784880542
2014,SP,35153,Jales,83.1271404933236,79.1068611228691,73.2183399392004,100,100,100,100,100,100,100,100,82.8734538534729,59.7602729797363,0.256849318742752,14.8972606658936,82.6198654174805,,,,,,802.7822265625,208.665405273438,120.755447387695,12.3947048187256,321.973846435547,55.8004493713379,67.3987197875977,362.30615234375,66.3151626586914,73.1543960571289,10132,2350,9787.953125,2270.20239257812,23,177,170.989715576172,22.2190017700195,125,126,,,1.21721494197845,1.20755445957184,1.9291889667511,1.4637975692749,94,1,90.8080978393555,0.966043591499329,15.7165632247925,24.7259744974697,784.68082197443,519.328537921753,,,,1182.88610587442,782.874379860575,,,3781,96.7874318308308
2014,SP,35162,Itapeva,78.0282000127795,84.7022740342632,73.9465818489042,100,97.9181974038697,96.2282635317169,100,97.7467548371296,100,98.3345579230958,100,74.0631888317414,83.6930465698242,0.59952038526535,13.5251798629761,85.8752975463867,,,,,,683.789306640625,233.037109375,128.989959716797,6.35747766494751,421.170349121094,124.492111206055,102.56721496582,467.145721435547,140.822402954102,109.952667236328,20241,4294,7212.3916015625,1530.06323242188,18,396,141.105041503906,6.41386556625366,243,253,,,0.901504397392273,0.865871846675873,1.00688779354095,0.920924186706543,74,2,26.3681125640869,0.71265172958374,9.74230480194092,25.828020258895,658.311370789864,364.240343335768,,,,992.387416691379,549.082925522103,,,21526,215.453099406731
2014,SP,35021,Central do DRS II,89.2901759200475,71.8466485080587,69.6362134523883,100,100,100,100,100,100,100,100,66.0185967878276,80.6005249023438,0.939947783946991,13.080940246582,85.9268951416016,,,,,,773.731201171875,139.380401611328,119.663177490234,19.8594017028809,376.679992675781,53.5516624450684,82.2197494506836,419.391021728516,60.3626861572266,88.3173370361328,18397,2994,6254.1005859375,1017.81689453125,47,520,176.775146484375,15.9777536392212,327,560,,,1.90373229980469,1.11164367198944,1.86149334907532,1.06014096736908,233,14,79.2088623046875,4.75933074951172,29.2848434448242,26.2930388770331,650.153110867782,460.823448108698,,,,980.089050222245,694.6794655403,,,6956,60.9565485396774
2014,SP,35083,Alta Mogiana,93.5566756419518,71.9453930518159,72.4174164313391,100,100,100,100,100,100,100,90.6637490882568,64.6973012399708,62.2002830505371,1.26939356327057,16.9957695007324,80.7475280761719,,,,,,675.537353515625,162.947799682617,126.919143676758,12.9696969985962,377.506713867188,79.2643127441406,89.5235977172852,418.994354248047,87.7812347412109,97.073974609375,6815,1437,5580.34814453125,1176.66320800781,9,168,137.56396484375,7.36949825286865,112,201,,,1.64585471153259,0.91709315776825,1.61023545265198,0.919754326343536,110,1,90.071647644043,0.81883317232132,29.1005115509033,24.3251965194517,697.317175996213,445.174016520561,,,,1051.18766226249,671.088350946903,,,4605,100.672331245661
2014,SP,35101,Araras,57.7342827222581,48.1366365086517,48.36434372831,100,98.238316613653,99.804257401517,100,96.0606802055297,100,93.9075116222168,84.8054807927575,57.7440665524835,74.6987915039062,0.708717226982117,18.0959129333496,80.5102767944336,,,,,,670.842651367188,145.414749145508,112.764450073242,13.1140155792236,357.6484375,59.7412910461426,82.4100341796875,398.491516113281,67.8220367431641,88.9252166748047,17131,2983,5179.00244140625,901.813293457031,33,433,130.903503417969,9.97647953033447,333,550,,,1.66274666786194,1.00671744346619,1.63644504547119,1.00573492050171,307,25,92.8114929199219,7.55793905258179,43.233226776123,27.0264481289374,636.447088986439,429.611881431869,,,,959.427575650384,647.62883357545,,,7950,65.6726695006515
2014,SP,35095,Tupã,81.0172365514452,73.4964686848573,71.216670296506,95.5223880597015,94.3543153796236,95.7819597663855,100,93.7053861129137,97.7936404931862,93.4458144062297,79.2991563919533,80.4672290720311,73.7921905517578,0.661813378334045,16.412971496582,82.7266693115234,,,,,,848.20556640625,225.719528198242,131.214126586914,8.28729248046875,348.916961669922,69.4522399902344,80.6137313842773,389.416778564453,79.1487503051758,88.0093612670898,13118,3502,10245.6357421875,2735.18969726562,13,523,408.482055664062,10.1534738540649,123,148,,,1.1559339761734,0.960674822330475,1.50896239280701,1.07119143009186,90,5,70.2932815551758,3.9051821231842,14.8779630661011,25.526685988619,627.806688920841,428.492234174018,,,,946.402395347042,645.940994204711,,,4069,87.5639712903243
2014,SP,35151,Catanduva,80.3036022257655,52.5404314861215,51.247274738863,100,97.8419282511211,100,100,100,100,100,97.4495515695067,83.9686098654709,84.3279418945312,1.19910764694214,12.5766868591309,86.1963195800781,,,,,,766.370422363281,203.739212036133,126.32479095459,8.07269668579102,342.403900146484,69.5530776977539,79.3620452880859,381.973266601562,78.461181640625,85.5136871337891,21976,5079,7118.240234375,1645.13745117188,48,377,122.113967895508,15.5476665496826,333,527,,,1.70700418949127,1.07861936092377,1.8029625415802,1.1046941280365,369,26,119.522689819336,8.42165279388428,32.5914726257324,26.249699574123,650.589030967934,485.253727717367,,,,980.746188532881,731.507482107605,,,6233,55.5027154061004
2014,SP,35011,Alto do Tietê,48.9217228493429,26.8438252336534,25.5623842119087,90.4697370434326,92.7823558984896,97.1518503136681,99.8163894292771,93.6173468272531,100,95.6938949485235,78.7055454764039,60.5740016175217,71.3704605102539,0.934700787067413,28.9043235778809,69.1635284423828,,,,,,563.538940429688,121.971633911133,144.538314819336,5.42179870605469,408.972839355469,77.4335250854492,122.738861083984,456.702056884766,88.0751876831055,133.118362426758,135014,18520,4709.14453125,645.957885742188,258,3053,106.485389709473,8.99876499176025,2382,4106,,,1.43212902545929,0.830816209316254,1.306312084198,0.816925704479218,1079,198,37.6343727111816,6.90602922439575,35.0670356750488,25.4765198781658,535.836450613403,385.090859781555,,,,807.759632581301,580.51454142673,,,120100,110.971227954661
2014,SP,35092,Assis,68.2635328583794,43.1370264331846,47.8706138890738,100,92.7405927405927,95.5710955710956,91.042291042291,92.6739926739927,99.1008991008991,92.041292041292,84.6153846153846,65.5677655677656,77.3972625732422,0.94585782289505,18.7214603424072,79.4846725463867,,,,,,802.422241210938,195.206237792969,126.676383972168,16.0455493927002,389.580993652344,75.0322799682617,85.7672271728516,436.080718994141,86.2527465820312,92.3058547973633,17120,2748,7110.49072265625,1141.33349609375,30,391,162.394973754883,12.4599723815918,314,426,,,1.76931607723236,1.30414378643036,1.67773532867432,1.33103656768799,187,20,77.6671600341797,8.30664825439453,14.426570892334,27.3701778524899,745.468961932989,491.067815120833,,,,1123.7752379526,740.272068950182,,,9596,117.793559671961
2014,SP,35071,Bragança,51.7285963235707,32.9698128056664,35.6849738602507,100,96.8972533062055,100,100,100,100,100,100,79.2132926415734,73.3790130615234,1.33689844608307,22.6270046234131,75.6851577758789,,,,,,718.998352050781,170.119155883789,162.771072387695,2.04397654533386,353.974609375,60.2765312194824,106.986068725586,394.005920410156,68.6316452026367,115.437286376953,21867,3559,4869.10400390625,792.479125976562,24,449,99.978401184082,5.34405708312988,408,1036,,,2.30685138702393,0.90848970413208,2.1415753364563,0.905205309391022,417,44,92.8529891967773,9.79743766784668,34.6457443237305,28.3181921045136,665.459603565178,499.250206189694,,,,1003.16319328064,752.606812500856,,,14586,88.4501047248425
2014,SP,35155,São José do Rio Preto,65.864679506762,37.3662409638903,41.5949882800228,100,100,100,100,100,100,100,100,87.9792621171932,81.0383529663086,0.695223152637482,15.7770805358887,83.2249374389648,,,,,,689.334289550781,144.185745239258,145.621871948242,2.39583325386047,319.960205078125,53.5716247558594,88.5599822998047,357.660888671875,61.190055847168,96.2521591186523,57692,10465,8285.2236328125,1502.89233398438,178,1140,163.716888427734,25.5628128051758,1001,2233,,,3.20684051513672,1.43754923343658,3.6814398765564,1.49161887168884,1223,123,175.636627197266,17.6641902923584,40.6009254455566,24.872655371608,654.209519032819,429.819399009651,,,,986.203980935225,647.941660973049,,,13501,52.9161239904263
2014,SP,35064,Jaú,60.668519558854,47.2200703704799,32.2344105733124,97.9161618609159,91.4950327114126,97.7950084807366,94.4511751877877,90.3077295856554,98.255391325418,89.9442694451175,75.0908650351345,58.7593893869639,77.6814498901367,1.56056475639343,15.6056480407715,82.0658874511719,,,,,,800.279663085938,160.996063232422,135.436462402344,11.930983543396,394.233764648438,67.8692398071289,96.1172485351562,441.322174072266,76.4338912963867,104.363647460938,26670,5983,7835.33740234375,1757.73620605469,40,866,254.420776367188,11.751537322998,482,471,,,1.38374352455139,1.41606020927429,1.61980247497559,1.47290825843811,266,13,78.1477203369141,3.81924962997437,14.4488086700439,28.5409980809226,639.481244265299,446.309871220227,,,,964.001486496578,672.800622618264,,,7733,63.662736968284
2014,SP,35121,Vale do Ribeira,91.4220525336149,92.8613054642165,82.9136836751633,96.3266319185902,98.8334574336064,100,100,99.180938198064,100,100,90.6924795234549,54.3062794738148,68.1652526855469,0.850546777248383,25.2490882873535,73.3414306640625,,,,,,683.004943847656,179.253372192383,130.011825561523,9.64730262756348,382.157165527344,75.6226272583008,97.0591812133789,425.254302978516,86.0424499511719,103.516792297363,15645,1999,5542.330078125,708.157104492188,9,274,97.0660552978516,3.18830108642578,333,335,,,1.18675649166107,1.17967140674591,1.48805093765259,1.31703400611877,60,7,21.2553405761719,2.47978973388672,10.0094938278198,33.3210182092536,754.830833286317,546.163130668435,,,,1137.88801761882,823.326836487433,,,21899,213.565762783839
2014,SP,35131,Horizonte Verde,48.5363329884175,33.9988460419716,26.6507083490294,100,94.0875912408759,93.9051094890511,99.5802919708029,97.0620437956204,100,95.8029197080292,65.6934306569343,65.2372262773723,71.5981597900391,1.71863925457001,22.6080799102783,72.8561325073242,,,,,,615.350463867188,150.471496582031,121.416557312012,4.83685207366943,357.982482910156,70.9708633422852,94.828254699707,399.653717041016,80.2196807861328,102.749603271484,23324,3623,5509.57177734375,855.821411132812,25,326,77.0073852539062,5.90547466278076,258,545,,,1.287393450737,0.609444975852966,1.32318067550659,0.594208836555481,301,29,71.1019134521484,6.85035037994385,44.7070426940918,26.9211328889409,629.352114854792,437.782282070273,,,,948.732085093159,659.945501861388,,,13697,87.7208936972953
2014,SP,35014,Rota dos Bandeirantes,41.4229601550574,15.2623398812946,14.3166912978309,93.0851922394034,95.6612970913904,98.1696097104303,99.2123188171869,97.3044516899635,100,95.6193304709946,80.2660038092778,38.3026116150692,63.345588684082,2.44132351875305,27.9793891906738,68.2879333496094,,,,,,557.3193359375,104.211944580078,152.631439208984,1.49076902866364,406.644012451172,65.5767364501953,128.948699951172,454.813659667969,74.3727188110352,140.638442993164,99936,13576,5498.693359375,746.980651855469,141,1646,90.5664520263672,7.75812244415283,1575,3912,,,2.15246629714966,0.866598784923553,1.84970700740814,0.799513041973114,803,140,44.1827850341797,7.70310068130493,46.4195976257324,30.5576263933288,844.359540625413,704.392392959063,,,,1272.85023540547,1061.8533693972,,,60956,89.1882618344506
2014,SP,35052,Sul - Barretos,72.1185930747771,73.892976314206,63.2774465291833,99.0400903444382,93.2806324110672,93.5629587803501,98.7012987012987,96.2732919254658,91.699604743083,95.313382269904,87.2388481084133,80.9147374364766,72.4900741577148,0.397050470113754,22.234827041626,76.8576278686523,,,,,,724.320190429688,173.891616821289,119.80721282959,9.9243860244751,337.641876220703,66.3678741455078,78.2554168701172,376.427917480469,75.416145324707,84.7915420532227,10369,2246,7098.74853515625,1537.64001464844,0,208,142.399429321289,0,119,187,,,1.28022563457489,0.814689040184021,1.65128576755524,0.901805996894836,95,6,65.038200378418,4.10767602920532,32.7224311828613,29.6149431786925,716.574849360832,477.377134685529,,,,1080.21810829423,719.633721212642,,,4338,86.0999798891497
2014,SP,35094,Ourinhos,65.1356152825301,50.1235949815773,35.0505191837219,100,91.2614980289093,100,93.1997371879106,89.8160315374507,100,93.6596583442838,97.7332457293035,56.7017082785808,35.7688484191895,0.431750237941742,14.9784126281738,82.8296279907227,,,,,,772.677307128906,174.57096862793,127.652381896973,15.3719911575317,378.803955078125,71.7559432983398,85.7467956542969,422.6455078125,81.2327651977539,92.714485168457,15449,3229,6530.1376953125,1364.86596679688,32,318,134.415420532227,13.5260801315308,235,304,,,1.28497755527496,0.993321478366852,1.39582800865173,1.02798211574554,218,15,92.1464233398438,6.34035015106201,21.3225975036621,26.1566490499968,716.349296291614,427.201613442899,,,,1079.87809285835,643.995416731629,,,6990,79.6917150824281
2014,SP,35041,Baixada Santista,54.4316840926382,44.4602178581605,35.3740517777097,100,92.4611027043806,96.2480114848873,96.2441314553991,96.399332634928,100,95.5263260000776,90.6025685795212,52.8072013347301,72.3958511352539,1.80900955200195,23.659008026123,74.1851577758789,,,,,,739.710510253906,186.319549560547,187.55680847168,1.64981377124786,391.369384765625,81.2915267944336,124.280448913574,436.954559326172,92.5923385620117,135.133575439453,76788,11000,4318.47412109375,618.628112792969,188,1855,104.323196411133,10.5729169845581,1481,3628,,,2.04034805297852,0.832898437976837,2.07292437553406,0.873995006084442,1388,224,78.0596237182617,12.5975179672241,41.2949447631836,23.1328407075416,835.683086522378,551.867641893333,,,,1259.77070457035,831.926240066277,,,54780,86.9193325162278
2014,SP,35032,Centro Oeste do DRS III,54.1732385076425,28.4441226233833,31.9807289724986,87.2279495990836,91.1798396334479,92.0389461626575,100,89.5189003436426,82.4742268041237,90.4925544100802,83.2187857961054,75.8304696449026,78.6424789428711,0.99473375082016,19.7776470184326,78.5839691162109,,,,,,740.039001464844,201.56982421875,128.919219970703,4.42733383178711,375.720001220703,81.5066909790039,84.5686264038086,420.366882324219,92.3870391845703,92.2565155029297,10457,2017,7448.11181640625,1436.63012695312,8,145,103.277824401855,5.69808673858643,80,130,,,0.92593914270401,0.569808661937714,1.04043507575989,0.58636873960495,116,4,82.6222610473633,2.84904336929321,21.0024356842041,27.344174477779,568.004602312706,414.52535625191,,,,856.25229180167,624.886285877656,,,3513,84.8829162321728
2014,SP,35073,Jundiaí,64.3894025774924,22.5736863678223,22.0380395726537,99.4995905741061,98.5260667819125,99.0719679737967,100,100,100,100,100,75.2524793012465,80.3520355224609,0.187634021043777,18.0664768218994,81.406364440918,,,,,,603.098266601562,115.363899230957,151.760025024414,1.00217866897583,343.581695556641,48.3814888000488,108.107406616211,382.091705322266,55.836597442627,116.685844421387,34331,5519,4510.88623046875,725.163269042969,53,590,77.5224380493164,6.96387958526611,502,1415,,,1.85922455787659,0.65959769487381,1.58687770366669,0.719053447246552,513,89,67.4050979614258,11.6940622329712,55.7915840148926,24.9735619986459,888.813298897999,682.739346284556,,,,1339.86312974667,1029.21195986628,,,14274,60.2177844045791
2014,SP,35171,Alto Vale do Paraíba,58.6541185175765,26.6025770722656,37.5508949612784,100,96.7798793302149,97.9662395769778,100,92.9496305335231,100,96.1968680089485,100,63.5007796081622,72.2783966064453,1.83847665786743,21.8910045623779,75.8568649291992,,,,,,548.027099609375,112.241912841797,93.1369094848633,13.3344955444336,322.725708007812,51.6521263122559,73.2564086914062,360.441070556641,59.2787475585938,78.3604507446289,46020,6114,4396.06201171875,584.0400390625,136,1007,96.1937103271484,12.9914045333862,1156,2385,,,2.27827215194702,1.10426938533783,2.51018309593201,1.17268919944763,1057,164,100.96996307373,15.6661052703857,45.1795196533203,27.5381932891896,766.384868951363,562.907817388335,,,,1155.30542845929,848.569019950451,,,29084,84.0875440339289
2014,SP,35143,Rio Pardo,58.8206431424829,46.3980040086468,42.1393953701518,100,100,100,100,100,100,100,81.0441767068273,74.9799196787149,80.4724426269531,1.02362203598022,12.8740158081055,85.4724426269531,,,,,,820.665161132812,204.702117919922,149.465042114258,7.23981904983521,385.714569091797,81.5594329833984,88.3072204589844,430.135162353516,92.8529586791992,95.33447265625,18714,3936,8686.6103515625,1827.00122070312,13,526,244.157165527344,6.03430271148682,209,449,,,2.08415532112122,0.970130205154419,2.13741970062256,0.954812347888947,136,4,63.1280899047852,1.85670852661133,29.367094039917,26.6462955492828,630.342305527703,409.118275798336,,,,950.224772000182,616.735251517234,,,8394,113.370093901792
2014,SP,35065,Lins,67.0963909286331,57.333586472566,32.4602071250528,98.0085348506401,91.8918918918919,94.6894262683736,96.6808914177335,92.7927927927928,96.5860597439545,92.1289710763395,91.3229018492176,61.3560929350403,73.1527099609375,0.985221683979034,25.3201961517334,72.7586212158203,,,,,,776.423095703125,181.754974365234,134.181518554688,18.224666595459,376.573791503906,69.015754699707,92.3236465454102,420.097015380859,78.3212966918945,99.7142105102539,10109,1770,6165.64111328125,1079.55139160156,20,417,254.334976196289,12.1983203887939,189,251,,,1.53088915348053,1.15274131298065,1.99229073524475,1.13596856594086,133,16,81.1188278198242,9.75865650177002,37.8971328735352,21.0954184953314,600.373395594103,370.68882219492,,,,905.047413033438,558.803841126134,,,4654,78.6552762471839
2014,SP,35012,Franco da Rocha,43.0257387715326,33.785720427642,28.4294476769182,100,100,100,100,100,100,100,67.5650339817202,61.835012889618,68.6557312011719,1.58537924289703,27.8101940155029,69.4153900146484,,,,,,531.060668945312,124.903495788574,143.27685546875,1.7964072227478,421.225677490234,90.0658264160156,127.493782043457,470.579711914062,101.841064453125,138.752532958984,25771,3542,4552.8828125,625.754150390625,57,547,96.6367950439453,10.0700130462646,408,772,,,1.36386847496033,0.720800936222076,1.09281730651855,0.675353348255157,278,35,49.113395690918,6.18334150314331,30.7004661560059,23.7378475464466,491.88470826158,333.497379944364,,,,741.503514296001,502.738700926941,,,23878,127.775346403091
2014,SP,35114,Extremo Oeste Paulista,87.1478181780598,80.1868656593009,71.6445831696881,94.1120607787274,92.5925925925926,85.6600189933523,87.2744539411206,86.9895536562203,89.4586894586895,86.7996201329535,89.6486229819563,77.3029439696106,68.6184844970703,1.55535221099854,42.8179321289062,55.443733215332,,,,,,726.957336425781,198.261077880859,113.58708190918,12.9261360168457,354.274017333984,72.7932357788086,76.5014877319336,394.768524169922,84.2703857421875,82.6044235229492,9019,2378,9313.1083984375,2455.54614257812,4,147,151.793640136719,4.13043928146362,60,75,,,0.774457335472107,0.619565904140472,1.02486526966095,0.741671979427338,32,0,33.043514251709,0,16.2501811981201,26.1189817020181,604.071292184542,413.980987015392,,,,910.621896792051,624.065663290345,,,4255,118.32379023426
2014,SP,35174,Vale do Paraíba/Região Serrana,49.5786913316058,31.5867405668271,32.947436567057,100,100,100,99.2218875502008,100,100,100,97.8539156626506,68.9006024096386,70.1311111450195,1.28724670410156,19.6662693023682,76.1025009155273,,,,,,632.731994628906,144.931182861328,146.440887451172,4.16224813461304,360.635070800781,68.3269958496094,104.053298950195,403.063720703125,77.6465682983398,112.512733459473,28729,4233,4819.12939453125,710.062133789062,73,771,129.330947875977,12.245343208313,491,1150,,,1.92906093597412,0.823625147342682,2.23087501525879,0.861535370349884,362,28,60.7234802246094,4.69684410095215,32.3662872314453,26.1365731081146,600.09536457627,456.17651658002,,,,904.628288443176,687.67433608347,,,17331,76.604519449418
2014,SP,35033,Norte do DRS III,77.4897156842325,34.3626327848365,40.9738856488232,100,89.1135303265941,100,100,99.7926386728875,100,97.6153447382063,100,68.6365992742354,78.5051574707031,0.927835047245026,18.4020614624023,80.3092803955078,,,,,,670.255249023438,136.521438598633,152.773986816406,4.46168756484985,340.627410888672,51.819751739502,102.945617675781,379.67822265625,58.8278617858887,110.864555358887,11640,2071,7567.18798828125,1346.361328125,20,201,130.670516967773,13.0020408630371,135,179,,,1.16368269920349,0.877637803554535,1.6221672296524,0.934034168720245,127,8,82.5629653930664,5.20081663131714,37.3503150939941,29.0467238274302,626.466359926149,452.20381511353,,,,944.381883948366,681.685591060144,,,4862,80.8699322023525
2014,SP,35173,Litoral Norte,88.9993025928485,90.6832298136646,79.9539645795748,87.272323411817,98.0897378942692,98.4451354953354,100,93.1585961794758,97.1346068414038,98.0897378942692,63.3051976899156,74.2114615726344,77.1999130249023,0.811937689781189,22.8659210205078,76.0807571411133,,,,,,570.690185546875,122.774116516113,101.18391418457,14.0033874511719,378.221160888672,67.2722091674805,81.6846618652344,423.17578125,77.383056640625,88.6793212890625,20207,2682,6511.53955078125,864.25244140625,23,350,112.784622192383,7.41156053543091,328,432,,,1.39208447933197,1.05695295333862,1.63674652576447,1.10923671722412,60,1,19.3345069885254,0.32224178314209,18.2720756530762,33.4476963373332,1062.03773684889,730.53366780557,,,,1600.99450330876,1101.26066716697,,,12258,112.728692100599
2014,SP,35102,Limeira,43.778610423519,22.2596159280232,22.422094876403,90.2988505747126,97.3793103448276,100,97.7471264367816,96.0689655172414,100,98.7356321839081,90.9425287356322,65.0804597701149,81.2810134887695,1.21786201000214,23.4551200866699,75.1917037963867,,,,,,616.306457519531,129.20295715332,145.458419799805,5.45702600479126,342.12646484375,61.9330825805664,101.3681640625,380.884033203125,69.8460922241211,110.328475952148,14864,1886,4165.88427734375,528.5830078125,52,259,72.5890731811523,14.5738687515259,274,723,,,2.02632832527161,0.767930746078491,2.10003852844238,0.774306833744049,227,19,63.6205406188965,5.3250675201416,46.7672653198242,23.2231500160816,655.902620188743,419.365351759989,,,,988.756287270613,632.182454305216,,,9690,80.1761587234857
2014,SP,35013,Mananciais,48.5196585730112,22.7982266562087,25.226887563458,88.0123953463086,95.1940850277264,97.6459715124497,98.3201043818637,100,100,95.9552027835164,74.1165597477438,62.1507013156464,68.6547317504883,1.77385950088501,27.6860160827637,70.0886917114258,,,,,,553.269470214844,108.464195251465,147.340591430664,2.56582260131836,421.35986328125,71.4154891967773,125.862350463867,470.310852050781,80.8792037963867,138.046951293945,65103,8653,6040.5,802.857727050781,75,830,77.0105056762695,6.95878076553345,813,1231,,,1.14216792583466,0.754331827163696,1.15429937839508,0.816659331321716,507,36,47.0413589477539,3.34021472930908,31.0932235717773,26.2334870166408,505.474346004124,397.816081728963,,,,761.989542779625,599.697485388431,,,35639,96.1565836671401
2014,SP,35132,Aquífero Guarani,50.6522766151845,30.2863340714328,21.0610150657763,100,98.3711566617862,99.8078330893119,100,96.8338213762811,100,95.4520497803807,94.2441434846266,74.3411420204978,56.8349761962891,0.554187178611755,16.9159049987793,67.8835296630859,,,,,,645.782165527344,151.028778076172,128.197525024414,2.47480988502502,331.068725585938,60.8706817626953,88.0929412841797,370.082733154297,69.7771072387695,96.1347579956055,53782,7879,6139.5537109375,899.437438964844,144,1419,161.987777709961,16.4385070800781,1225,2981,,,3.40299916267395,1.39841461181641,3.76085066795349,1.25666105747223,916,152,104.567161560059,17.3517570495605,41.2225227355957,26.594018621383,717.158202505569,495.290099317088,,,,1081.09749811797,746.637053503056,,,16529,50.8932537357946
2014,SP,35081,Três Colinas,31.4972391248454,18.2158992127527,20.5178936542723,99.0592141671278,88.5814425382771,99.6310643792658,87.0503597122302,85.7590850396606,99.7786386275595,88.5814425382771,100,71.2599151448072,79.5595321655273,0.843083262443542,22.9353065490723,75.9807281494141,,,,,,619.327026367188,194.83349609375,117.630729675293,4.05033445358276,347.700103759766,94.3233795166016,89.6886138916016,386.361572265625,105.620574951172,96.5277633666992,21835,3296,5317.73681640625,802.714050292969,48,355,86.4573669433594,11.6900100708008,207,662,,,1.61224722862244,0.504131674766541,1.6341050863266,0.496581882238388,267,32,65.0256805419922,7.79334020614624,32.402271270752,29.1338562318554,507.208094104328,381.859253146812,,,,764.60312333542,575.642977752891,,,9277,64.1433257628238
2014,SP,35034,Coração do DRS III,64.9510530999703,40.4537653091495,41.3675467220409,98.2554517133956,87.9958463136033,91.858774662513,92.3156801661475,90.9865005192108,100,84.4859813084112,76.6978193146417,64.2782969885774,79.0283432006836,0.789473712444305,14.5344133377075,84.2510147094727,,,,,,691.789489746094,165.387908935547,130.154235839844,5.28316211700439,353.902404785156,60.8079414367676,89.2045516967773,393.684814453125,68.6109313964844,96.4358901977539,19676,3626,5173.5654296875,953.412658691406,25,355,93.3429412841797,6.57344627380371,244,654,,,1.71961355209351,0.64156836271286,1.83957898616791,0.677590847015381,294,26,77.3037338256836,6.83638429641724,37.6064224243164,27.29434995317,719.134032724505,446.431881199811,,,,1084.07601122559,672.98454951642,,,9486,65.1082100026999
2014,SP,35015,Grande ABC,57.3537498705322,45.0734072858119,44.9684545760052,95.4794332095199,94.5797221075801,95.2785802723896,100,94.3293437886917,100,95.6555234557711,86.8400055028202,76.0847434310084,79.3499069213867,0.862588286399841,19.9956188201904,78.922721862793,,,,,,584.582824707031,111.787414550781,149.383911132812,1.2062726020813,332.938262939453,49.5110931396484,102.935417175293,373.239685058594,56.8201141357422,112.469352722168,128464,20189,4767.81494140625,749.294860839844,352,2741,101.729515075684,13.0641326904297,2584,6646,,,2.46659731864929,0.959026157855988,2.234375,0.970030426979065,2968,439,110.154396057129,16.2930526733398,53.7400169372559,25.2186406292846,820.716751972839,510.385949144193,,,,1237.20934114876,769.393657865985,,,65297,65.5091970422739
2014,SP,35111,Alta Paulista,82.9396763714745,68.6367224263032,60.848841798476,96.5880893300248,100,98.4491315136476,99.0074441687345,100,92.741935483871,97.0223325062035,92.12158808933,65.9429280397022,80.2536239624023,0.724637687206268,20.4710140228271,78.3816452026367,,,,,,794.305847167969,199.901565551758,126.452880859375,10.5815057754517,343.371520996094,66.1929244995117,79.0364837646484,382.560302734375,75.2439727783203,85.3965759277344,10477,2432,7933.21484375,1841.51745605469,10,208,157.498199462891,7.57202911376953,151,169,,,1.27967286109924,1.14337635040283,1.19638061523438,1.11403477191925,80,0,60.5762329101562,0,15.4272518157959,26.7832148075863,777.408966881019,490.9869828367,,,,1171.92397182827,740.150216366138,,,4647,97.9411470591768
2014,SP,35141,Baixa Mogiana,48.124359755906,54.5660794751098,36.8592060030543,99.6002997751686,100,97.6267799150637,100,99.1506370222333,100,97.1021733699725,90.5071196602548,61.7786660004996,75.6495895385742,1.28681015968323,20.6879482269287,77.8520202636719,,,,,,731.375305175781,209.6796875,133.318725585938,6.50406503677368,374.699279785156,81.9663619995117,86.7595748901367,418.97802734375,94.3366775512695,94.1803741455078,22438,3477,7022.0791015625,1088.14367675781,25,386,120.800537109375,7.82386922836304,348,505,,,1.5804215669632,1.08908259868622,1.92748844623566,1.10433912277222,405,32,126.746681213379,10.014552116394,38.6273803710938,31.7027858179003,817.846997537661,577.596756546733,,,,1232.88326033529,870.712216972628,,,5648,44.6336773617618
2014,SP,35154,Fernandópolis,90.3124728756184,85.4682753233226,85.7130457425571,100,100,99.4422310756972,100,100,100,100,89.3227091633466,82.4701195219124,74.4760513305664,0.673652708530426,20.5089817047119,77.8443145751953,,,,,,801.472717285156,224.030288696289,118.093482971191,9.75081253051758,325.070098876953,68.6009902954102,75.7979125976562,363.192077636719,77.8146209716797,80.8572463989258,9333,1506,8104.16552734375,1307.71166992188,16,157,136.328506469727,13.8933515548706,198,216,,,1.8756023645401,1.7193021774292,1.73883974552155,1.68435168266296,188,2,163.246871948242,1.73666894435883,18.4182415008545,24.4627475466257,777.207552413077,581.441449489708,,,,1171.62034471138,876.507992447495,,,2610,65.4563438783021
2014,SP,35115,Pontal do Paranapanema,100,100,100,98.848167539267,95.4973821989529,98.0104712041885,100,97.4869109947644,100,98.7434554973822,96.1256544502618,84.6073298429319,73.5106353759766,0.531914889812469,16.4893608093262,82.5531921386719,,,,,,637.797912597656,150.327651977539,116.759346008301,5.72082376480103,361.121246337891,67.4316482543945,83.5098876953125,401.211975097656,75.5433807373047,89.0289001464844,7281,1561,10626.5595703125,2278.2666015625,0,111,162.00358581543,0,72,71,,,1.03623914718628,1.05083405971527,1.22268927097321,1.16905295848846,6,0,8.75695037841797,0,19.2112903594971,22.4857435716115,760.033094574993,478.635338845373,,,,1145.73029236949,721.5304315404,,,4471,176.598942038374
2014,SP,35113,Alto Capivari,94.5300607200889,88.43410587531,94.5300607200889,100,100,98.9459815546772,100,100,96.7061923583663,100,74.0447957839262,89.1963109354414,81.2255554199219,1.17340290546417,15.775749206543,82.5293350219727,,,,,,738.86572265625,167.613052368164,147.089004516602,6.71296310424805,369.915985107422,70.1680679321289,103.752281188965,415.341369628906,80.0171966552734,112.602294921875,5574,1319,9533.419921875,2255.93481445312,5,97,165.902709960938,8.55168628692627,67,51,,,0.87227201461792,1.14592599868774,0.998836994171143,1.05912637710571,30,0,51.3101196289062,0,18.8872547149658,26.0668205460993,785.51093436925,570.292032304232,,,,1184.13747890489,859.700533531765,,,2430,111.87375373169
2014,SP,35082,Alta Anhanguera,79.5601984048048,62.5469222230065,60.3331558042389,93.9212755356253,96.0637767812656,97.0104633781764,100,100,100,100,83.3084205281515,71.6492277030394,74.361701965332,1.11702132225037,18.6702136993408,79.0425567626953,,,,,,640.274230957031,138.885345458984,126.780662536621,9.55223846435547,358.302459716797,66.2626342773438,92.5291519165039,399.693023681641,75.4310073852539,98.6913146972656,9664,2500,6156.82568359375,1592.72192382812,8,224,142.707885742188,5.09671020507812,113,186,,,1.18498504161835,0.719910323619843,1.24200451374054,0.733926236629486,120,0,76.4506530761719,0,41.7242164611816,26.6986840531142,680.752704371324,512.965785534891,,,,1026.21714840829,773.282694703035,,,3606,64.6727893316023
2014,SP,35152,Santa Fé do Sul,100,100,100,100,92.3694779116466,100,100,98.5943775100402,100,99.7991967871486,88.3534136546185,81.5261044176707,83.1889114379883,0.51993066072464,12.3050260543823,87.0017318725586,,,,,,869.490356445312,249.655654907227,124.827827453613,7.92079210281372,369.012634277344,86.4415740966797,77.6996307373047,408.754150390625,95.8830261230469,82.585823059082,4199,760,9037.103515625,1635.67492675781,6,39,83.9359512329102,12.9132232666016,59,59,,,1.26980030536652,1.26980030536652,1.50923299789429,1.26710999011993,43,0,92.5447692871094,0,14.0775651931763,23.7039461716008,870.131389377494,523.558499077609,,,,1311.70063286367,789.250937232094,,,1251,78.3635800142071
2014,SP,35016,São Paulo,57.1654339375833,35.019831459871,32.9624163616036,100,87.6829143500358,94.4469079373742,98.0034337301452,92.0586462916851,98.6935907493945,91.4463735489079,99.8635603915817,73.4272492637946,75.030143737793,1.15900814533234,23.59303855896,75.0921325683594,,,,,,626.173828125,131.202575683594,150.814254760742,0.996418297290802,335.132873535156,55.7873420715332,101.696067810059,384.743988037109,66.5548858642578,111.947608947754,579312,81363,4884.46923828125,686.01220703125,1913,16531,139.381134033203,16.1294612884521,18243,36260,,,3.05726218223572,1.53815865516663,3.24295330047607,1.48678970336914,17405,2760,146.750274658203,23.2709407806396,55.2566070556641,18.4191316226281,674.236646203862,473.616410795726,,,,1016.39435873954,713.964526920261,,,378987,74.7843079447895
2014,TO,17007,Cantão,100,100,100,88.5427666314678,93.6642027455121,100,95.7233368532207,100,100,100,80.4646251319958,68.3738120380148,64.7058792114258,0.682773113250732,34.9789924621582,63.5504188537598,,,,,,543.138000488281,163.429244995117,109.765914916992,2.84431147575378,370.58251953125,88.8843231201172,90.2623901367188,411.219329833984,99.6006240844727,97.2945098876953,8428,1503,6852.6455078125,1222.060546875,0,144,117.083641052246,0,112,106,,,0.861865699291229,0.910650551319122,1.06940460205078,0.930164515972137,10,0,8.13080883026123,0,2.8132598400116,18.4315852067628,480.571864037565,235.578184047892,,,,724.449693333692,355.128037991552,,,10996,273.351434710986
2014,TO,17002,Bico do Papagaio,99.6075298694082,100,99.6075298694082,91.5304606240713,79.554234769688,79.2570579494799,73.4621099554235,75.5126300148588,99.1084695393759,78.9598811292719,74.6805349182764,31.3818722139673,50.8064498901367,2.35961771011353,42.4731178283691,55.0477905273438,,,,,,502.004547119141,165.517791748047,109.02368927002,3.4550838470459,365.973937988281,98.9767379760742,93.9161605834961,408.504028320312,112.203315734863,101.924995422363,11210,2441,5555.2529296875,1209.66748046875,0,218,108.032569885254,0,183,165,,,0.817677676677704,0.906878888607025,0.896967649459839,0.906259417533875,9,0,4.46006011962891,0,1.75131690502167,19.8358497229626,421.158722693623,199.094615755429,,,,634.885914745011,300.129999531425,,,26269,432.628694452306
2014,TO,17005,Ilha do Bananal,92.1210973191006,100,87.1069462705859,100,98.6360093530787,97.9345284489478,97.5058456742011,98.3242400623539,100,98.3632112236945,82.6968043647701,62.1979734996103,61.5032424926758,2.67073631286621,34.986644744873,61.9992370605469,,,,,,470.711578369141,123.25505065918,92.5807189941406,2.72511839866638,314.445098876953,65.6641082763672,76.7787399291992,347.748992919922,74.3816604614258,82.4749450683594,13199,3019,7361.2822265625,1683.74206542969,20,253,141.101928710938,11.1543025970459,219,205,,,1.14331603050232,1.22139620780945,1.62601852416992,1.15433096885681,127,4,70.8298263549805,2.23086071014404,6.89057064056396,18.2850675871282,487.103321041587,244.124223432941,,,,734.295696351498,368.010972002089,,,14761,216.764111293543
2014,TO,17003,Sudeste,93.4682068936911,100,93.4682068936911,89.2755681818182,92.3295454545455,92.96875,95.0994318181818,99.2897727272727,100,96.1647727272727,66.7613636363636,49.8579545454545,54.3911437988281,1.9926198720932,44.3542442321777,52.7675285339355,,,,,,473.667816162109,110.106986999512,92.4483261108398,6.5789475440979,321.573638916016,56.5403213500977,78.8756790161133,356.220886230469,63.4884834289551,85.2198104858398,4876,1022,5064.92138671875,1061.59753417969,0,153,158.928009033203,0,89,65,,,0.675184369087219,0.924483239650726,0.792043209075928,0.901111483573914,3,0,3.11623549461365,0,3.91710805892944,23.0428588754918,500.264248602603,325.856419776004,,,,754.135455290901,491.2201504978,,,12372,413.877523232202
2014,TO,17006,Capim Dourado,93.7622726468745,100,88.6718410394314,100,94.9764784946236,99.8319892473118,97.1942204301075,88.1720430107527,97.3790322580645,97.8494623655914,74.7479838709677,63.4576612903226,61.287784576416,0.267632246017456,38.8539047241211,59.7292175292969,,,,,,381.277770996094,82.46240234375,82.1668395996094,2.71317839622498,354.517883300781,66.2921600341797,90.8693389892578,392.888641357422,76.0162887573242,97.8043746948242,24436,3274,7222.40625,967.677124023438,60,593,175.269561767578,17.733850479126,488,649,,,1.91821146011353,1.4423531293869,2.58899426460266,1.3564178943634,237,50,70.0487060546875,14.778208732605,15.8168210983276,16.6509459246035,581.926295283644,317.846356443304,,,,877.238884979946,479.145186565861,,,20137,176.236347585493
2014,TO,17001,Médio Norte Araguaia,94.3753593254264,100,90.116687605136,100,85.646217986897,84.1770895374231,79.1542584871948,83.8991463172523,100,85.1101846337105,100,43.1209053007743,67.2720184326172,0.585823059082031,43.5657081604004,55.3602828979492,,,,,,506.595275878906,143.935150146484,105.129096984863,2.57660174369812,382.54296875,92.5380477905273,98.1158905029297,425.310089111328,103.64436340332,106.74097442627,18697,3263,6595.96923828125,1151.12841796875,54,572,201.791427612305,19.0502395629883,420,368,,,1.29823851585388,1.48168528079987,1.63805603981018,1.50267589092255,134,2,47.2728157043457,0.705564439296722,5.10405302047729,20.6403659982603,428.829533903645,217.186651568822,,,,646.44946484974,327.403277011045,,,27145,280.965516090333
2014,TO,17004,Cerrado Tocantins Araguaia,100,100,100,100,99.8727195587611,100,100,100,100,100,90.411540093339,67.2040729741196,61.3038024902344,0.919348120689392,43.1675720214844,55.4951934814453,,,,,,501.390594482422,149.707366943359,98.7294235229492,4.37580442428589,341.698516845703,78.6185989379883,82.261360168457,381.009674072266,89.2162017822266,89.6367034912109,10976,2569,7082.70703125,1657.75085449219,0,224,144.545043945312,0,154,118,,,0.761442601680756,0.993747115135193,1.01891350746155,0.948899447917938,15,0,9.67935562133789,0,3.96466398239136,18.9129891311322,479.597948341894,262.074924940119,,,,722.981540535204,395.071191659441,,,16150,316.274547409604
2014,TO,17008,Amor Perfeito,98.9711193002872,100,96.0147035733747,96.1368653421634,100,100,99.448123620309,98.6754966887417,100,100,88.2450331125828,64.4039735099338,60.2168006896973,1.51761519908905,35.4471549987793,62.7100257873535,,,,,,561.003356933594,178.375030517578,97.0434112548828,2.63591432571411,364.101867675781,74.6795806884766,85.9197158813477,407.767791748047,85.6903915405273,92.2492446899414,10670,1594,9861.458984375,1473.21142578125,0,162,149.72412109375,0,188,106,,,0.979676365852356,1.73753917217255,1.53536534309387,1.63957154750824,0,0,0,0,3.19873571395874,18.3229669443266,509.292295764827,239.072041250734,,,,767.7450035968,360.394937634584,,,11465,334.976502992041
2015,AC,12002,Baixo Acre e Purus,90.1154793636978,93.4182202500758,70.1824667200286,100,89.7294207317073,95.1219512195122,74.7522865853659,85.6135670731707,85.2419969512195,85.8136432926829,61.9759908536585,80.2115091463415,38.3900947570801,2.65092873573303,49.2937316894531,47.0104484558105,,,,,,440.059234619141,130.004913330078,91.9636993408203,6.75618982315063,380.364227294922,101.12158203125,95.4253311157227,422.115356445312,114.597763061523,102.427536010742,30466,4424,5626.03662109375,816.962707519531,59,877,161.9521484375,10.8952980041504,615,707,,,1.30558907985687,1.13569629192352,1.56656837463379,1.21644151210785,194,4,35.8252182006836,0.738664269447327,7.73307609558105,15.9587696973674,304.654013410601,187.136643380662,,,,414.968377893298,254.89829751039,,,44794,268.16729200215
2015,AC,12001,Alto Acre,100,100,100,63.6572302983933,84.238714613619,91.7368018362663,79.1889824024484,100,80.6426931905126,88.0642693190513,51.3389441469013,58.1484315225708,46.5693435668945,7.22627735137939,48.1751823425293,44.0145988464355,,,,,,416.293640136719,111.906890869141,108.922706604004,9.67741966247559,327.50244140625,75.8947372436523,96.8464660644531,360.603088378906,83.6056442260742,104.410575866699,4027,978,6008.654296875,1459.26586914062,0,76,113.398986816406,0,74,46,,,0.686362266540527,1.10414803028107,0.874738872051239,1.18397498130798,0,0,0,0,1.01909875869751,15.9543318663285,310.927206358008,152.181807288297,,,,423.51307642674,207.286413227661,,,7967,389.628167571916
2015,AC,12003,Juruá e Tarauacá/Envira,95.935838983251,98.0047719165623,95.935838983251,100,67.5172678434382,74.8081350729087,66.2125863392172,72.2179585571757,83.0391404451266,70.3184957789716,89.6201074443592,62.9125095932464,29.3136138916016,6.63632917404175,59.3856658935547,33.3902168273926,,,,,,381.397155761719,96.3576812744141,82.0160751342773,5.05287885665894,369.782409667969,78.6514053344727,87.7431182861328,409.774780273438,89.17333984375,93.2094345092773,12888,2740,5776.08251953125,1228.00024414062,0,332,148.794189453125,0,185,153,,,0.685708165168762,0.829124212265015,1.00234401226044,0.981503784656525,24,10,10.7562065124512,4.48175239562988,0.785203039646149,16.0775977816393,275.794275745371,114.939526393317,,,,375.658610097047,156.558806789706,,,28042,596.255140926319
2015,AL,27010,10ª Região de Saúde,78.8849502487562,100,78.8849502487562,91.2613981762918,87.9179331306991,99.6580547112462,83.3586626139818,100,99.1261398176292,91.1854103343465,64.4376899696049,100,58.1247673034668,2.50280165672302,41.6511001586914,55.7340316772461,,,,,,550.585876464844,163.159881591797,130.401916503906,6.40732288360596,376.457702636719,90.6132278442383,106.040908813477,415.513458251953,101.600425720215,114.533737182617,7637,1912,4811.01171875,1204.4853515625,0,153,96.3840255737305,0,108,91,,,0.573264479637146,0.680357813835144,0.59531307220459,0.711383402347565,0,0,0,0,2.07257151603699,16.4773772674442,466.204114904236,193.618999263117,,,,635.015318404006,263.727896291496,,,22381,471.641050717714
2015,AL,27005,5ª Região de Saúde,99.5012532069841,99.7404826009222,99.2417358079064,100,90.4282115869018,96.3616008956059,93.6188077246012,95.0461796809404,97.6770221102715,93.1150293870697,88.6369997201231,94.4024629163168,64.2216033935547,2.41411328315735,28.50510597229,68.926025390625,,,,,,500.460205078125,157.116256713867,117.730163574219,3.25064158439636,404.522674560547,111.279640197754,112.388671875,449.867797851562,126.052375793457,119.507873535156,11253,2064,4817.51806640625,883.618408203125,12,296,126.72046661377,5.13731622695923,139,118,,,0.505169451236725,0.595072448253632,0.782691538333893,0.641094267368317,20,2,8.56219387054443,0.856219351291656,3.14061260223389,18.8322622206612,498.86668062836,181.098884883179,,,,679.504907642095,246.674283581399,,,31664,354.994321769172
2015,AL,27007,7ª Região de Saúde,99.8045669419949,100,95.5998123538763,100,100,100,100,100,100,100,94.9426674713337,100,54.738525390625,8.71203517913818,38.3991775512695,52.877368927002,,,,,,612.288879394531,179.779266357422,116.259819030762,12.1659851074219,420.01171875,100.586868286133,99.2620086669922,468.2841796875,114.900863647461,106.564979553223,27197,3378,5234.96435546875,650.208068847656,56,717,138.01042175293,10.7790565490723,408,544,,,1.04710829257965,0.785331249237061,1.1175571680069,0.777198851108551,271,23,52.1629333496094,4.4271125793457,4.37456464767456,26.6571905159656,709.185398992675,226.902241176459,,,,965.979444521444,309.062906827515,,,73756,433.168363076761
2015,AL,27004,4ª Região de Saúde,95.8777975523779,100,93.8163527544338,84.2611971536208,93.3444956048556,99.9581414817915,93.386354123064,100,100,100,79.782335705316,98.074508162411,57.390510559082,3.10218977928162,45.802921295166,50.8211669921875,,,,,,547.441467285156,172.729614257812,118.403366088867,2.92620873451233,416.054809570312,109.585136413574,109.957092285156,462.833618164062,124.497848510742,119.097640991211,7187,1585,5005.67626953125,1103.93725585938,0,200,139.298080444336,0,82,84,,,0.585051894187927,0.571122109889984,0.76944774389267,0.656268060207367,0,0,0,0,2.6285548210144,18.5541512980711,534.714729856844,187.710373785575,,,,728.33343503436,255.679774087079,,,23470,463.297196922184
2015,AL,27001,1ª Região de Saúde,55.5124985011645,41.4968979068713,43.5059330062232,100,80.4836459463649,86.8444168862709,77.8690642277683,86.7410737353382,96.770526533354,83.0103859866687,100,92.8124838526327,57.746696472168,2.89448165893555,46.5107955932617,49.5124816894531,,,,,,618.210571289062,184.120452880859,137.165725708008,1.85979974269867,447.407623291016,118.447074890137,122.044937133789,499.821594238281,134.906600952148,131.814804077148,61906,7715,4977.36279296875,620.301025390625,141,1993,160.241073608398,11.3366746902466,1142,2320,,,1.86532509326935,0.918190240859985,2.33085250854492,0.971918821334839,1122,169,90.2109832763672,13.5879287719727,26.3143501281738,22.4463345666525,563.278652324877,256.786846486361,,,,767.240273779513,349.768643970448,,,111081,226.262168015215
2015,AL,27008,8ª Região de Saúde,100,100,100,89.1366031617349,97.6489663558979,100,94.3250912038914,96.1897040940413,100,94.3656262667207,84.5156059991893,95.0547223348196,60.8641967773438,2.30452680587769,44.1975326538086,53.4156379699707,,,,,,778.681213378906,251.064147949219,161.853546142578,6.87397718429565,448.024871826172,107.813934326172,123.013618469238,498.628997802734,121.824241638184,131.123962402344,8742,1330,5570.5654296875,847.500854492188,16,146,93.0339279174805,10.1954984664917,80,94,,,0.598985552787781,0.509774923324585,0.958695471286774,0.690426409244537,18,2,11.4699363708496,1.27443730831146,13.2993907928467,22.9819203813141,646.991796248672,212.195019020731,,,,881.26571251741,289.030240745242,,,24719,474.613582068666
2015,AL,27003,3ª Região de Saúde,95.2998126865904,100,95.2998126865904,98.12734082397,92.6966292134831,99.7592295345104,91.4927768860353,98.2075976457999,100,95.5858747993579,88.4965222043874,92.8838951310861,55.586669921875,3.19238305091858,45.0294036865234,51.5821914672852,,,,,,623.825256347656,186.155944824219,133.870010375977,5.99710988998413,486.895874023438,126.145156860352,124.681251525879,540.578308105469,141.146286010742,134.270080566406,11588,1879,5223.18408203125,846.941955566406,0,255,114.938903808594,0,115,120,,,0.540888965129852,0.518351912498474,0.694591581821442,0.546072483062744,5,0,2.25370407104492,0,2.11217141151428,18.2169848442311,469.942847825701,163.676962942929,,,,640.107836038776,222.9439325304,,,34694,440.746041704808
2015,AL,27009,9ª Região de Saúde,95.3681510449519,100,95.3681510449519,96.2443665498247,92.8392588883325,94.3415122684026,89.7846770155233,88.7080620931397,87.2809213820731,90.2603905858788,83.4001001502253,92.0380570856284,64.4517440795898,1.51591718196869,32.3395652770996,65.7908020019531,,,,,,579.294372558594,178.342651367188,142.163345336914,4.92285060882568,386.042236328125,96.7660293579102,108.762741088867,429.229431152344,108.994491577148,118.25023651123,12173,1351,5181.30078125,575.037963867188,10,250,106.409690856934,4.25638771057129,149,126,,,0.536304831504822,0.634201765060425,0.688470721244812,0.649950444698334,13,0,5.53330421447754,0,1.82003140449524,19.3549084709686,688.008881180768,185.217816844993,,,,937.134968955676,252.284669263543,,,39601,571.693264085784
2015,AL,27006,6ª Região de Saúde,92.0554561457106,100,90.6006779266501,79.4249775381851,91.1650194669063,91.3746630727763,90.5660377358491,89.6076669661575,91.4046121593291,89.7574123989218,72.5067385444744,91.434561245882,27.0261840820312,2.02618455886841,49.781795501709,47.9738159179688,,,,,,575.700744628906,208.765197753906,107.084259033203,4.86348104476929,408.975860595703,123.82723236084,98.67626953125,458.829040527344,141.838317871094,107.663970947266,10936,2139,5371.89697265625,1050.70288085938,28,561,275.570037841797,13.7539415359497,138,184,,,0.903830468654633,0.677872836589813,0.943741500377655,0.751800298690796,34,28,16.7012157440186,13.7539415359497,2.76748967170715,21.1317621081183,592.602449009148,219.728666151729,,,,807.182135065103,299.291800389813,,,30843,403.288063952101
2015,AL,27002,2ª Região de Saúde,99.4100776882306,100,99.4100776882306,86.438809261301,91.6207276736494,97.4641675854465,85.8140389562661,100,100,91.8412348401323,62.2197721425946,97.9419331128262,52.2512283325195,2.49716234207153,49.5270538330078,47.2190704345703,,,,,,560.792358398438,204.704528808594,109.094032287598,3.71584701538086,477.048553466797,171.2646484375,107.351409912109,535.036376953125,193.477798461914,116.926513671875,7275,911,4458.7587890625,558.3408203125,0,107,65.5789947509766,0,80,72,,,0.441279232501984,0.490310251712799,0.602775156497955,0.549607157707214,0,0,0,0,1.91037130355835,17.9047181660896,447.163456289748,179.132245796396,,,,609.080090665433,243.995529992671,,,26196,420.928923176417
2015,AM,13008,Triângulo,82.0414073813158,100,82.0414073813158,100,78.8138385502471,84.5140032948929,64.8105436573311,82.9324546952224,89.5881383855025,73.9703459637562,94.1021416803954,90.5766062602965,37.7741928100586,2.93548393249512,54.7741928100586,41.3870964050293,,,,,,278.533752441406,75.8186416625977,85.3957366943359,5.15759325027466,271.866027832031,68.5376129150391,91.6873168945312,298.725708007812,73.774284362793,99.6128997802734,6257,1244,4993.6552734375,992.825134277344,0,204,162.810562133789,0,83,55,,,0.438950031995773,0.662415504455566,0.484441220760345,0.786319136619568,17,0,13.5675468444824,0,0.862736344337463,16.3347872882463,375.236177183707,165.339720153923,,,,511.108145366669,225.208769467725,,,15585,499.342023618894
2015,AM,13009,Alto Solimões,89.5744724652599,100,88.3392691713845,100,90.9120051290271,100,97.2431479403751,100,100,100,100,100,39.5875625610352,3.54632091522217,51.1326370239258,44.7742538452148,,,,,,316.873291015625,69.4970169067383,91.4216690063477,6.91906023025513,290.537628173828,57.8710517883301,83.1910247802734,317.322631835938,64.3666000366211,87.1697387695312,8348,1946,3453.33984375,805.007080078125,0,302,124.929161071777,0,205,105,,,0.434356331825256,0.84802907705307,0.553907752037048,0.903254389762878,34,0,14.0648717880249,0,0.407881289720535,17.5502157789169,324.293616187617,152.142854827082,,,,441.719425797147,207.233356189401,,,30228,517.835138820767
2015,AM,13002,Rio Negro e Solimões,97.1151162041643,100,92.4662338684857,91.7391304347826,81.8659420289855,88.9673913043478,74.3297101449275,99.8550724637681,100,89.7282608695652,85.3623188405797,90.2898550724638,39.5464210510254,4.34089279174805,54.8015594482422,40.0956764221191,,,,,,362.625335693359,96.723876953125,81.7334594726562,4.33070850372314,328.675201416016,76.9333724975586,85.9042663574219,366.995849609375,88.1133117675781,92.2761688232422,11605,2317,4141.9951171875,826.971313476562,0,309,110.286636352539,0,198,153,,,0.546079456806183,0.706691086292267,0.60880720615387,0.712490916252136,0,0,0,0,0.824115991592407,25.2070055057007,447.008278150361,254.074230162308,,,,608.868722956651,346.073796877388,,,32256,436.600118055229
2015,AM,13003,Rio Madeira,74.242906720063,100,74.242906720063,100,85.4208084824387,100,88.104705102717,100,100,100,91.6832339297548,100,49.7974433898926,3.39669680595398,43.5338096618652,52.8201942443848,,,,,,309.723815917969,76.2231979370117,74.6128463745117,10.9185438156128,265.855651855469,55.7146644592285,73.8736343383789,294.580261230469,63.4406318664551,78.7440185546875,7994,2148,4291.0439453125,1153.01000976562,0,216,115.945137023926,0,94,70,,,0.375748127698898,0.504576086997986,0.389167726039886,0.531549453735352,0,0,0,0,0.649507522583008,20.7155813122138,402.749362281957,166.675757807115,,,,548.583777685064,227.028582610978,,,19757,368.89743583719
2015,AM,13001,Manaus,55.508765119011,44.2043581069158,41.2405529814513,100,93.9159431231911,97.7643555219999,87.9786921689526,100,96.2816157040393,97.2043957887672,100,100,48.7575988769531,4.84351110458374,49.9565887451172,45.0076484680176,,,,,,486.821380615234,96.9052124023438,93.9421310424805,12.5589370727539,426.583160400391,78.8569259643555,97.3506088256836,477.314971923828,89.3726577758789,104.447052001953,113274,20207,4727.32177734375,843.309020996094,291,3370,140.64192199707,12.1444511413574,2104,3305,,,1.37929248809814,0.878073036670685,1.40515685081482,0.848682224750519,1049,172,43.778450012207,7.17816352844238,21.6209621429443,21.8082918532905,366.193742285522,272.417559874572,,,,498.791470132695,371.059194872461,,,178589,199.172042476989
2015,AM,13005,Baixo Amazonas,81.6740084384622,100,81.6740084384622,100,94.5216849968873,99.2529570450301,90.9732309607802,100,94.4179290309193,100,96.8665698277651,88.4830877775472,36.7967147827148,4.12731027603149,59.3018493652344,36.3860359191895,,,,,,369.713836669922,114.796997070312,86.0977478027344,12.100456237793,292.518157958984,82.5676040649414,81.3234939575195,326.481170654297,94.7988433837891,88.0426559448242,10621,1546,4482.5693359375,652.48583984375,0,323,136.321426391602,0,149,93,,,0.392504423856735,0.628851175308228,0.471321851015091,0.64193469285965,6,0,2.53228664398193,0,0.609014928340912,23.7126038654587,361.963351828573,169.810772512716,,,,493.029267146681,231.2987773558,,,30553,507.630320298659
2015,AM,13006,Regional Purus,76.7175274476426,100,68.1435554653215,100,72.8230052652896,84.5281490481976,71.4459295261239,79.8703928716079,82.3410287565816,79.6678817334953,96.7598217901985,93.5601458080194,46.1860847473145,1.96982395648956,42.5398139953613,51.8021812438965,,,,,,333.566162109375,71.4224014282227,72.9921264648438,22.1176471710205,299.320953369141,67.5377426147461,77.3649749755859,331.202423095703,77.1661758422852,83.9589462280273,4621,1202,3626.84545898438,943.403625488281,0,188,147.553985595703,0,62,51,,,0.400279402732849,0.486614197492599,0.424806326627731,0.488576352596283,0,0,0,0,0.423825263977051,21.0373524568994,433.513707203622,205.983869851106,,,,590.487805687766,280.570051867642,,,18023,514.747639538856
2015,AM,13007,Regional Juruá,80.5120009881804,100,80.5120009881804,73.3191790516631,53.998584571833,66.9143665958953,54.2816702052371,89.171974522293,69.9221514508139,67.5513092710545,65.7820240622788,69.2144373673036,41.5956344604492,6.81895685195923,48.8578262329102,44.186840057373,,,,,,342.821929931641,83.2017288208008,70.1051559448242,19.3258419036865,339.975158691406,81.6078109741211,64.1062164306641,377.087524414062,92.9001312255859,69.0226440429688,4352,1240,3352.72143554688,955.279052734375,0,208,160.240356445312,0,68,50,,,0.385193169116974,0.523862719535828,0.432379335165024,0.543122351169586,0,0,0,0,0.892107367515564,16.7157385964434,298.739076362918,162.99159741859,,,,406.911658716878,222.01039807039,,,17849,616.505769196313
2015,AM,13004,Médio Amazonas,100,100,100,100,69.7323900338357,75.761304214088,68.8095970470624,77.822208551215,71.8855736696401,78.8065210704399,73.7003998769609,86.8963395878191,45.2877922058105,1.96078431606293,43.2953834533691,53.2574310302734,,,,,,336.753753662109,80.5280685424805,62.836296081543,17.5724639892578,283.081420898438,65.1679916381836,58.6244430541992,314.993957519531,73.9149932861328,63.2020568847656,6101,1423,3721.98291015625,868.117004394531,0,239,145.804611206055,0,118,86,,,0.524652540683746,0.719872117042542,0.626532793045044,0.698520004749298,0,0,0,0,1.77100741863251,21.8892718284849,440.658922641963,219.521723351781,,,,600.220283612323,299.009924181946,,,19169,393.91464057395
2015,AP,16002,Área Norte,87.3674940474249,93.1374147884797,80.8604324994292,88.9258950874272,75.7701915070774,81.3488759367194,51.706910907577,74.4379683597002,82.4313072439634,72.6894254787677,71.1074104912573,79.5170691090758,33.2784194946289,8.15485954284668,60.214168548584,31.2191104888916,,,,,,257.057312011719,34.4832992553711,50.1575241088867,15.8536586761475,247.634140014648,40.3934059143066,43.919792175293,270.112243652344,44.0485954284668,47.0020065307617,1571,313,2462.42114257812,490.603302001953,0,113,177.118759155273,0,33,23,,,0.360507220029831,0.517249464988708,0.393031239509583,0.579946398735046,0,0,0,0,1.80567097663879,15.395741724266,233.958434170502,99.021088213279,,,,318.674127530173,134.876346755075,,,6603,368.025302064211
2015,AP,16001,Área Central,85.9856301766291,69.8936233908792,66.9875261949905,100,83.4965166635285,90.8491809452081,71.2577668988891,94.36076068537,89.5970627000565,86.9986819807946,100,89.860666541141,39.4093780517578,3.67959237098694,59.2320022583008,36.8430976867676,,,,,,399.653381347656,85.1184844970703,85.5027694702148,8.317307472229,390.268951416016,83.9258117675781,93.774169921875,431.612548828125,94.5124435424805,100.848983764648,22561,2723,4334.89404296875,523.200073242188,26,746,143.337219238281,4.99566745758057,558,623,,,1.19703876972198,1.0721470117569,1.21918296813965,1.0780553817749,169,24,32.4718360900879,4.61138534545898,12.47571849823,19.3528377096764,312.261403882248,204.411814859879,,,,425.330383135504,278.428760169675,,,34824,183.920026072523
2015,AP,16003,Área Sudoeste,100,100,96.2528640529532,100,81.1706811706812,85.3146853146853,68.8940688940689,92.5148925148925,89.4845894845895,81.8958818958819,75.0582750582751,87.4125874125874,39.984748840332,1.60142350196838,56.9903411865234,38.8154563903809,,,,,,359.693786621094,58.4118118286133,88.1301040649414,14.529914855957,369.239227294922,63.9025764465332,99.5233535766602,410.285552978516,71.9039306640625,107.667289733887,9168,1126,4697.53955078125,576.944763183594,0,164,84.0310287475586,0,121,101,,,0.517508149147034,0.619985044002533,0.819174468517303,0.688132166862488,22,0,11.2724552154541,0,4.20616292953491,17.3061689951131,295.877770932687,93.4043260625961,,,,403.014282608986,127.225770770245,,,19341,328.652859420947
2015,BA,29023,Seabra,84.8971245735596,100,82.8152480240714,100,98.5,100,100,98,93.5,100,85.4583333333333,100,61.4583320617676,2.76442313194275,30.5689105987549,66.3862152099609,,,,,,592.773742675781,120.63850402832,83.3502426147461,28.1221084594727,316.676208496094,52.164737701416,61.6149940490723,350.849975585938,58.8087120056152,65.8488082885742,13749,6307,7539.3583984375,3458.48657226562,0,291,159.571838378906,0,102,62,,,0.339981257915497,0.559323966503143,0.611417889595032,0.63732773065567,24,0,13.1605644226074,0,1.80957758426666,20.6299739663854,429.452190262686,220.296495094419,,,,584.955624844656,300.065238601347,,,29656,525.160311711755
2015,BA,29017,Paulo Afonso,85.0181891909806,90.8574458710731,85.0181891909806,90.2739726027397,100,100,100,100,100,100,85.6438356164384,100,58.9548301696777,3.75525212287903,38.2090339660645,57.904411315918,,,,,,569.674133300781,159.766967773438,112.96654510498,4.81586408615112,349.041748046875,74.5921173095703,87.7444839477539,387.978302001953,83.1235046386719,95.0159759521484,9755,1501,3935.67358398438,605.581359863281,0,259,104.494049072266,0,186,199,,,0.802869379520416,0.750420570373535,0.736501514911652,0.742149829864502,26,0,10.4897499084473,0,5.61161279678345,22.2342160385836,514.179662052417,225.054406420927,,,,700.362676726158,306.545976285442,,,35424,449.156283816536
2015,BA,29001,Alagoinhas,80.999841797184,94.4519909006105,79.4996426798466,83.8112727786411,87.385223901681,91.9056363893205,84.9131233225032,92.4000565051561,86.4670151151293,87.3145924565617,71.4931487498234,88.2328012431134,51.8024978637695,2.86155152320862,41.1418151855469,54.4255867004395,,,,,,610.761779785156,177.458755493164,99.8324127197266,13.7663145065308,385.317596435547,88.7332534790039,85.5587997436523,427.861297607422,100.257301330566,91.0953216552734,22683,4052,4305.13037109375,769.051208496094,10,615,116.72420501709,1.89795458316803,369,424,,,0.804732739925385,0.70034521818161,0.731566607952118,0.71363091468811,168,23,31.8856372833252,4.36529541015625,8.05510902404785,20.4662691416265,413.972020633458,212.659489349016,,,,563.870129174865,289.662894477751,,,72737,360.461728485973
2015,BA,29019,Ribeira do Pombal,89.3199001710827,99.1375345691352,89.3199001710827,92.9824561403509,95.1754385964912,92.750257997936,89.6284829721362,95.485036119711,90.7636738906089,94.6594427244582,78.2249742002064,85.3715170278638,52.9480438232422,4.49503803253174,38.4121437072754,56.8593101501465,,,,,,558.674743652344,149.10368347168,89.7096786499023,24.0310077667236,310.446563720703,60.3626556396484,70.7718200683594,344.858825683594,68.6492767333984,75.4111633300781,14351,4047,4439.3916015625,1251.9140625,7,412,127.449615478516,2.16540598869324,209,151,,,0.467109024524689,0.646528363227844,0.618223428726196,0.684577643871307,39,0,12.0644054412842,0,0.990827977657318,19.8991202647766,329.444219488285,177.641257367626,,,,448.735048118752,241.964658832243,,,54255,489.995734379429
2015,BA,29025,Serrinha,86.1259110077896,100,84.7827658942685,99.8350223898185,91.821824181004,99.8939429648833,96.7829366014612,100,99.1751119490926,98.2441668630686,91.6804148008485,100,58.2093124389648,2.72443580627441,37.9020652770996,58.7494010925293,,,,,,578.122802734375,145.052185058594,88.2507705688477,28.8370800018311,319.343597412109,68.7043533325195,70.0577545166016,355.51708984375,77.3645324707031,75.1044769287109,34988,9144,5614.03271484375,1467.20922851562,0,1007,161.579147338867,0,391,308,,,0.494204342365265,0.627382755279541,0.726865470409393,0.641021549701691,138,0,22.1429214477539,0,2.28649735450745,20.4220335043075,362.989640711576,156.275886038539,,,,494.427172358111,212.862946419972,,,103740,507.152917165163
2015,BA,29015,Jequié,86.0738232488142,99.853152048097,80.6087759407387,100,87.7316114542392,88.9107243121842,86.0612015721505,84.1661987647389,82.8326782706345,87.4649073554183,95.157215047726,85.864682762493,50.9298820495605,3.30624055862427,42.0030288696289,54.4565353393555,,,,,,700.620239257812,184.278762817383,87.0260925292969,25.157413482666,387.076110839844,78.8626937866211,71.2920761108398,428.696990966797,88.4154357910156,75.2696228027344,41816,14286,8384.984375,2864.64233398438,24,1059,212.351684570312,4.81250286102295,507,328,,,0.657708704471588,1.01664125919342,0.965759038925171,1.04651880264282,198,0,39.7031478881836,0,3.89251279830933,18.3087105794928,434.52273516793,199.412905686453,,,,591.862199850213,271.619759993672,,,73209,393.187828749101
2015,BA,29026,Teixeira de Freitas,94.3012906928925,98.2661743458019,94.3012906928925,100,92.3697177840824,98.1185605494998,96.1923249216067,96.2371210989996,95.2068090189637,100,99.2384649843213,99.4176496938928,57.6285820007324,1.41190028190613,41.406135559082,56.3751602172852,,,,,,580.887817382812,145.562057495117,87.9720840454102,15.3786106109619,392.094421386719,75.294807434082,73.1717834472656,436.202392578125,85.0996780395508,79.2248916625977,26504,6258,6009.3095703125,1418.89001464844,22,715,162.113510131836,4.98810768127441,383,379,,,0.859314978122711,0.8683842420578,0.978746116161346,0.900126755237579,161,22,36.5038795471191,4.98810768127441,8.05987548828125,20.2943370976515,557.68716002838,230.359240102603,,,,759.624117792251,313.771675376798,,,49965,288.335589846192
2015,BA,29012,Itabuna,80.6586137474835,99.6210720542041,71.9856646086154,64.1918982441587,66.2657265311766,71.1046592008848,68.5054610811558,69.2382137425688,65.3670676068022,72.1968754320476,53.1591317572238,70.2613023641643,50.9957313537598,3.39971542358398,48.7339973449707,47.5960159301758,,,,,,735.007629394531,219.158126831055,130.910446166992,13.9146566390991,437.758392333984,103.947906494141,104.601875305176,486.823883056641,117.674842834473,111.64427947998,32208,9073,6274.35107421875,1767.48583984375,52,1095,213.313903808594,10.1299753189087,571,537,,,1.04611480236053,1.11234927177429,1.38775789737701,1.16431403160095,130,11,25.3249378204346,2.14287948608398,9.4306173324585,19.3570943989976,624.845067500959,195.187405370521,,,,851.099715354934,265.864217855034,,,65086,318.44084536397
2015,BA,29022,Santo Antônio de Jesus,92.2301252623506,98.6756261506371,90.0840596086384,99.0048851094626,71.5578071286412,74.8507327664194,70.6169712321332,69.0790664013027,73.0052469694228,73.1138049574814,88.583318255835,75.59254568482,59.6626853942871,2.74068880081177,39.0021095275879,58.1166534423828,,,,,,636.821044921875,216.714553833008,103.694358825684,10.6694564819336,375.235656738281,101.481986999512,80.7633895874023,418.459320068359,114.118011474609,87.7300415039062,30358,7868,6740.7998046875,1747.0390625,30,924,205.16828918457,6.66130781173706,369,323,,,0.717200815677643,0.819340884685516,0.987982988357544,0.804797053337097,114,20,25.3129711151123,4.44087219238281,3.79050636291504,19.228774114316,418.263591098392,185.400988210922,,,,569.715665278301,252.534166467749,,,65670,386.568533105527
2015,BA,29006,Feira de Santana,75.0763375821337,90.7271734314301,68.3373348308895,100,92.3671435871232,100,99.7445068983137,100,100,100,80.1162493612673,96.9596320899336,42.1383285522461,22.4222297668457,28.0338268280029,48.4626998901367,,,,,,652.499328613281,148.182434082031,92.3147354125977,21.8809452056885,397.695495605469,70.439811706543,76.069206237793,444.006134033203,79.8034210205078,81.5366516113281,50576,7608,4485.02392578125,674.669067382812,79,1648,146.142822265625,7.00563287734985,1057,1155,,,1.02424120903015,0.937335968017578,1.37368047237396,0.933833122253418,509,32,45.1375579833984,2.83772468566895,12.210108757019,23.20076576277,452.861332126975,203.663337478768,,,,616.841151375389,277.409261226422,,,122301,290.717615097474
2015,BA,29010,Irecê,88.6622387526808,96.8556924073649,88.6622387526808,100,82.5012779008349,89.7427159652411,86.5053671835066,96.9841540296473,90.4924177883796,88.1921962855682,100,95.9447946839325,57.0944328308105,2.3890233039856,39.8547210693359,57.4172706604004,,,,,,560.154724121094,149.292877197266,99.7737350463867,9.89059066772461,343.679595947266,63.6018486022949,80.9986267089844,380.861419677734,71.7567443847656,87.1520233154297,29804,12446,7306.28076171875,3051.06591796875,20,791,193.909149169922,4.90288591384888,310,254,,,0.622666537761688,0.75994735956192,0.875961899757385,0.816943407058716,60,6,14.7086582183838,1.47086584568024,1.40614771842957,21.0005296397552,415.65253408529,199.282106977182,,,,566.159151838074,271.44159943833,,,67359,474.52279121879
2015,BA,29028,Vitória da Conquista,77.2986393704175,95.3915171288744,70.6828245164297,100,99.1944263008927,100,100,100,100,100,100,100,56.3060264587402,1.92828845977783,38.2218055725098,54.5132369995117,,,,,,632.773681640625,176.996383666992,110.331367492676,13.4577598571777,357.687652587891,76.3382034301758,88.1342620849609,396.919494628906,86.6534957885742,93.6403121948242,40981,10645,6368.29541015625,1654.19348144531,50,1263,196.265518188477,7.76981449127197,575,707,,,1.09865176677704,0.893528699874878,1.45750069618225,0.949277102947235,408,23,63.4016876220703,3.57411479949951,8.08014106750488,21.8017187909134,509.289438527228,191.702773990859,,,,693.701716967034,261.117811218251,,,81531,361.3584539713
2015,BA,29011,Itaberaba,93.2533813762134,100,93.2533813762134,100,87.3350182532996,95.0014040999719,88.5706262285875,89.862398202752,92.5021061499579,90.1151361976973,89.8062342038753,100,53.0933647155762,2.16535425186157,42.7165336608887,54.9775009155273,,,,,,612.253845214844,189.858520507812,92.1372222900391,18.8925075531006,353.614227294922,79.4828414916992,72.9072265625,391.958801269531,88.7809295654297,79.0158615112305,15430,5377,6154.44775390625,2144.68334960938,0,468,186.667617797852,0,148,120,,,0.478634923696518,0.590316414833069,0.701100468635559,0.606869220733643,41,0,16.3533611297607,0,1.87465345859528,18.7867649370765,404.755192066542,183.869260955098,,,,551.315912813438,250.447805065159,,,41468,517.755108355477
2015,BA,29024,Senhor do Bonfim,85.392814069859,100,85.392814069859,88.4825457136072,82.9969128473047,87.2239373070529,86.5352647827119,86.2740441700309,86.4877701258608,86.3452861553075,62.2180004749466,88.7675136547138,47.335205078125,14.3992519378662,33.7774658203125,51.589527130127,,,,,,640.562377929688,147.247924804688,80.7488632202148,30.4025421142578,368.759948730469,71.4828338623047,66.8335037231445,409.549346923828,81.2291717529297,71.5962829589844,19406,3865,6584.08544921875,1311.32080078125,0,348,118.069763183594,0,95,143,,,0.485171735286713,0.322316884994507,0.631825923919678,0.608076214790344,70,0,23.7496643066406,0,5.92452335357666,18.990031305156,390.006812290357,166.486691764093,,,,531.227186051683,226.771056283623,,,46864,410.946033729642
2015,BA,29002,Barreiras,75.0330071580447,92.6604993932917,73.2945930601476,100,100,97.7392510402219,96.3661581137309,92.1775312066574,94.3273231622746,97.3370319001387,100,98.6823855755895,61.4419631958008,1.44747722148895,27.6674938201904,70.4852523803711,,,,,,453.762298583984,89.5673446655273,94.353385925293,9.59316921234131,359.064575195312,64.2384796142578,91.8815612792969,396.715423583984,71.5912780761719,98.0562286376953,26145,5605,5958.62109375,1277.41723632812,24,760,173.209106445312,5.46976137161255,431,378,,,0.86148738861084,0.982277989387512,0.918179214000702,1.05093491077423,77,1,17.5488166809082,0.227906718850136,4.68963670730591,18.9581411549206,609.270363126036,322.814478070889,,,,829.885454172958,439.704695913541,,,52028,375.466471449807
2015,BA,29003,Brumado,93.2307180693128,96.0338725385401,89.5251668685717,92.0527156549521,87.8594249201278,88.4784345047923,85.0239616613419,78.8738019169329,82.8873801916933,86.9808306709265,86.1421725239617,86.1421725239617,65.8296508789062,1.62715947628021,28.3045406341553,69.5259170532227,,,,,,563.444946289062,160.666946411133,96.9924926757812,12.2645645141602,273.711853027344,53.6755142211914,71.0647964477539,302.798309326172,61.008544921875,75.4613037109375,23863,6942,5889.39404296875,1713.28723144531,0,587,144.871734619141,0,323,278,,,0.686104655265808,0.797164738178253,0.856273412704468,0.88650643825531,107,0,26.4076251983643,0,2.33226227760315,20.3469292539761,464.312504671036,204.907897464837,,,,632.43876140648,279.104472895648,,,57440,365.841276671109
2015,BA,29009,Ilhéus,61.0720591867915,79.583484543062,55.3616682575455,81.8262020291134,66.5857962064402,71.4159682399647,70.0044111160123,79.9073665637406,71.9232465813851,73.9082487869431,77.5474194971328,71.1071901191001,46.2264137268066,4.46387481689453,54.6479530334473,40.865161895752,,,,,,697.326782226562,210.416915893555,110.661338806152,12.1895122528076,426.406494140625,103.495025634766,86.9596862792969,474.899108886719,117.864532470703,94.803337097168,20136,4209,6458.77294921875,1350.068359375,14,519,166.47314453125,4.49060487747192,298,288,,,0.92378157377243,0.955857336521149,1.1414155960083,1.00966441631317,204,21,65.4345321655273,6.73590755462646,9.37798690795898,17.6262161269591,435.057700849078,186.486711713096,,,,592.590875105298,254.013027407391,,,40600,325.537935970054
2015,BA,29008,Ibotirama,91.0241634011165,94.8195512081701,86.5141963739865,100,98.9042064333687,100,92.4708377518558,97.3135383527748,89.8904206433369,100,97.2074938140686,97.3135383527748,53.4724617004395,1.53951418399811,41.0195007324219,57.167293548584,,,,,,550.364868164062,144.180084228516,98.1871566772461,17.5586853027344,329.769378662109,67.1486663818359,74.8205795288086,365.1474609375,75.6678161621094,80.241340637207,12029,4027,6216.2802734375,2081.05102539062,0,245,126.609748840332,0,130,84,,,0.434090584516525,0.671806871891022,0.639250040054321,0.71366560459137,28,0,14.4696855545044,0,0.910039901733398,18.4297260300211,362.982900667009,175.808278846777,,,,494.417991762295,239.467963925799,,,32531,551.131655736491
2015,BA,29018,Porto Seguro,93.7045352492142,98.161863757627,92.7060936633297,100,91.4929962418859,96.9251793645371,94.6190638879399,91.1855141783396,86.7099419200547,94.0040997608473,100,77.5025623505296,51.6066513061523,2.79347658157349,43.5491676330566,53.1890830993652,,,,,,554.182861328125,161.828994750977,117.298866271973,4.40960311889648,421.999481201172,104.847801208496,105.138603210449,471.018524169922,118.561073303223,114.73063659668,18233,3109,4950.71826171875,844.171691894531,5,462,125.444625854492,1.35762584209442,358,334,,,0.906894028186798,0.972060084342957,1.06363189220428,1.02297103404999,164,19,44.5301246643066,5.15897798538208,8.81262016296387,18.8080278505953,488.985881203401,207.926692609549,,,,666.046298435664,283.216365302281,,,42186,291.988821503655
2015,BA,29021,Santa Maria da Vitória,94.0274744537756,100,92.0976369139325,100,92.3164875371598,91.9963411845415,92.9110450491653,96.8442716670478,94.9462611479534,95.5179510633432,82.3004802195289,95.7923622227304,57.3145370483398,3.79015493392944,33.8109550476074,62.1446723937988,,,,,,451.318939208984,107.075668334961,77.7215881347656,19.1426467895508,269.172302246094,49.4730644226074,61.311767578125,296.474151611328,55.2440185546875,65.5495681762695,17968,7105,5993.56884765625,2370.00805664062,0,464,154.77604675293,0,240,168,,,0.560396015644073,0.800565719604492,0.789307773113251,0.835340321063995,47,0,15.6777458190918,0,1.70453786849976,20.4047709886168,490.591094924691,231.230228170785,,,,668.232755546925,314.95804578358,,,45886,473.713618091001
2015,BA,29013,Itapetinga,85.0294644743741,99.730006808524,82.5643092478538,71.9846841097639,80.4403318442885,89.1512444160817,78.174856413529,95.0861518825782,87.0453095086152,86.2476068921506,29.1640076579451,71.5698787492023,53.0922927856445,3.77418327331543,46.4319686889648,49.0643844604492,,,,,,603.059936523438,161.113586425781,94.1520233154297,26.4468364715576,345.443237304688,75.6689682006836,76.5171279907227,385.154663085938,86.0599060058594,80.8779602050781,17769,6974,7211.15234375,2830.2421875,9,403,163.548553466797,3.65244913101196,172,134,,,0.543809115886688,0.698023617267609,0.725214064121246,0.740838468074799,45,0,18.2622451782227,0,2.81441497802734,18.5367706779029,388.785156129214,176.648922165741,,,,529.563171618202,240.613001834711,,,30587,336.458162038805
2015,BA,29005,Cruz das Almas,90.6697190950883,100,90.6697190950883,69.360786724032,91.2108174554395,89.2440073755378,86.539643515673,77.719729563614,87.1235402581438,87.9225568531039,66.1647203441918,96.3429625076829,62.4360618591309,4.53964185714722,30.498722076416,64.7378540039062,,,,,,632.758666992188,227.900360107422,118.738006591797,5.99273586273193,397.184295654297,114.39990234375,99.6199569702148,441.816436767578,127.343818664551,106.985153198242,11850,1674,4538.85595703125,641.185241699219,9,411,157.423614501953,3.4472324848175,217,192,,,0.735409617424011,0.83116602897644,0.918974697589874,0.861616611480713,47,10,18.0022144317627,3.8302583694458,3.19137120246887,17.0829970572446,420.875694392727,164.021773430616,,,,573.273603855263,223.413597929369,,,35076,388.121274776511
2015,BA,29007,Guanambi,88.9462942795647,100,85.9814606789748,100,99.8419388830348,99.5082543027748,99.8419388830348,98.4193888303477,95.8728486125746,100,100,100,66.6609268188477,1.84355616569519,24.6381797790527,73.3459701538086,,,,,,546.224914550781,138.2763671875,78.7931137084961,15.6440467834473,277.251190185547,51.5767555236816,59.2576293945312,308.773040771484,59.0059089660645,64.3135757446289,29898,8589,6635.93359375,1906.34936523438,20,810,179.781463623047,4.43904876708984,359,306,,,0.679174423217773,0.796809196472168,0.75763463973999,0.818005681037903,85,0,18.8659553527832,0,1.70858979225159,19.5510073725413,444.205612518521,199.750986370449,,,,605.051219953812,272.080258745894,,,61634,416.405614561916
2015,BA,29014,Jacobina,90.0070936762109,98.9877869714467,88.7719011052245,100,98.5394157663065,95.9583833533413,92.0968387354942,93.1772709083633,91.1164465786315,96.9587835134054,91.5766306522609,100,53.7118759155273,3.93247652053833,34.644157409668,61.327449798584,,,,,,582.442016601562,133.540496826172,90.9102554321289,24.1622581481934,338.645080566406,65.0659255981445,66.3945159912109,376.476257324219,72.4833297729492,71.6964721679688,28884,7786,7417.66064453125,1999.51208496094,0,706,181.306900024414,0,267,207,,,0.531593859195709,0.685679078102112,0.809589266777039,0.729336559772491,195,0,50.0776863098145,0,2.92376637458801,18.1723010559649,412.23319780122,172.332386364198,,,,561.501683468012,234.733460516243,,,62415,434.454899217707
2015,BA,29027,Valença,78.6319815406012,98.6623257578152,78.6319815406012,94.3992563327911,77.9688589356263,87.5900534510806,79.7583081570997,83.1280501975366,77.9456193353474,82.2681849872182,79.8280269579363,74.6920752963049,55.6910552978516,2.43902444839478,54.8566551208496,42.4903717041016,,,,,,495.785186767578,141.746215820312,82.630859375,16.6007900238037,358.894775390625,89.2267150878906,74.1139526367188,400.651672363281,100.677955627441,79.2681427001953,20993,6051,6856.40185546875,1976.28198242188,0,365,119.21053314209,0,191,139,,,0.453979849815369,0.623814046382904,0.74424934387207,0.643083691596985,5,0,1.63302099704742,0,1.78619837760925,18.208562408983,327.814281049141,182.480880109377,,,,446.514913538592,248.55669540605,,,41556,373.426562162225
2015,BA,29004,Camaçari,69.4058871050022,75.3006859201549,57.6124425681948,96.8158640226629,87.0254957507082,94.413597733711,91.6600566572238,95.7960339943343,88.0679886685552,90.1189801699717,86.4815864022663,93.1671388101983,52.3078651428223,5.58336114883423,46.9580688476562,46.7912368774414,,,,,,510.760314941406,124.160850524902,93.8860168457031,4.22910404205322,438.490509033203,93.1736755371094,95.5155258178711,490.382751464844,106.268905639648,103.363128662109,24197,3036,4115.5068359375,516.373046875,8,462,78.5785140991211,1.36066687107086,390,665,,,1.13105428218842,0.663325071334839,1.15154933929443,0.66770476102829,168,0,28.5740032196045,0,19.4626388549805,21.6868994741343,600.833445746377,450.754596654101,,,,818.393552654044,613.971572891778,,,58246,234.995239429196
2015,BA,29016,Juazeiro,82.1330627519246,100,79.0443387356525,100,97.8240847340548,99.9654616624453,96.9145751784481,100,100,100,95.4064011052268,100,51.6230239868164,1.36334121227264,48.7773208618164,49.6104736328125,,,,,,525.330871582031,121.112083435059,98.8474197387695,15.1991233825684,350.942810058594,63.689208984375,82.840202331543,388.465545654297,71.8301849365234,88.5500183105469,28948,5603,5556.1845703125,1075.42150878906,31,755,144.912231445312,5.95003890991211,371,496,,,0.952006220817566,0.71208530664444,0.887179613113403,0.71822726726532,98,9,18.8098011016846,1.72743058204651,7.30933475494385,18.1947116844854,428.539352545796,162.200207322216,,,,583.71225114865,220.932447837939,,,75475,453.249241774184
2015,BA,29020,Salvador,43.0587240937299,35.4666825653732,34.1577864792022,100,82.4582611075632,92.9203539823009,88.4317124349968,100,86.4702125718456,92.4094516923638,88.9061217042241,98.8208192683149,56.5834197998047,4.10642242431641,41.1254119873047,53.7279624938965,,,,,,591.486999511719,128.671920776367,110.647605895996,4.12759876251221,391.435729980469,69.6695861816406,90.8044052124023,437.792846679688,79.2252426147461,97.713005065918,167047,24479,5034.96337890625,737.821533203125,571,6286,189.466323852539,17.2105102539062,4860,7885,,,2.37661790847778,1.46485257148743,2.65019273757935,1.48971140384674,3100,508,93.4370956420898,15.3116273880005,28.5798168182373,19.1175418871487,448.584277960921,256.612801578666,,,,611.015387881977,349.531577889426,,,252685,170.678606395594
2015,CE,23019,19ª Região Brejo Santo,100,100,100,100,100,100,100,100,100,100,97.6928147659855,96.3744232036915,76.0917358398438,0.911090195178986,18.3160533905029,80.7728576660156,,,,,,645.297424316406,175.8623046875,129.903625488281,4.28779077529907,333.870330810547,60.5861740112305,92.6375122070312,371.536682128906,68.2396545410156,98.918342590332,14615,4628,6853.9404296875,2170.37548828125,8,501,234.952041625977,3.75172924995422,155,155,,,0.726897537708282,0.726897537708282,0.917180597782135,0.745656192302704,66,0,30.9517669677734,0,2.83443140983582,24.7858175780623,605.02945737894,263.232463852727,,,,824.108928339705,358.548201321746,,,34115,449.893559629176
2015,CE,23003,3ª Região Maracanaú,95.9839864182803,81.6979443883638,94.0740570799303,100,100,100,100,100,100,100,86.2397287074475,100,62.0943260192871,2.12467885017395,32.3838424682617,65.4097595214844,,,,,,553.357299804688,141.711135864258,99.5397262573242,4.32543754577637,383.771545410156,81.5014038085938,88.2458953857422,429.173004150391,93.1397247314453,95.4385223388672,28985,4221,5506.0283203125,801.82666015625,0,437,83.0130920410156,0,298,255,,,0.484401315450668,0.566084682941437,0.871020078659058,0.714634418487549,110,0,20.8957443237305,0,12.864559173584,21.7515547497348,572.158476841996,229.946023124888,,,,779.335457869142,313.208833689466,,,57088,265.1569324429
2015,CE,23012,12ª Região Acaraú,95.7486269596418,100,95.7486269596418,100,100,100,100,100,100,100,100,100,69.5371704101562,0.729312777519226,20.5890598297119,78.4852752685547,,,,,,562.030822753906,167.271072387695,113.298271179199,3.33333325386047,362.227172851562,76.1555404663086,97.018180847168,403.447906494141,86.3523178100586,104.698173522949,9965,1831,4444.9501953125,816.728881835938,0,237,105.715316772461,0,133,144,,,0.642320930957794,0.593254745006561,0.700196743011475,0.746921122074127,17,0,7.5829553604126,0,1.24628102779388,25.0565594450737,424.322375224185,211.260378499619,,,,577.968318156691,287.757169510706,,,34819,483.956912784193
2015,CE,23018,18ª Região Iguatú,98.0146204737134,95.4617191050957,98.0146204737134,100,100,100,100,100,100,100,98.3937967322072,100,80.116813659668,0.253936022520065,17.648551940918,82.0721206665039,,,,,,665.980041503906,181.488204956055,129.679290771484,5.32767581939697,307.369995117188,58.4995269775391,76.7875823974609,343.691436767578,66.3311462402344,83.8525009155273,13988,2921,4392.14013671875,917.1748046875,0,517,162.334609985352,0,219,191,,,0.5997274518013,0.687645614147186,0.895038306713104,0.730976700782776,44,0,13.8157110214233,0,2.73927879333496,26.5065070102467,485.156802319916,218.994557282744,,,,660.830720819216,298.29187275666,,,45676,379.390452455825
2015,CE,23014,14ª Região Tauá,100,100,100,100,100,100,100,100,100,100,100,92.6007326007326,72.3721618652344,0.852272748947144,16.6193180084229,82.5284118652344,,,,,,669.870666503906,201.484527587891,149.150894165039,1.953125,323.242431640625,59.7642021179199,85.0783309936523,358.20263671875,67.8260269165039,92.5211181640625,7886,1737,6878.38525390625,1515.05895996094,0,158,137.811935424805,0,92,64,,,0.558225512504578,0.802449226379395,0.78129768371582,0.924779117107391,1,0,0.872227430343628,0,1.51942014694214,23.9386060111123,524.034194898121,207.805981083314,,,,713.785508298596,283.051944470683,,,15387,353.188943671598
2015,CE,23011,11ª Região Sobral,99.1616305623194,100,99.1616305623194,100,99.3721083939194,98.138356466182,100,100,89.5131086142322,98.6340603657193,74.6640229125358,84.4789601233752,76.4520034790039,0.826245427131653,20.157958984375,78.8335342407227,,,,,,607.103698730469,165.045532226562,115.736015319824,7.26849460601807,343.323974609375,67.6795120239258,88.9970626831055,383.633544921875,76.9290390014648,95.8446960449219,31364,4849,4925.2978515625,761.470764160156,124,1367,214.66911315918,19.4725456237793,685,532,,,0.835435032844543,1.07570111751556,1.2591198682785,1.14789867401123,230,14,36.1184310913086,2.19851326942444,4.30908584594727,22.313117177382,645.258912399207,231.619976177976,,,,878.90535628235,315.488920451931,,,84975,365.735574285673
2015,CE,23020,20ª Região Crato,100,94.7631647729442,100,100,100,100,100,100,100,100,93.2115384615385,100,71.9794845581055,1.00683891773224,22.2834339141846,76.5957412719727,,,,,,651.97607421875,165.108932495117,123.39412689209,5.05592823028564,349.409454345703,62.2762870788574,87.1593322753906,389.252258300781,70.9723129272461,95.2445526123047,21206,3680,6186.0419921875,1073.49975585938,11,630,183.77848815918,3.20883059501648,268,227,,,0.662185966968536,0.781787872314453,0.811834156513214,0.800019860267639,212,4,61.8429183959961,1.16684758663177,5.83598804473877,25.1180968818128,542.639864586469,225.759978931127,,,,739.128238839902,307.507034624265,,,50368,434.978824737897
2015,CE,23010,10ª Região Limoeiro do Norte,98.7881912532783,100,98.7881912532783,100,100,100,100,100,100,100,100,100,76.1649322509766,0.871605753898621,20.4156894683838,78.4109954833984,,,,,,666.743896484375,172.925567626953,131.031219482422,3.00802135467529,358.218658447266,56.4333152770996,87.3250579833984,399.956939697266,64.2369384765625,95.265625,11085,2501,4940.412109375,1114.65673828125,0,380,169.360092163086,0,163,119,,,0.530364453792572,0.72646564245224,0.775490939617157,0.765685856342316,18,0,8.02231979370117,0,3.87478041648865,25.6253893435023,517.660095275105,259.280252637597,,,,705.103365065091,353.164905501436,,,30419,330.140407188695
2015,CE,23006,6ª Região Itapipoca,99.9057091056578,86.4262711071207,99.9057091056578,100,100,100,100,100,100,100,77.2025431425976,100,61.6936340332031,2.31140995025635,38.4534568786621,59.0039939880371,,,,,,533.328735351562,165.955108642578,122.572647094727,4.84183359146118,324.245910644531,73.3818130493164,100.096069335938,361.130004882812,83.4915161132812,107.529861450195,14264,1688,4911.16943359375,581.187133789062,0,248,85.3876876831055,0,176,127,,,0.437267601490021,0.605977118015289,0.702210426330566,0.66416472196579,14,0,4.82027292251587,0,1.81930863857269,24.3857754756161,424.30606253112,177.214578747661,,,,577.946098683182,241.383481079727,,,45832,481.626186983615
2015,CE,23002,2ª Região Caucaia,76.770831599101,83.1387663364688,76.2713726795971,79.3177697189483,92.6450589301904,97.6427923844062,90.1858567543064,100,100,97.4048050770626,33.7035358114234,72.994106980961,59.8508262634277,2.73841238021851,35.2264251708984,61.7368125915527,,,,,,542.327026367188,135.873870849609,95.3120193481445,6.52508449554443,362.127319335938,67.1099090576172,84.9509963989258,404.526763916016,76.6794586181641,91.4099426269531,27222,4074,4543.9296875,680.037048339844,0,522,87.1328811645508,0,348,390,,,0.650992751121521,0.580885827541351,0.689384639263153,0.62295001745224,0,0,0,0,11.2543296813965,21.8384637406076,418.623507037266,213.719737401688,,,,570.20590577,291.107055379018,,,68473,299.993860821106
2015,CE,23001,1ª Região Fortaleza,65.5691260956957,54.2202869833142,54.4340741357731,100,100,100,100,100,100,100,100,100,54.9875564575195,5.86108112335205,35.988353729248,57.6715354919434,,,,,,626.608947753906,115.396530151367,98.5286560058594,7.8678297996521,390.296234130859,57.560245513916,82.5328674316406,438.263732910156,66.1584167480469,88.8862533569336,151979,28448,5501.20751953125,1029.73669433594,431,5658,204.803512573242,15.6009740829468,2975,5995,,,2.17001938819885,1.07686543464661,2.21606230735779,1.00998210906982,2511,278,90.8910598754883,10.0628089904785,34.4904251098633,26.2876084335249,678.730962258734,331.096042285646,,,,924.497541592744,450.984991321911,,,220815,179.259636876241
2015,CE,23007,7ª Região Aracati,97.1736122592828,81.9400088759713,97.1736122592828,100,100,100,100,100,100,100,46.815955213436,100,67.7318267822266,0.939849615097046,24.3734340667725,74.4987487792969,,,,,,593.741088867188,160.750854492188,110.624252319336,2.03784561157227,341.744689941406,60.7114410400391,88.3486862182617,378.965454101562,69.7594757080078,95.2106399536133,5551,716,4797.46240234375,618.804382324219,0,141,121.859527587891,0,131,105,,,0.907464563846588,1.13217008113861,0.990000605583191,1.0677832365036,19,0,16.4207878112793,0,3.88999795913696,25.8645565855239,567.973704558021,287.279892183288,,,,773.635391268695,391.303136059432,,,14578,326.281733057935
2015,CE,23004,4ª Região Baturité,99.8289279240585,100,99.8289279240585,100,100,100,100,100,100,100,91.6087653661144,100,79.0891265869141,1.224289894104,25.1714000701904,73.0166473388672,,,,,,618.171081542969,162.486557006836,106.15788269043,7.710280418396,353.743957519531,62.1829528808594,73.724250793457,397.645355224609,71.6592483520508,80.8305587768555,7821,1314,5648.0322265625,948.921447753906,0,193,139.377349853516,0,114,124,,,0.895481407642365,0.823265194892883,1.14083611965179,0.888981997966766,14,0,10.1102743148804,0,1.40605032444,26.0053703225095,607.812230989021,262.953344090388,,,,827.899336475452,358.16801307568,,,22321,458.92002896392
2015,CE,23015,15ª Região Crateús,98.0139120794435,100,98.0139120794435,100,100,100,100,100,100,100,100,100,71.2796478271484,1.0164190530777,27.1305713653564,71.5142059326172,,,,,,753.959899902344,226.757369995117,168.477035522461,3.59840059280396,351.696472167969,71.6298904418945,99.0196075439453,391.868835449219,81.659309387207,107.47647857666,14181,3003,4749.8466796875,1005.83807373047,2,371,124.264381408691,0.669888854026794,199,161,,,0.539260506629944,0.666539371013641,0.593521535396576,0.751029133796692,34,0,11.3881101608276,0,2.14565396308899,21.9775803300168,442.103690319008,190.179430297464,,,,602.188197616357,259.042869042551,,,46358,442.348593792605
2015,CE,23017,17ª Região Icó,99.1257923420579,100,99.1257923420579,100,100,100,100,100,100,100,89.995213020584,100,74.1801376342773,0.969976902008057,19.3533477783203,79.5842971801758,,,,,,679.423522949219,196.110290527344,142.150939941406,4.01366376876831,328.648834228516,62.6426239013672,91.4638290405273,364.172302246094,71.222282409668,98.8338394165039,9595,2543,5567.09521484375,1475.46875,0,251,145.632202148438,0,131,89,,,0.516385078430176,0.760072410106659,0.722794055938721,0.721923768520355,79,0,45.8364295959473,0,1.68434369564056,23.3200538708867,460.656480462268,208.675762579168,,,,627.458901077491,284.236671408678,,,28847,529.644602279611
2015,CE,23008,8ª Região Quixadá,91.06346300246,100,91.06346300246,100,100,100,100,100,100,100,100,100,66.2637100219727,1.34318339824677,27.2890090942383,71.1663284301758,,,,,,662.900939941406,163.617568969727,123.649917602539,6.50023555755615,347.967956542969,58.6495895385742,80.2502365112305,387.208251953125,66.3714065551758,86.6046295166016,16380,2781,5114.6103515625,868.359680175781,10,627,195.779037475586,3.12247276306152,245,144,,,0.449636071920395,0.765005826950073,0.720666706562042,0.793186128139496,51,40,15.9246110916138,12.4898910522461,2.17854928970337,26.5008701705288,505.952521433041,216.210514017522,,,,689.156511544538,294.499735227204,,,49544,435.629956058422
2015,CE,23021,21ª Região Juazeiro do Norte,97.4583835569638,100,92.1677601584059,100,94.2361831382427,97.7922655208179,96.1623944288043,99.9703659801452,99.0368943547192,96.3698325677878,98.6812861164617,91.5839383612387,34.0351371765137,1.05996811389923,38.8558158874512,60.040657043457,,,,,,656.628173828125,150.721115112305,138.53923034668,4.80174589157104,385.636199951172,66.140251159668,111.394302368164,429.619873046875,75.5921173095703,120.508979797363,25680,4579,6133.943359375,1093.74328613281,100,987,235.75553894043,23.8860721588135,372,613,,,1.4642162322998,0.888561904430389,1.35428059101105,0.810155868530273,170,13,40.6063232421875,3.10518956184387,9.4928035736084,22.4802556209066,591.453413644064,170.302358263587,,,,805.617037214419,231.968364929424,,,48073,308.370991886196
2015,CE,23016,16ª Região Camocim,98.7484371659746,95.0922153050846,96.4480750419455,100,100,100,100,100,100,100,100,93.8012762078396,61.232349395752,1.32648694515228,34.1463432312012,64.4415893554688,,,,,,583.544799804688,193.226760864258,122.376945495605,2.64900660514832,364.293640136719,89.6992568969727,96.8040771484375,404.550506591797,100.651481628418,104.870704650879,6262,1241,4033.28662109375,799.314697265625,0,157,101.122001647949,0,83,68,,,0.437980651855469,0.534594058990479,0.552467525005341,0.551340341567993,0,0,0,0,1.25597393512726,23.7180407982105,399.350403485912,192.184846475384,,,,543.954065434334,261.774440798447,,,24069,473.017163673979
2015,CE,23022,22ª Região Cascavel,97.886778804972,93.3050132294436,96.9350202724567,100,100,100,100,100,100,100,63.0121566861774,97.5911751463305,67.6882476806641,1.92815101146698,25.3907051086426,72.5593643188477,,,,,,584.126525878906,136.422210693359,106.176177978516,4.85436916351318,356.259338378906,60.5934219360352,80.9198303222656,397.578125,68.6813507080078,87.9833831787109,14721,2385,4638.0400390625,751.424865722656,0,274,86.3272171020508,0,191,179,,,0.563962459564209,0.601770043373108,0.696603953838348,0.692823171615601,9,0,2.8355655670166,0,4.78170871734619,24.2256096714613,487.511129374005,224.838601258761,,,,664.03754310174,306.252028678835,,,42437,350.13268563567
2015,CE,23005,5ª Região Canindé,89.4486410792474,100,85.0109463137549,98.3600156188989,100,100,100,100,100,100,75.0878563061304,80.3592346739555,60.7800636291504,1.11953771114349,32.3221397399902,66.4860992431641,,,,,,609.195922851562,172.933029174805,119.874031066895,2.98387098312378,337.132751464844,68.5553970336914,81.8680419921875,374.353698730469,77.4565048217773,88.4099426269531,10658,1642,5236.13720703125,806.693298339844,0,239,117.417602539062,0,117,115,,,0.564980089664459,0.574805796146393,0.6738001704216,0.601826608181,21,0,10.31702709198,0,1.3515305519104,26.5524029039396,430.49482571912,195.884463375757,,,,586.375795677946,266.813678610506,,,34311,539.671720107802
2015,CE,23013,13ª Região Tianguá,100,99.3617592541673,100,98.7413723101908,97.3406414941129,99.8172959805116,98.4977669508729,96.7519285424279,99.3706861550954,96.9346325619164,85.1806739748274,100,73.4402847290039,0.930877387523651,18.6373538970947,80.2139053344727,,,,,,630.992492675781,198.284515380859,138.799163818359,0.760263562202454,345.388244628906,68.3859634399414,106.814727783203,386.217468261719,77.6797103881836,116.328300476074,16118,2949,5154.7578125,943.130737304688,0,372,118.970710754395,0,226,185,,,0.591655433177948,0.722779035568237,0.761156678199768,0.803851842880249,21,0,6.71608877182007,0,1.80151081085205,25.1348582038654,436.887824560615,197.87305106249,,,,595.083681483978,269.522328325716,,,47559,466.267701256627
2015,CE,23009,9ª Região Russas,97.3364830196347,96.1680510045975,97.3364830196347,100,100,100,100,100,100,100,100,100,72.2783813476562,1.71073091030121,22.4727840423584,75.7776031494141,,,,,,653.91748046875,174.310821533203,105.291793823242,2.46533131599426,352.463348388672,58.711296081543,76.6365127563477,396.076263427734,67.7676849365234,82.8532028198242,13944,3553,7024.82666015625,1789.96044921875,0,382,192.447204589844,0,142,90,,,0.453409641981125,0.715379655361176,0.79560798406601,0.781501889228821,81,0,40.8068695068359,0,2.78595042228699,21.244858466959,452.511924482277,177.199854248062,,,,616.365224201739,241.363424880088,,,29789,400.043986126925
2015,DF,53001,Distrito Federal,62.9665415310485,20.0780262882962,30.2379913980364,78.2740569323058,65.4496843335056,70.051000921162,69.9072097777977,74.9219259026264,67.5773439079737,66.4292614976746,96.6546091801658,74.6927587678896,65.0145263671875,2.99423265457153,24.6823635101318,70.8924179077148,,,,,,420.034088134766,87.7599411010742,81.2007446289062,0.726513564586639,299.865966796875,53.0611953735352,71.8266983032227,334.958923339844,60.4739761352539,77.5594787597656,132486,21905,4647.06787109375,768.337951660156,281,4289,150.440612792969,9.85633277893066,4076,8589,,,3.01267051696777,1.42969441413879,3.20188760757446,1.31254959106445,3088,790,108.314430236816,27.7099742889404,31.9217491149902,,,,,,,,,,,93961,71.3976928824387
2015,ES,32002,Metropolitana,60.35318918251,46.1335746428089,43.655197498582,99.9455551858685,94.419406551526,95.0606454735186,95.4054626296845,94.2258249901697,95.4659568676084,94.9184840143976,90.4056138652793,91.0226550921025,69.6904678344727,1.80815196037292,30.3095302581787,67.6493988037109,,,,,,556.930480957031,130.103775024414,117.337455749512,0.935445785522461,341.159088134766,62.7187156677246,86.6101913452148,381.366760253906,71.8585891723633,94.1882476806641,117105,18372,5496.32080078125,862.289489746094,263,3265,153.242721557617,12.3438997268677,2297,5268,,,2.47253489494324,1.0780965089798,2.47001218795776,1.13099229335785,1764,434,82.7933044433594,20.3697814941406,37.0340003967285,20.2206083915245,453.070692138475,292.399223624516,,,,617.126320060336,398.276163068932,,,92944,103.524123589082
2015,ES,32003,Norte,81.00139418426,97.6993588649254,72.6846582825926,,,,,,,,,,71.6555862426758,0.859413027763367,27.0634021759033,71.9636764526367,,,,,,608.295104980469,154.667663574219,138.259857177734,0.595001995563507,382.423828125,72.0790863037109,102.252830505371,425.290344238281,81.7171630859375,111.649147033691,29457,6806,7107.71484375,1642.22790527344,10,599,144.533432006836,2.41291189193726,237,430,,,1.03755211830139,0.571860134601593,1.13973903656006,0.585855007171631,73,0,17.6142578125,0,13.3279609680176,21.9391497181506,470.804677709513,287.231747198189,,,,641.281732108293,391.237557910151,,,32645,183.621335764082
2015,ES,32001,Central,83.5896207534503,95.2906989570956,79.5451751883941,,,,,,,,,,73.9249954223633,0.725833058357239,25.1952056884766,73.6500625610352,,,,,,580.465026855469,147.586654663086,131.967330932617,1.09829759597778,350.032562255859,66.4513397216797,95.6098556518555,389.837066650391,75.6694412231445,103.915008544922,33434,6727,5328.73876953125,1072.15490722656,75,909,144.877182006836,11.9535627365112,504,1008,,,1.60655879974365,0.803279399871826,1.53694927692413,0.793318092823029,423,52,67.4180908203125,8.28780364990234,24.3962650299072,24.1802771385716,670.228024403566,377.529267846333,,,,912.915713769157,514.231557731993,,,33113,120.131754797248
2015,ES,32004,Sul,96.8578038649515,95.0707371335929,83.897465178751,100,100,100,100,100,100,100,95.5475049666939,100,67.5505447387695,0.563473641872406,36.1727981567383,62.5787200927734,,,,,,648.894409179688,178.38916015625,137.047698974609,1.21353554725647,343.456634521484,72.6671447753906,92.6074829101562,381.829711914062,82.4406051635742,99.9505081176758,50194,11064,7601.07470703125,1675.46496582031,77,1086,164.457244873047,11.6604127883911,672,1071,,,1.62185740470886,1.01763594150543,1.55738437175751,1.03414225578308,362,59,54.8190803527832,8.93460178375244,17.9329566955566,21.4325619295949,683.246577986138,366.109882811869,,,,930.648249120319,498.677245378642,,,35850,126.124535557552
2015,GO,52001,Central,68.004804858745,36.111207782075,54.263806952451,100,99.7292184428206,95.6341110575318,92.091694795801,89.131644348826,93.7979895396713,86.5202715234245,97.4887792573909,89.1613190400237,64.6496734619141,6.85496664047241,22.8639945983887,69.6286926269531,,,,,,623.153625488281,140.267669677734,120.071334838867,1.51838040351868,396.636199951172,69.682861328125,96.4800567626953,444.673431396484,79.7447509765625,104.342819213867,113275,18907,6267.77880859375,1046.169921875,414,4219,233.447448730469,22.9076194763184,1927,5264,,,2.91269826889038,1.06625556945801,2.84439039230347,1.05181384086609,3514,530,194.438095092773,29.3261775970459,27.8303775787354,18.6863332182914,742.864027508156,281.228986662662,,,,1011.85301004019,383.06121460706,,,51446,63.7454613379856
2015,GO,52011,Pirineus,65.134116876203,66.1450100331709,62.7564601335026,100,97.9724249797243,98.2562854825629,85.0094620167613,95.4987834549878,96.4720194647202,95.0121654501217,100,92.6601784266018,67.9124984741211,1.5625,39.9375,58.3250007629395,,,,,,658.223022460938,163.646606445312,140.81689453125,1.22774708271027,419.0400390625,87.1397323608398,108.381759643555,469.177154541016,98.5224456787109,118.146141052246,32671,4795,6600.615234375,968.74755859375,70,725,146.473815917969,14.1422996520996,343,839,,,1.69505560398102,0.692972719669342,1.4448379278183,0.624584555625916,355,37,71.7216644287109,7.47521543502808,14.9427537918091,22.3168102982067,615.79375944108,298.897127848506,,,,838.770954012281,407.126940202469,,,24741,114.563704096158
2015,GO,52015,Sudoeste I,64.0106368049626,56.9666077583029,55.0761487725574,100,100,100,97.0394736842105,97.5,96.9078947368421,97.9111842105263,99.8026315789474,98.6677631578947,69.3438568115234,1.05230581760406,37.6044578552246,61.2813377380371,,,,,,567.647338867188,155.234176635742,113.297775268555,2.65306115150452,386.2158203125,90.7865600585938,99.0566101074219,431.938507080078,104.145332336426,106.754005432129,22982,5136,5324.763671875,1189.97424316406,38,673,155.929244995117,8.80432605743408,315,395,,,0.915186524391174,0.729832291603088,1.30993318557739,0.8128941655159,297,9,68.8127593994141,2.08523511886597,22.6623363494873,23.183869741941,721.004803127709,472.508017466004,,,,982.078621770655,643.601846417109,,,17609,96.0140675398458
2015,GO,52010,Oeste II,88.2283874296185,100,88.2283874296185,87.2,77.36,75.12,71.28,65.84,70.88,74.96,68,76.64,70.5041351318359,3.61173820495605,28.6681709289551,67.1933822631836,,,,,,653.861877441406,180.34504699707,138.590286254883,2.17391300201416,340.464447021484,67.2643737792969,96.4802551269531,380.231872558594,76.9976043701172,103.308471679688,7183,2004,6381.3720703125,1780.35217285156,0,183,162.577072143555,0,87,79,,,0.701835453510284,0.772907376289368,1.01988232135773,0.83376270532608,96,9,85.2863311767578,7.99559354782104,8.45667266845703,19.0606446091762,683.497346958594,399.827044936877,,,,930.989820834937,544.603297418936,,,6406,132.004162070569
2015,GO,52003,Entorno Norte,81.5534058620454,87.9881521254235,81.5534058620454,100,99.8453209590101,100,100,100,100,100,93.1683423562774,92.9363237947925,63.0322418212891,1.69825255870819,37.0908203125,60.620231628418,,,,,,515.529052734375,122.067802429199,90.069450378418,3.98467421531677,432.837280273438,93.5653686523438,85.6278686523438,484.148345947266,106.256080627441,93.9046936035156,12090,1902,4776.05078125,751.368835449219,0,228,90.069450378418,0,159,223,,,0.880942404270172,0.628115892410278,0.810822546482086,0.637300610542297,47,0,18.5669479370117,0,5.5625786781311,22.7488403850044,473.725325310848,213.928523183846,,,,645.259938021144,291.391441907787,,,20107,209.348207250818
2015,GO,52017,Sul,75.5515572295699,95.4022894287084,74.7453799525392,88.4772370486656,84.2700156985871,78.8383045525903,75.7613814756672,78.9638932496075,75.541601255887,79.7174254317111,79.0580847723705,71.2087912087912,70.4498672485352,1.6465744972229,32.9902954101562,65.1279067993164,,,,,,732.555847167969,226.218475341797,149.042861938477,1.95094764232635,409.279083251953,105.920364379883,107.636344909668,455.252075195312,119.049034118652,116.534370422363,14306,3389,5841.66357421875,1383.85278320312,10,402,164.151306152344,4.08336591720581,120,286,,,1.16784262657166,0.490003913640976,1.48961198329926,0.57330459356308,241,0,98.4091186523438,0,20.8680419921875,20.7137042827573,594.465134891319,371.683941004604,,,,809.719294285151,506.269654422027,,,10149,88.5475752110441
2015,GO,52004,Entorno Sul,59.4929045769263,59.9970222970886,53.5867169841037,97.1525210414536,84.1028868087784,84.3467316919689,73.5467631558247,100,88.0358687957209,88.7280736254228,23.2753873987257,82.6712813655313,56.8104591369629,3.28704380989075,39.3780479431152,56.2490768432617,,,,,,412.423461914062,87.7267532348633,82.3410720825195,3.83052825927734,402.000854492188,89.5595092773438,91.3131713867188,449.781829833984,101.886474609375,98.9042282104492,30187,4496,3612.83422851562,538.08935546875,0,242,28.9629936218262,0,352,540,,,0.646281659603119,0.421279907226562,0.534199655056,0.405152767896652,225,5,26.9284019470215,0.598408937454224,10.3844299316406,20.6273482864133,303.481914972965,156.364529967655,,,,413.371865896124,212.983688067402,,,55805,183.713907117391
2015,GO,52014,Serra da Mesa,98.5088965993632,95.8553994934377,96.126942285247,94.4481163251818,96.7614011896894,96.2987442167878,86.6490416391276,92.4653007270324,92.0687376074025,95.5056179775281,86.5829477858559,95.3073364177132,76.1462173461914,1.11524164676666,24.7831478118896,73.9157409667969,,,,,,565.865295410156,150.208618164062,102.523345947266,5.89887619018555,340.867309570312,62.0831527709961,80.760498046875,378.97021484375,71.4446105957031,85.9061889648438,6439,1554,5117.4248046875,1235.04870605469,0,228,181.204055786133,0,70,86,,,0.683488965034485,0.556328237056732,0.862308740615845,0.640572249889374,68,0,54.0433158874512,0,8.09854984283447,20.9715952111604,657.13945959588,368.639440352067,,,,895.087816324468,502.122748615224,,,8904,166.58260906729
2015,GO,52007,Nordeste II,81.785603769253,100,81.785603769253,90.8263305322129,86.484593837535,90.0560224089636,89.2857142857143,90.8263305322129,76.1904761904762,92.5770308123249,77.2408963585434,96.6386554621849,68.131103515625,2.02231526374817,37.9358444213867,59.6931648254395,,,,,,517.420837402344,139.763092041016,80.289436340332,10.1532564163208,363.556030273438,77.2663726806641,68.3392639160156,405.538513183594,89.2577438354492,74.5862426757812,5310,1624,5263.4189453125,1609.75366210938,0,167,165.535018920898,0,52,49,,,0.485701531171799,0.515438377857208,0.623977780342102,0.570451498031616,2,0,1.98245525360107,0,2.36308670043945,20.0647176171845,542.564979237523,307.364200051412,,,,739.026237715964,418.659915521622,,,12157,332.860236093176
2015,GO,52012,Rio Vermelho,93.6111933297547,98.4493285105828,92.1061740905921,93.5126582278481,91.7325949367089,93.8291139240506,87.1044303797468,93.2753164556962,88.8053797468354,91.4556962025316,78.1645569620253,88.2911392405063,73.1678466796875,2.08825850486755,21.7100086212158,75.8077239990234,,,,,,689.679626464844,216.221145629883,131.65690612793,2.86343622207642,394.358978271484,87.8053970336914,89.2294158935547,440.762268066406,100.412628173828,98.0617294311523,15693,4502,7946.5068359375,2279.68994140625,10,497,251.667236328125,5.06372690200806,137,130,,,0.658284485340118,0.693730592727661,0.928687512874603,0.771712005138397,141,0,71.398551940918,0,4.62723350524902,21.8672103733264,652.535252797472,366.77951595484,,,,888.81643914735,499.58935080608,,,14253,179.382247869634
2015,GO,52009,Oeste I,95.9868483016671,100,95.9868483016671,100,100,100,100,100,99.0661478599222,100,100,100,67.3881683349609,5.19480514526367,31.168830871582,63.2756118774414,,,,,,736.332092285156,216.10693359375,161.208801269531,4.73372793197632,369.084259033203,74.5265884399414,99.6500854492188,410.202117919922,84.6092681884766,107.495803833008,6514,1791,5676.29248046875,1560.67553710938,0,306,266.648071289062,0,87,86,,,0.749403119087219,0.758117079734802,0.943507194519043,0.796022951602936,66,0,57.5123291015625,0,4.19317150115967,21.129139970193,713.812569410556,396.253776893113,,,,972.282100380293,539.736159030379,,,7259,159.131000905495
2015,GO,52005,Estrada de Ferro,73.6472403668572,65.3545506278955,64.2209521947541,98.0086114101184,91.1194833153929,96.7976318622174,83.8536060279871,87.9978471474704,96.6630785791173,86.3293864370291,93.0032292787944,89.8546824542519,77.5596389770508,1.04373753070831,24.6520881652832,74.0308151245117,,,,,,620.791381835938,160.490615844727,129.758377075195,4.18041801452637,370.920593261719,76.4126129150391,95.2460403442383,414.449127197266,87.4369888305664,103.359016418457,13961,2938,4767.25439453125,1003.23712158203,15,579,197.710784912109,5.12204122543335,210,358,,,1.22246050834656,0.717085778713226,1.49725806713104,0.771037936210632,183,3,62.4889030456543,1.02440822124481,19.1721420288086,19.6256997153475,695.043848574805,393.935671813584,,,,946.71727832805,536.578674597894,,,10867,90.1441815558438
2015,GO,52002,Centro Sul,66.1156246431393,61.0776046271519,64.144634992542,100,100,100,100,100,100,100,78.1352235550709,100,63.5032272338867,4.72703552246094,30.5154781341553,64.380485534668,,,,,,540.002746582031,129.183410644531,120.701095581055,1.48588407039642,415.539642333984,87.2755126953125,110.474327087402,465.187255859375,99.8061676025391,119.685897827148,54123,10985,6203.89892578125,1259.16577148438,65,901,103.277954101562,7.45068502426147,604,938,,,1.07519114017487,0.692340552806854,0.98999547958374,0.682941257953644,220,30,25.2177028656006,3.43877768516541,13.1990604400635,21.2880178713584,583.150101623737,265.314159254073,,,,794.30711918103,361.383672794102,,,33784,91.5819186059998
2015,GO,52016,Sudoeste II,83.0436357893368,65.475980342063,72.4073540751201,100,100,100,100,98.3798379837984,100,100,90.6690669066907,87.1887188718872,80.2954177856445,0.384047269821167,21.2112255096436,78.3161010742188,,,,,,561.200012207031,170.780151367188,116.897644042969,1.54597234725952,349.649505615234,84.0444488525391,93.6898193359375,387.831451416016,95.0251388549805,100.298202514648,12055,2944,5504.69189453125,1344.32287597656,6,339,154.798049926758,2.73978853225708,176,251,,,1.14614486694336,0.803671300411224,1.29865980148315,0.819767594337463,217,0,99.0890197753906,0,19.8506813049316,22.1301109456166,805.978255390493,496.671109202432,,,,1097.82072296516,676.514325955786,,,9029,97.0591919107369
2015,GO,52018,São Patrício II,83.3726268030952,82.893978894359,79.5244401422879,100,99.0869774147045,96.0115329168669,86.0163382988948,86.1124459394522,96.2518020182604,92.4555502162422,89.3320518981259,88.7554060547814,64.4987564086914,2.19552612304688,36.0397682189941,61.6404304504395,,,,,,581.351257324219,165.600570678711,117.203216552734,1.80541622638702,376.295104980469,92.2521896362305,92.2565231323242,422.4404296875,104.286331176758,101.102844238281,10622,3033,6193.6943359375,1768.54406738281,0,377,219.828918457031,0,117,115,,,0.670565664768219,0.682227671146393,0.979463219642639,0.732082784175873,100,12,58.31005859375,6.9972071647644,6.98029708862305,19.0858948132759,515.053700015805,278.335100246445,,,,701.553201386653,379.119460029462,,,9928,144.519031300073
2015,GO,52008,Norte,80.4448371947178,96.9470000926447,80.4448371947178,97.6769911504425,86.891592920354,83.0752212389381,84.9557522123894,93.3075221238938,77.212389380531,87.5553097345133,81.6924778761062,80.2544247787611,71.0512924194336,1.1681056022644,31.5388526916504,67.1406784057617,,,,,,602.396545410156,153.865142822266,117.576187133789,7.59036159515381,359.2041015625,71.3916168212891,90.0845565795898,397.111938476562,81.1968536376953,96.6644744873047,8911,2228,6467.416015625,1617.03552246094,0,304,220.636795043945,0,97,92,,,0.6677166223526,0.704005599021912,0.947322964668274,0.816682755947113,125,0,90.7223663330078,0,5.38310241699219,20.1225528747585,686.09914959586,344.055686110992,,,,934.533728915773,468.637285857846,,,12838,234.544372657319
2015,GO,52006,Nordeste I,92.3280654905223,100,92.3280654905223,98.00796812749,86.5869853917663,96.0159362549801,94.5551128818061,85.9229747675963,88.7118193891102,94.2895086321381,82.4701195219124,98.273572377158,63.8888893127441,2.64550256729126,50.2645492553711,46.8253974914551,,,,,,598.236083984375,189.148178100586,92.3746871948242,6.61764717102051,408.863983154297,98.6636123657227,86.3154525756836,455.794647216797,111.085357666016,92.259651184082,1815,389,3991.90625,855.565551757812,0,89,195.746368408203,0,34,31,,,0.681813180446625,0.747795104980469,0.787934124469757,0.747795104980469,14,0,30.7915630340576,0,2.68106532096863,21.2421819867805,605.755753090719,327.270009794532,,,,825.098213693322,445.773563187975,,,5645,357.583872515544
2015,GO,52013,São Patrício I,98.3333233627863,100,98.3333233627863,100,95.1367781155015,95.8459979736575,93.3637284701115,92.806484295846,98.7841945288754,94.6808510638298,98.7841945288754,90.273556231003,74.977294921875,0.635785639286041,28.5195274353027,70.5722045898438,,,,,,695.809997558594,185.751022338867,157.91862487793,0.260869562625885,377.365936279297,76.3353576660156,108.135795593262,419.108459472656,87.2002868652344,116.888298034668,14098,4021,8530.025390625,2432.91479492188,4,543,328.543334960938,2.42020869255066,189,166,,,1.00438666343689,1.14354860782623,1.21570110321045,1.27151715755463,240,6,145.212524414062,3.63031315803528,8.24141597747803,19.4427781727864,739.996514207631,336.716240915112,,,,1007.94717820957,458.640248124861,,,12631,183.496023166449
2015,MA,21001,Açailândia,78.9034311003063,100,78.9034311003063,100,100,100,100,100,100,100,100,98.2112794612795,43.6014251708984,1.9413628578186,60.0237731933594,37.9160079956055,,,,,,421.105285644531,122.996101379395,103.539093017578,7.59075927734375,373.867248535156,102.986907958984,104.15128326416,415.335754394531,116.526809692383,111.405731201172,19117,5301,6642.13671875,1841.814453125,0,389,135.15673828125,0,123,111,,,0.385665744543076,0.427359342575073,0.390616863965988,0.483906269073486,213,0,74.0061264038086,0,5.87115287780762,19.4503596884369,471.714175515292,175.830648151026,,,,642.520556520735,239.498433092427,,,34736,331.069717596341
2015,MA,21005,Caxias,98.377386443988,99.3487996228829,98.377386443988,100,100,100,94.7667581340651,100,100,100,97.6283810270482,100,46.4644508361816,6.81993818283081,51.3523941040039,41.7117462158203,,,,,,509.059204101562,167.799758911133,126.182754516602,4.31654691696167,377.143035888672,110.003631591797,109.397964477539,420.701629638672,123.716766357422,119.364562988281,18349,5800,6109.04296875,1931.02893066406,21,571,190.106475830078,6.99165678024292,247,235,,,0.782399654388428,0.82235199213028,0.703410625457764,0.798047661781311,53,16,17.6456089019775,5.32697629928589,3.95228362083435,17.1762171465675,462.856345505167,124.784262127215,,,,630.455331087442,169.968293743609,,,45663,427.77622122305
2015,MA,21006,Chapadinha,99.4721370633819,100,99.178179105951,94.4462330972312,78.5415325177077,78.9600772698004,76.1751448808757,88.3612363168062,81.1976819059884,79.1532517707663,92.3374114616871,87.105602060528,41.4496955871582,3.11796855926514,58.7913856506348,38.0585021972656,,,,,,434.66650390625,164.600982666016,104.101943969727,4.07523488998413,311.763793945312,96.2737045288086,96.6431655883789,347.058319091797,109.527137756348,104.402702331543,21727,8417,5921.00244140625,2293.78540039062,0,452,123.178215026855,0,182,147,,,0.400601714849472,0.495983093976974,0.517648279666901,0.534544408321381,40,0,10.9007272720337,0,0.997689068317413,22.4744021729972,344.935987281192,137.066357477726,,,,469.836341614788,186.697701400757,,,60614,669.99950082245
2015,MA,21016,São Luís,52.1440570275623,54.2410400887742,44.438323126253,100,85.3823685608072,89.3697999645955,81.3639582226943,100,91.0116834838024,87.2986369268897,86.8649318463445,94.8574969021066,50.5271530151367,2.92911028862,53.0107192993164,43.5440483093262,,,,,,542.953125,117.510063171387,127.278968811035,1.22555410861969,408.891479492188,76.0359115600586,118.335777282715,455.354949951172,86.0455932617188,127.229354858398,69274,5694,4903.8505859375,403.073669433594,256,3129,221.499389648438,18.122034072876,1799,1984,,,1.40445756912231,1.27349758148193,1.52166676521301,1.30131769180298,844,135,59.7460784912109,9.55654144287109,25.2364177703857,24.6084632517079,639.132243865926,306.149305923097,,,,870.560238242762,417.005111634107,,,127182,222.763950400341
2015,MA,21002,Bacabal,99.6991592473262,100,99.6991592473262,100,82.7449146598083,78.2557867664251,71.7559036707973,100,76.8295534252981,79.050736497545,64.110357727379,63.2686462473697,53.8062705993652,2.07400417327881,57.1765251159668,40.6080589294434,,,,,,487.058532714844,158.611999511719,136.915069580078,3.14900159835815,352.665222167969,98.6142654418945,112.304252624512,393.622406005859,111.635353088379,122.317443847656,14760,4029,5521.4931640625,1507.18798828125,0,356,133.174224853516,0,170,120,,,0.448901861906052,0.635944306850433,0.578615784645081,0.74031400680542,18,0,6.73352813720703,0,1.80645596981049,20.983256117077,438.600946192158,146.171310772769,,,,597.41711965739,199.099532767889,,,41583,496.673078049236
2015,MA,21007,Codó,90.3378155900049,100,90.3378155900049,100,86.64363845711,89.0807906351948,73.3640376127423,94.8570331990021,83.9378238341969,84.6670504701593,100,82.8823642295145,39.9889068603516,2.66222953796387,61.6749877929688,35.6073226928711,,,,,,551.455505371094,164.912078857422,139.011383056641,5.70749092102051,407.369506835938,102.642639160156,119.801933288574,453.303527832031,116.761444091797,129.683151245117,16782,3027,5502.0966796875,992.423217773438,20,438,143.601379394531,6.5571403503418,262,233,,,0.763906896114349,0.858985424041748,0.809233129024506,0.939638257026672,14,10,4.58999824523926,3.2785701751709,1.05012607574463,23.2630823109344,413.933939216407,129.5380887128,,,,563.81825858342,176.443467613542,,,50719,505.797222332337
2015,MA,21014,Santa Inês,97.8626073177384,100,97.8626073177384,98.4417141144741,82.0647287983219,86.2601138747378,73.2244531015883,86.6646688642493,70.7671561282589,84.3422235540905,100,71.3365298172011,41.5027351379395,1.96716463565826,66.9279708862305,30.9865398406982,,,,,,471.367645263672,139.607238769531,120.546478271484,7.92349720001221,362.624603271484,90.9860153198242,105.991348266602,403.273193359375,101.597236633301,115.478462219238,27298,8591,7031.36279296875,2212.85205078125,0,792,204.001724243164,0,262,153,,,0.394094258546829,0.674854218959808,0.507943689823151,0.729267537593842,40,0,10.3031177520752,0,1.15523707866669,21.1842659649118,394.704904657411,143.993637970494,,,,537.626444498745,196.133330746698,,,56425,486.171578286914
2015,MA,21003,Balsas,96.4047205196231,100,94.5521910163754,100,100,100,100,100,92.8879857759716,100,98.5775971551943,100,58.5557670593262,1.54909431934357,59.0085792541504,39.3231658935547,,,,,,465.865264892578,124.291221618652,104.332046508789,14.6056470870972,350.506652832031,77.8406143188477,93.8826751708984,390.550628662109,89.3831329345703,102.079292297363,15745,5571,7142.208984375,2527.10375976562,0,341,154.683609008789,0,134,101,,,0.458153784275055,0.607847571372986,0.555227935314178,0.607507348060608,64,0,29.0315265655518,0,2.9045135974884,22.4395555076219,479.61999900305,275.538362599865,,,,653.289056537848,375.310031518733,,,28850,423.827309428877
2015,MA,21019,Zé Doca,100,99.0608875128999,100,100,95.7734749115136,97.0643347907558,92.5255048927753,100,88.7153862169477,100,97.7722256922757,93.2333957942952,34.0366249084473,7.22531843185425,54.538215637207,38.0772285461426,,,,,,384.822875976562,121.217498779297,102.437324523926,4.6140193939209,331.898101806641,94.3424224853516,98.8623733520508,370.199584960938,106.760688781738,107.690963745117,20204,6853,6898.8125,2340.01000976562,0,512,174.826370239258,0,151,112,,,0.382432669401169,0.515601217746735,0.536771595478058,0.572624623775482,4,0,1.3658310174942,0,0.536771595478058,17.7606711434026,338.104464300925,139.834696809145,,,,460.53114330827,190.46844864599,,,44655,537.338507564838
2015,MA,21008,Imperatriz,85.1328623648175,86.5514498380651,79.5475293092672,100,100,100,99.8960607005509,100,100,100,100,100,58.0123481750488,1.39174747467041,48.1427040100098,50.4459457397461,,,,,,561.285888671875,158.469711303711,121.050651550293,6.53333330154419,403.861267089844,100.22639465332,108.725624084473,450.652526855469,113.370460510254,116.937881469727,32772,6870,6131.48681640625,1285.34460449219,115,1120,209.546722412109,21.5159587860107,474,476,,,0.890573561191559,0.886831700801849,1.0243467092514,0.869805991649628,307,32,57.4382553100586,5.9870491027832,8.7175178527832,22.3512068234892,615.433524400493,209.921611593296,,,,838.280278873033,285.933638859411,,,55385,307.497221019444
2015,MA,21009,Itapecuru Mirim,92.4210492316885,98.6194886536448,92.4210492316885,100,100,100,96.1415305795709,100,100,100,98.3349343579891,100,45.9057464599609,1.58133709430695,52.9982795715332,45.1855316162109,,,,,,423.20849609375,143.487823486328,104.25707244873,4.06349229812622,324.974548339844,88.3857650756836,95.0042572021484,360.690490722656,99.4482879638672,103.360610961914,19311,5292,5188.93896484375,1421.98046875,0,473,127.096900939941,0,213,157,,,0.421864956617355,0.572339117527008,0.53519082069397,0.601829349994659,21,0,5.64277982711792,0,1.05466246604919,20.0209507177163,336.326078774093,137.670158213283,,,,458.108809365983,187.520136690547,,,55846,551.065381628442
2015,MA,21011,Pinheiro,92.2704900824968,100,92.2704900824968,100,84.7483477376716,80.3931537027622,64.6161667513981,92.7978308761227,89.6966615827826,84.5619386544654,85.2736824267073,82.1555668530758,35.5421676635742,6.32530117034912,68.022087097168,25.5689430236816,,,,,,406.982269287109,127.63045501709,81.7552490234375,7.74559211730957,296.993499755859,75.2117385864258,71.4547729492188,329.884918212891,85.0269470214844,76.2702178955078,27207,9382,6972.77490234375,2404.47583007812,0,682,174.787094116211,0,235,173,,,0.443374872207642,0.602272212505341,0.550310254096985,0.620981097221375,32,10,8.20115375518799,2.5628604888916,0.853945136070251,21.3151536089167,339.132402225428,141.849563285597,,,,461.931294674505,193.212892627031,,,66203,590.534265961405
2015,MA,21004,Barra do Corda,85.8090748642792,100,85.8090748642792,100,89.7235844850646,92.866696388765,87.0931787784218,97.5256353098529,88.0962995987517,93.669193045029,96.8345965225145,96.522514489523,25.1488399505615,9.91582870483398,58.5095481872559,31.1845607757568,,,,,,458.441375732422,134.060043334961,117.797019958496,3.93096828460693,367.824462890625,93.0293579101562,108.88639831543,408.918273925781,106.224105834961,116.300811767578,17263,5125,7587.79833984375,2252.64819335938,0,435,191.200393676758,0,145,98,,,0.43075031042099,0.637334644794464,0.485033631324768,0.683046877384186,35,0,15.3839387893677,0,0.784141361713409,20.0593442423854,352.144415328781,113.479478378545,,,,479.654921257253,154.570079480475,,,34235,422.578032002762
2015,MA,21013,Rosário,100,100,100,91.7400419287212,90.314465408805,91.2159329140461,81.0691823899371,90.020964360587,90.8176100628931,90.545073375262,79.559748427673,100,43.2779006958008,2.48447203636169,61.1500701904297,36.165096282959,,,,,,388.065368652344,123.271865844727,86.0837097167969,4.34782600402832,315.002166748047,84.6276702880859,82.5511474609375,351.133056640625,95.8672866821289,89.5730590820312,18250,6632,6284.11083984375,2283.62866210938,0,350,120.517189025879,0,170,143,,,0.492398798465729,0.585369229316711,0.648210346698761,0.624537289142609,22,0,7.57536649703979,0,1.33670783042908,19.6441033240813,337.934951259501,140.553425211975,,,,460.300250069596,191.447426589295,,,46011,602.766945410679
2015,MA,21018,Viana,97.78704309761,100,97.78704309761,97.982641332395,76.2608491672531,87.778559699742,65.1653764954258,78.348580811635,77.7152240206427,76.2139338494018,86.1599812338729,70.4198920947689,31.9570789337158,3.66223454475403,65.6169815063477,29.6944255828857,,,,,,458.456359863281,138.472534179688,107.784027099609,12.7346935272217,327.874603271484,80.7934646606445,90.8219375610352,366.314270019531,92.5336151123047,97.6832504272461,15282,5644,5719.2900390625,2112.267578125,0,418,156.436538696289,0,143,90,,,0.33682507276535,0.535177648067474,0.520581901073456,0.577655017375946,0,0,0,0,0.576719403266907,20.258829461388,361.701485102403,129.633350222159,,,,492.67257921283,176.573223048474,,,49400,657.273556451252
2015,MA,21015,São João dos Patos,97.469137091889,100,97.469137091889,100,88.0448968937614,91.6470895327591,77.2122161315583,87.75776559645,91.4904724614983,87.1574001566171,89.2456277734273,94.1529626729314,54.808895111084,1.79865097999573,51.3864593505859,46.5900573730469,,,,,,482.657348632812,161.298309326172,122.108184814453,8.11965847015381,336.334106445312,87.981086730957,100.025016784668,373.235656738281,99.7261276245117,108.28345489502,20368,8843,8402.36328125,3647.98193359375,0,631,260.304931640625,0,160,109,,,0.449655115604401,0.660044193267822,0.624463737010956,0.733783543109894,6,5,2.47516584396362,2.06263828277588,1.08577275276184,20.34355892238,426.521527352843,164.984690513801,,,,580.963777108154,224.725184589862,,,40221,569.717415094127
2015,MA,21010,Pedreiras,100,100,100,97.4251329415057,82.7315980968374,85.3624405261685,82.7875734676742,86.1460957178841,79.7089280716485,82.2558074447243,85.4464035824237,79.6809403862301,64.9885559082031,1.1155606508255,34.5251731872559,64.3306655883789,,,,,,545.378723144531,182.862274169922,170.488143920898,5.88235282897949,347.176727294922,92.0077743530273,122.626708984375,387.288543701172,104.021583557129,133.015106201172,17805,7140,8160.05712890625,3272.27221679688,0,454,208.06884765625,0,180,104,,,0.476633489131927,0.824942588806152,0.721366465091705,0.95487105846405,77,0,35.2892112731934,0,1.19204211235046,19.0201701544825,449.871021911079,158.034628406564,,,,612.768058210469,215.258524470697,,,35157,488.036035579504
2015,MA,21012,Presidente Dutra,97.0304817398788,100,97.0304817398788,100,100,100,100,100,99.2776715530062,100,85.3834714255364,100,56.168830871582,1.21212124824524,45.1731605529785,53.5281372070312,,,,,,489.873962402344,159.930465698242,110.560623168945,3.69056057929993,333.421203613281,85.0613784790039,86.3403015136719,372.435363769531,96.8574371337891,94.5634994506836,23135,8690,8043.45947265625,3021.29516601562,10,565,196.436325073242,3.47674918174744,259,134,,,0.465884387493134,0.900478065013885,0.677531540393829,0.942546725273132,10,2,3.47674918174744,0.695349872112274,0.898739695549011,25.933517254152,440.969735058599,233.652246606064,,,,600.64364033399,318.257070306724,,,45315,475.887527535615
2015,MA,21017,Timon,100,100,100,59.6153846153846,69.9349945828819,68.3369447453955,60.6175514626219,65.1679306608884,64.4366197183099,68.7432286023835,65.0054171180932,57.1776814734561,41.5198783874512,3.64871668815613,60.1660804748535,35.8329124450684,,,,,,535.562316894531,193.113388061523,141.152786254883,3.43773865699768,376.517181396484,108.817993164062,119.742561340332,416.749816894531,122.885444641113,128.844055175781,11681,2003,4779.14697265625,819.504455566406,0,251,102.693771362305,0,173,235,,,0.961475491523743,0.707809627056122,0.665975213050842,0.64214289188385,11,0,4.50052356719971,0,6.85716152191162,16.8277394186284,381.136207468982,115.8655639446,,,,519.144560083787,157.820159943147,,,33931,397.933328029236
2015,MG,31074,Patrocínio / Monte Carmelo,84.3660693446747,94.068099893675,76.8507040792511,100,100,100,100,100,100,100,100,100,81.7456970214844,0.629458665847778,18.4221572875977,80.7385635375977,,,,,,613.346435546875,153.467102050781,102.833396911621,9.44680881500244,341.863006591797,65.1686477661133,75.4275054931641,379.335968017578,73.3291625976562,80.4864883422852,13098,2697,6837.1162109375,1407.82580566406,15,236,123.191284179688,7.82995414733887,165,201,,,1.04921388626099,0.861294984817505,1.27484703063965,0.923934638500214,133,23,69.4255981445312,12.0059299468994,13.1365756988525,22.7721576117626,702.737410799042,342.397160427587,,,,957.19665787297,466.378212672391,,,9207,105.687073425272
2015,MG,31024,Sete Lagoas,89.9853874836239,80.8947074290217,80.1927111485713,100,100,100,100,100,100,100,100,100,66.2149810791016,2.49038648605347,24.354513168335,69.6209487915039,,,,,,641.538940429688,148.912292480469,102.793083190918,8.58369064331055,365.977264404297,69.3931350708008,77.8066253662109,407.182800292969,78.5981521606445,83.2578964233398,25377,4464,5822.72314453125,1024.25964355469,28,389,89.2555999755859,6.42456769943237,391,450,,,1.03251981735229,0.897144973278046,1.29845094680786,0.870184719562531,132,9,30.2872467041016,2.06503963470459,22.5089321136475,25.3173387276556,723.933477362513,375.055495915296,,,,986.06776073846,510.862039917315,,,18351,97.5495423365907
2015,MG,31059,Manhuaçu,95.764450379327,100,94.0035511467856,100,94.8975141735717,91.2778020061055,93.4583515045792,90.5364151766245,89.0536415176625,94.9411251635412,100,92.2808547754034,78.6175308227539,0.562148630619049,24.0474700927734,75.3487396240234,,,,,,617.832397460938,176.523544311523,123.979751586914,8.83898735046387,331.381988525391,75.4063339233398,88.9577102661133,370.401519775391,86.1661987304688,96.7593307495117,22103,4340,6524.58203125,1281.1240234375,20,551,162.649627685547,5.90379762649536,283,308,,,0.909184813499451,0.835387349128723,1.12947022914886,0.826974451541901,136,6,40.145824432373,1.77113926410675,7.36734914779663,24.9644801195243,576.632097976384,283.947944924034,,,,785.428964679258,386.76470003517,,,30816,209.486737292496
2015,MG,31060,Ponte Nova,96.910873596113,94.7023828694736,93.1150301597015,83.6486486486486,99.3243243243243,99.5045045045045,98.6486486486486,96.4864864864865,97.7927927927928,99.4144144144144,53.1981981981982,100,76.3724212646484,1.14185333251953,23.8910846710205,74.9231414794922,,,,,,739.800231933594,206.61930847168,116.19408416748,7.72640895843506,323.533386230469,70.7748794555664,74.2212600708008,360.540649414062,80.0226058959961,80.792106628418,12973,2794,6078.16845703125,1309.05749511719,24,325,152.270477294922,11.2445888519287,170,260,,,1.21816372871399,0.796491682529449,1.41107869148254,1.02899694442749,127,12,59.502613067627,5.62229442596436,13.0324783325195,22.3158759587342,728.317111746479,316.937613410867,,,,992.038696848006,431.69983502966,,,17304,199.875478855732
2015,MG,31037,Ipatinga,77.2468960250026,77.3285465206839,71.4057451801084,100,100,100,100,100,100,100,6.99922660479505,100,69.5199127197266,0.55824339389801,26.9445476531982,71.6598434448242,,,,,,555.114990234375,171.191925048828,98.4353561401367,1.451247215271,306.487762451172,74.3718948364258,76.0572891235352,340.097686767578,83.8147659301758,81.9241104125977,23528,4194,5923.24072265625,1055.85131835938,33,479,120.58960723877,8.30784320831299,330,574,,,1.44506120681763,0.830784320831299,1.48169124126434,0.738453984260559,217,17,54.6303634643555,4.27979803085327,31.8658657073975,23.7928166503575,862.07756972946,349.620709936417,,,,1174.23344181154,476.217389214835,,,23970,147.548016883713
2015,MG,31081,Santa Maria do Suaçuí,81.6469441120418,100,81.6469441120418,89.7769516728625,88.4758364312268,91.2639405204461,89.9628252788104,86.4312267657993,89.0334572490706,90.3345724907063,83.457249070632,98.8847583643123,56.7901229858398,1.02880656719208,40.7407417297363,58.0246925354004,,,,,,632.754638671875,175.640075683594,76.5610580444336,19.5729541778564,324.332702636719,64.1516189575195,49.6327934265137,358.838165283203,72.1452102661133,52.7104034423828,3531,1810,7951.0908203125,4075.75048828125,0,53,119.345176696777,0,26,22,,,0.495395064353943,0.585466921329498,0.659776151180267,0.56857842206955,3,0,6.75538730621338,0,2.15947222709656,16.0778181579684,397.745091843088,197.378949475182,,,,541.767474944427,268.849313938332,,,5488,346.667799730532
2015,MG,31072,Uberaba,72.4782977743169,58.2513527115576,58.4764499240078,93.1001345377667,88.1991158946762,93.9073611378051,86.1233903517202,80.6457812800307,88.2183355756294,86.6807610993658,83.5479531039785,89.1216605804344,61.0342979431152,2.13682889938354,25.6958160400391,71.26953125,,,,,,690.550903320312,170.518707275391,134.620040893555,4.29602909088135,361.195281982422,73.0007934570312,93.1969146728516,404.803894042969,83.9500350952148,101.355125427246,23494,3941,5856.96875,982.476928710938,65,670,167.028564453125,16.2042636871338,625,1206,,,3.00651407241821,1.55810225009918,3.25961232185364,1.58521318435669,364,36,90.7438735961914,8.97466945648193,34.6569290161133,26.6218365619694,727.056041121236,423.542605063247,,,,990.320996083432,576.906195405733,,,9997,59.7903008049544
2015,MG,31089,Campo Belo,100,100,100,78.8888888888889,88.1481481481482,86.9444444444444,90.462962962963,84.537037037037,91.8518518518518,89.1666666666667,7.77777777777778,100,80.5474090576172,0.684261977672577,24.633430480957,74.6823043823242,,,,,,779.588195800781,230.009063720703,121.110961914062,3.78590083122253,327.938934326172,71.4767150878906,72.3905258178711,364.655700683594,79.8567962646484,78.8601150512695,6139,1297,6247.90087890625,1320.00769042969,10,107,108.898094177246,10.1773920059204,88,120,,,1.22128701210022,0.895610511302948,0.980082869529724,0.94242650270462,28,1,28.4966983795166,1.01773917675018,12.2322072982788,28.0114736432486,729.697697825104,341.999609422874,,,,993.919189276698,465.836709562983,,,5368,115.382526235205
2015,MG,31062,Águas Formosas,100,100,100,100,100,100,99.7621878715814,100,100,100,97.384066587396,99.8810939357907,59.8717956542969,1.28205132484436,22.8205127716064,75.5128173828125,,,,,,738.982604980469,265.966400146484,159.91650390625,6.15034151077271,401.952301025391,106.282218933105,110.713569641113,442.102752685547,118.344909667969,117.732887268066,3540,1466,5958.994140625,2467.76416015625,0,93,156.549850463867,0,40,34,,,0.572332739830017,0.673332631587982,0.656078517436981,1.02009892463684,9,0,15.1499853134155,0,2.96939706802368,19.5291215671398,558.543421563262,276.797565384679,,,,760.790429229296,377.025188103093,,,8696,434.060224276254
2015,MG,31068,Pedra azul,100,100,100,100,97.9924717691343,97.2396486825596,98.7452948557089,97.741530740276,99.2471769134253,100,95.2321204516938,100,26.1336517333984,0.357995212078094,19.3317413330078,79.7136001586914,,,,,,585.476379394531,151.090682983398,88.13623046875,15.3225803375244,330.3623046875,72.8401031494141,67.8946304321289,366.258666992188,81.4378967285156,73.064079284668,4478,1451,7047.7509765625,2283.6728515625,0,155,243.948501586914,0,48,38,,,0.598067283630371,0.755453407764435,0.740895211696625,0.819981753826141,10,0,15.7386131286621,0,3.42157459259033,17.8254348477595,453.484749093061,192.948835380759,,,,617.690305877809,262.815067945428,,,9398,458.103505870216
2015,MG,31040,Resplendor,100,100,95.7553457525916,100,100,100,100,100,100,100,100,100,75.8904113769531,0.639269411563873,25.0228309631348,74.0639266967773,,,,,,720.221008300781,248.274932861328,154.333068847656,6.52173900604248,336.865905761719,86.9661254882812,91.7696304321289,375.591522216797,99.8293380737305,100.368240356445,9120,2465,10199.40234375,2756.74658203125,0,128,143.149505615234,0,82,77,,,0.861133813858032,0.917051553726196,0.868123531341553,0.916492402553558,25,0,27.9588890075684,0,8.27694988250732,20.2965072161353,526.299740352654,273.813741937614,,,,716.87140141317,372.96093054782,,,8536,230.320602071821
2015,MG,31008,São Lourenço,91.309424329491,91.7276220347455,91.309424329491,95.043630017452,92.9842931937173,95.043630017452,95.7417102966841,94.3455497382199,94.6596858638743,93.891797556719,86.0732984293194,90.6457242582897,79.8112564086914,1.17964267730713,14.8972024917603,83.8557434082031,,,,,,774.507446289062,245.594314575195,137.040084838867,3.42942357063293,336.737030029297,80.8217468261719,83.6278839111328,375.0498046875,91.5708847045898,89.5609512329102,20396,4839,7851.3193359375,1862.74438476562,30,580,223.267562866211,11.548321723938,224,359,,,1.38194918632507,0.862274706363678,1.58067655563354,0.969866573810577,127,2,48.8878974914551,0.769888162612915,26.2308578491211,24.6913127341385,641.094519893597,367.754351624549,,,,873.2330489209,500.917171739875,,,15563,136.756723074797
2015,MG,31006,Poços de Caldas,80.2342505274943,60.2432932868277,64.7000818154416,100,100,100,99.6212121212121,91.5909090909091,100,99.0151515151515,99.9621212121212,100,77.0579833984375,0.214745879173279,16.6070156097412,81.8181838989258,,,,,,730.8408203125,186.91911315918,118.713066101074,6.49734210968018,334.450256347656,61.2212448120117,78.9401779174805,373.740478515625,70.5205154418945,85.4191207885742,12314,1881,5315.75537109375,811.997375488281,42,314,135.548736572266,18.1307220458984,285,487,,,2.10230040550232,1.23029899597168,2.09798359870911,1.1542147397995,310,25,133.822006225586,10.7920970916748,37.9186782836914,27.3501487756059,857.153148809931,442.651956518022,,,,1167.52590187742,602.934989469553,,,5943,59.6655855043919
2015,MG,31041,Além  Paraíba,91.4488243430152,79.1390041493776,79.7786998616874,80.1515151515152,97.1212121212121,95.1515151515152,88.6363636363636,90.6060606060606,89.2424242424242,91.6666666666667,92.7272727272727,93.9393939393939,71.5492935180664,1.54929578304291,26.9014091491699,71.2676086425781,,,,,,868.666687011719,274.961029052734,210.16130065918,2.21774196624756,407.961273193359,117.767578125,127.19091796875,453.5146484375,130.678207397461,138.923690795898,3940,1124,6900.2958984375,1968.51086425781,5,97,169.880386352539,8.75672054290771,47,93,,,1.62875008583069,0.823131740093231,1.4177131652832,0.809558868408203,32,0,56.0430145263672,0,18.8899974822998,22.5317932937503,519.421010249155,331.289665435848,,,,707.501902416392,451.248724872184,,,3637,164.427476733576
2015,MG,31001,Alfenas / Machado,75.1127228972041,73.2493273392717,69.3223256513528,100,100,100,100,100,100,100,100,100,77.5182495117188,1.05109488964081,20.291971206665,78.5109481811523,,,,,,723.261535644531,221.557769775391,125.931015014648,6.28491640090942,350.708557128906,83.0000991821289,86.5550079345703,389.831665039062,94.6614151000977,92.9186325073242,20898,4503,7036.64794921875,1516.22290039062,36,523,176.10139465332,12.1217021942139,232,437,,,1.47143995761871,0.781176328659058,1.46251702308655,0.770317316055298,106,20,35.6916770935059,6.73427867889404,16.5121154785156,25.9706931647051,665.203909970263,325.358214373624,,,,906.072381579312,443.169512002839,,,14075,111.986323501213
2015,MG,31013,Barbacena,82.1468909823895,83.7977435880081,79.200737754502,100,100,100,98.8028731045491,100,100,100,100,92.2585794094174,70.019645690918,2.08251476287842,31.2770137786865,66.4832992553711,,,,,,734.751953125,221.192733764648,147.88801574707,4.35034799575806,351.393341064453,83.6273880004883,94.6415939331055,390.935211181641,94.5588226318359,102.383247375488,11660,2515,4969.37841796875,1071.86840820312,38,418,178.147521972656,16.1952285766602,300,553,,,2.3568320274353,1.27857077121735,2.65250158309937,1.32321417331696,176,2,75.0094833374023,0.852380514144897,18.0662040710449,21.9507254034195,733.636767090761,249.620223343971,,,,999.28458448446,340.007006672198,,,15208,152.387727542648
2015,MG,31094,Almenara/Jacinto,98.1019849735646,99.5530331138113,98.1019849735646,100,100,100,100,100,100,100,100,100,48.7987976074219,1.55155158042908,21.2712707519531,76.7267303466797,,,,,,682.319519042969,196.540878295898,95.6303405761719,19.6904563903809,355.688842773438,68.7578430175781,68.6303787231445,393.662658691406,78.0795593261719,73.0636749267578,11451,3661,6718.177734375,2147.869140625,0,371,217.661697387695,0,119,106,,,0.621890544891357,0.698160171508789,0.833685338497162,0.750375509262085,120,0,70.402702331543,0,3.54360270500183,19.3987195534591,520.416651592869,220.277164236932,,,,708.858062700445,300.038908094537,,,23729,401.273628227495
2015,MG,31036,Governador Valadares,88.9694601312249,83.3837745580369,82.6740222252274,100,100,100,100,100,100,100,100,100,70.877311706543,1.0209379196167,30.6454410552979,67.6414642333984,,,,,,694.550659179688,191.51904296875,123.522727966309,7.72357702255249,383.693084716797,83.4997482299805,92.8516693115234,428.951629638672,94.7579879760742,99.7043914794922,28442,5374,6691.873046875,1264.40222167969,42,520,122.346321105957,9.88181781768799,436,649,,,1.52697622776031,1.02582681179047,1.69984924793243,0.99135810136795,244,26,57.4086570739746,6.11731576919556,19.089319229126,17.0799565502031,713.393953886421,201.454474661452,,,,971.711905348011,274.400575373153,,,33215,206.547480940968
2015,MG,31092,Passos,81.6523012652757,71.9353676982546,70.4098340976207,100,100,100,100,100,100,100,100,100,68.8448104858398,2.80046677589417,13.6911706924438,83.4305725097656,,,,,,655.736145019531,147.166687011719,113.390716552734,9.86019134521484,329.653442382812,56.4732933044434,82.1105194091797,366.322021484375,64.3429946899414,87.95703125,14061,2791,6784.625,1346.69580078125,48,343,165.502197265625,23.1606578826904,289,353,,,1.70327341556549,1.39446461200714,1.95237112045288,1.38276362419128,121,14,58.3841590881348,6.75519180297852,15.3333206176758,29.5160015068367,602.710827216585,415.57145771092,,,,820.950728693374,566.048717935757,,,7089,72.4545366190995
2015,MG,31095,Serro,91.4378933549558,93.6580562956099,91.0305417197575,83.8862559241706,100,100,100,100,94.9447077409163,100,59.7156398104265,100,66.0349884033203,0.874635577201843,25.3644313812256,73.6151580810547,,,,,,596.104675292969,151.485336303711,106.236473083496,9.57095718383789,317.738372802734,61.0344619750977,84.7539672851562,354.804992675781,69.0447692871094,92.1603775024414,3975,887,7820.18505859375,1745.03247070312,0,79,155.420028686523,0,46,37,,,0.727916598320007,0.904977381229401,0.948750734329224,0.890222311019897,19,0,37.3795013427734,0,8.94353771209717,19.6702210585619,655.938442035287,411.993015633756,,,,893.451913670959,561.174532010806,,,5252,295.351952320714
2015,MG,31090,Lima Duarte,100,100,97.3807128980255,100,100,100,100,100,100,100,100,100,65.7966995239258,1.09890115261078,20.8791217803955,77.3351669311523,,,,,,800.448608398438,246.723205566406,157.005676269531,8.9316987991333,364.959899902344,89.9429702758789,95.5498199462891,406.850677490234,102.780303955078,103.759315490723,4471,1164,6267.6103515625,1631.73754882812,0,109,152.800170898438,0,67,70,,,0.981285512447357,0.939230382442474,1.03735899925232,0.87054044008255,51,0,71.4936599731445,0,7.19843006134033,21.976922746369,641.344965889828,414.321079673094,,,,873.574180710508,564.345581514537,,,6154,205.617197855965
2015,MG,31099,Teófilo Otoni / Malacacheta,92.3085897313522,100,84.0890048469036,91.8217710095883,90.1579244218838,90.1579244218838,92.1883812746757,91.8781725888325,93.8804286520023,92.2447828539199,87.2532430908065,94.1342357586012,55.7595977783203,1.94769060611725,36.3661651611328,60.9905395507812,,,,,,722.521606445312,210.422348022461,93.4017562866211,15.1560182571411,395.385559082031,92.8688354492188,73.2428207397461,440.863647460938,104.607231140137,78.8445434570312,14989,3292,5363.98046875,1178.07885742188,31,469,167.836868286133,11.093695640564,283,295,,,1.05569040775299,1.01274704933167,1.3586198091507,1.23712599277496,69,0,24.692419052124,0,12.0624256134033,20.9338835566262,663.296825671701,185.532502274859,,,,903.474747400721,252.713301405679,,,27653,288.420350218411
2015,MG,31035,Coronel Fabriciano/Timóteo,86.4288709142049,57.2037525549868,65.491081567408,100,100,100,100,100,100,100,100,100,71.7957534790039,0.342700481414795,28.0328998565674,70.8361892700195,,,,,,612.566162109375,156.989318847656,131.923797607422,4.16367530822754,334.526428222656,66.8801040649414,97.5426559448242,373.920471191406,76.3983840942383,106.341926574707,11381,1953,5004.7490234375,858.823913574219,18,110,48.3720588684082,7.91542816162109,144,277,,,1.21809637546539,0.633234262466431,1.38432037830353,0.664456188678741,158,18,69.479866027832,7.91542816162109,31.3143119812012,20.2449068710439,371.752503291518,244.544374655097,,,,506.36304292089,333.093207397822,,,9615,96.7543094581166
2015,MG,31045,Muriaé,100,89.2143105647686,98.2163980053346,99.6446700507614,96.8527918781726,97.5634517766497,94.3654822335025,87.6142131979695,92.0812182741117,93.5532994923858,100,99.5939086294416,58.2226753234863,1.88968336582184,22.8804893493652,75.1787567138672,,,,,,791.552124023438,221.821380615234,155.85871887207,5.53097343444824,367.12255859375,75.8332824707031,104.280479431152,411.721893310547,87.1198196411133,114.66478729248,12509,3433,7302.009765625,2003.98107910156,45,429,250.424667358398,26.2683219909668,194,260,,,1.51772522926331,1.1324565410614,1.61871242523193,1.19112253189087,261,32,152.356262207031,18.6796951293945,14.1037540435791,22.8296310706914,518.027215953667,277.334389392681,,,,705.603419112527,377.756394579978,,,10002,140.121730905752
2015,MG,31046,Santos Dumont,95.8188690889455,90.3417418807375,88.1238910745969,86.219739292365,71.3221601489758,71.5083798882682,71.1359404096834,68.1564245810056,70.2048417132216,70.7635009310987,80.0744878957169,67.5977653631285,60.115608215332,2.11946058273315,25.8188819885254,70.7129058837891,,,,,,757.040893554688,219.659530639648,168.667144775391,7.77202081680298,362.611419677734,97.0912246704102,103.80012512207,407.384613037109,110.513465881348,112.784088134766,2919,651,5724.87646484375,1276.77099609375,6,56,109.829765319824,11.7674751281738,35,59,,,1.15713500976562,0.686435997486115,1.43367063999176,0.744783103466034,24,0,47.0699005126953,0,25.5903358459473,24.3419795203006,520.236857269589,282.152330048406,,,,708.613165356567,384.318898045172,,,3085,142.194500435561
2015,MG,31064,Araçuaí,100,100,99.7850476514263,100,100,100,100,100,100,100,100,96.2596259625963,66.1054992675781,1.45903480052948,21.6610546112061,76.7676773071289,,,,,,691.459777832031,148.090408325195,80.1692428588867,20.9339771270752,366.656311035156,47.9288940429688,63.2329521179199,406.058319091797,54.3347320556641,67.2260894775391,5240,1296,5834.53955078125,1443.04638671875,0,160,178.153884887695,0,72,82,,,0.913038611412048,0.801692485809326,0.788052558898926,0.847622752189636,17,0,18.9288501739502,0,2.62331581115723,21.2387011111786,535.606410186169,208.497066983706,,,,729.547990312058,283.993270638883,,,11034,309.890504404741
2015,MG,31075,Uberlândia / Araguari,56.1541356867223,44.647500763654,46.029285414381,100,100,100,97.4702123985495,88.8620272837161,99.2920048350889,98.3854256605077,100,100,83.5171051025391,0.466800808906555,12.8531188964844,86.6639862060547,,,,,,600.845031738281,120.283027648926,122.335243225098,5.33206844329834,337.33984375,51.3638572692871,86.0641021728516,376.186828613281,58.5692825317383,93.4234466552734,48852,7340,5569.73095703125,836.8505859375,164,1185,135.104629516602,18.6980247497559,854,2150,,,2.45126533508301,0.973665416240692,2.75134587287903,0.956079006195068,606,77,69.0914840698242,8.77895069122314,32.3638877868652,28.2316624621759,765.983299456061,427.32120894985,,,,1043.34370557016,582.05302117038,,,21847,58.2766982051582
2015,MG,31061,Viçosa,79.2199348362871,75.4394167409377,79.2199348362871,100,95.5901426718547,93.6446173800259,91.1154345006485,87.4837872892348,95.0064850843061,92.7367055771725,100,97.9896238651102,78.831169128418,0.714285731315613,25.4545459747314,73.5714263916016,,,,,,559.921142578125,141.267883300781,92.7070465087891,7.49014472961426,285.734649658203,58.596752166748,64.0613250732422,316.926635742188,66.4345626831055,69.0485687255859,7072,1024,5203.36669921875,753.4287109375,19,151,111.101303100586,13.9796342849731,97,152,,,1.11837065219879,0.713697075843811,1.40384960174561,0.842272937297821,117,5,86.0851135253906,3.67885112762451,24.1214904785156,22.5279671373841,715.502950605169,270.920493512158,,,,974.58456386829,369.020044975648,,,9725,192.624367808949
2015,MG,31082,São Gotardo,96.7548459693,92.4821129063077,96.7548459693,100,100,100,100,100,100,100,85.4166666666667,100,79.3528518676758,0.462249606847763,18.2588596343994,81.2018508911133,,,,,,610.677185058594,194.988159179688,101.77953338623,3.68421053886414,324.273742675781,80.9588623046875,73.1650848388672,361.372619628906,91.5307922363281,78.6759185791016,4631,894,4961.484375,957.799011230469,0,103,110.350440979004,0,77,73,,,0.782095372676849,0.82494992017746,0.941460728645325,0.844234466552734,33,0,35.3549957275391,0,8.66733074188232,26.7269094966393,673.791549011314,430.876199640478,,,,917.769580650822,586.895264027452,,,4203,101.865269043365
2015,MG,31086,Divinópolis,81.3720012363584,44.9499512589458,61.6407903183623,100,95.1281400659731,96.9804618117229,98.3252981476783,97.8685612788632,98.4014209591474,97.3610758690688,89.7741689926415,97.0312103527024,82.5850982666016,1.15934884548187,22.0029602050781,76.7390213012695,,,,,,593.889709472656,155.662551879883,101.403038024902,6.14078903198242,309.742736816406,64.1942977905273,70.6730041503906,344.250122070312,72.9407958984375,76.5587997436523,12224,1966,3624.41748046875,582.919250488281,22,370,109.705039978027,6.52300262451172,503,636,,,1.88574075698853,1.49139559268951,2.0238356590271,1.59457767009735,363,35,107.629539489746,10.3775043487549,49.9575996398926,26.8438110925754,698.82645139455,312.739399888754,,,,951.869551028323,425.981460156413,,,6932,43.6971102075199
2015,MG,31070,Araxá,77.1559074299634,73.8932565607352,63.9652308714428,100,95.0158586316266,97.6891708201178,92.4331671952877,100,91.6628908019937,92.3425464431355,92.5690983235161,100,70.2734375,1.875,22.1484375,75.859375,,,,,,615.8125,182.095092773438,111.464263916016,5.64516115188599,353.665069580078,86.4258804321289,85.195198059082,394.151336669922,98.0628204345703,92.0425262451172,10942,2884,6037.83154296875,1591.40075683594,17,333,183.750503540039,9.38065624237061,181,228,,,1.25811147689819,0.998763978481293,1.28225290775299,1.01807713508606,81,2,44.6960678100586,1.10360658168793,24.3946723937988,22.0211043148315,566.049890625942,452.027850273709,,,,771.014969703175,615.705868078835,,,6455,91.7495696489122
2015,MG,31002,Guaxupé,72.6594549127488,59.69346598548,57.8705331595894,99.8149290561382,97.1622455274522,99.5681677976558,97.8408389882788,96.7921036397286,98.2726711906231,97.9025293028994,83.8988278840222,100,86.3387985229492,0.48573163151741,8.56101989746094,90.7710952758789,,,,,,754.809020996094,210.482299804688,153.331481933594,5.17082166671753,346.979675292969,70.5317611694336,93.4672164916992,386.704406738281,79.6333236694336,101.821983337402,10020,2625,6983.5517578125,1829.52331542969,7,199,138.695281982422,4.87872886657715,106,180,,,1.25453019142151,0.738778948783875,1.30715084075928,0.726233601570129,86,2,59.9386672973633,1.39392244815826,15.3826313018799,27.6211774637828,506.242670960292,375.390772646353,,,,689.551723402481,511.318719413096,,,5878,96.8121785250604
2015,MG,31087,Lagoa da Prata/Sto Ant do Monte,87.8158793969849,85.1658291457287,87.0150753768844,100,100,100,100,100,100,100,100,100,78.5028762817383,1.15163147449493,19.0019187927246,79.782470703125,,,,,,607.741455078125,158.366500854492,111.740821838379,5.8201060295105,327.272979736328,60.8444557189941,79.8734970092773,366.696594238281,68.9692459106445,87.5230865478516,7480,1421,6013.103515625,1142.32885742188,10,150,120.583625793457,8.03890800476074,110,108,,,0.868202090263367,0.884279906749725,1.00787818431854,0.942160069942474,40,0,32.155632019043,0,29.2543907165527,28.0329018675434,634.212509405388,402.268346006695,,,,863.859081721303,547.928586764547,,,4261,80.359124801234
2015,MG,31044,Leopoldina / Cataguases,80.9909415317046,76.656601701894,80.9909415317046,100,100,100,100,100,100,100,100,100,73.9915084838867,0.902335464954376,29.9363059997559,69.108283996582,,,,,,783.849182128906,239.693984985352,168.283996582031,3.53107333183289,352.760009765625,89.7654876708984,106.603561401367,391.430541992188,100.464485168457,114.606536865234,12114,3335,6705.89599609375,1846.14196777344,16,214,118.463081359863,8.85705280303955,147,247,,,1.36730754375458,0.813741743564606,1.43857908248901,0.867714405059814,86,2,47.6066589355469,1.10713160037994,15.4345216751099,24.1954642179838,556.132964185762,275.535127197394,,,,757.507151990555,375.305624586094,,,10194,132.128261370509
2015,MG,31027,Turmalina/Minas Novas/Capelinha,100,100,97.9558015494397,100,100,100,100,100,100,100,95.0713359273671,98.1841763942931,76.0886154174805,1.60427808761597,16.5775394439697,81.6653900146484,,,,,,472.411499023438,98.3851852416992,51.225341796875,20.3098106384277,317.500854492188,51.263370513916,45.5003318786621,355.943511962891,60.2016677856445,48.0622253417969,9637,2719,7835.85107421875,2210.82080078125,0,168,136.60090637207,0,94,72,,,0.585432469844818,0.764314651489258,0.822248041629791,0.737482309341431,16,0,13.0096111297607,0,4.32081699371338,20.4080152053342,469.2097202758,230.551794062768,,,,639.109245057598,314.033952586318,,,12992,262.599981958192
2015,MG,31058,Unaí,69.4780256728284,79.593986760113,65.9700533480775,100,100,100,98.7146529562982,93.4590117109397,98.3147672093688,100,66.6381033990289,99.2287917737789,72.2267837524414,1.15036976337433,24.9794578552246,73.6784439086914,,,,,,531.3369140625,109.789642333984,71.1946487426758,18.3356838226318,356.903167724609,60.559986114502,61.111515045166,397.321411132812,68.8357543945312,65.6303634643555,12259,2033,4593.5537109375,761.78271484375,8,272,101.920753479004,2.9976692199707,181,241,,,0.903047859668732,0.67822265625,1.02923107147217,0.6180819272995,274,0,102.67017364502,0,11.8014497756958,27.7202378952709,640.453981185059,442.269019004129,,,,872.36057294107,602.413391355037,,,18411,182.981600067748
2015,MG,31019,Curvelo,95.9172393513325,88.007384092617,85.2590422461582,100,95.3620444865121,97.3497397065783,96.0719356365357,95.551348793185,100,95.7879791765263,60.1514434453384,100,37.2477073669434,1.97247707843781,31.8807334899902,65.2293548583984,,,,,,693.100280761719,155.728225708008,108.571083068848,13.212025642395,357.339508056641,60.6810493469238,76.5807571411133,399.532165527344,68.9902954101562,82.9458389282227,10530,1848,5774.0078125,1013.33013916016,20,147,80.6058044433594,10.966775894165,119,176,,,0.965076327323914,0.652523159980774,1.10106432437897,0.665546238422394,67,0,36.7387008666992,0,12.8196134567261,24.4738691614964,623.799119186424,325.110761345412,,,,849.675032086909,442.832456926583,,,12557,164.230947112803
2015,MG,31030,Formiga,92.5515865291026,98.3883265200182,92.5515865291026,100,100,100,100,100,100,100,100,100,80.7407379150391,0.493827164173126,15.3909463882446,83.7860107421875,,,,,,752.804565429688,248.474716186523,138.58821105957,4.35729837417603,338.449432373047,89.7589645385742,85.9379425048828,378.91552734375,101.915672302246,94.1180953979492,7467,1614,6123.302734375,1323.55834960938,35,308,252.574951171875,28.7016983032227,155,132,,,1.08246409893036,1.27107524871826,1.48736310005188,1.34938991069794,123,1,100.86597442627,0.820048570632935,17.6318645477295,23.8200759438944,582.108071243733,339.225246886625,,,,792.88777252065,462.05775812733,,,3667,74.1165669610293
2015,MG,31021,Itabira,94.7657521883137,98.0826614731551,94.7657521883137,100,100,100,100,91.5342199156666,100,100,40.7395394096659,82.2899772948427,62.4472579956055,1.17540681362152,21.9107894897461,76.7329711914062,,,,,,589.216491699219,159.868286132812,91.4151992797852,6.25,327.629180908203,73.5243301391602,73.8724899291992,362.763610839844,82.3257751464844,79.3339767456055,12312,2454,5334.14208984375,1063.18908691406,12,288,124.775253295898,5.1989688873291,326,348,,,1.50770092010498,1.41238653659821,1.71739268302917,1.56608104705811,96,4,41.5917510986328,1.73298966884613,35.2425117492676,25.1202783608371,1074.46136067142,722.613353818311,,,,1463.52080826166,984.269624158464,,,10174,106.023517867376
2015,MG,31015,São João Del Rei,80.3001962725,79.6283404069719,76.4485581520189,100,99.802371541502,98.5375494071146,99.9604743083004,96.8774703557312,100,99.7233201581028,84.3873517786561,100,71.8834915161133,1.32038831710815,36.7766990661621,61.7087364196777,,,,,,733.544860839844,208.316604614258,152.540145874023,8.29493045806885,368.638793945312,78.9750289916992,101.614761352539,411.132598876953,90.3647155761719,110.380653381348,14103,3732,5959.20703125,1576.95251464844,26,443,187.189163208008,10.9862718582153,193,279,,,1.17891144752502,0.815519392490387,1.3282824754715,0.834428429603577,154,0,65.0725326538086,0,18.368200302124,21.8333224597791,601.29210086068,299.957293741495,,,,819.018285499884,408.570989194263,,,11880,106.764537155372
2015,MG,31023,João Monlevade,90.4969127574803,65.0352673328674,70.006556337673,100,100,100,100,100,100,100,81.3789039481438,97.1714790807307,77.0685577392578,1.24113476276398,20.0945625305176,78.5460968017578,,,,,,645.480163574219,179.542343139648,86.5001602172852,12.8378381729126,316.208526611328,63.6620140075684,57.2165870666504,349.820770263672,72.0479049682617,62.1324691772461,8006,1810,5819.498046875,1315.67468261719,6,185,134.475036621094,4.36135244369507,97,152,,,1.10487604141235,0.705085337162018,1.71764600276947,0.827384948730469,92,4,66.8740768432617,2.90756845474243,26.3825492858887,29.9473915011592,702.877765818516,442.600460168482,,,,957.387835051659,602.86484643616,,,6207,103.169120154201
2015,MG,31097,Juiz de Fora,82.3480592970035,54.4935751640375,61.2071436025795,100,96.4982206405694,100,99.6156583629893,100,100,97.8932384341637,100,100,65.2724304199219,1.62355530261993,21.9592742919922,75.1238327026367,,,,,,752.661743164062,178.336212158203,143.000762939453,5.46616697311401,367.972808837891,69.6756591796875,97.5715560913086,409.012878417969,78.870491027832,105.295928955078,37959,6118,6297.17626953125,1014.9404296875,189,1628,270.07568359375,31.3539943695068,892,2352,,,3.90183043479919,1.47977578639984,3.90000557899475,1.6175924539566,647,65,107.333518981934,10.7831201553345,36.5775032043457,27.5951571658559,923.010559190577,363.918228958653,,,,1257.23009599574,495.691999807145,,,18675,76.3178250830266
2015,MG,31016,Belo Horizonte/ Nova Lima/ Caeté ,93.6258270010694,53.6661120817423,74.5874933406629,89.0490965504654,91.1252053294397,95.6036685526556,89.1745756524913,78.7894688811827,91.4103851067713,88.1570542069721,83.1264829348421,92.3434933382004,75.741828918457,0.748489677906036,24.0205230712891,74.908935546875,,,,,,590.213928222656,124.109008789062,96.5624923706055,4.93607950210571,310.883453369141,48.9842147827148,68.6679763793945,348.827056884766,56.305362701416,74.3552932739258,182583,28775,5466.87451171875,861.576965332031,803,6452,193.184875488281,24.0433120727539,5014,14346,,,4.29545927047729,1.50128483772278,3.91551184654236,1.52595686912537,4333,747,129.738067626953,22.366569519043,44.1581039428711,22.7442585771331,1081.29326887249,388.888191045717,,,,1472.82653127636,529.703515189222,,,101201,72.6153013650254
2015,MG,31085,Taiobeiras,100,100,100,100,100,100,100,100,100,100,98.6650485436893,100,82.9353561401367,0.349446713924408,10.8910894393921,88.5847396850586,,,,,,528.149658203125,118.100128173828,77.7553634643555,16.3888893127441,305.086730957031,47.851448059082,61.3262176513672,338.052429199219,54.225284576416,66.4567947387695,8837,2111,6482.30322265625,1548.50537109375,10,163,119.567207336426,7.3354115486145,113,78,,,0.572162091732025,0.828901529312134,0.763249576091766,0.869429647922516,7,0,5.13478803634644,0,0.982945144176483,20.0981334973013,520.097938957874,217.728062333179,,,,708.42394511349,296.566783535128,,,16965,345.513536781246
2015,MG,31017,Betim,91.1643885841668,74.8322236236178,75.150910744141,100,100,100,100,100,100,100,88.0303484077069,100,71.5855255126953,0.833491206169128,25.4214820861816,73.148323059082,,,,,,540.903930664062,115.586456298828,80.881477355957,12.0268459320068,375.5546875,67.5480575561523,68.3010177612305,418.257690429688,76.8422164916992,73.7358627319336,33401,4465,4850.1298828125,648.358703613281,46,668,96.9996871948242,6.67961931228638,576,786,,,1.14134359359741,0.836404502391815,1.5956666469574,0.810085356235504,142,13,20.6196937561035,1.88771855831146,30.3635158538818,28.7859259564164,928.026544693093,606.999407097293,,,,1264.06235579175,826.792191330417,,,35469,122.224026972708
2015,MG,31047,São João Nepomuceno / bicas,87.0063817176882,90.0042728563355,82.8713594574851,68.7253613666229,100,100,100,100,100,100,52.299605781866,100,47.1131629943848,2.19399547576904,25.5196304321289,70.7852172851562,,,,,,771.154663085938,232.041122436523,155.620391845703,5.2252254486084,343.262084960938,80.1083984375,97.6135711669922,377.800567626953,90.5022735595703,104.283882141113,5541,1699,7699.04150390625,2360.70581054688,0,92,127.831039428711,0,49,89,,,1.23662638664246,0.680839240550995,1.11817419528961,0.708975970745087,28,0,38.9050979614258,0,16.2512149810791,23.0301904021928,539.110840182774,374.291664036665,,,,734.321364589493,509.82162665602,,,3309,122.043549309615
2015,MG,31011,Três Pontas,67.4353214809151,63.3889313706748,56.0608232970114,99.1239048811014,96.6207759699625,97.622027534418,97.4342928660826,95.0563204005006,96.1827284105131,96.6833541927409,97.4968710888611,95.4943679599499,82.1763610839844,0.625390887260437,13.5084428787231,85.7410888671875,,,,,,696.132263183594,183.489196777344,142.445556640625,5.20231199264526,352.108734130859,68.7710876464844,92.5893096923828,389.768707275391,77.2102890014648,100.536331176758,8876,1685,7143.2021484375,1356.04956054688,10,159,127.959564208984,8.04777145385742,104,135,,,1.08644914627075,0.836968243122101,1.18483316898346,0.807191491127014,51,0,41.0436363220215,0,19.3653526306152,31.9724154185281,601.704035391345,363.299184046109,,,,819.579380369683,494.848800466603,,,6507,134.297765346236
2015,MG,31083,Bocaiúva,94.2317429406037,100,94.2317429406037,92.8874734607219,100,100,100,100,100,100,73.036093418259,100,65.4676284790039,1.95272350311279,30.6269264221191,67.3175735473633,,,,,,660.908264160156,134.799102783203,111.241981506348,17.6237621307373,428.2431640625,70.1675720214844,94.8719024658203,476.529663085938,79.427001953125,100.345367431641,5204,812,6810.626953125,1062.68811035156,0,64,83.7586669921875,0,47,55,,,0.719801068305969,0.615102708339691,0.741722285747528,0.600052356719971,0,0,0,0,7.17576217651367,19.3323008072466,441.214937483064,230.63284545607,,,,600.977629869191,314.144352461994,,,8259,311.862679732238
2015,MG,31028,Bom Despacho,98.73446348979,99.6579376372254,98.73446348979,100,100,100,100,100,100,100,84.8731884057971,100,73.4230422973633,0.504625737667084,23.2127838134766,76.198486328125,,,,,,717.964294433594,193.48046875,99.5855331420898,4.88771486282349,338.509216308594,67.2047500610352,64.275276184082,374.818237304688,76.6999588012695,68.8560180664062,7140,1538,6771.81640625,1458.69091796875,0,196,185.892990112305,0,96,119,,,1.12863600254059,0.910496294498444,1.34748709201813,0.915475606918335,60,0,56.9060211181641,0,17.6949272155762,23.6622500989947,628.524581431317,350.947018324975,,,,856.111570967873,478.023950153997,,,4271,97.0126945501923
2015,MG,31034,Caratinga,94.175826356097,90.4616880282529,91.1997539780167,100,100,100,100,100,100,100,100,100,73.6310653686523,1.66990292072296,27.8446598052979,70.3689346313477,,,,,,674.817810058594,185.449935913086,162.456130981445,3.11111116409302,348.788909912109,71.0429840087891,117.727684020996,388.205596923828,80.7484664916992,126.847663879395,11762,2038,5879.41259765625,1018.72491455078,16,217,108.470710754395,7.9978404045105,143,228,,,1.13969230651855,0.714806973934174,1.00797784328461,0.72492927312851,85,0,42.4885292053223,0,7.3400182723999,23.2162196326169,594.164180729316,251.924739417219,,,,809.309365464491,343.145981557311,,,19660,238.591007272888
2015,MG,31007,Pouso Alegre,85.2352398785981,72.5478687450654,74.0167334705385,100,100,100,100,100,98.7850315891787,100,90.5556455532156,99.3196176899401,71.6914672851562,2.1763482093811,19.4271087646484,78.3325347900391,,,,,,647.167175292969,177.015914916992,117.632377624512,7.04266500473022,322.957824707031,71.1168365478516,83.4278717041016,361.506286621094,81.5144195556641,90.0002746582031,26647,5853,5039.46923828125,1106.91687011719,35,491,92.8577117919922,6.61918497085571,442,836,,,1.58103966712952,0.835908532142639,1.5746568441391,0.828580141067505,276,37,52.1970024108887,6.99742412567139,23.7163505554199,23.1834789088568,602.6788766819,369.031545791215,,,,820.907208959619,502.656834335037,,,17777,75.9110390565597
2015,MG,31053,Januária,97.8234342140564,90.4023401327575,97.8234342140564,89.3476959904249,100,100,100,100,100,100,87.0736086175943,100,60.324390411377,1.12289452552795,38.3655662536621,60.4491577148438,,,,,,644.348937988281,137.20637512207,93.7866363525391,21.698112487793,382.880493164062,61.8233909606934,77.2406845092773,421.523864746094,69.8373107910156,82.7885971069336,3749,425,3255.61206054688,369.067779541016,0,94,81.6291122436523,0,79,74,,,0.642612159252167,0.686031877994537,0.663236498832703,0.694498717784882,0,0,0,0,3.86956715583801,22.4598880951063,438.434876611291,201.479695319501,,,,597.190916746691,274.434928360802,,,15222,442.559543974718
2015,MG,31051,Francisco Sá,100,100,100,36.7892976588629,95.4292084726867,95.0947603121516,98.6622073578595,95.5406911928651,93.0880713489409,100,19.5094760312152,100,74.4444427490234,1.23456788063049,19.3827152252197,79.1358032226562,,,,,,542.524963378906,138.69059753418,77.5035705566406,21.8045120239258,359.636993408203,71.7291259765625,71.9436187744141,395.436798095703,81.405029296875,75.6657867431641,4573,1003,6217.9619140625,1363.79089355469,0,119,161.805694580078,0,59,48,,,0.652661621570587,0.802229940891266,0.83282345533371,0.785233557224274,3,0,4.07913541793823,0,3.26874709129333,19.0205622998808,546.868853979332,242.301886323983,,,,744.88853344045,330.038720326442,,,9029,369.766801029309
2015,MG,31048,Ubá,79.8808361513245,70.6186433554678,77.9411099113545,97.2872644203312,100,100,99.8286693318104,94.8886350656768,96.2592804111936,100,100,100,73.8601837158203,1.38159716129303,24.0397891998291,74.5233459472656,,,,,,697.665344238281,186.498184204102,127.143104553223,6.88052082061768,354.857452392578,73.6870346069336,87.7373428344727,396.266387939453,83.1847381591797,95.3124008178711,23317,6405,7562.74462890625,2077.42749023438,44,684,221.851745605469,14.271164894104,230,338,,,1.0962849855423,0.745992720127106,1.22180640697479,0.761966705322266,268,6,86.9243698120117,1.94606792926788,28.8066711425781,21.8293057724244,446.428876039426,267.687291649276,,,,608.079520965084,364.616109779057,,,17493,132.602853119407
2015,MG,31077,João Pinheiro,79.2144116350815,100,79.2144116350815,96.1620469083156,100,100,100,100,93.2835820895522,100,70.2558635394456,78.2515991471215,72.3205947875977,1.02516305446625,28.8909606933594,69.9906768798828,,,,,,560.605834960938,146.122833251953,88.516716003418,3.75939846038818,372.896606445312,80.7247085571289,76.1588363647461,414.011566162109,93.4705429077148,82.1777954101562,3881,540,5452.91064453125,758.714660644531,0,50,70.2513580322266,0,54,59,,,0.828966021537781,0.75871467590332,1.2005957365036,0.691975891590118,12,0,16.8603267669678,0,10.0234642028809,30.3415262895991,617.032352322404,407.61262568306,,,,840.458037904857,555.208015134723,,,5000,193.703300290727
2015,MG,31049,Brasília de Minas/São Francisco,99.835657927569,95.6875263506595,99.3981294258353,91.016548463357,100,100,100,100,100,100,77.7440054035799,100,70.4606170654297,1.00133514404297,23.4312419891357,75.4339141845703,,,,,,607.548706054688,129.506088256836,83.0055847167969,18.9556503295898,372.608795166016,56.4069061279297,67.3245544433594,410.980926513672,63.2107315063477,71.768684387207,13949,2672,6062.01513671875,1161.208984375,10,300,130.375259399414,4.34584188461304,149,118,,,0.5128093957901,0.647530496120453,0.75248259305954,0.75617653131485,6,0,2.60750532150269,0,1.18076527118683,21.8909444418759,547.445857456065,213.99508821212,,,,745.674468259093,291.482109946255,,,32013,404.213662863381
2015,MG,31003,Itajubá,79.9142439943936,77.6116268734708,72.8379084520455,98.5294117647059,100,100,100,100,100,100,95.5882352941177,100,79.6180953979492,0.332087993621826,19.1780815124512,79.7426300048828,,,,,,707.576232910156,211.533248901367,125.736541748047,5.22648096084595,331.021087646484,71.4541854858398,82.9687957763672,368.761169433594,81.3806381225586,90.4559555053711,13557,2938,6684.74658203125,1448.68225097656,33,256,126.229629516602,16.2717876434326,207,389,,,1.91809868812561,1.02068483829498,1.87211859226227,1.05273532867432,81,3,39.9398422241211,1.47925341129303,24.1798763275146,25.0492253075612,525.339388772923,351.755225646041,,,,715.563309217743,479.124807081072,,,9211,113.239752668028
2015,MG,31055,Pirapora,94.3992406682669,100,94.3992406682669,100,100,100,100,100,100,100,85.6548856548857,100,75.1282043457031,0.769230782985687,19.6923084259033,79.4871826171875,,,,,,553.412231445312,114.976760864258,86.5788879394531,17.3967456817627,358.881927490234,55.1058616638184,75.4008712768555,400.035034179688,62.4639549255371,80.6157302856445,8549,1372,5921.30322265625,950.289855957031,10,192,132.985168457031,6.92631101608276,108,105,,,0.727262675762177,0.748041570186615,1.10561239719391,0.844490468502045,177,10,122.595703125,6.92631101608276,8.12594795227051,18.9475040624971,630.19698854382,229.772178179877,,,,858.389552009,312.972039977056,,,14415,258.083148811821
2015,MG,31073,Ituiutaba,69.9063594927289,71.3672961045136,65.0016020175085,100,100,100,99.2074592074592,98.8344988344988,100,100,100,100,75.2803955078125,1.61507403850555,21.5791835784912,76.8057403564453,,,,,,763.732360839844,206.160873413086,140.04362487793,5.79413747787476,359.856231689453,77.1330108642578,92.8766174316406,400.990173339844,87.4591064453125,99.0302429199219,11634,2638,6056.7568359375,1373.36462402344,10,236,122.863555908203,5.20608282089233,116,224,,,1.16616249084473,0.603905618190765,1.47813701629639,0.720261573791504,98,5,51.0196113586426,2.60304141044617,17.6251926422119,23.5041228984068,680.730731837772,434.639768002798,,,,927.221422132126,592.021609946609,,,8399,98.7868681157108
2015,MG,31042,Carangola,96.8269409649014,100,94.5018913555749,100,100,100,100,100,100,100,100,100,86.4719924926758,0.119189508259296,15.9713945388794,83.9094161987305,,,,,,750.742492675781,202.18327331543,141.058090209961,11.5866384506226,394.260345458984,83.7210998535156,95.0760650634766,439.883544921875,94.1665878295898,102.280792236328,10537,3001,8257.3837890625,2351.751953125,25,281,220.20735168457,19.591402053833,125,156,,,1.2225034236908,0.979570090770721,1.24601316452026,0.941758692264557,91,2,71.3127059936523,1.5673121213913,6.21047449111938,24.276778410712,548.347688639876,300.233814914992,,,,746.902849987238,408.947637909751,,,13195,262.398476543301
2015,MG,31010,Três Corações,89.6398976591439,80.0168022301142,75.8926184748157,100,100,100,100,100,100,100,78.0288763339611,93.2203389830509,71.8619842529297,0.951814413070679,26.4128494262695,69.244499206543,,,,,,655.174255371094,181.055191040039,98.1994247436523,8.78220176696777,369.289031982422,81.0346374511719,77.19970703125,414.321502685547,92.9201049804688,83.5140609741211,8297,1948,6365.3173828125,1494.47241210938,15,335,257.006286621094,11.5077447891235,93,137,,,1.05104064941406,0.713480174541473,1.44422197341919,0.773320436477661,37,3,28.3857707977295,2.30154895782471,22.200740814209,27.7342300821808,518.417455297511,350.370698087432,,,,706.134963029156,477.238945973539,,,5969,116.471144765199
2015,MG,31096,Itambacuri,100,100,100,92.4290220820189,91.0094637223975,91.7981072555205,92.5867507886435,90.2208201892744,87.3817034700315,92.7444794952681,95.1104100946372,77.7602523659306,63.2587852478027,1.91693294048309,30.1916923522949,67.5718841552734,,,,,,788.406860351562,297.892364501953,103.03044128418,10.2272729873657,395.804046630859,117.783500671387,72.7757415771484,435.08154296875,132.768783569336,77.9206619262695,3597,889,8056.5322265625,1991.17517089844,0,80,179.183364868164,0,44,38,,,0.851121008396149,0.985508561134338,0.917194902896881,1.04598295688629,20,0,44.795841217041,0,4.82675218582153,20.7568848099913,688.494047823691,305.906042754821,,,,937.795813080353,416.673763554327,,,5904,380.833919580889
2015,MG,31080,Peçanha/São João Evangelista,83.513133605433,100,83.513133605433,100,100,100,100,100,100,100,100,100,82.814811706543,1.48148143291473,12.2962961196899,85.9259262084961,,,,,,667.848571777344,209.993637084961,98.1117782592773,12.1134023666382,310.524353027344,63.4144172668457,70.6765289306641,344.857604980469,73.3329772949219,77.139518737793,3993,1547,6872.98828125,2662.7880859375,0,84,144.585784912109,0,39,21,,,0.361464440822601,0.67129111289978,0.725080490112305,0.686782479286194,2,0,3.44251847267151,0,4.97271823883057,20.7649346115048,506.220389049723,291.385027003234,,,,689.521373274539,396.894728693303,,,7156,350.607621468437
2015,MG,31091,Cassia,87.5218914185639,71.3859258079924,81.551504537494,100,100,100,100,100,100,100,84.6580406654344,100,77.5431823730469,1.91938579082489,18.0422267913818,80.0383911132812,,,,,,618.536010742188,104.428153991699,94.3869857788086,17.2077922821045,304.348876953125,44.4873161315918,69.6650543212891,339.504821777344,49.8100166320801,73.5016326904297,4083,998,8199.6181640625,2004.21728515625,0,63,126.518730163574,0,38,62,,,1.24510490894318,0.763128817081451,1.12009239196777,0.708906531333923,19,0,38.1564407348633,0,10.0572347640991,28.5453613841426,718.101143950206,495.235413495084,,,,978.123555742296,674.558768856253,,,2214,105.358184038979
2015,MG,31093,Piumhi,100,99.2395187559105,99.2395187559105,100,100,100,100,100,100,100,82.9081632653061,100,78.1841125488281,1.3871374130249,19.6721305847168,78.9407348632812,,,,,,711.611999511719,189.145935058594,100.525108337402,9.47955417633057,344.663726806641,75.2458724975586,72.7548141479492,385.058929443359,85.2986679077148,78.1659240722656,6182,1535,8176.92431640625,2030.34265136719,10,118,156.078460693359,13.2269887924194,72,79,,,1.0449321269989,0.952343165874481,1.25821733474731,0.906710028648376,61,0,80.6846313476562,0,8.12930679321289,24.8925426910809,661.334959093523,432.300024962099,,,,900.80249443259,588.834652507854,,,3398,109.360822542206
2015,MG,31067,Padre Paraíso,100,100,100,82.6879271070615,93.1662870159453,98.6332574031891,90.4328018223235,96.2414578587699,98.6332574031891,98.2915717539863,79.1571753986333,81.8906605922551,64.6989364624023,2.24321126937866,28.0991744995117,68.9492340087891,,,,,,840.309020996094,229.028564453125,116.127159118652,12.8598852157593,531.281372070312,105.718910217285,89.6000671386719,586.988037109375,118.948066711426,96.3600616455078,3960,1309,6386.99365234375,2111.25634765625,0,98,158.061965942383,0,30,35,,,0.564507007598877,0.483863174915314,0.649989545345306,0.672166585922241,0,0,0,0,2.01770949363708,21.4709455371135,461.045785467459,206.821960284727,,,,627.989172334058,281.711612498582,,,8755,471.72048385846
2015,MG,31079,Conselheiro Lafaiete,86.1534273425165,76.7408939946643,77.1209233952197,100,100,100,100,100,100,100,75.9154929577465,100,75.5296173095703,0.259403377771378,20.5793342590332,78.7721557617188,,,,,,662.853881835938,204.33430480957,117.779823303223,6.94214868545532,338.423309326172,82.5696334838867,86.681526184082,376.894592285156,93.6823043823242,93.1668243408203,10719,3255,5872.0087890625,1783.13171386719,9,246,134.762023925781,4.9303183555603,167,268,,,1.46813917160034,0.914847910404205,1.56879985332489,0.904987275600433,77,1,42.1816101074219,0.54781311750412,31.4406394958496,27.9068504957833,597.798357547042,335.798830106945,,,,814.259467523369,457.390645434041,,,7524,102.28162491244
2015,MG,31026,Diamantina,98.3991573778268,100,98.3991573778268,86.3289760348584,100,100,100,100,100,100,67.7559912854031,100,72.4495391845703,0.545553743839264,21.0583744049072,77.6868515014648,,,,,,619.789489746094,139.064392089844,106.592498779297,16.4009113311768,364.466583251953,68.9526290893555,88.3682250976562,404.501556396484,78.1122055053711,94.1965484619141,10726,2576,7571.59716796875,1818.42565917969,30,390,275.305114746094,21.177318572998,151,151,,,1.06592500209808,1.06592500209808,1.36964297294617,1.08604347705841,34,0,24.0009593963623,0,7.46853399276733,20.8746556242364,568.819370925208,262.520328766551,,,,774.787271057516,357.578204116579,,,13823,254.108832490434
2015,MG,31066,Nanuque,94.479812126871,99.3605523017288,94.479812126871,100,100,97.3036342321219,95.662368112544,99.4138335287222,98.358733880422,100,100,100,72.7590255737305,1.28055882453918,19.5576248168945,79.1618194580078,,,,,,819.932434082031,236.741058349609,135.69303894043,12.1478872299194,413.631958007812,87.41015625,90.1539993286133,456.278259277344,97.8888778686523,96.5653991699219,3615,967,5218.408203125,1395.90612792969,0,72,103.935096740723,0,42,55,,,0.793948650360107,0.606288075447083,0.722132384777069,0.629384756088257,24,0,34.6450309753418,0,10.2505989074707,19.74556121617,496.52158572704,216.432000510153,,,,676.310660448984,294.801421358116,,,5347,175.21840679486
2015,MG,31020,Guanhães,97.6248612652608,99.6998044500819,97.6248612652608,100,100,100,100,100,100,100,95.6521739130435,100,72.3174057006836,0.991884589195251,17.7637519836426,80.8836822509766,,,,,,615.265869140625,203.659439086914,99.6859359741211,6.27177715301514,307.927764892578,65.7368087768555,71.4698333740234,342.827270507812,74.874153137207,77.4788589477539,7290,2463,7814.09130859375,2640.06958007812,0,218,233.672409057617,0,82,75,,,0.803918838500977,0.878951251506805,0.966310441493988,0.923434793949127,15,0,16.0783767700195,0,7.49037981033325,23.2395086786285,673.197547496411,337.773277569028,,,,916.960492852024,460.080034788883,,,8119,220.809412736814
2015,MG,31088,Oliveira/Santo Antônio do Amparo,95.6074131481003,97.8233206081307,95.6074131481003,87.223823246878,94.8126801152738,95.581171950048,98.9433237271854,90.297790585975,90.7780979827089,98.9433237271854,66.6666666666667,100,72.5022888183594,1.46654450893402,17.7818508148193,80.2933120727539,,,,,,660.031005859375,197.527526855469,132.006210327148,4.52554750442505,303.27685546875,66.828857421875,82.9801330566406,338.976501464844,75.4969787597656,90.2078094482422,7052,1599,6794.947265625,1540.71472167969,18,224,215.8349609375,17.3438816070557,90,102,,,0.98281991481781,0.867194056510925,1.24345993995667,0.865507841110229,34,1,32.7606658935547,0.963548958301544,16.531608581543,24.7936887090398,638.886614687458,313.522931018069,,,,870.225667427132,427.048705711858,,,5360,125.732938441386
2015,MG,31071,Frutal / Iturama,81.6456098759721,81.3634392436902,69.3827517418833,78.8317523714428,100,100,98.9016475287069,90.664003994009,98.9016475287069,100,77.8332501248128,99.700449326011,73.795036315918,0.889096856117249,25.9709873199463,72.9059448242188,,,,,,613.104919433594,150.253875732422,100.744934082031,12.1126756668091,356.336608886719,73.4492645263672,73.0616226196289,395.993194580078,82.528564453125,78.7794418334961,8636,2449,4971.61865234375,1409.85339355469,0,114,65.6281280517578,0,146,178,,,1.02471995353699,0.840500593185425,0.964560806751251,0.770267009735107,52,0,29.9356384277344,0,25.1845073699951,26.3285770518313,747.217721487854,555.453528876788,,,,1017.78316440899,756.581695060276,,,7478,112.121215952819
2015,MG,31004,Lavras,83.2590190514795,71.281185622824,68.5164722279292,89.8550724637681,95.740008783487,96.9257795344752,100,97.3210364514712,100,100,75.9771629336847,88.3179622310057,79.5154190063477,1.27753305435181,24.1409683227539,74.5374450683594,,,,,,669.406677246094,186.008178710938,117.508155822754,4.40931797027588,331.635894775391,68.8582000732422,81.881477355957,367.196990966797,78.0107345581055,86.9883499145508,9360,1940,5212.68408203125,1080.40673828125,33,232,129.203277587891,18.3780536651611,150,279,,,1.55378091335297,0.835366070270538,1.96213567256927,0.85207337141037,112,7,62.3740005493164,3.89837503433228,21.4293670654297,30.5510602923696,757.914230389643,428.537929437451,,,,1032.35284920784,583.710312736761,,,7845,112.440159520898
2015,MG,31052,Janaúba/Monte Azul,99.8102418965728,100,98.3735534095246,87.5169239101002,100,100,100,100,100,100,83.3197942052532,100,72.6537246704102,1.64509165287018,15.8845739364624,82.4433670043945,,,,,,590.713623046875,107.60075378418,87.6073760986328,18.1538467407227,358.459228515625,53.7828979492188,70.3571548461914,396.371337890625,59.645938873291,75.1654434204102,17077,3609,6207.76416015625,1311.92956542969,20,289,105.056144714355,7.27032136917114,249,214,,,0.777924418449402,0.905155003070831,0.815820932388306,0.960409462451935,26,0,9.45141792297363,0,3.40650916099548,20.2490450045743,616.96136855095,200.764306612809,,,,840.361351108686,273.460499408248,,,35788,353.498989319633
2015,MG,31038,Mantena,100,100,99.4013332012398,100,100,100,100,100,100,100,100,100,73.2798156738281,1.03211009502411,25.4587154388428,73.3944931030273,,,,,,653.679077148438,184.922378540039,154.818725585938,5.26315784454346,341.1875,76.8111877441406,98.3442764282227,379.332153320312,87.0733871459961,103.37117767334,5687,2325,8152.35302734375,3332.9033203125,0,145,207.858489990234,0,62,61,,,0.874439120292664,0.888774216175079,0.900242269039154,0.865479707717896,19,0,27.236629486084,0,4.96136713027954,21.4809307016,588.829928533092,290.977034688286,,,,802.043595496914,396.339003504485,,,7237,244.679120171007
2015,MG,31084,Montes Claros ,100,100,100,100,100,100,100,100,100,100,100,100,71.1831512451172,1.6133850812912,27.0242004394531,71.0038833618164,,,,,,553.639892578125,101.003456115723,91.8426818847656,15.4433603286743,359.182403564453,56.053638458252,78.3848876953125,399.995819091797,63.6284332275391,83.9325485229492,28069,4592,6593.1767578125,1078.62292480469,93,970,227.845016479492,21.844934463501,513,1110,,,2.6072986125946,1.2049947977066,2.6904501914978,1.16882145404816,248,50,58.2531585693359,11.7445878982544,19.6277904510498,20.9175032880791,610.881963510802,174.081141127339,,,,832.080610540642,237.115434478344,,,29263,162.314542524511
2015,MG,31065,Itaobim,98.7181808306478,100,98.7181808306478,100,96.7842323651452,93.9834024896266,93.4647302904564,93.2572614107884,96.5767634854772,94.8132780082988,100,96.4730290456432,69.50146484375,1.27077221870422,25.2199420928955,73.3137817382812,,,,,,685.31005859375,169.485275268555,81.0581741333008,21.8638000488281,385.169067382812,70.402473449707,61.844612121582,427.701965332031,78.9633560180664,66.198112487793,4815,1165,5913.5625,1430.79968261719,0,113,138.78141784668,0,65,46,,,0.564950942993164,0.798300206661224,0.770973801612854,0.810581803321838,8,0,9.82523345947266,0,2.88247799873352,20.8881049771263,493.006643607389,227.711103706387,,,,671.522967638207,310.164656212743,,,10584,393.157646855544
2015,MG,31032,Pará de Minas,82.8102975639706,79.4053044388139,78.6594488018748,95.619727449708,80.3698896820247,84.8799480856587,86.3724853990915,69.6625567813108,77.644386761843,85.7560025957171,80.1752109020117,68.3322517845555,71.8402862548828,0.660462319850922,28.9102363586426,70.2191543579102,,,,,,492.273406982422,100.41185760498,76.1598434448242,11.4952459335327,340.3828125,60.4893264770508,70.783561706543,379.267028808594,67.8532943725586,75.6880340576172,11503,1397,4894.22705078125,594.387145996094,6,168,71.4796295166016,2.55284380912781,169,185,,,0.787126839160919,0.719051003456116,1.16718149185181,0.727773249149323,47,0,19.9972763061523,0,25,29.4890145005427,599.138536402865,348.920375188657,,,,816.084921387121,475.263465217555,,,5195,50.7659615625749
2015,MG,31025,Vespasiano,85.1672472049365,65.1879248039868,74.7521297274732,100,100,100,100,100,100,96.2806026365348,77.5659133709981,83.5922787193974,72.1495361328125,0.934579432010651,34.3925247192383,64.3198318481445,,,,,,516.523254394531,111.951011657715,84.2052307128906,7.68269824981689,331.596099853516,55.5046730041504,65.2832183837891,370.488189697266,63.0271034240723,70.3724517822266,15734,2061,5076.18798828125,664.930969238281,0,226,72.9133377075195,0,211,310,,,1.00013875961304,0.68073958158493,1.57642841339111,0.711872935295105,79,0,25.4874057769775,0,25.4935359954834,29.4408190869508,659.22664780218,445.517447795749,,,,897.930769531059,606.83806710859,,,11494,93.5369846937989
2015,MG,31078,Congonhas,93.1648340795365,91.5089215169871,92.852910192257,100,100,100,100,94.243641231593,100,100,75.3681392235609,100,79.9037322998047,0.421179294586182,15.5234661102295,83.8748474121094,,,,,,621.854675292969,196.852020263672,113.663505554199,6.22516536712646,363.471069335938,96.089225769043,87.8946228027344,404.334655761719,109.24275970459,93.4560012817383,7002,1725,5767.1875,1420.79382324219,0,142,116.958099365234,0,108,193,,,1.5896418094635,0.889540493488312,1.76960909366608,0.813353002071381,78,4,64.2445907592773,3.29459428787231,37.3747024536133,26.9363617126815,1128.52742718605,817.801060210279,,,,1537.16404594457,1113.92453227754,,,3743,66.0910683192724
2015,MG,31018,Contagem,71.1146732837839,52.8183520820952,58.4068722045561,98.1174698795181,99.8075635876841,100,100,98.468875502008,100,99.0210843373494,81.919344042838,96.0006693440428,72.0065155029297,0.423280417919159,26.6910858154297,72.3321151733398,,,,,,513.683410644531,112.020408630371,89.2847595214844,7.44582748413086,353.165283203125,62.3444213867188,74.8434753417969,394.477752685547,70.9218139648438,80.674919128418,34478,4697,4082.70556640625,556.1943359375,43,341,40.3794479370117,5.09183645248413,503,907,,,1.07402229309082,0.595626473426819,1.82663726806641,0.646633625030518,327,18,38.7216415405273,2.13146638870239,38.3578720092773,30.1627767802343,648.139536683839,387.519002742432,,,,882.829046547683,527.83854763838,,,32127,88.9473507426834
2015,MG,31050,Coração de Jesus,100,100,100,74.2971887550201,100,100,100,100,100,100,51.2048192771084,100,72.7109527587891,1.43626570701599,28.9048480987549,69.6588897705078,,,,,,679.430480957031,159.372573852539,88.0743179321289,19.4444446563721,401.286895751953,71.2679214477539,68.7875518798828,443.04052734375,80.5850601196289,73.4298095703125,2873,528,6024.70263671875,1107.21997070312,0,30,62.910228729248,0,45,29,,,0.608132183551788,0.943653404712677,0.839851558208466,1.02543675899506,0,0,0,0,1.29804766178131,21.4919694823227,599.870648343032,275.648424951508,,,,817.082129009125,375.459947139464,,,7472,416.134104316487
2015,MG,31012,Varginha,66.0950306525752,56.7791020508337,58.4254955797913,100,100,100,100,100,100,100,94.7236180904523,89.070351758794,72.3210754394531,1.81890070438385,16.6864376068115,81.2178726196289,,,,,,624.85595703125,156.213989257812,122.922485351562,6.14754104614258,346.292083740234,69.1453094482422,90.5293350219727,385.9990234375,77.8168258666992,97.3704833984375,11253,1861,5763.52783203125,953.161437988281,32,337,172.603652954102,16.3896636962891,171,361,,,1.84895896911621,0.87582266330719,2.29621767997742,0.958283185958862,217,22,111.14241027832,11.2678937911987,31.6689281463623,28.3125888543553,751.512250071031,390.13820625482,,,,1023.632729757,531.406157402454,,,5570,69.693611667967
2015,MG,31057,Patos de Minas,97.3834150447789,100,90.1930676477237,100,100,100,100,100,100,100,100,100,77.5911254882812,0.570522964000702,23.7083988189697,75.5309066772461,,,,,,581.402160644531,163.446380615234,104.683517456055,2.7443106174469,304.407409667969,65.3097915649414,76.9664154052734,337.376861572266,73.8567886352539,82.5797805786133,12338,2208,4801.43212890625,859.260986328125,81,371,144.377639770508,31.5218029022217,305,414,,,1.61111438274384,1.18693208694458,2.14902806282043,1.22944760322571,178,21,69.270133972168,8.17231941223145,14.7284650802612,26.8882516986742,809.438625486362,405.093404401944,,,,1102.53408337528,551.77659088767,,,9500,87.3552982319814
2015,MG,31098,salinas,100,100,100,100,100,100,100,100,100,100,100,100,74.716552734375,3.28798174858093,18.5941047668457,78.0045318603516,,,,,,693.195678710938,169.673416137695,84.1116104125977,26.3598327636719,355.437225341797,72.4125137329102,62.0491180419922,393.729095458984,80.9248733520508,67.0739517211914,4948,1056,7175.59033203125,1531.41137695312,0,49,71.0598068237305,0,49,37,,,0.536574065685272,0.710598051548004,1.01260221004486,0.747578144073486,26,0,37.7052040100098,0,4.10986709594727,20.1440411362131,573.271458532479,234.83450742606,,,,780.85144711069,319.86742445643,,,7233,292.028831244655
2015,MG,31022,Ouro Preto,100,89.2009318964756,85.7090804699232,100,100,100,100,100,100,100,91.9277108433735,100,65.2009124755859,1.47839272022247,21.3040180206299,77.1796798706055,,,,,,560.360290527344,167.444946289062,95.0512542724609,9.17159748077393,327.141174316406,80.8933029174805,73.2710952758789,365.450042724609,91.8308486938477,79.4258117675781,10653,2194,5887.09912109375,1212.45617675781,10,191,105.55110168457,5.52623558044434,160,269,,,1.4865574836731,0.88419771194458,2.09444332122803,0.916526198387146,41,0,22.6575660705566,0,35.3082275390625,28.3693191096804,1178.12200524627,856.48390299333,,,,1604.71668173478,1166.61432402615,,,8320,127.786613960841
2015,MG,31031,Itaúna,88.6035816607082,81.0654160852729,82.0149112015654,100,90.5850706119704,86.2811028917283,80.9683927370545,69.8722259583053,82.5823806321453,83.591123066577,66.0390047074647,80.8338937457969,76.2993774414062,1.52460157871246,23.3541240692139,75.0519714355469,,,,,,679.060913085938,178.046463012695,128.359069824219,1.21951222419739,354.119018554688,74.7556610107422,88.2168884277344,396.634582519531,85.9724731445312,94.6130065917969,6205,1318,5138.50341796875,1091.46618652344,10,110,91.0935363769531,8.28123092651367,120,161,,,1.3332781791687,0.993747651576996,1.58026587963104,0.998716413974762,43,0,35.6092910766602,0,24.5869731903076,28.1333427325513,761.828491342559,456.921988259986,,,,1037.68445308234,622.372159714436,,,3406,64.4896708440604
2015,MG,31009,São Sebastião do Paraíso,99.3066458394766,99.7226583357906,93.4848617674952,100,100,100,100,100,100,100,100,98.5602094240838,85.1781158447266,1.20865142345428,10.9414758682251,87.786262512207,,,,,,800.186584472656,157.624694824219,141.540542602539,11.4572868347168,369.399780273438,58.6738395690918,92.6215133666992,412.472900390625,66.2384262084961,99.4621658325195,9375,1903,7539.4462890625,1530.40710449219,30,177,142.344741821289,24.1262283325195,140,202,,,1.62449944019318,1.12589061260223,2.15226054191589,1.30160999298096,87,7,69.966064453125,5.62945318222046,18.755729675293,35.8012255803438,971.700231236356,459.847029013693,,,,1323.55016183963,626.356349527822,,,4979,94.8420174828704
2015,MG,31076,Manga,100,100,100,100,100,100,100,100,100,100,100,100,74.8337020874023,0.665188491344452,16.629711151123,82.59423828125,,,,,,686.534545898438,225.377502441406,98.8193664550781,21.4646472930908,407.402404785156,104.995330810547,86.4120864868164,455.646606445312,118.999977111816,93.8682632446289,3698,970,6411.123046875,1681.66296386719,0,59,102.286712646484,0,40,26,,,0.450755000114441,0.693469226360321,0.628023087978363,0.7142733335495,0,0,0,0,0.868570268154144,17.9002319075499,477.058680761243,210.028874987233,,,,649.800292138613,286.079742027694,,,8633,501.93863823064
2015,MS,50004,Três Lagoas,83.9667706638403,93.3190523817343,75.6919046410605,99.9504827927705,100,100,100,100,100,100,85.8628373359742,100,68.5478134155273,0.684769749641418,27.036600112915,72.2550201416016,,,,,,625.013793945312,159.201629638672,163.992416381836,1.29716980457306,387.615325927734,78.7887268066406,116.837532043457,430.832305908203,88.8452758789062,127.424224853516,16574,3286,6107.888671875,1210.96423339844,10,338,124.560539245605,3.68522310256958,263,354,,,1.3045688867569,0.969213664531708,1.24984335899353,1.02366280555725,229,0,84.3916091918945,0,26.4613742828369,26.1667246531463,976.289991662178,585.031662657625,,,,1329.80186165313,796.869988192336,,,12487,111.189956812859
2015,MS,50001,Campo Grande,63.1255413860322,92.7970993603423,56.9461139852869,100,100,100,100,100,100,100,100,100,67.4448089599609,1.15243363380432,33.015323638916,65.3299026489258,,,,,,565.72412109375,137.927612304688,135.511459350586,1.51311779022217,354.212524414062,69.7222518920898,104.266860961914,395.598541259766,79.8968200683594,113.46305847168,89280,13951,6163.25146484375,963.077087402344,173,2292,158.223266601562,11.9426803588867,1293,2847,,,1.96536481380463,0.892594575881958,2.30181360244751,0.996730625629425,1067,85,73.6580352783203,5.86779117584229,24.8440532684326,28.2337992949336,1000.85894768391,500.332881867046,,,,1363.26716779741,681.502016240375,,,71792,122.624112250415
2015,MS,50003,Dourados,81.8402498861918,86.1565117824568,78.8307959258563,100,100,100,100,100,100,100,100,100,64.7084274291992,1.72277081012726,33.554386138916,64.5642623901367,,,,,,593.707153320312,165.077728271484,137.191284179688,2.03396940231323,387.997009277344,91.3145141601562,105.084098815918,432.094909667969,103.070442199707,114.287239074707,50695,12113,6311.1728515625,1507.98376464844,55,1146,142.668975830078,6.84711503982544,775,940,,,1.17023420333862,0.964820742607117,1.26783668994904,1.04185080528259,639,30,79.551025390625,3.73479008674622,22.0343894958496,23.6527463124172,759.998152893072,409.722808452463,,,,1035.1913542097,558.082289171276,,,49054,171.170629379021
2015,MS,50002,Corumbá,90.8415573985699,88.9689416052758,88.524919303773,100,86.0237892948173,83.4324553950722,80.2888700084962,100,81.0110450297366,87.5955819881054,100,93.0756159728122,58.5074615478516,3.36887001991272,34.4562911987305,62.132194519043,,,,,,605.828796386719,194.293579101562,159.106552124023,3.91414141654968,446.744079589844,129.141357421875,142.731979370117,496.05419921875,145.639495849609,153.342041015625,8542,1793,6534.07763671875,1371.52905273438,7,143,109.385757446289,5.35454750061035,83,131,,,1.00206530094147,0.634896337985992,0.96783447265625,0.707565188407898,60,3,45.8961219787598,2.29480600357056,19.3100280761719,19.2724772604614,815.407128704527,415.28325040608,,,,1110.66376488239,565.656151573517,,,9197,179.579215437102
2015,MT,51002,Baixada Cuiabana,48.0566377158809,56.1154017408366,39.238823456347,100,84.7720659553831,91.2584869059166,89.1549466537342,100,94.877546071775,92.6951988360815,96.0717749757517,89.5732298739088,69.5799102783203,0.413680583238602,31.2707576751709,67.517333984375,,,,,,580.453857421875,134.281814575195,132.950256347656,3.79389452934265,422.338836669922,82.7240447998047,114.753807067871,470.583557128906,93.7473907470703,123.622421264648,53777,7795,5508.21728515625,798.418518066406,179,1758,180.066680908203,18.3344345092773,1168,2002,,,2.05058860778809,1.19634747505188,2.48518657684326,1.25946807861328,1013,243,103.758560180664,24.889762878418,29.5985374450684,24.8301099791867,786.303969878462,341.677779128899,,,,1071.02243380514,465.398345421468,,,53170,132.651604701763
2015,MT,51006,Médio Araguaia,90.2696890959591,98.9102678971418,90.2696890959591,100,100,100,95.0960901259112,98.9396951623592,100,100,100,100,59.1938171386719,6.29486465454102,33.7934837341309,59.8012161254883,,,,,,441.640380859375,100.076141357422,96.8127899169922,12.3152713775635,354.851501464844,68.6239471435547,87.3836364746094,387.743560791016,76.9639053344727,91.4076690673828,4325,866,4704.66650390625,942.021118164062,0,168,182.747741699219,0,99,70,,,0.761448919773102,1.07690632343292,0.905852258205414,1.09077560901642,75,0,81.5838165283203,0,5.94909191131592,22.0542579397415,785.024183728419,496.961637708395,,,,1069.27924067668,676.910054019571,,,5152,184.238292256657
2015,MT,51001,Alto Tapajós,89.9196700805254,96.2112031897428,88.378547416152,100,100,100,100,100,100,100,100,100,70.15576171875,0.186915889382362,26.2305297851562,72.3364486694336,,,,,,521.710998535156,122.8115234375,109.48314666748,5.29197072982788,378.619781494141,73.9663848876953,92.3258895874023,417.120971679688,82.7519302368164,98.4916000366211,6424,1493,6115.82373046875,1421.37683105469,0,160,152.324371337891,0,74,102,,,0.971067905426025,0.704500257968903,0.836832046508789,0.681175589561462,36,0,34.2729835510254,0,3.3197193145752,23.0821877019606,607.865720417994,348.98266616813,,,,827.972194276755,475.348311586128,,,6671,150.447401892316
2015,MT,51013,Sul Matogrossense,76.8906801920116,89.2804505520745,70.5239149945245,100,94.8022598870056,100,87.4450721908349,87.8217200251099,91.4249843063402,94.676710608914,90.5461393596987,100,71.6540832519531,0.709219872951508,30.3134288787842,68.7256927490234,,,,,,573.828308105469,147.063537597656,102.984550476074,6.25,418.4892578125,93.3611221313477,92.8453063964844,466.240203857422,105.399528503418,99.9910430908203,32985,5752,6608.84326171875,1152.46520996094,31,790,158.283645629883,6.21113014221191,420,519,,,1.03986346721649,0.841507971286774,1.26817262172699,0.858538508415222,281,32,56.3008918762207,6.41148948669434,16.5610771179199,26.3805729729855,825.044241961519,498.535717582453,,,,1123.79044984235,679.054103804768,,,24148,120.342427070667
2015,MT,51009,Norte Araguaia Karajá,100,100,100,93.4156378600823,100,100,97.5308641975309,100,96.2962962962963,100,45.2674897119342,98.7654320987654,61.2765960693359,2.12765955924988,27.2340431213379,70.638298034668,,,,,,373.213439941406,67.8569946289062,38.1695594787598,40.9090919494629,257.799682617188,31.2704982757568,32.7308540344238,282.237518310547,35.0016593933105,34.0237236022949,936,245,3969.63403320312,1039.06018066406,0,40,169.642471313477,0,18,15,,,0.636159300804138,0.763391137123108,0.789897799491882,0.742185831069946,0,0,0,0,2.64218163490295,19.7877715317014,1013.9819807345,541.006806140879,,,,1381.14201433916,736.903854507705,,,1694,176.083946869741
2015,MT,51004,Centro Norte,94.9951646614743,99.1504362203251,87.0610500483534,100,100,100,100,100,92.7137546468401,100,99.8513011152416,100,66.6666641235352,1.01892280578613,22.9257640838623,75.9097518920898,,,,,,556.187072753906,142.091583251953,97.4342346191406,7.48175191879272,380.631713867188,79.6807403564453,79.7212905883789,420.838226318359,89.1287307739258,85.1896514892578,5058,903,5133.56591796875,916.49072265625,0,204,207.047744750977,0,67,48,,,0.487171173095703,0.680009722709656,0.717055082321167,0.715532660484314,32,0,32.4780769348145,0,6.97263717651367,23.3562088578361,661.232163676203,395.292964693236,,,,900.662477082737,538.427439425542,,,6972,201.971180214619
2015,MT,51005,Garças Araguaia,88.4244399589689,98.001389762086,88.4244399589689,74.6208291203236,74.8736097067745,72.8008088978766,70.1213346814965,66.9362992922144,79.221435793731,74.216380182002,62.1334681496461,80.3336703741153,52.8735618591309,2.71264362335205,39.8160934448242,54.6206893920898,,,,,,593.495727539062,178.209991455078,133.052719116211,11.8206520080566,390.668334960938,96.4423141479492,110.834159851074,428.971862792969,106.761711120605,117.405548095703,6415,1525,5172.92822265625,1229.72961425781,10,238,191.91845703125,8.06380081176758,115,130,,,1.04829406738281,0.927337110042572,1.33254313468933,0.933788120746613,36,0,29.0296821594238,0,11.9094276428223,25.201639310857,798.208477698505,423.209063040648,,,,1087.2375305452,576.451878751482,,,8625,170.310917236782
2015,MT,51011,Oeste Matogrossense,60.3006790035662,60.0357148501082,52.3991634928913,100,100,100,100,100,100,100,100,99.65858654831,67.0347518920898,0.909386157989502,42.4163703918457,56.674243927002,,,,,,617.379089355469,192.096313476562,125.324867248535,5.24126434326172,389.952880859375,101.738174438477,103.402801513672,433.342926025391,114.482063293457,111.556129455566,13338,1912,6850.75048828125,982.053894042969,25,349,179.255645751953,12.8406629562378,189,202,,,1.03752553462982,0.970754086971283,1.12625455856323,0.984365165233612,109,10,55.9852905273438,5.13626527786255,12.4800968170166,27.1089532992016,477.322830923452,329.28403899546,,,,650.160090334294,448.516866718371,,,14264,186.23640423994
2015,MT,51007,Médio Norte Matogrossense,81.37935929169,75.4593280635918,75.2042690229686,100,100,100,100,100,100,100,100,100,70.6047439575195,0.893084943294525,27.4049510955811,71.6254119873047,,,,,,461.504638671875,101.263862609863,96.0929412841797,8.96358585357666,386.645782470703,80.4148483276367,95.150505065918,429.469451904297,92.0263290405273,101.564178466797,11464,2876,4939.95263671875,1239.29724121094,0,337,145.216690063477,0,150,218,,,0.939383864402771,0.64636504650116,1.19103538990021,0.666186928749084,166,52,71.5310668945312,22.4073219299316,18.9871883392334,26.5005201724359,647.198372905423,435.120456788672,,,,881.547090002654,592.676354794749,,,10250,110.793169292972
2015,MT,51008,Noroeste Matogrossense,77.6438035223784,96.0777185328809,77.6438035223784,100,100,100,99.9522445081184,100,98.5195797516714,100,100,100,72.4872589111328,0.463177382946014,31.6350154876709,67.8091735839844,,,,,,380.307647705078,88.869140625,90.1760406494141,3.26460480690002,335.241271972656,76.6904296875,88.3936157226562,374.978881835938,88.3056259155273,96.8517608642578,7588,1719,4958.37548828125,1123.27978515625,0,222,145.065795898438,0,118,72,,,0.470483690500259,0.77107048034668,0.622083961963654,0.76290237903595,92,10,60.117359161377,6.53449583053589,2.05836606025696,29.1453340896228,593.58155103466,365.88190784576,,,,808.515767190182,498.36672131619,,,9692,173.285084438165
2015,MT,51012,Sudoeste Matogrossense,89.3433904734892,100,89.3433904734892,100,100,100,100,100,100,100,98.0634749865519,100,67.3282470703125,1.11959290504456,36.3867683410645,61.984733581543,,,,,,444.697723388672,89.8030395507812,90.6665267944336,13.3980579376221,339.074310302734,52.5797996520996,80.7649765014648,375.954833984375,60.507209777832,85.6978912353516,7922,2022,6840.57373046875,1745.97827148438,0,163,140.748992919922,0,78,61,,,0.526729345321655,0.673522770404816,0.584583222866058,0.716697335243225,41,0,35.4031219482422,0,10.7176475524902,22.647906243532,653.41887607714,450.271385957346,,,,890.020019940289,613.313392955895,,,7661,166.913285851059
2015,MT,51003,Araguaia Xingu,90.6804840930502,100,87.0570331183419,82.8734538534729,100,100,100,100,97.2407231208373,100,66.5080875356803,100,64.1339874267578,1.71568632125854,35.7026138305664,62.5816993713379,,,,,,329.823822021484,73.9462661743164,46.950008392334,20.6405696868896,290.192535400391,61.60498046875,43.5821189880371,324.905853271484,69.0307769775391,47.3789138793945,4200,1037,4929.7509765625,1217.17895507812,0,107,125.591278076172,0,48,35,,,0.410812586545944,0.563400149345398,0.487399786710739,0.539925098419189,5,0,5.86875104904175,0,1.8850429058075,19.9895490008088,614.949899964358,284.512538315314,,,,837.6215353839,387.533731111196,,,6877,222.699526407911
2015,MT,51014,Teles Pires,88.8825974562032,83.5515784293232,78.2099756839067,100,100,100,100,100,100,100,100,100,74.3778228759766,0.245003223419189,22.8755645751953,76.8020629882812,,,,,,377.632263183594,70.7579803466797,77.6799621582031,5.43109321594238,359.503814697266,64.9131774902344,86.6925735473633,400.451293945312,74.463981628418,93.4691390991211,21416,3564,5490.4091796875,913.700927734375,22,414,106.13697052002,5.64012908935547,418,453,,,1.16135382652283,1.0716245174408,1.39573967456818,1.16045653820038,301,33,77.1672210693359,8.4601936340332,17.8343448638916,26.3772914076795,695.967341333498,511.299838402846,,,,947.975165226636,696.440077003598,,,11848,73.7432519772199
2015,MT,51010,Norte Matogrossense,88.2139310119921,98.0507256044233,83.7669171817791,100,97.9742173112339,100,92.7255985267035,98.8950276243094,99.0791896869245,96.8692449355433,100,98.2504604051565,81.419807434082,0.788781762123108,19.2813320159912,79.6669616699219,,,,,,492.161590576172,130.278076171875,85.4045104980469,14.7058820724487,288.385070800781,58.4229278564453,69.4536819458008,324.404388427734,66.5929412841797,76.7193984985352,4558,1027,6597.8603515625,1486.61755371094,8,128,185.284362792969,11.5802726745605,69,88,,,1.27383005619049,0.998798549175262,1.71243286132812,1.0899932384491,39,10,56.4538307189941,14.4753408432007,3.2772171497345,21.9833112035527,611.313930153069,412.463379253975,,,,832.668991093515,561.815212979742,,,3507,117.20739618451
2015,MT,51015,Vale do Peixoto,89.0894890203971,97.9903271350897,89.0894890203971,96.9341161121983,95.4337899543379,94.9771689497717,96.3470319634703,99.6086105675147,99.0867579908676,99.8043052837573,95.955642530985,93.7377690802348,74.0346221923828,0.665778934955597,24.8335552215576,74.5006637573242,,,,,,509.034881591797,132.622116088867,98.4914245605469,4.78927183151245,375.859893798828,83.306510925293,85.743522644043,419.449920654297,95.4014587402344,92.2803955078125,5293,1072,5161.53564453125,1045.37426757812,0,161,157.001174926758,0,58,54,,,0.526587784290314,0.56559431552887,0.696997463703156,0.592411279678345,29,0,28.2797164916992,0,1.954225897789,27.6939781348821,634.443938100108,330.82572688187,,,,864.174310097818,450.616795467968,,,6827,189.079272699419
2015,MT,51016,Vale dos Arinos,75.5377372933252,100,75.5377372933252,100,100,100,100,100,100,100,73.8760631834751,100,73.1143569946289,0.121654503047466,27.3722629547119,72.5060806274414,,,,,,450.038269042969,98.971076965332,98.971076965332,8.7136926651001,316.481750488281,55.2861061096191,84.828125,353.824249267578,65.1104583740234,93.5027160644531,2709,536,5058.72900390625,1000.9150390625,3,91,169.93147277832,5.60213613510132,37,43,,,0.802972853183746,0.690930128097534,0.987376511096954,0.756755232810974,69,0,128.849136352539,0,3.83372855186462,27.8463354718457,812.021592830636,473.058883277861,,,,1106.05233595631,644.352179195673,,,2288,111.882990908639
2015,PA,15011,Tocantins,53.5150759361289,98.6001896497578,45.7583398633424,88.262103362284,75.7330810903775,79.0093731189268,61.4412245248947,67.7186344483619,73.6778742798177,75.8620689655172,79.0523690773067,77.0143606500989,46.1564521789551,3.59352493286133,50.9704208374023,45.1309432983398,,,,,,357.111907958984,78.4122772216797,82.4449081420898,14.5127563476562,309.219390869141,65.757453918457,81.6596221923828,343.1162109375,73.6612396240234,87.5251541137695,44414,13395,6633.529296875,2000.63330078125,0,724,108.134262084961,0,226,238,,,0.355468988418579,0.337546199560165,0.390717178583145,0.350166827440262,114,0,17.0266666412354,0,3.99738335609436,19.018118805545,309.849850602439,132.211492414543,,,,422.0456131713,180.084903303643,,,87604,474.939831057148
2015,PA,15003,Carajás,57.5343058688512,81.8714383236377,51.1974900075191,92.0662382600099,74.7404844290657,80.6228373702422,63.5071675729115,71.8178447849728,75.2286208601087,77.440682155215,83.4466139396935,76.3037567968364,52.325927734375,1.38666665554047,53.2266654968262,45.2444458007812,,,,,,443.098358154297,101.563568115234,90.5345916748047,6.01750564575195,421.083740234375,97.1322860717773,98.8376770019531,469.741790771484,110.111511230469,106.863037109375,45605,12010,5527.21533203125,1455.58288574219,47,920,111.501770019531,5.69628620147705,484,549,,,0.66537469625473,0.586596250534058,0.748637437820435,0.596504151821136,393,0,47.6306495666504,0,16.8210124969482,22.7478429413521,668.583870466195,427.967206751209,,,,910.6762162987,582.932932965244,,,71715,238.576924012324
2015,PA,15007,Metropolitana II,69.8323505607585,100,66.1900219678576,67.454954954955,73.0534105534106,83.9285714285714,70.045045045045,80.0836550836551,80.0514800514801,81.4671814671815,56.3867438867439,76.2387387387387,42.831657409668,2.41647744178772,57.6386642456055,39.4258842468262,,,,,,439.265594482422,117.175224304199,78.1168212890625,12.1778354644775,370.526275634766,91.8987884521484,80.3685455322266,413.584045410156,104.13013458252,86.4417953491211,24894,9307,7045.79736328125,2634.17846679688,0,501,141.799011230469,0,145,95,,,0.268880367279053,0.410396337509155,0.431269943714142,0.454549312591553,42,0,11.8873414993286,0,2.3378438949585,18.7547385554993,297.387474160964,114.300078810133,,,,405.070645145375,155.687817028661,,,48400,445.457165313009
2015,PA,15013,Marajó I,52.9156384845806,98.9280514464927,51.5960465024215,93.6818563041655,83.2261671792004,86.021805982667,67.7383282079955,77.9703662286833,82.1638244338831,82.6111266424378,71.2887894883981,82.6111266424378,35.4398384094238,5.33367013931274,58.0637016296387,35.4145584106445,,,,,,294.737396240234,82.3023986816406,86.6114273071289,6.5789475440979,249.597198486328,65.9192123413086,76.9946594238281,278.086151123047,75.0809097290039,83.4914855957031,11666,3694,5026.90966796875,1591.75427246094,0,221,95.2294769287109,0,82,61,,,0.26285058259964,0.353340148925781,0.257895201444626,0.383826494216919,0,0,0,0,0.566206037998199,17.440823977058,300.857914110164,121.039192361689,,,,409.797721674496,164.867144711303,,,33542,521.883164793973
2015,PA,15001,Araguaia,66.081412287655,99.9840699234397,63.974035894493,96.3958968672027,81.854726919878,84.5993900748545,71.3612420293873,69.8918769060161,77.8763515386748,82.6864430274466,86.0687551982257,69.4760188522318,45.2566909790039,2.00998592376709,54.3080253601074,43.4899482727051,,,,,,390.1943359375,82.9680328369141,81.0866775512695,15.3326902389526,366.750762939453,76.5952606201172,86.5483627319336,408.283233642578,86.9804458618164,93.1155319213867,34288,11886,6450.81201171875,2236.18603515625,24,919,172.897109985352,4.51526737213135,294,234,,,0.440238565206528,0.553120255470276,0.574144423007965,0.626211106777191,306,5,57.5696563720703,0.940680682659149,3.29445195198059,19.0073849839587,400.542394870608,169.468287555352,,,,545.577673558949,230.832279555167,,,45282,229.395708459316
2015,PA,15002,Baixo Amazonas,56.5475971351323,98.8118952275383,48.4242000335407,99.8889428749913,81.446519053238,85.881862983272,65.6694662316929,88.8109946553759,87.7073644756021,85.2502255847852,79.315610467134,86.7425557020893,42.0707321166992,2.16521215438843,50.6790885925293,46.880126953125,,,,,,434.231994628906,114.896667480469,88.2075424194336,11.3398895263672,336.878265380859,79.9191589355469,84.9887924194336,375.242156982422,91.2051544189453,91.3990631103516,42984,8295,5736.02587890625,1106.93127441406,28,995,132.778381347656,3.73647689819336,473,363,,,0.484407544136047,0.631197690963745,0.635234475135803,0.727111756801605,232,0,30.9593811035156,0,5.1670184135437,22.2671636452986,427.253138218595,171.204761169282,,,,581.960302218102,233.197525398345,,,93234,395.891714909271
2015,PA,15012,Xingu,71.4545415789938,89.724999162604,71.3199492081279,100,83.5186901451962,87.1640407784986,74.2045103490887,78.1587890021625,84.4300278035218,82.6845844918134,96.8798270003089,94.3620636391721,39.8350105285645,11.7869129180908,50.4194641113281,37.4580535888672,,,,,,472.976806640625,96.0268173217773,100.20189666748,8.4489278793335,436.017639160156,84.830436706543,103.290390014648,487.597442626953,96.385009765625,111.17798614502,21904,5188,6532.20947265625,1547.16491699219,25,574,171.178237915039,7.45549821853638,229,179,,,0.533813655376434,0.68292361497879,0.619402766227722,0.746593594551086,106,0,31.6113128662109,0,2.20980954170227,16.309725884363,484.546121045227,242.491851182674,,,,659.998913566357,330.2974709281,,,41427,410.90751982655
2015,PA,15014,Marajó II,48.6235084092831,93.9611548838271,48.6235084092831,86.4139253577224,56.1144711609382,56.291488420121,40.0059005753061,45.5671928012981,61.0709544180558,53.8870039828883,66.7650095884349,57.958400944092,23.489933013916,22.72483253479,54.671142578125,21.9731540679932,,,,,,258.39453125,52.9281425476074,65.7492446899414,17.5572509765625,239.343322753906,53.0727996826172,60.8631401062012,268.807861328125,60.6956672668457,66.1887741088867,16544,3111,5438.77783203125,1022.7294921875,0,293,96.3226470947266,0,121,111,,,0.364908307790756,0.397782921791077,0.460737824440002,0.462463766336441,17,17,5.58868598937988,5.58868598937988,0.505611717700958,18.1375449508263,286.626508279552,103.572537498389,,,,390.413163675219,141.075863071179,,,40341,518.489328914388
2015,PA,15006,Metropolitana I,59.9884480738572,44.7198070922252,41.5772135908881,100,59.3265503875969,59.547601744186,46.499515503876,60.1380813953488,48.8372093023256,54.6753875968992,90.4826792635659,58.4393168604651,57.9642105102539,3.8868396282196,39.8286743164062,56.0558471679688,,,,,,588.823547363281,153.180526733398,123.766929626465,2.32594442367554,414.775451660156,92.6245422363281,109.818084716797,463.720123291016,105.424385070801,117.974479675293,111248,21729,5112.8193359375,998.637756347656,246,3638,167.197952270508,11.305853843689,1737,3657,,,1.68071162700653,0.798303544521332,1.78129243850708,0.835530161857605,3264,476,150.009368896484,21.8763675689697,26.189733505249,20.0702129022721,550.022157231301,185.627991615735,,,,749.183638963027,252.843367169282,,,172701,180.002673607632
2015,PA,15009,Rio Caetés,88.5713559676533,100,87.2519219755152,87.9982334106216,74.2740421773214,79.242574804019,61.3337749806779,82.3009826653417,81.3183173236171,75.1904604173567,73.6005299768135,71.9774759854256,36.8656883239746,17.6431045532227,48.9862213134766,33.1914405822754,,,,,,432.674285888672,137.590805053711,82.8606643676758,11.4108800888062,332.087310791016,93.0125427246094,80.2934341430664,371.719024658203,106.191207885742,87.0819396972656,36539,8343,6992.25341796875,1596.55090332031,35,689,131.849884033203,6.69774436950684,263,258,,,0.493719428777695,0.503287613391876,0.668243527412415,0.632123529911041,246,5,47.0755729675293,0.956820607185364,1.83307695388794,19.0424892357143,337.59860590684,121.305308337349,,,,459.842115007322,165.229620535977,,,73752,451.165542260121
2015,PA,15008,Metropolitana III,74.5869219805923,98.5333997076801,72.2001732097679,95.2883313137073,81.324399458265,86.5920593057239,71.4163518426117,78.5729560196735,80.4619003492765,82.2653075771616,81.4170646517927,82.849811105567,48.121898651123,1.8497519493103,46.0737075805664,51.5875282287598,,,,,,424.323577880859,121.21940612793,83.039192199707,8.49947547912598,348.047546386719,86.3984909057617,85.3303604125977,389.194763183594,98.6673431396484,91.9853210449219,52213,13594,5811.9638671875,1513.18334960938,6,1288,143.37060546875,0.667875528335571,430,370,,,0.411856561899185,0.478644132614136,0.606263995170593,0.518994927406311,222,22,24.7113933563232,2.44887685775757,3.1902186870575,19.1322830966926,376.039091809494,141.522897298995,,,,512.201793128337,192.767941802142,,,113904,354.135827046451
2015,PA,15010,Tapajós,56.455834955745,88.2053400520262,47.9770299232695,100,100,100,89.5715185885318,100,100,100,95.8097038437303,100,40.840461730957,5.98892784118652,49.0941123962402,40.6643180847168,,,,,,448.403778076172,115.87963104248,73.741584777832,8.88661861419678,410.596069335938,110.410331726074,76.1639709472656,460.397857666016,126.991676330566,82.2561798095703,15186,4580,6955.52587890625,2097.74194335938,0,265,121.375900268555,0,124,73,,,0.334356248378754,0.567947626113892,0.359661966562271,0.743370115756989,299,0,136.948654174805,0,1.22566759586334,22.3077899929745,389.460466514036,219.656266830413,,,,530.483010000854,299.193185477142,,,23627,364.238915064435
2015,PA,15004,Lago de Tucuruí,59.7778031318634,86.5871340692357,52.4829573005505,88.8842918218177,62.3638118880154,74.2380361329472,52.4755206178458,68.5974348365743,71.3556750792994,70.376499793132,72.8727072127982,72.8589160115846,55.5540504455566,2.2730348110199,50.8456230163574,46.8136940002441,,,,,,348.940460205078,75.5221862792969,72.0257873535156,9.81963920593262,348.945556640625,81.5379486083984,81.904052734375,388.022979736328,91.9375991821289,87.3654937744141,18309,4169,4267.70263671875,971.765441894531,7,485,113.050186157227,1.6316522359848,212,162,,,0.377610921859741,0.494157522916794,0.545612812042236,0.550682604312897,171,21,39.8589324951172,4.89495658874512,2.04585886001587,19.8183069851906,348.525699833638,154.667312471537,,,,474.725879022536,210.671912872283,,,44598,311.103653329535
2015,PB,25011,11ª Região,99.1812168523926,100,99.1812168523926,82.3017408123791,100,100,100,100,100,100,73.6943907156673,100,73.2380981445312,2.4761905670166,25.238094329834,72,,,,,,566.771667480469,155.116455078125,118.127151489258,10.5263156890869,320.604400634766,56.668830871582,81.656982421875,357.936706542969,64.8485412597656,89.8381958007812,1810,353,2159.6982421875,421.200836181641,0,124,147.957229614258,0,87,71,,,0.847174465656281,1.03808701038361,0.855825245380402,1.1633734703064,4,0,4.77281427383423,0,0.903255045413971,20.8672835995475,512.902491104047,206.109084547137,,,,698.623045756572,280.740606454199,,,12719,528.552660804715
2015,PB,25007,7ª Região,100,100,100,93.3870967741936,100,100,99.6774193548387,100,100,100,82.2043010752688,100,59.940357208252,2.33598399162292,28.6779327392578,68.8866806030273,,,,,,627.495727539062,143.619338989258,138.921508789062,15.4010696411133,332.56689453125,53.0109901428223,95.5695953369141,367.525421142578,59.8494262695312,103.205039978027,4596,915,3084.46020507812,614.073364257812,10,337,226.166900634766,6.71118402481079,193,116,,,0.778497338294983,1.29525852203369,0.902486503124237,1.2672393321991,11,0,7.38230276107788,0,1.15902149677277,19.5916610521171,680.056482273222,254.149909786364,,,,926.303028689794,346.176879881227,,,23956,538.470474730268
2015,PB,25003,3ª Região,100,100,100,61.4071038251366,88.9002732240437,89.0027322404372,89.3784153005465,90.8811475409836,84.0505464480874,90.2322404371585,38.7636612021858,75.8879781420765,73.344596862793,0.810810804367065,25.5405406951904,72.0608139038086,,,,,,742.505615234375,221.313919067383,140.696090698242,9.19778728485107,367.278778076172,76.5871505737305,91.5912246704102,409.044036865234,86.260856628418,99.4139709472656,9364,1848,4808.314453125,948.928344726562,0,186,95.5090255737305,0,140,96,,,0.492949783802032,0.718885123729706,0.697318553924561,0.757910311222076,35,0,17.9721279144287,0,3.10917806625366,23.6660990341716,463.301394911905,204.931721865124,,,,631.061531637139,279.136924044513,,,29908,460.600344129881
2015,PB,25002,2ª Região,99.8706364359847,100,99.8706364359847,99.6937573616019,86.8080094228504,87.2320376914016,86.5253239104829,84.6643109540636,88.4098939929329,86.7137809187279,86.0306242638398,75.4770318021201,67.6948471069336,2.04850482940674,25.0058860778809,72.5688705444336,,,,,,689.989135742188,252.570693969727,132.174301147461,5.26315784454346,331.220031738281,87.1700286865234,90.6983871459961,368.556060791016,98.6997756958008,98.529052734375,16333,3968,5343.5712890625,1298.18713378906,6,376,123.013702392578,1.96298468112946,279,248,,,0.811366975307465,0.912787854671478,0.902482211589813,0.925547242164612,12,0,3.92596936225891,0,2.30879712104797,18.6337268612646,474.264973804193,188.44455104342,,,,645.994991721599,256.679794872506,,,46949,473.229300549593
2015,PB,25015,15ª Região,100,100,100,47.340930674264,91.8328584995252,90.4558404558405,88.8888888888889,91.5954415954416,92.2127255460589,92.5925925925926,30.2469135802469,90.5033238366572,73.6420288085938,0.890471935272217,24.3989315032959,73.2858428955078,,,,,,652.497985839844,169.141387939453,131.702972412109,10.0409832000732,323.784729003906,61.8520584106445,88.6262741088867,357.324859619141,68.8203887939453,94.9319000244141,5596,922,3741.1669921875,616.396667480469,0,128,85.5735092163086,0,130,85,,,0.568261563777924,0.869105935096741,0.837350189685822,0.949331164360046,0,0,0,0,2.55918288230896,24.1580010518185,515.602531950583,270.958931252995,,,,702.300763826948,369.072400914724,,,22973,491.195284500559
2015,PB,25001,1ª Região Mata Atlântica,95.1014599354667,98.8741255553931,87.2249752852996,100,88.0010303967027,91.72076249356,85.7753735188047,94.3482740855229,96.3884595569294,89.0417310664606,100,82.107161257084,64.021110534668,1.90500128269196,34.6368446350098,60.7941703796387,,,,,,633.593872070312,158.93244934082,131.322982788086,2.09764003753662,400.803314208984,81.187858581543,104.597702026367,447.819366455078,92.1357421875,113.161018371582,69179,12258,5472.7666015625,969.733215332031,177,2276,180.054885864258,14.0025110244751,1925,2744,,,2.17078471183777,1.52287197113037,2.22250318527222,1.46520054340363,992,100,78.4773483276367,7.91102313995361,22.0898704528809,23.5369781069343,667.892147617391,304.737832992169,,,,909.734022544852,415.082548310452,,,124173,264.72890631859
2015,PB,25005,5ª Região,100,100,100,89.490861618799,83.8120104438642,83.4856396866841,84.3994778067885,84.8563968668407,79.11227154047,84.7911227154047,81.3968668407311,79.8302872062663,69.0611190795898,0.441083818674088,28.2293643951416,70.8254547119141,,,,,,797.4052734375,246.389282226562,161.272979736328,9.10112380981445,378.440307617188,88.0653533935547,109.910850524902,418.275024414062,99.4601821899414,116.386947631836,5200,1100,4658.9970703125,985.55712890625,0,168,150.521453857422,0,118,75,,,0.671970784664154,1.05723392963409,0.757535040378571,1.06148982048035,0,0,0,0,2.17270541191101,20.5015825398025,730.815023061132,315.145200085313,,,,995.441094849459,429.258393862046,,,17925,459.723803438121
2015,PB,25010,10ª Região,100,100,100,100,100,93.7012987012987,93.8961038961039,100,75.3246753246753,100,94.4805194805195,79.6103896103896,63.4638938903809,2.81517744064331,27.8457775115967,69.3390426635742,,,,,,732.2626953125,145.762542724609,170.775039672852,4.5936393737793,363.135192871094,49.3455085754395,119.786972045898,398.790466308594,55.4537582397461,127.187187194824,2850,519,2458.12573242188,447.637603759766,14,176,151.800033569336,12.0750026702881,127,87,,,0.750375211238861,1.09537529945374,0.918778359889984,1.07941901683807,76,2,65.5500183105469,1.72500038146973,4.69545125961304,18.1355049292775,539.426919805173,181.931119914934,,,,734.75189575737,247.807868585867,,,16991,461.735877173204
2015,PB,25006,6ª Região,99.2714999486671,99.6791690907224,99.2714999486671,100,99.594383775351,100,100,100,100,100,100,100,78.7358016967773,3.17506551742554,27.9638805389404,68.7154083251953,,,,,,684.764343261719,179.434799194336,143.890441894531,7.87992477416992,360.796997070312,59.8419456481934,99.6705780029297,400.952178955078,68.0613632202148,107.607704162598,6686,1244,2863.24829101562,532.737243652344,6,417,178.578308105469,2.56947207450867,297,185,,,0.792253911495209,1.27188873291016,1.11868393421173,1.29576337337494,70,17,29.9771747589111,7.28017091751099,3.38999009132385,19.485456078966,571.105839829215,243.029741440533,,,,777.901663943981,331.030129740928,,,32757,430.596331351956
2015,PB,25016,16ª Região,97.7257698062323,87.9219387849345,89.9399671204537,82.9847094801223,92.1467889908257,95.5840978593272,96.085626911315,95.5963302752294,95.5718654434251,95.6574923547401,60.0489296636086,66.3241590214067,75.4834289550781,0.230202585458755,25.011510848999,72.663444519043,,,,,,702.228698730469,210.464630126953,142.225875854492,4.7795090675354,387.7451171875,86.7725982666016,106.822898864746,431.4375,98.7137451171875,114.955062866211,28518,6015,5288.1328125,1115.36987304688,138,1768,327.842712402344,25.5895328521729,593,1084,,,2.01007628440857,1.0996081829071,2.00812935829163,1.06530332565308,349,23,64.7155609130859,4.26492214202881,16.038516998291,23.6700003283434,631.219742157181,233.09144442669,,,,859.782641839559,317.493203229811,,,55501,265.545064530555
2015,PB,25014,14ª Região,100,99.1012666711347,100,60.043956043956,88.3516483516484,87.4725274725275,90.3296703296703,92.9230769230769,80.0879120879121,90.0659340659341,50.6813186813187,81.8461538461538,52.7257232666016,4.17376470565796,39.3952293395996,54.7274284362793,,,,,,658.960876464844,227.946670532227,147.257583618164,3.57142853736877,401.475372314453,112.073135375977,111.463241577148,447.464904785156,125.611061096191,120.951171875,4890,670,3288.08032226562,450.514068603516,0,130,87.4131774902344,0,155,88,,,0.591719925403595,1.0422340631485,0.830929458141327,1.16326761245728,0,0,0,0,1.89753830432892,21.4931599925961,445.299181998923,222.193185828939,,,,606.540767878409,302.648715735482,,,24388,440.636268181689
2015,PB,25004,4ª Região,100,99.8950220722822,100,100,100,100,100,100,95.9211420802175,100,94.5615227736234,95.581237253569,77.1680221557617,0.338753402233124,19.4444446563721,79.5392990112305,,,,,,659.113403320312,191.529541015625,115.996765136719,10.7776260375977,307.961242675781,59.1185302734375,74.3955459594727,342.441253662109,67.4835357666016,79.8517837524414,5006,1134,4501.3935546875,1019.69244384766,0,278,249.977523803711,0,124,68,,,0.611455798149109,1.11500763893127,0.753754138946533,1.0466685295105,0,0,0,0,1.24898838996887,23.9892985507156,594.536129118576,286.450122286244,,,,809.81599532314,390.172908808045,,,18991,558.767532358257
2015,PB,25008,8ª Região,100,100,100,100,100,100,100,100,100,100,93.1106471816284,100,75.1108322143555,1.01329958438873,29.0056991577148,69.7910079956055,,,,,,634.132873535156,158.533218383789,120.623107910156,5.57065200805664,340.153533935547,56.9220771789551,88.1429138183594,376.873168945312,64.9665451049805,95.0271530151367,6410,3093,5522.81494140625,2664.90893554688,0,204,175.765090942383,0,130,70,,,0.603115499019623,1.12007164955139,0.707799136638641,1.01926529407501,3,0,2.5847806930542,0,1.65425968170166,23.6807481424144,550.233994215609,260.914315001877,,,,749.472181525694,355.390657268466,,,16646,385.462416634198
2015,PB,25009,9ª Região,100,100,100,100,97.9048450458315,100,96.8136185072021,99.9127018769097,98.3413356612833,96.2461807071148,100,95.7223919685727,74.7017669677734,2.75606751441956,27.1081867218018,69.8889312744141,,,,,,724.305480957031,174.200057983398,134.088195800781,9.01898765563965,365.938293457031,64.1301193237305,90.0589828491211,406.633453369141,71.7049331665039,96.9684829711914,6943,2660,3978.52294921875,1524.25048828125,7,276,158.155319213867,4.01118564605713,221,192,,,1.10021090507507,1.26638853549957,0.96984738111496,1.08531224727631,4,0,2.29210591316223,0,2.72989821434021,19.4505339077509,493.021057287782,233.610904148426,,,,671.542600471878,318.200757861034,,,24156,484.031103338246
2015,PB,25013,13ª Região,100,100,100,100,98.8636363636364,100,99.4949494949495,95.8333333333333,81.3131313131313,100,100,66.2878787878788,86.9565200805664,0.869565188884735,12.1739130020142,86.9565200805664,,,,,,639.205749511719,136.142517089844,162.706909179688,5.97402620315552,305.510223388672,42.039421081543,103.360321044922,336.708465576172,47.825309753418,111.378662109375,2106,399,3496.53833007812,662.449584960938,0,105,174.328826904297,0,84,53,,,0.879945516586304,1.39463067054749,1.28837311267853,1.49341702461243,6,6,9.96164798736572,9.96164798736572,9.25935173034668,17.676892855738,612.088391163007,214.390434717707,,,,833.723882264774,292.020610313582,,,9071,447.722531580557
2015,PB,25012,12ª Região,100,100,100,61.2075769534333,98.1846882399369,93.2517758484609,93.2123125493291,97.4743488555643,92.8571428571429,97.5532754538279,49.2107340173639,77.5848460931334,60.4892501831055,2.96515941619873,32.6538162231445,63.0466995239258,,,,,,701.607666015625,221.078018188477,152.349090576172,9.55102062225342,369.594116210938,87.7751770019531,107.173286437988,415.179473876953,101.781661987305,116.962776184082,9262,2555,5304.72705078125,1463.35314941406,0,240,137.457824707031,0,139,102,,,0.584195792675018,0.796109914779663,0.730531096458435,0.823028802871704,23,0,13.1730422973633,0,2.06072211265564,20.4318731519101,508.496415530206,208.270431826629,,,,692.621542565186,283.684571526558,,,29600,552.351215748519
2015,PE,26010,Recife,64.8446012575334,74.2782399002175,57.5645025828729,100,99.9107009971722,100,99.7238345653288,100,95.4689024491078,100,90.6335268145061,91.1279787005341,57.4675178527832,1.76669931411743,42.2144775390625,54.554069519043,,,,,,668.201049804688,160.040176391602,143.080520629883,1.19482970237732,405.470825195312,81.6125640869141,105.645393371582,455.741333007812,93.4948043823242,115.303733825684,253212,40560,6126.09130859375,981.289428710938,777,8879,214.814331054688,18.7983703613281,4964,8769,,,2.12153029441833,1.20096671581268,2.48359870910645,1.32836377620697,3369,631,81.5079956054688,15.2661151885986,26.8122577667236,17.9872393993166,491.072847049603,244.486611155954,,,,668.888948766188,333.014527897518,,,377414,202.039798485605
2015,PE,26001,Afogados da Ingazeira,97.5822990322787,100,97.5822990322787,90.4951210697506,100,100,100,100,100,100,86.1582941814239,100,75.1778106689453,0.85348504781723,18.9189186096191,80.1564712524414,,,,,,717.612915039062,239.559204101562,163.4326171875,4.82195854187012,352.86328125,84.5910873413086,102.325057983398,393.614166259766,95.9882278442383,111.44068145752,12942,2169,6889.72314453125,1154.67541503906,0,372,198.035614013672,0,136,154,,,0.819824874401093,0.724001169204712,1.00095820426941,0.745561480522156,59,0,31.4088745117188,0,1.38092577457428,19.3961947680881,474.252304043442,212.442171852956,,,,645.977734275987,289.366886925385,,,30637,494.033824621533
2015,PE,26009,Petrolina,87.2764535250347,87.0691974607979,87.09231933409,100,100,100,100,100,100,100,100,100,66.8351058959961,1.37317371368408,28.6389102935791,69.6363830566406,,,,,,487.099792480469,104.020454406738,96.0831527709961,13.507719039917,375.804290771484,68.4406585693359,85.4487915039062,417.214385986328,77.216064453125,92.0776901245117,23875,3053,4986.92431640625,637.69970703125,47,605,126.370231628418,9.8171911239624,472,680,,,1.42035961151123,0.985896646976471,1.40213513374329,1.0592645406723,201,26,41.9841575622559,5.43078660964966,15.0537233352661,20.9263294500273,340.243558819572,169.198887598464,,,,463.444797957444,230.465330628865,,,55809,350.528552108072
2015,PE,26003,Caruaru,80.0977361516541,91.9247618889414,78.7386116694428,100,100,100,100,100,100,100,80.739427703216,100,71.1174697875977,1.11395454406738,29.0531387329102,69.5820159912109,,,,,,750.695556640625,211.886856079102,151.852249145508,6.07546806335449,445.541748046875,99.8689498901367,114.811576843262,499.876678466797,113.97095489502,125.222877502441,61267,9383,4603.4296875,705.012145996094,38,1970,148.020248413086,2.85521292686462,980,1149,,,0.863326191902161,0.736344397068024,1.00473439693451,0.786892950534821,329,80,24.7201328277588,6.01097440719604,7.45398426055908,23.4246529310376,406.253226128925,196.016039538074,,,,553.356380811666,266.992898132465,,,173317,350.389945386168
2015,PE,26008,Palmares,91.5321873790679,99.5304939157701,91.5321873790679,82.8986623039169,99.0472524299875,100,100,100,100,100,75.5268982773554,96.1312674429795,55.3040618896484,2.24402570724487,44.1519317626953,53.2348937988281,,,,,,624.547058105469,189.735824584961,139.831344604492,4.72046422958374,464.581359863281,126.147933959961,124.261871337891,518.297546386719,143.040451049805,135.22785949707,32078,4427,5283.2861328125,729.13232421875,30,1146,188.747604370117,4.94103717803955,290,354,,,0.58304238319397,0.477633565664291,0.729914724826813,0.533879041671753,30,0,4.94103717803955,0,2.16055083274841,20.6331605019999,419.211395534906,187.709096203734,,,,571.006667045116,255.678033896434,,,89375,406.741238173672
2015,PE,26004,Garanhuns,97.0829835095074,98.6405955201358,97.0829835095074,85.5713288340703,100,98.9643937630905,100,100,98.3011403304631,100,77.7868280195485,96.1833837561089,69.0735549926758,1.23526108264923,25.109489440918,72.9702377319336,,,,,,703.389282226562,213.775177001953,140.715133666992,6.3063063621521,407.206359863281,95.5251693725586,102.359832763672,456.660369873047,109.095481872559,111.456581115723,24855,2938,4632.41650390625,547.577575683594,21,781,145.560943603516,3.91393089294434,365,371,,,0.691461086273193,0.680278420448303,0.815914809703827,0.750170052051544,79,5,14.7238349914551,0.931888282299042,7.11403512954712,20.3964146621113,427.020915623702,186.073461549205,,,,581.643992472387,253.450140517261,,,85695,506.872699029355
2015,PE,26005,Goiana,98.7982827113666,98.1769038145226,98.0329414178853,77.7481678880746,100,98.9118365534088,97.4683544303797,90.3619809016211,83.344437041972,99.2671552298468,64.468132356207,90.3619809016211,62.5654983520508,1.65583729743958,30.6225109100342,66.9251708984375,,,,,,706.848205566406,209.081283569336,151.535980224609,1.80913615226746,440.984375,99.4989547729492,115.862899780273,492.418640136719,113.094078063965,126.882789611816,17335,2638,5541.93310546875,843.358459472656,0,445,142.264785766602,0,202,286,,,0.914331018924713,0.645786225795746,0.837124407291412,0.626124918460846,42,0,13.4272384643555,0,5.51603746414185,21.8044419503563,455.097498823959,220.949959614578,,,,619.887027766638,300.955320792963,,,43719,366.00451396766
2015,PE,26007,Ouricuri,94.0465261749553,99.5418622632931,93.1516806588843,100,100,100,100,100,100,100,86.6411549834754,94.7990954948687,65.8806076049805,0.824538230895996,24.2414245605469,74.5712432861328,,,,,,580.320373535156,139.104095458984,114.624076843262,9.03225803375244,370.971008300781,63.3615036010742,91.3508987426758,411.9921875,71.7277374267578,98.1274490356445,18369,3366,5290.275390625,969.408630371094,0,497,143.136093139648,0,243,222,,,0.639360427856445,0.699840426445007,0.738936483860016,0.673056423664093,83,10,23.9040145874023,2.88000178337097,2.28384137153625,22.406218285526,375.704206330719,187.427169667532,,,,511.745646556193,255.294022551555,,,56145,547.22726241665
2015,PE,26002,Arcoverde,89.2103356795332,97.9863143777349,89.0373075153449,100,96.7848699763593,97.1631205673759,93.5224586288416,91.6784869976359,74.736012608353,96.4854215918046,89.7872340425532,100,66.1548309326172,1.88739597797394,24.3921947479248,73.4804840087891,,,,,,629.792846679688,185.748718261719,128.052200317383,10.1662158966064,371.800750732422,84.2743377685547,102.179328918457,414.264617919922,95.9186782836914,110.841590881348,21030,4266,5119.6533203125,1038.53735351562,8,612,148.988479614258,1.94756186008453,303,315,,,0.766852498054504,0.73763906955719,0.830269992351532,0.75017648935318,88,5,21.4231815338135,1.21722614765167,3.11439490318298,22.7088813441324,399.068385119799,207.316228692132,,,,543.56992900819,282.384854111154,,,61928,468.311933127355
2015,PE,26011,Salgueiro,100,100,100,100,100,98.7152921674264,100,98.3423124740986,91.5043514297555,99.9585578118525,100,100,67.3764572143555,0.964242696762085,25.6327838897705,73.2020874023438,,,,,,572.878234863281,136.498062133789,119.263458251953,6.37785816192627,364.474029541016,62.1586952209473,89.6779937744141,403.137145996094,70.022590637207,96.7524795532227,11236,2674,7745.92041015625,1843.41333007812,10,346,238.526916503906,6.89384174346924,125,135,,,0.930668652057648,0.861730217933655,1.27725660800934,0.845529675483704,71,1,48.9462776184082,0.689384162425995,2.50729012489319,19.93252314882,433.290725830251,211.317422053545,,,,590.184083383987,287.834868375647,,,21157,446.800661579107
2015,PE,26012,Serra Talhada,91.6297961848118,99.5750472525269,86.5935088041164,100,100,100,100,100,100,100,98.9812332439678,100,64.5675430297852,0.731643557548523,27.7240657806396,69.37548828125,,,,,,667.292846679688,173.411148071289,137.708847045898,11.3375797271729,385.92431640625,71.5004806518555,99.5112609863281,429.090209960938,81.1386108398438,107.558670043945,15990,3458,6796.1865234375,1469.74438476562,6,524,222.714309692383,2.55016374588013,168,152,,,0.646041512489319,0.714045882225037,0.995201468467712,0.713833391666412,151,11,64.1791229248047,4.67530059814453,2.85405826568604,20.2426110242025,440.873151740407,220.971140513891,,,,600.51208446695,300.984171236559,,,34753,458.236031869735
2015,PE,26006,Limoeiro,96.0261070300031,99.8215657772659,96.0261070300031,88.263939615291,99.4034575115656,99.8173849525201,96.3598733869004,100,97.2120769418067,100,71.1224738251765,99.3060628195763,69.5416793823242,0.926260054111481,27.6915683746338,70.9731750488281,,,,,,716.973083496094,211.779174804688,164.454223632812,3.79537963867188,403.244689941406,91.6301651000977,116.44548034668,450.626556396484,104.04167175293,127.299934387207,32523,5241,5496.962890625,885.82177734375,10,1006,170.031814575195,1.69017708301544,336,440,,,0.743677914142609,0.567899465560913,0.829665660858154,0.586829483509064,39,10,6.59169054031372,1.69017708301544,2.55098414421082,20.691268913127,412.255046991608,182.279757332464,,,,561.53144418901,248.282746635251,,,86708,415.452088569171
2015,PI,22009,Vale do Rio Guaribas,100,100,100,99.339863713799,90.9071550255537,90.4173764906303,88.1814310051107,85.4131175468484,86.3074957410562,87.2444633730835,94.4207836456559,87.0315161839864,64.5996856689453,0.922291994094849,37.9709587097168,61.0086326599121,,,,,,651.752136230469,221.627883911133,146.590621948242,3.33059215545654,363.591613769531,88.149543762207,104.312934875488,404.520965576172,100.702079772949,111.963973999023,25149,8603,6739.68505859375,2305.51953125,0,906,242.799102783203,0,284,254,,,0.680695056915283,0.761092126369476,0.818844020366669,0.843968093395233,127,57,34.0347518920898,15.2754402160645,3.2306215763092,17.2212357123996,541.923270851004,189.152566048167,,,,738.152168521034,257.644180126304,,,59610,477.139295883431
2015,PI,22004,Entre Rios,100,98.9503437624178,100,84.0325203252033,84.2113821138211,85.2086720867209,79.360433604336,77.2791327913279,79.1490514905149,78.1626016260163,83.3712737127371,84.9864498644986,55.8495750427246,2.66653084754944,35.7742614746094,59.1929168701172,,,,,,603.480102539062,183.70002746582,125.975135803223,2.20738530158997,391.224426269531,91.8524932861328,104.554191589355,436.642944335938,104.909027099609,113.05687713623,74638,12591,6137.4228515625,1035.34790039062,132,2723,223.910110473633,10.8542547225952,1381,2173,,,1.78684055805206,1.13558530807495,1.8256938457489,1.15583419799805,720,71,59.2050247192383,5.83827304840088,19.3537940979004,29.8367453651888,871.324494858828,388.512576154824,,,,1186.82865261634,529.191891198973,,,127597,305.697258734904
2015,PI,22002,Chapada das Mangabeiras,100,100,100,63.9602053915276,79.7175866495507,82.6379974326059,77.3748395378691,76.7971758664955,79.7496790757381,78.3376123234917,53.5301668806162,79.589216944801,59.4648170471191,1.45358443260193,40.8325080871582,57.647834777832,,,,,,461.058746337891,134.881484985352,98.9814682006836,6.56284761428833,306.898895263672,74.619140625,80.6250686645508,338.831787109375,83.3686752319336,86.4577789306641,12270,3925,6292.75927734375,2012.96508789062,0,310,158.985778808594,0,147,110,,,0.564143061637878,0.753900289535522,0.670689165592194,0.826469600200653,0,0,0,0,1.72730350494385,17.8868155494036,501.143488160056,210.649491226889,,,,682.606140800411,286.925081668491,,,30971,598.028597854538
2015,PI,22006,Serra da Capivara,100,100,100,90.1157184185149,83.0279652844744,88.5245901639344,84.4262295081967,78.8813886210222,80.5207328833173,81.2921890067502,88.4763741562199,77.6277724204436,65.9306030273438,0.901306867599487,33.3483543395996,65.6151428222656,,,,,,518.612060546875,169.913681030273,124.876319885254,3.81578946113586,296.132507324219,72.9233474731445,89.8955612182617,330.089538574219,82.6118392944336,98.499626159668,12658,5001,8637.6201171875,3412.603515625,0,395,269.541778564453,0,113,84,,,0.573202788829803,0.7710942029953,0.692790627479553,0.796171844005585,21,0,14.3300695419312,0,1.8349312543869,17.3686722104276,459.951319521001,183.491926124463,,,,626.498403335559,249.933838349807,,,25186,589.189180182621
2015,PI,22007,Tabuleiros do Alto Parnaíba,100,100,100,100,100,100,95.9409594095941,92.1279212792128,88.6838868388684,92.8659286592866,84.7478474784748,100,53.169734954834,0.920245409011841,48.5685081481934,50.3067474365234,,,,,,485.312896728516,185.185180664062,83.014045715332,6.14035081863403,348.130798339844,100.376609802246,68.5499572753906,386.734619140625,111.648918151855,73.1591415405273,2836,904,6036.611328125,1924.22302246094,0,51,108.556831359863,0,47,26,,,0.55342698097229,1.00042569637299,0.832269072532654,0.959982991218567,0,0,0,0,5.23201370239258,18.4699679574517,624.613684785402,403.294638053628,,,,850.784549606509,549.326496285557,,,6784,423.738145601481
2015,PI,22010,Vale do Sambito,100,100,100,100,96.9140950792327,96.2468723936614,95.0792326939116,92.1601334445371,87.1559633027523,92.6605504587156,82.652210175146,94.9958298582152,66.3813247680664,1.55642020702362,29.4163417816162,68.0155639648438,,,,,,683.90478515625,258.572235107422,130.22297668457,6.30136966705322,326.046508789062,81.5053253173828,83.2863159179688,362.533508300781,93.5872192382812,90.7320938110352,6379,1851,5976.2041015625,1734.12023925781,0,189,177.065765380859,0,74,46,,,0.430953711271286,0.693273365497589,0.71528947353363,0.735900342464447,0,0,0,0,2.00768232345581,19.2450748540836,480.711222180991,217.3220164797,,,,654.775408570439,296.013709616023,,,17798,488.108589900882
2015,PI,22011,Vale dos Rios Piauí e Itaueiras,100,100,100,97.5563909774436,88.6842105263158,94.0601503759399,91.3157894736842,88.7593984962406,90.3759398496241,91.203007518797,100,99.0601503759399,63.6426124572754,1.40893471240997,41.0996551513672,57.2508583068848,,,,,,636.679870605469,213.026275634766,142.497299194336,3.54182362556458,337.775177001953,75.3681945800781,99.0552749633789,375.892547607422,85.5231018066406,107.553695678711,11989,3132,5752.18896484375,1502.69885253906,10,300,143.936660766602,4.79788875579834,187,157,,,0.753268539905548,0.897205233573914,0.869017660617828,0.872975885868073,17,0,8.15641117095947,0,4.37807369232178,18.0405617089011,632.187285053554,234.810065043817,,,,861.100529307231,319.834131556075,,,31204,464.90421233875
2015,PI,22001,Carnaubais,100,100,100,69.0721649484536,90.6320035858359,92.649036306589,89.4217839533841,89.1976692066338,82.7879874495742,90.7664724338862,60.690273419991,88.7494397131331,64.4665451049805,1.22061479091644,35.1265830993652,62.7486419677734,,,,,,567.16015625,189.669189453125,126.240852355957,3.47448420524597,304.964782714844,76.2244567871094,82.5832748413086,337.977905273438,86.5775985717773,88.5790939331055,11198,3119,6895.82958984375,1920.70837402344,0,365,224.770309448242,0,127,111,,,0.683548033237457,0.782077491283417,0.726808607578278,0.769761323928833,21,0,12.9319896697998,0,2.65536856651306,18.8658166649771,476.951687103357,171.451175468484,,,,649.654556377048,233.533165624727,,,26735,500.825486332568
2015,PI,22003,Cocais,99.9101792598059,99.968702688261,99.9101792598059,73.2295586725967,85.3917208347588,86.5378036264112,80.7047553882997,81.4403010605542,82.2955867259665,82.3126924392747,61.4437222032159,91.3445090660281,60.9080657958984,1.27193689346313,39.7198524475098,58.7667045593262,,,,,,564.256713867188,181.807678222656,131.584564208984,3.38228750228882,336.225708007812,80.6342620849609,100.585395812988,373.227935791016,90.7653427124023,108.623176574707,22111,5892,5552.41650390625,1479.57299804688,0,516,129.575637817383,0,272,235,,,0.590121626853943,0.683034360408783,0.670478582382202,0.726226270198822,45,0,11.3002014160156,0,1.76358473300934,18.8208595604751,400.399114065215,133.097678152277,,,,545.382511175459,181.291974413532,,,65439,580.166451780159
2015,PI,22008,Vale do Canindé,100,100,100,86.331500392773,81.8538884524745,86.5671641791045,82.560879811469,83.032207384132,78.0832678711705,86.9599371563236,81.2254516889238,83.3464257659073,66.6424942016602,1.08774471282959,33.067440032959,65.7723007202148,,,,,,644.946350097656,240.582580566406,132.320419311523,3.7302725315094,360.769622802734,105.14485168457,98.2618026733398,400.387298583984,119.143440246582,106.889907836914,7249,2258,6707.62744140625,2089.3671875,0,221,204.495193481445,0,70,53,,,0.490418344736099,0.64772230386734,0.696764171123505,0.69074958562851,52,0,48.1165161132812,0,2.66121339797974,18.6092779533741,477.850731947176,204.814823733258,,,,650.879142839299,278.977697426698,,,18242,511.766766840928
2015,PI,22005,Planície Litorânea,95.6484338681279,100,93.3203752713323,100,79.2890644285362,84.8432485805974,78.3016539126142,79.8321402122933,75.5369044680326,78.7953591705752,95.2110589977783,87.7807948654653,52.9411773681641,1.65732955932617,48.529411315918,49.7899169921875,,,,,,626.354553222656,188.917785644531,128.594131469727,7.67012691497803,386.123413085938,94.3859024047852,106.582077026367,430.242431640625,108.240562438965,114.340545654297,15648,3306,5652.3623046875,1194.19165039062,32,586,211.674606323242,11.5590229034424,205,227,,,0.819968223571777,0.740499913692474,0.936190605163574,0.774725496768951,104,21,37.5668258666992,7.585608959198,4.78760290145874,19.4384088941857,468.146508100969,162.290662196328,,,,637.661046733845,221.055656168473,,,33780,314.95876724244
2015,PR,41018,18ª RS Cornélio Procópio,94.8816695072924,74.5254420317196,86.3294345203246,100,100,100,100,99.2483894058697,96.13457408733,100,93.8797423049392,100,83.0460815429688,0.809004545211792,11.2557153701782,87.8649291992188,,,,,,856.368103027344,237.978332519531,177.820236206055,3.20247936248779,395.816101074219,88.4420318603516,107.598968505859,439.750244140625,99.1827850341797,116.300971984863,16969,4675,7506.048828125,2067.93432617188,18,641,283.539245605469,7.96210050582886,221,224,,,0.990839183330536,0.977568984031677,1.04082345962524,0.998248338699341,172,24,76.0822906494141,10.6161336898804,11.2907009124756,23.1180633233442,572.764422949125,399.528103513428,,,,780.160815363538,544.196110143821,,,11781,125.523868383578
2015,PR,41002,2ª RS Metropolitana,62.2434619630162,40.5530633135861,49.1663207845673,100,96.9198295743267,100,99.5680725481765,95.0357659383184,100,99.5289840909979,96.2905054137513,100,77.0185012817383,1.17492711544037,16.2541236877441,82.3201446533203,,,,,,559.668884277344,138.936676025391,112.655235290527,1.20210754871368,348.558441162109,71.5850219726562,85.2664184570312,391.766937255859,82.1681442260742,93.0013961791992,220606,30392,6315.73583984375,870.093505859375,693,5486,157.058853149414,19.8399181365967,3783,9043,,,2.58892321586609,1.08303618431091,2.43295931816101,1.07730329036713,3187,518,91.24072265625,14.8298377990723,40.0606307983398,21.9160691719967,706.537402701846,412.018092800311,,,,962.372616194546,561.208689549092,,,87485,58.5206996375026
2015,PR,41011,11ª RS Campo Mourão,92.6741828828591,80.8852823568413,84.3679132085325,100,90.2658855340243,93.3753943217666,92.2487607030194,86.390265885534,94.7273546642632,92.0684993240198,45.5159981973862,100,84.4409484863281,0.538841485977173,10.619668006897,88.7965850830078,,,,,,774.527954101562,220.267608642578,158.915893554688,2.82071089744568,407.629852294922,86.1025085449219,100.311111450195,455.981048583984,99.4729537963867,109.102890014648,28209,8006,8442.294921875,2396.0087890625,28,619,185.252243041992,8.37974643707275,298,303,,,0.906808257102966,0.891844391822815,1.07275712490082,0.938082635402679,216,5,64.6437530517578,1.49638319015503,15.7847480773926,22.9413932067005,715.439417724495,428.419637253173,,,,974.498025909571,583.549187284063,,,18343,129.995743140507
2015,PR,41012,12ª RS Umuarama,91.4442975865003,81.9260922308124,87.3704984519563,100,98.6651835372636,100,99.888765294772,88.7096774193548,86.7630700778643,100,25,91.7686318131257,82.2927627563477,0.445960134267807,17.9695701599121,81.58447265625,,,,,,774.859619140625,199.468811035156,158.917465209961,7.54361152648926,386.046203613281,76.7454833984375,103.192825317383,427.801635742188,86.5060348510742,111.113883972168,19681,3122,7190.01025390625,1140.55249023438,44,395,144.30436706543,16.0744094848633,259,342,,,1.24942004680634,0.946198225021362,1.56049644947052,1.00428533554077,414,17,151.245590209961,6.21056747436523,9.99609088897705,24.72667510269,792.015269672249,443.723138066705,,,,1078.80177924871,604.394042855097,,,7876,63.3088099877285
2015,PR,41014,14ª RS Paranavaí,96.4035074867407,91.9697014094412,92.7117824596361,100,97.8260869565217,100,100,97.0380434782609,95.4076086956522,98.5326086956522,64.0760869565217,100,84.4236755371094,0.597092390060425,19.9636554718018,79.4392547607422,,,,,,737.496276855469,203.345626831055,146.983520507812,4.44555425643921,364.602874755859,79.4792327880859,89.749870300293,408.335296630859,89.4099731445312,98.5336074829102,20973,4747,7726.02880859375,1748.69873046875,20,546,201.135345458984,7.36759519577026,221,248,,,0.913581788539886,0.814119279384613,1.08119463920593,0.914594829082489,109,2,40.153392791748,0.73675948381424,13.5530595779419,26.9316359846801,723.038520657631,493.877408634967,,,,984.848742718799,672.709034242008,,,10719,91.8222125623976
2015,PR,41017,17ª RS Londrina,81.1598278001862,50.0425543834247,70.2934851932292,100,96.5175352343494,98.2137004260898,95.099967223861,91.8469354310062,94.5018026876434,94.4690265486726,100,100,81.3853149414062,0.543261170387268,15.1793556213379,84.021728515625,,,,,,689.605529785156,181.774810791016,126.12508392334,1.68250501155853,346.625061035156,73.039794921875,85.1136093139648,387.577392578125,83.4480438232422,92.3084030151367,60201,11075,6467.50927734375,1189.80859375,127,1606,172.535675048828,13.6438541412354,1608,1968,,,2.11426019668579,1.72750532627106,2.31819295883179,1.80724668502808,922,133,99.0522384643555,14.2884464263916,28.4229431152344,25.8446750342131,799.188765888382,401.185248273327,,,,1088.57277834144,546.453302377238,,,29121,71.3197752133456
2015,PR,41008,8ª RS Francisco Beltrão,87.934492167419,93.7367597462391,83.8874232418355,100,100,100,100,100,100,100,100,100,82.7636489868164,0.833680689334869,12.3801584243774,86.6819534301758,,,,,,631.360107421875,162.17121887207,124.397537231445,4.1835355758667,337.662841796875,66.7008209228516,79.5799331665039,377.752197265625,76.4120330810547,86.7096710205078,32585,8036,9254.5517578125,2282.32568359375,36,656,186.312301635742,10.2244548797607,317,320,,,0.908840477466583,0.900320053100586,1.16203773021698,0.999511480331421,247,22,70.151123046875,6.24827814102173,10.8177576065063,23.0703359234594,743.587526976344,428.644299824,,,,1012.83848663825,583.855199542183,,,13881,94.9776263083614
2015,PR,41010,10ª RS Cascavel,68.2420142383242,60.1162920720116,55.2924074695292,75.2816434724983,95.9973492379059,100,100,96.3817097415507,100,100,67.3293571901922,100,79.0229873657227,0.274862557649612,19.1279354095459,80.5971984863281,,,,,,579.610107421875,158.194198608398,103.162017822266,1.80238175392151,342.493255615234,70.5751800537109,75.396728515625,382.234436035156,80.079963684082,82.6576385498047,35180,6270,6562.82080078125,1169.6669921875,77,1010,188.415252685547,14.3643312454224,585,929,,,1.73304724693298,1.09131610393524,1.94487452507019,1.10059690475464,646,75,120.51114654541,13.991231918335,20.0430927276611,26.3635685347057,592.166909953326,436.894941764128,,,,806.588888537738,595.093375806938,,,19551,85.6233457446601
2015,PR,41015,15ª RS Maringá,82.4959049130932,58.6528933558479,65.6778632746539,100,97.9877515310586,98.7654320987654,97.9780305239623,96.519879459512,95.2367065227958,97.2295129775445,89.1902401088753,94.4784679692816,82.8269882202148,0.477283149957657,16.8976593017578,82.6250610351562,,,,,,591.620361328125,162.341735839844,110.60782623291,1.99026048183441,302.536376953125,62.5323028564453,73.3475112915039,338.311218261719,72.2139205932617,79.6313171386719,53466,9510,6697.34814453125,1191.25756835938,94,1259,157.706970214844,11.7747859954834,1239,1538,,,1.92655539512634,1.55201697349548,2.17648768424988,1.72607088088989,825,93,103.34253692627,11.6495218276978,34.5394554138184,22.9625453429942,706.835931465577,373.048232932028,,,,962.779241387015,508.127952633031,,,16030,45.2006947958823
2015,PR,41001,1ª RS Paranaguá,70.9089692620281,50.8002295928249,56.2671446329156,82.9656584034569,73.1862633613828,73.2090061405504,72.2083238571753,72.231066636343,68.8651353195361,73.9822606322493,68.3420513986809,58.1078007732545,60.3413429260254,1.39231979846954,34.0444641113281,64.0017929077148,,,,,,693.072082519531,176.596725463867,142.25846862793,10.0606670379639,434.5966796875,94.9474029541016,104.888069152832,488.0390625,107.558471679688,114.528358459473,16372,3093,5736.59033203125,1083.75732421875,14,295,103.36515045166,4.90546464920044,199,252,,,0.88298362493515,0.697276771068573,1.15111982822418,0.771033942699432,99,11,34.6886444091797,3.85429358482361,24.005241394043,19.4421662337723,490.477381630275,343.171448349977,,,,668.077866987274,467.432868081586,,,13503,111.539221315187
2015,PR,41006,6ª RS União da Vitória,83.8309329777819,65.4268341743198,66.3285479477247,100,99.0166737922189,99.8289867464729,98.3753740914921,96.4514749893117,92.9884566053869,97.6485677640017,100,95.5109020949124,75.0892486572266,0.952003180980682,19.1590633392334,79.8889312744141,,,,,,720.465270996094,215.563201904297,138.329330444336,1.12000000476837,442.2275390625,102.27335357666,104.019607543945,491.326416015625,115.664573669434,113.071632385254,13927,3421,8027.1357421875,1971.76928710938,22,248,142.940307617188,12.6801881790161,130,191,,,1.10087084770203,0.749283850193024,1.15677905082703,0.73184859752655,78,5,44.95703125,2.88186097145081,8.60235500335693,26.4284633295673,553.101484425902,407.418695776419,,,,753.377981905177,554.943863752363,,,9850,129.956699793224
2015,PR,41016,16ª RS Apucarana,99.6627432737973,90.457825329684,96.9852440040244,100,100,100,100,100,100,100,100,100,82.7292098999023,0.659042477607727,12.7350263595581,86.5865478515625,,,,,,728.661315917969,209.267639160156,158.838455200195,1.99851965904236,383.237762451172,87.5309524536133,101.067481994629,428.024993896484,99.8789138793945,111.21662902832,26596,6064,7172.27099609375,1635.30798339844,74,720,194.16584777832,19.9559345245361,496,576,,,1.55332684516907,1.33758699893951,1.42833256721497,1.52642679214478,232,33,62.5645523071289,8.89926815032959,13.4103879928589,22.2994517977639,598.088928419116,321.926655571142,,,,814.655253293914,438.495395374702,,,12137,72.4027370313708
2015,PR,41003,3ª RS Ponta Grossa,87.1709244363422,70.7998584638765,72.7725589502846,100,100,100,100,100,100,100,99.5098039215686,100,79.0949401855469,0.670033991336823,16.2560558319092,83.0635986328125,,,,,,634.098937988281,169.580810546875,117.552185058594,6.692307472229,403.811248779297,88.1309585571289,95.2144546508789,450.736053466797,100.414825439453,102.887275695801,39656,9041,6447.64794921875,1469.97131347656,61,976,158.687316894531,9.9179573059082,522,820,,,1.33323359489441,0.848717033863068,1.34433031082153,0.878430247306824,301,27,48.9394302368164,4.38991546630859,20.8304748535156,26.4552030399735,541.924840436886,383.607179774118,,,,738.154306449565,522.510264535872,,,26649,98.4411420467376
2015,PR,41022,22ª RS Ivaiporã,97.7916960292235,95.5021356765852,95.1871773114924,100,98.9498249708285,100,97.5495915985998,95.7409568261377,94.2823803967328,100,100,100,82.7488708496094,0.961538434028625,11.8778276443481,87.0475082397461,,,,,,795.450317382812,252.016510009766,153.886184692383,4.76635503768921,378.819366455078,85.8933410644531,96.4109802246094,422.658172607422,96.3832168579102,104.659637451172,12520,4443,9307.51171875,3302.97729492188,30,459,341.225891113281,22.3023452758789,121,99,,,0.735977411270142,0.899527907371521,0.899899661540985,0.997472405433655,53,12,39.4008102416992,8.92093849182129,5.62242126464844,22.4839285881349,647.7053611091,424.822267718816,,,,882.23765721408,578.649220322711,,,10807,187.434032057097
2015,PR,41020,20ª RS Toledo,75.97127340961,58.2761432357138,58.6989927922183,100,100,100,100,100,100,100,100,89.4966309948474,82.1079330444336,0.470843911170959,11.5356750488281,87.9753723144531,,,,,,654.222900390625,180.484252929688,124.489868164062,2.78662419319153,350.976715087891,73.8782577514648,84.1294937133789,391.907165527344,84.5887222290039,90.8672485351562,23849,5645,6211.2109375,1470.17846679688,16,489,127.354698181152,4.16702461242676,343,420,,,1.09384405612946,0.893305957317352,1.3135894536972,0.889269113540649,437,31,113.811866760254,8.07361030578613,27.2549457550049,24.3924077354316,614.703068958012,469.80802431099,,,,837.285327561884,639.924193307221,,,8721,52.8375100685958
2015,PR,41019,19ª RS Jacarezinho,89.2476629861939,83.0636047897983,87.4684222348937,100,94.9602848534648,92.6047658175842,98.1374965762805,89.5645028759244,90.8518214187894,96.4941112024103,86.7981374965763,100,77.8981552124023,1.08342361450195,17.9035758972168,80.9588317871094,,,,,,801.297729492188,255.703628540039,166.399215698242,3.78754901885986,398.383087158203,102.995529174805,105.216201782227,443.829132080078,116.27710723877,114.361602783203,21337,5764,7443.3125,2010.74438476562,19,780,272.099365234375,6.62806129455566,193,271,,,0.94537079334259,0.673271477222443,1.109938621521,0.732139110565186,151,15,52.6756439208984,5.23267984390259,7.92367267608643,24.9302648331568,564.461475900708,404.08056678474,,,,768.851394457365,550.397007607689,,,14661,117.181213353555
2015,PR,41005,5ª RS Guarapuava,89.09821611736,78.4847254776153,76.6713806212818,100,100,100,100,100,100,100,100,96.4029828922357,76.2900772094727,0.344020903110504,22.1136646270752,77.5285568237305,,,,,,654.163818359375,218.862747192383,125.851593017578,2.93126678466797,413.282379150391,109.154373168945,95.4945983886719,461.095489501953,124.358299255371,103.603141784668,34401,7955,7582.1728515625,1753.32641601562,36,792,174.561233520508,7.93460130691528,354,419,,,0.923499405384064,0.780235767364502,0.953364372253418,0.791531562805176,223,4,49.150447845459,0.88162237405777,8.2879114151001,21.0715045390605,466.744728144224,309.884723028833,,,,635.751686183159,422.093112805564,,,33587,182.322796279206
2015,PR,41007,7ª RS Pato Branco,88.9907977561443,80.5561687001926,82.5058417883864,100,100,100,100,100,100,100,96.7914438502674,100,79.7742004394531,0.816718697547913,15.3254861831665,83.8337707519531,,,,,,633.939270019531,168.897613525391,123.807304382324,5.60578680038452,371.288909912109,75.4060668945312,89.2026977539062,412.258270263672,86.151008605957,96.2634658813477,21281,5248,8131.92333984375,2005.37268066406,52,576,220.101867675781,19.8703079223633,276,372,,,1.42149126529694,1.05465483665466,1.6566869020462,1.07567143440247,101,4,38.5942535400391,1.52848517894745,16.0406875610352,22.0597172197261,826.275871605125,479.402960993243,,,,1125.46804912834,652.993429672926,,,13207,116.476119498843
2015,PR,41013,13ª RS Cianorte,91.2955876099827,78.8283779805711,88.3518136918196,100,100,100,100,94.5232273838631,95.7946210268949,100,83.0317848410758,100,86.0628814697266,0.281557947397232,12.3885498046875,87.0483322143555,,,,,,625.909912109375,186.538055419922,120.242301940918,0.726895093917847,324.570861816406,71.1831893920898,81.0165863037109,360.698455810547,78.7412719726562,89.2469863891602,11637,2334,7563.56591796875,1517.0029296875,15,263,170.939056396484,9.74937629699707,147,194,,,1.26091933250427,0.955438852310181,1.38294899463654,1.02352201938629,54,3,35.0977554321289,1.94987523555756,16.4939937591553,25.7551554145856,805.090317993963,503.212104240351,,,,1096.61126592573,685.423796966218,,,3351,47.7320888838818
2015,PR,41021,21ª RS Telêmaco Borba,93.8344871262912,87.2081850145225,83.0408813959075,100,100,100,100,90.4446177847114,98.8689547581903,100,96.5288611544462,100,76.406135559082,0.840029239654541,19.1015338897705,79.4375457763672,,,,,,694.034912109375,211.869033813477,135.967498779297,4.64201402664185,449.288879394531,111.842086791992,110.092697143555,503.872436523438,126.518196105957,120.624618530273,13303,4646,7264.1591796875,2536.9677734375,10,214,116.855598449707,5.46054220199585,92,107,,,0.584277987480164,0.50236988067627,0.705502033233643,0.559978604316711,83,0,45.3224983215332,0,14.7418251037598,18.3120897087149,525.771698746449,335.580809982867,,,,716.152157421161,457.093680834022,,,12065,161.082400609509
2015,PR,41004,4ª RS Irati,79.3435499970642,64.9069344137162,63.1472021607657,100,100,100,100,100,100,100,71.1656441717791,100,82.8692016601562,0.590717315673828,14.5569620132446,84.8523178100586,,,,,,622.858947753906,182.74446105957,100.480072021484,4.9056601524353,344.764678955078,74.1277694702148,69.5392761230469,386.076934814453,86.2322616577148,76.5020294189453,10736,2561,6308.50341796875,1504.85070800781,20,246,144.550277709961,11.7520551681519,108,123,,,0.722751379013062,0.634610950946808,0.874940514564514,0.63020396232605,71,2,41.7197952270508,1.17520546913147,6.64402437210083,23.6380462058465,504.207840224435,364.311816532811,,,,686.780086159652,496.228104338902,,,10063,134.526289180751
2015,PR,41009,9ª RS Foz do Iguaçu,72.5161488012573,76.4452374009697,57.8460686873879,100,100,100,100,100,100,100,99.3590745662029,100,73.9810943603516,0.511390030384064,27.3671169281006,71.7030868530273,,,,,,608.311340332031,168.351852416992,104.253440856934,3.89503884315491,402.295196533203,88.7676849365234,83.7321929931641,447.893920898438,101.332992553711,90.2658462524414,24138,3343,6020.26220703125,833.778137207031,35,456,113.731025695801,8.72935485839844,346,558,,,1.39170861244202,0.862959086894989,1.65097045898438,0.925872802734375,343,42,85.5476760864258,10.4752264022827,22.0376300811768,29.6093943222034,805.719322828127,474.757430880969,,,,1097.4680316476,646.665766125796,,,16715,93.9838097688677
2015,RJ,33001,Baia da Ilha Grande,95.3324298920778,90.9449517388728,94.5555710742772,100,100,100,99.1978609625668,100,100,100,98.716577540107,87.2727272727273,64.9987640380859,1.40497899055481,28.3953666687012,68.5974884033203,,,,,,579.137817382812,155.244171142578,122.580505371094,5.06970834732056,400.516815185547,95.4716033935547,99.6188659667969,448.893127441406,108.066276550293,108.668365478516,11761,1883,4316.375,691.075134277344,8,409,150.106063842773,2.93605995178223,305,700,,,2.56905245780945,1.11937284469604,2.33214926719666,1.09615957736969,108,28,39.6368103027344,10.2762098312378,20.8673114776611,30.3819540083358,1534.96343167627,970.987428663652,,,,2090.76938864993,1322.57925545293,,,14643,155.509449383783
2015,RJ,33007,Noroeste,94.1731260761545,85.1250871350012,87.1504918286732,100,100,100,99.8708344097133,100,98.4758460346164,100,99.1991733402222,94.3167140273831,76.9194107055664,1.0014306306839,26.9194087982178,71.3400115966797,,,,,,828.11572265625,213.951751708984,171.977569580078,5.38542747497559,373.154876708984,79.178955078125,107.809669494629,416.777496337891,90.2475509643555,117.328453063965,24414,6761,7116.37353515625,1970.74633789062,80,870,253.594039916992,23.3189926147461,324,640,,,1.86551940441132,0.944419205188751,1.8753570318222,0.884372770786285,493,33,143.70329284668,9.61908435821533,14.8751850128174,24.4999205411255,1011.40686274219,399.428120723414,,,,1377.63445333843,544.059923865738,,,22787,157.836727022455
2015,RJ,33002,Baixada Litorânea,68.4454072260865,48.8648724749672,52.8553839696857,100,100,100,100,100,100,100,80.9791945027677,100,55.2916145324707,1.92422306537628,36.9263534545898,59.1485748291016,,,,,,690.85009765625,170.680603027344,156.876510620117,8.44071006774902,403.351684570312,81.1109466552734,111.133598327637,449.778106689453,91.3285751342773,120.510429382324,27486,3464,3545.97680664062,446.891632080078,44,1098,141.653289794922,5.67645263671875,687,1344,,,1.73389828205109,0.886300683021545,2.05287623405457,0.760805904865265,382,87,49.2819290161133,11.223895072937,19.0055370330811,27.8889893733642,975.931000987072,433.87782766168,,,,1329.31288146062,590.983773143262,,,42924,140.550685420957
2015,RJ,33003,Centro-Sul,96.1506540121217,91.6982877163324,92.4026791374574,100,100,100,100,100,100,100,87.7447241291635,100,68.7328491210938,2.56175661087036,28.4766693115234,68.641357421875,,,,,,798.756958007812,258.967315673828,190.707717895508,3.71064472198486,407.972686767578,104.443984985352,126.59317779541,451.531127929688,117.626167297363,136.365600585938,19546,4587,5851.7626953125,1373.27514648438,35,738,220.945510864258,10.4784460067749,399,677,,,2.02683091163635,1.19454288482666,2.37853240966797,1.19424343109131,178,22,53.2903823852539,6.58645153045654,15.3584079742432,20.2078303958727,863.484743306568,330.963038616894,,,,1176.15014899741,450.803827397438,,,21597,185.523189150292
2015,RJ,33004,Médio Paraíba,88.5012940555679,65.1294855072629,73.5556946440034,100,98.5197075084716,100,98.3591938648118,100,100,100,80.6224362404138,91.8138041733547,70.7266616821289,1.34471166133881,21.7136459350586,76.4761657714844,,,,,,751.82763671875,203.063827514648,169.554946899414,3.63987517356873,382.579833984375,85.7166519165039,112.563568115234,428.011840820312,97.1515121459961,122.698791503906,50851,9383,5679.8671875,1048.04614257812,78,1470,164.19352722168,8.71230983734131,977,2084,,,2.32775044441223,1.09127259254456,2.47329068183899,1.08175051212311,1080,215,120.631980895996,24.0146999359131,29.9967041015625,28.0183301592086,949.231605027861,523.782361641118,,,,1292.94570904791,713.442486924979,,,36972,111.154281956887
2015,RJ,33005,Metropolitana I,53.5818508843117,47.3563584808608,42.4077853791649,100,97.5534561330149,100,92.4045160421554,100,100,98.102014925902,85.8763829138819,100,66.6220626831055,1.97271049022675,29.2162551879883,67.238410949707,,,,,,803.460327148438,195.146041870117,181.990783691406,5.10879278182983,407.562194824219,83.2273101806641,120.389434814453,466.780639648438,97.5185928344727,131.718811035156,375814,48152,3645.96630859375,467.147491455078,781,12602,122.258529663086,7.57688570022583,14700,26106,,,2.5326783657074,1.42612314224243,2.71437335014343,1.43693065643311,12651,3348,122.733909606934,32.4806823730469,39.8840103149414,21.7223523635096,610.189794630423,358.681441933749,,,,831.137809248436,488.558986876283,,,503833,120.53585245822
2015,RJ,33009,Serrana,64.5424812070389,52.9991528422678,49.3139094720813,100,100,100,94.5225194717237,100,100,98.3406705045716,98.2560108364375,99.3481205553674,70.4754180908203,1.78789114952087,27.1434383392334,70.1665954589844,,,,,,789.445495605469,208.2734375,162.631652832031,5.10366821289062,381.547119140625,80.1241683959961,101.411819458008,426.598785400391,91.1826400756836,110.173133850098,46825,9607,4913.0498046875,1008.00146484375,89,2121,222.543060302734,9.3382043838501,733,2128,,,2.23277521133423,0.769090354442596,2.31862902641296,0.745193958282471,729,90,76.4893417358398,9.44312858581543,23.0317897796631,31.3323829579156,902.7279247536,479.5886986534,,,,1229.60317646992,653.246422419307,,,43647,117.568850358224
2015,RJ,33008,Norte,49.2840292869299,39.3622999893494,29.4943902975148,100,100,100,98.0913228600793,100,100,100,100,79.812068712377,57.7471389770508,4.45083999633789,26.8322067260742,67.9472579956055,,,,,,718.1435546875,163.676605224609,152.51432800293,9.24899959564209,431.199829101562,81.8194885253906,117.194549560547,480.834808349609,92.391716003418,125.922065734863,43825,7110,4843.43505859375,785.780334472656,106,1669,184.45393371582,11.7148685455322,1120,2062,,,2.27887344360352,1.237797498703,2.57166242599487,0.979545414447784,1182,290,130.6318359375,32.0501136779785,28.9957370758057,35.9847547226107,1709.70889752322,1000.69401628391,,,,2328.78969796713,1363.04251519969,,,52766,151.404413600854
2015,RJ,33006,Metropolitana II,67.8655574653009,46.1401843844789,55.502058342611,100,89.7600133094872,99.1556794077278,91.9602379070831,99.4260283658445,100,91.6774113047457,83.0719960071538,92.2056315767583,73.7869720458984,1.04029190540314,26.6206035614014,71.0969619750977,,,,,,752.777282714844,175.181015014648,180.67822265625,6.87604999542236,381.762176513672,72.3786697387695,111.770805358887,428.107116699219,82.5963439941406,122.016426086426,73373,19777,3569.44091796875,962.109130859375,68,2248,109.36043548584,3.30805587768555,2012,4739,,,2.30542302131653,0.978795349597931,2.26617646217346,0.940168976783752,2617,583,127.311500549316,28.3617153167725,33.0629501342773,24.7241388671989,590.229213253723,267.930412750577,,,,803.949557293479,364.947264349808,,,110243,141.371636417576
2015,RN,24004,4ª Região de Saúde - Caicó,100,100,100,92.0882669537137,100,100,98.8159311087191,100,100,99.4886975242196,86.7061356297094,90.2314316469322,73.5873870849609,1.07752954959869,23.9158992767334,74.6123504638672,,,,,,684.788879394531,194.213287353516,141.837509155273,3.65795731544495,331.970947265625,66.2859954833984,92.0131912231445,369.265167236328,76.0065460205078,99.4943237304688,17572,4396,5716.44189453125,1430.08642578125,0,727,236.504287719727,0,228,270,,,0.87835156917572,0.74171906709671,0.764979124069214,0.741637766361237,71,9,23.0973930358887,2.92783856391907,3.37905097007751,22.1628736768714,545.309818509233,265.756655196433,,,,742.764975595725,361.986395277124,,,37061,297.232123874089
2015,RN,24008,8ª Região de Saúde - Açu,100,100,100,86.1380798274002,100,100,100,100,100,100,65.7497303128371,89.7518878101402,57.3227615356445,1.95895516872406,39.7854461669922,57.6958961486816,,,,,,511.732086181641,137.37336730957,109.37784576416,4.58015251159668,316.511444091797,69.0757369995117,82.953987121582,351.070404052734,78.3224258422852,89.3144149780273,7112,917,4630.3291015625,597.020751953125,0,151,98.3098526000977,0,106,111,,,0.722675085067749,0.690122127532959,0.699725270271301,0.700701832771301,34,0,22.1359939575195,0,4.53918075561523,24.7419252666031,599.891581853436,314.543612748308,,,,817.110642484981,428.438973436222,,,19622,345.766408441545
2015,RN,24003,3ª Região de Saúde - João Câmara,100,100,100,65.417224453369,97.2333779562695,100,95.7385095939313,100,100,97.8134761267291,42.7710843373494,80.4551539491299,55.0159873962402,1.59872102737427,43.4652290344238,54.1366920471191,,,,,,551.355529785156,164.766220092773,124.593544006348,3.69588184356689,344.494384765625,75.6319732666016,98.5055465698242,382.894165039062,85.5221710205078,106.997840881348,14696,1901,4278.099609375,553.393310546875,0,401,116.733673095703,0,224,223,,,0.64916729927063,0.652078330516815,0.758987188339233,0.665905892848969,0,0,0,0,3.88452386856079,23.2809541334969,617.501455274656,365.689671715577,,,,841.097001721488,498.104877021997,,,46765,391.082056129708
2015,RN,24006,6ª Região de Saúde - Pau dos Ferros,97.1362707353011,99.1408812205903,97.1362707353011,99.0737783455765,96.0715426381348,95.4327690833599,95.305014372405,94.314915362504,91.4084956882785,95.0814436282338,93.324816352603,96.3270520600447,72.8402404785156,1.24260354042053,27.4556217193604,71.2721862792969,,,,,,679.93994140625,176.088043212891,150.075042724609,3.11948204040527,338.536499023438,63.6244316101074,89.070426940918,375.6826171875,71.3787078857422,96.7057495117188,17218,4555,6890.6455078125,1822.91149902344,6,888,355.377685546875,2.40120053291321,218,186,,,0.744372189044952,0.872436225414276,0.857828915119171,0.914957463741302,22,0,8.80440235137939,0,1.9505752325058,22.0449569360017,670.556845832412,326.693334070587,,,,913.363600515886,444.988074800485,,,38564,485.371696860129
2015,RN,24002,2ª Região de Saúde - Mossoró,89.5381414437864,97.1533206325578,86.9627455665342,100,90.3311052386134,96.8443960826986,87.9371988185916,100,94.3105860407275,92.8804601274677,100,81.7658946059381,57.087028503418,4.11844301223755,42.1914939880371,53.5547866821289,,,,,,591.59423828125,148.906112670898,112.63410949707,7.27859449386597,363.602600097656,69.6671752929688,86.2913284301758,403.375244140625,78.5797882080078,92.7867431640625,20363,2713,4319.337890625,575.473327636719,68,728,154.421157836914,14.4239540100098,461,508,,,1.07755422592163,0.977859258651733,1.11281859874725,0.969586670398712,143,34,30.332727432251,7.21197700500488,15.4009647369385,30.146634762299,620.60349824356,319.45856241636,,,,845.322285756155,435.133612605245,,,45730,238.505204778757
2015,RN,24001,1ª Região de Saúde - São José de Mipibu,100,98.8965744400527,99.8966700667262,82.3784565335261,96.0961503705042,98.1022953189951,91.1078980661486,94.7406470269293,92.3007410084945,97.4516537140792,64.1062714621363,86.3545996746792,57.8311157226562,2.01471614837646,35.336368560791,61.8079872131348,,,,,,595.168151855469,199.190414428711,132.170593261719,3.36473751068115,365.356140136719,89.9216918945312,101.988212585449,406.100036621094,102.151672363281,110.823928833008,17285,1866,4615.2900390625,498.243072509766,0,410,109.474632263184,0,277,272,,,0.726270735263824,0.73962128162384,0.884274661540985,0.716124296188354,70,0,18.6907901763916,0,3.35446286201477,21.8095741237398,519.485213060627,234.481910225962,,,,707.589352885975,319.387152798308,,,52230,419.810532081535
2015,RN,24005,5ª Região de Saúde - Santa Cruz,100,98.7309631832643,100,92.8462709284627,86.3013698630137,88.9649923896499,83.7899543378995,85.3120243531203,85.5022831050228,80.5936073059361,88.7747336377473,77.9680365296804,41.3051414489746,1.09369301795959,31.3525333404541,66.2048873901367,,,,,,639.299621582031,201.562622070312,117.578193664551,3.34394907951355,327.824645996094,63.4893684387207,82.8471450805664,366.486450195312,71.7218170166016,90.4647369384766,9098,1016,4630.85009765625,517.140441894531,0,361,183.747741699219,0,179,141,,,0.717685103416443,0.911103785037994,0.971038103103638,0.969129383563995,4,0,2.03598594665527,0,2.79439091682434,22.1172489780666,555.252638134445,262.211231788744,,,,756.308062343113,357.157183989333,,,29634,441.347390512465
2015,RN,24007,7ª Região de Saúde - Metropolitana,71.732602137224,52.4282086465326,59.5495936687164,100,81.9727531946351,90.0306262540923,83.012989756046,91.5724997359806,90.6589925018481,82.8704192628578,100,91.7203506178055,57.2830848693848,2.14118599891663,36.6392021179199,59.9074363708496,,,,,,570.156188964844,132.458190917969,127.29248046875,2.08248805999756,354.954986572266,65.5085601806641,97.9116439819336,396.162658691406,74.2770004272461,105.504051208496,55872,7262,4307.744140625,559.90185546875,248,2390,184.269546508789,19.1208572387695,1371,2816,,,2.171142578125,1.05704414844513,2.47314405441284,1.03227567672729,1136,205,87.5858612060547,15.8055467605591,31.1171131134033,25.7376873798706,646.612847522763,310.554520667951,,,,880.74954751983,423.005442292742,,,86799,152.08385201287
2015,RO,11005,Zona da Mata,86.0787217190675,100,86.0787217190675,99.9006458022851,99.8012916045703,99.9503229011426,100,100,100,100,85.3949329359165,100,72.6202163696289,1.22669279575348,31.795877456665,66.9774322509766,,,,,,502.255767822266,147.464630126953,102.20320892334,9.01162815093994,345.079803466797,83.6524047851562,88.6873626708984,384.981292724609,96.2765808105469,96.0386962890625,12840,4481,9373.494140625,3271.23266601562,0,242,176.665542602539,0,78,90,,,0.657020628452301,0.569417893886566,0.982245862483978,0.677096247673035,22,0,16.0605049133301,0,4.6239652633667,23.3489828219246,530.81794698709,285.836585025503,,,,723.025638007952,389.337211424588,,,9811,187.149501987046
2015,RO,11001,Vale do Jamari,71.4346459027393,80.4795936678344,63.8744333741642,100,100,100,100,100,100,100,100,100,51.2320327758789,1.38603699207306,31.0831623077393,66.8634490966797,,,,,,424.973297119141,96.5848388671875,95.4021682739258,6.77179956436157,354.332580566406,72.5581893920898,89.3505477905273,393.803649902344,81.8005828857422,96.0464782714844,12302,2640,4849.74169921875,1040.7509765625,7,340,134.036102294922,2.75956678390503,154,175,,,0.689891695976257,0.60710471868515,0.892030000686646,0.7301025390625,151,10,59.5277976989746,3.94223833084106,4.57181358337402,23.8474458964962,442.809668711656,242.352586733129,,,,603.149808806525,330.107779211654,,,17890,174.265447023062
2015,RO,11003,Central,82.9341374298793,91.9169281338712,76.6263260122516,100,100,100,100,100,100,100,100,100,67.0194702148438,1.71990168094635,30.0699291229248,68.1345672607422,,,,,,477.772216796875,131.769393920898,109.279220581055,4.40555238723755,324.540069580078,68.7179412841797,94.3746643066406,361.670532226562,77.9923934936523,102.014671325684,23264,6713,6707.8408203125,1935.59729003906,6,553,159.449630737305,1.73001396656036,189,285,,,0.821756660938263,0.544954419136047,1.13705170154572,0.656035721302032,194,5,55.9371185302734,1.44167828559875,7.55151128768921,22.7222834252891,460.683577233347,239.722622727593,,,,627.495809513439,326.52551261002,,,22731,164.314531848048
2015,RO,11006,Cone Sul,98.0769230769231,91.0047122181084,91.6105688320431,100,100,100,100,100,100,100,100,100,74.0875930786133,0.648824036121368,25.2635841369629,73.7631759643555,,,,,,483.297332763672,122.320091247559,93.0696334838867,2.88858318328857,365.128540039062,83.1426010131836,82.3744735717773,409.497528076172,95.3470687866211,90.0621109008789,14089,3231,9366.12890625,2147.91430664062,10,347,230.679733276367,6.64783096313477,120,155,,,1.03041386604309,0.797739744186401,1.30978894233704,0.919561266899109,20,0,13.2956619262695,0,9.19528007507324,21.6932899051456,707.871735165074,338.679630645842,,,,964.190106703328,461.314575774815,,,7569,134.374979132432
2015,RO,11002,Café,77.900918929031,88.0919042409057,76.2002482979121,100,100,100,100,100,100,100,100,100,72.5627746582031,1.10782861709595,27.2895126342773,71.4918746948242,,,,,,513.500854492188,149.845123291016,101.870994567871,4.49827003479004,351.986877441406,82.5076217651367,88.6486587524414,394.856903076172,95.2675170898438,96.2390670776367,11984,3246,7097.80224609375,1922.51879882812,27,388,229.802001953125,15.9913768768311,147,311,,,1.84196960926056,0.870641589164734,2.06303572654724,0.939197242259979,127,0,75.2186965942383,0,8.74076747894287,23.5519942946835,472.851960574486,285.461051647423,,,,644.070330361294,388.825698462714,,,8433,120.795048069203
2015,RO,11004,Madeira-Mamoré,68.4716382619121,57.5770341939405,59.171252778726,100,99.5901257568701,99.9347927340475,98.2021425244527,100,100,99.3386120167676,100,100,37.9169387817383,10.8612842559814,39.7101173400879,48.4158706665039,,,,,,459.402862548828,81.3876266479492,96.5216903686523,6.18594455718994,411.338714599609,70.4853973388672,98.1026458740234,461.249420166016,81.3169937133789,104.933052062988,34918,4765,5871.68017578125,801.264526367188,133,1498,251.898071289062,22.3647804260254,659,1080,,,1.81608748435974,1.10814964771271,2.59822416305542,1.28059387207031,603,72,101.398216247559,12.107250213623,17.3229522705078,24.2994966607137,505.002860193412,305.201181221671,,,,687.862980631404,415.713673635353,,,34657,152.451902843284
2015,RO,11007,Vale do Guaporé,88.6848928142324,93.6067958095318,80.2744461541704,100,100,100,100,100,100,100,100,100,69.4148941040039,1.06382977962494,26.5957450866699,72.3404235839844,,,,,,388.482147216797,87.5152053833008,83.2461776733398,8.79120922088623,349.490509033203,76.1609954833984,80.6335220336914,383.042572021484,83.5661315917969,84.6768569946289,2708,794,5780.27294921875,1694.80676269531,0,66,140.878143310547,0,28,25,,,0.533629298210144,0.597664833068848,0.79190593957901,0.736408472061157,0,0,0,0,1.79085993766785,20.2145504977814,415.881921466186,255.856972882199,,,,566.471599746749,348.502065740129,,,4764,260.597055699947
2015,RR,14001,Centro Norte,81.3638044736475,62.4874517884504,69.026691066634,100,94.2295497780596,93.9230606637075,88.6493341788205,100,100,95.5928979074192,78.3343901923483,95.9627985626717,45.8701782226562,4.61213827133179,52.1302261352539,43.2174453735352,,,,,,413.287506103516,82.9829254150391,87.1669387817383,4.33070850372314,388.060913085938,81.4095687866211,93.2792053222656,430.763092041016,91.2734298706055,100.206672668457,31475,5398,7316.21142578125,1254.73901367188,30,746,173.404083251953,6.97335481643677,546,656,,,1.52484023571014,1.26915061473846,1.8996000289917,1.34690344333649,121,18,28.1258640289307,4.18401288986206,7.11700582504272,19.0823854792034,468.553463375721,297.787824586744,,,,638.215359373118,405.615961338374,,,36212,261.113683549046
2015,RR,14002,Sul,100,100,100,53.1296572280179,93.8152011922504,100,98.3606557377049,99.7764530551416,100,100,45.6780923994039,100,49.8284149169922,4.52985572814941,45.2985572814941,49.6225128173828,,,,,,376.568542480469,72.185661315918,62.560905456543,3.1948881149292,365.130737304688,71.3766098022461,62.851203918457,406.936218261719,80.4256134033203,67.7100982666016,3506,885,4218.048828125,1064.73852539062,0,110,132.340377807617,0,66,38,,,0.457175850868225,0.79404228925705,0.754941701889038,0.871040344238281,2,0,2.40618872642517,0,0.566657423973083,17.6646346540534,426.105696523787,119.606765987042,,,,580.397375101235,162.916040760679,,,10602,393.302185913068
2015,RS,43022,Região 22 - Pampa,72.8229574241449,39.5469262489585,66.4951117392084,100,91.9057815845824,92.2055674518201,89.9357601713062,85.9100642398287,86.7665952890792,90.5353319057816,99.4860813704497,92.4625267665953,76.0399322509766,1.16472542285919,20.6322803497314,78.1613998413086,,,,,,850.775573730469,216.027648925781,209.626831054688,1.06583070755005,383.393707275391,81.2505416870117,119.167472839355,425.748199462891,90.0556030273438,129.290817260742,12566,3436,6702.724609375,1832.76794433594,40,355,189.357574462891,21.3360652923584,145,236,,,1.2588278055191,0.773432314395905,1.39284491539001,0.85504275560379,162,11,86.4110641479492,5.86741781234741,8.0596981048584,17.8898353958723,467.436863231261,254.330236730311,,,,636.694441445549,346.422502706222,,,12978,179.420763205698
2015,RS,43018,Região 18 - Araucárias,77.4629406074966,78.6476414705287,74.9098352665952,100,97.0230040595399,99.7970230040595,94.8579161028417,92.9634641407307,88.362652232747,96.2787550744249,77.063599458728,93.3694181326116,77.1025161743164,0.613873541355133,17.2498474121094,82.0135040283203,,,,,,744.924072265625,199.857681274414,117.340682983398,1.82926833629608,298.944854736328,53.6900405883789,64.0047760009766,335.139221191406,62.121826171875,69.2692337036133,11251,2270,8517.4189453125,1718.47326660156,0,374,283.131713867188,0,107,128,,,0.969006896018982,0.810029208660126,1.24835348129272,0.822331070899963,129,0,97.6577301025391,0,6.46282196044922,21.5558094700968,631.580377726906,491.022651270312,,,,860.273862538422,668.820577235885,,,4649,88.2018000347681
2015,RS,43001,Região 01 - Verdes Campos,68.8613883007947,39.7183124492841,37.9517310658566,100,94.2686567164179,92.7562189054726,90.1293532338308,86.9054726368159,87.3034825870647,87.8407960199005,93.7313432835821,93.2139303482587,68.5086059570312,2.33269596099854,25.2007656097412,72.3518142700195,,,,,,754.094055175781,206.988052368164,134.750610351562,3.96070003509521,329.208679199219,67.8589782714844,77.7278900146484,367.999633789062,77.0894393920898,83.8131713867188,22113,4581,5119.82861328125,1060.64013671875,32,1054,244.03288269043,7.40896797180176,720,1085,,,2.51210331916809,1.66701781749725,2.90425753593445,1.7207328081131,564,78,130.583068847656,18.0593605041504,14.6776285171509,21.1907605556518,448.416923586593,302.024120042184,,,,610.787434957704,411.386207506284,,,19848,104.971575020105
2015,RS,43013,Região 13 - Diversidade,90.5301670638198,91.9638107676805,85.2034130667001,100,91.968286797656,93.4505342985178,90.4515684246811,88.9003791795932,85.5222337125129,90.5549810410203,100,91.0031023784902,82.1132583618164,0.483425408601761,16.8162975311279,82.6657485961914,,,,,,689.860473632812,193.913818359375,118.624481201172,4.88578701019287,278.389343261719,53.2480964660645,71.2576370239258,309.941650390625,60.4433364868164,76.3415908813477,15695,2923,6870.15234375,1279.48107910156,27,519,227.181198120117,11.8186750411987,271,367,,,1.60646438598633,1.18624484539032,1.81318175792694,1.17803740501404,318,39,139.197723388672,17.0714206695557,17.814245223999,24.9494140432423,724.987105827896,475.170668888956,,,,987.502905118432,647.228636458402,,,9475,96.0495074675106
2015,RS,43014,Região 14 - Fronteira Noroeste,93.1771312200864,88.1896766543217,93.1773460391658,100,100,100,99.3954050785973,99.0729544538492,95.1632406287787,99.6372430471584,100,100,76.0182723999023,0.570993542671204,22.4590797424316,76.9318618774414,,,,,,803.90380859375,241.567153930664,162.364807128906,1.75150525569916,322.836700439453,61.7798805236816,86.8238372802734,359.327301025391,71.1294479370117,94.4364242553711,17944,4588,7895.59375,2018.77978515625,34,640,281.608337402344,14.9604425430298,239,255,,,1.12203323841095,1.05163109302521,1.4386225938797,1.10949277877808,258,1,113.523361206055,0.440013021230698,14.0839366912842,18.9794970496507,830.700753774895,368.191832334866,,,,1131.49516873134,501.513062989386,,,9296,98.129272102165
2015,RS,43003,Região 03 - Fronteira Oeste,76.6306308573922,64.4778792989168,61.4626595182361,100,99.5741893219784,98.165738617753,94.1696691778578,90.5011464133639,87.8480183426138,94.3334425155585,100,91.8604651162791,65.2712478637695,1.47381627559662,29.7115077972412,68.7362823486328,,,,,,832.586486816406,214.056823730469,154.739883422852,7.27929782867432,393.369506835938,79.7570877075195,98.2041931152344,438.084899902344,90.1930389404297,106.627799987793,30153,6414,6480.376953125,1378.47436523438,73,737,158.393463134766,15.6889038085938,328,524,,,1.12616240978241,0.704926073551178,1.32286477088928,0.705678284168243,308,13,66.1942825317383,2.79391431808472,8.13630867004395,19.5469765045313,420.424788512945,252.137309579756,,,,572.659426220046,343.435522779988,,,31695,158.207672780814
2015,RS,43017,Região 17 - Planalto,67.0507511949985,51.5198596480795,56.8950606729657,100,98.9111747851003,100,96.0267430754537,99.0448901623687,99.5606494746896,98.6628462273161,100,100,76.6094436645508,0.876251816749573,23.7482109069824,75.321891784668,,,,,,713.952453613281,184.906768798828,113.807769775391,1.9363762140274,346.870880126953,67.7176742553711,72.2450332641602,388.591766357422,76.8005294799805,78.4651870727539,33286,5904,8217.365234375,1457.52941894531,88,1105,272.793029785156,21.7246932983398,551,1164,,,2.87358450889587,1.36026203632355,3.48428297042847,1.39142966270447,526,40,129.854415893555,9.8748607635498,19.2243785858154,20.1772011823699,586.928845051046,404.476760837354,,,,799.454135013683,550.936662416447,,,9062,49.6268983122646
2015,RS,43015,Região 15 - Caminho das Águas,98.2444220286098,95.6202014289223,92.2945858790695,100,100,100,98.0026631158455,94.4074567243675,94.7625388371061,98.4909010208611,100,100,80.9962310791016,0.125575557351112,17.2038516998291,82.6705703735352,,,,,,738.629333496094,215.791427612305,120.778778076172,4.14244174957275,305.716827392578,60.5636672973633,64.9697494506836,342.363739013672,69.8279724121094,70.5308456420898,17990,3863,9656.9345703125,2073.63745117188,10,591,317.24560546875,5.36794567108154,215,191,,,1.02527761459351,1.15410840511322,1.33849728107452,1.18000864982605,247,10,132.588256835938,5.36794567108154,8.49155330657959,20.5398638278206,618.348807165592,405.420647667309,,,,842.251177357482,552.222328022346,,,11397,150.686375769579
2015,RS,43019,Região 19 - Botucaraí,90.5073403320925,87.4256556108578,76.3871345518424,87.3846153846154,81.1538461538462,78.9230769230769,78.4615384615385,69.8461538461538,81.6923076923077,77.9230769230769,49.5384615384615,94.0769230769231,77.8110961914062,0.449775099754333,21.1394309997559,78.4107971191406,,,,,,714.984069824219,235.494155883789,116.471839904785,2.61593341827393,323.672637939453,79.7736740112305,69.1733703613281,364.090301513672,92.4261016845703,75.3054733276367,9178,2492,7802.76318359375,2118.59716796875,0,243,206.588729858398,0,81,99,,,0.841657817363739,0.68862909078598,1.08735382556915,0.741976618766785,91,0,77.3645095825195,0,6.02252912521362,19.5524104561367,519.630560413288,361.779960627288,,,,707.787330107708,492.779470505353,,,6438,133.159768453632
2015,RS,43026,Região 26 - Uva Vale,77.4034356182006,53.0691005068036,60.9666973484302,100,100,100,100,100,100,100,98.6280487804878,100,84.1805419921875,0.569675743579865,16.3453102111816,82.9973678588867,,,,,,597.370239257812,152.496719360352,104.772926330566,1.65289258956909,267.942901611328,48.4466209411621,62.6214332580566,300.745239257812,54.7884521484375,68.3482971191406,10188,2204,5588.62109375,1209.00280761719,5,227,124.520706176758,2.74274682998657,146,160,,,0.877678990364075,0.800882041454315,1.64537382125854,0.878776073455811,152,5,83.3795013427734,2.74274682998657,44.2174682617188,18.7977755510078,659.590111154564,370.408455843877,,,,898.425841944759,504.532319659065,,,2543,33.3784384322628
2015,RS,43010,Região 10 - Capital e Vale do Gravataí,61.005086222271,29.1619651406857,42.9812361955195,98.1013247293147,75.4940588837527,87.58105047622,79.5675239661217,81.475506468526,75.8694505630875,78.9904755995408,66.9407129339497,88.8933701486055,65.5053787231445,2.17818737030029,26.8571434020996,70.9523773193359,,,,,,739.584716796875,169.992294311523,138.357833862305,3.23124313354492,377.314178466797,66.9533615112305,82.2573852539062,422.768524169922,76.2375411987305,89.7796783447266,155307,31822,6675.34619140625,1367.76098632812,630,5355,230.166564941406,27.0784187316895,3823,8522,,,3.66289353370667,1.6431872844696,4.32518625259399,1.64195156097412,2650,308,113.90128326416,13.238338470459,40.3451690673828,21.1070337135937,739.193818938166,346.535616588557,,,,1006.85382923253,472.015192211491,,,87081,105.371011749971
2015,RS,43021,Região 21 - Sul,75.8937744924216,54.0376694580071,62.9198376112672,100,83.7827500478103,85.7142857142857,84.4234079173838,81.5739147064448,79.6041308089501,87.9231210556512,99.2637215528782,87.1199082042455,61.1276779174805,11.0147285461426,24.9299716949463,63.4318237304688,,,,,,887.335083007812,212.198791503906,165.515060424805,9.53981399536133,404.919616699219,73.2831573486328,98.3478469848633,452.076049804688,83.3216552734375,106.065490722656,56792,11209,6514.15869140625,1285.6953125,123,1980,227.110061645508,14.1083517074585,1106,1860,,,2.13345813751221,1.26860463619232,2.4449315071106,1.24359965324402,591,37,67.7889099121094,4.24397563934326,15.743200302124,19.2318671889692,554.353884751598,266.845776379907,,,,755.083872879036,363.469884188941,,,37904,97.3567199312132
2015,RS,43029,Região 29 - Vales e Montanhas,82.0306799941631,80.333886618999,70.7222201955348,100,100,100,100,98.4206151288446,97.9634247714048,100,91.5211970074813,100,82.6119689941406,0.301091462373734,14.7911176681519,84.719612121582,,,,,,768.776123046875,219.130752563477,145.935623168945,1.47841513156891,313.741455078125,59.1898765563965,75.0987854003906,348.509704589844,67.9500427246094,80.5448608398438,17311,3404,7870.0673828125,1547.55407714844,25,584,265.502807617188,11.3657026290894,311,388,,,1.76395702362061,1.41389346122742,2.11083841323853,1.52164030075073,205,6,93.1987609863281,2.72776865959167,24.2312240600586,20.1705449080128,859.444517465446,457.105732831771,,,,1170.64696870169,622.622437680732,,,3371,37.8482943697448
2015,RS,43009,Região 09 - Carbonífera/Costa Doce,55.9230218837505,33.0276524051329,35.1972112392209,93.2831263993487,90.0264604111541,93.4663138611846,87.5636067575819,89.3140647262365,87.2582943211887,91.3087726440057,43.130470181152,97.5371463464278,67.7556533813477,1.681809425354,28.4554424285889,69.5727844238281,,,,,,703.709411621094,182.177322387695,147.524017333984,5.66303205490112,375.205230712891,78.8692169189453,93.6511535644531,419.574401855469,90.02490234375,102.194702148438,24528,4427,6071.2568359375,1095.78662109375,0,446,110.395492553711,0,214,484,,,1.19801390171051,0.529700338840485,1.23965966701508,0.541457712650299,89,0,22.0295944213867,0,16.9343223571777,21.194945112634,431.829159398496,312.926430864045,,,,588.19328784324,426.236214523716,,,18433,109.956221921731
2015,RS,43007,Região 07 - Vale dos Sinos,67.1747151451478,38.9143621877853,46.4086400760447,100,93.6413977468016,99.3603207943479,94.0042008783655,92.4479663929731,93.4409012793584,94.0614855833493,85.9938896314684,99.331678441856,75.0539932250977,0.656947433948517,25.2519798278809,73.9110870361328,,,,,,636.26171875,163.975997924805,125.810241699219,4.8651819229126,374.4501953125,80.3275299072266,90.433837890625,418.82470703125,91.0561599731445,97.862907409668,47929,7430,5958.45751953125,923.685913085938,49,917,113.999992370605,6.09160280227661,552,1214,,,1.50922572612762,0.686237692832947,1.65815913677216,0.707527220249176,356,70,44.2573585510254,8.70228958129883,27.3148708343506,26.4484949913275,682.344439910301,361.79303232619,,,,929.419449375405,492.797275429794,,,20853,62.7526340467271
2015,RS,43016,Região 16 - Alto Uruguai Gaúcho,83.1948857650155,77.4275196547975,76.7613762765649,100,100,100,100,100,100,100,100,100,78.7522277832031,0.499108731746674,24.3850269317627,74.973258972168,,,,,,708.2685546875,182.834106445312,104.659706115723,7.96139907836914,273.954406738281,46.3584594726562,58.6316261291504,307.072906494141,53.1968765258789,62.7313194274902,18768,3468,8017.36083984375,1481.46887207031,25,604,258.018218994141,10.6795616149902,261,361,,,1.54212868213654,1.11494624614716,1.4380030632019,1.12519860267639,262,10,111.921806335449,4.27182483673096,14.9821434020996,19.7619002441793,610.684494576733,454.999363348369,,,,831.811638658941,619.753357710355,,,6682,70.0758370761414
2015,RS,43004,Região 04 - Belas Praias,89.5936834038091,57.9444844068275,71.4704438961755,100,100,100,90.8862034239678,93.1520644511581,93.9073514602215,99.2447129909366,97.7844914400806,99.2447129909366,76.9031143188477,1.55709338188171,25.8650512695312,72.5345993041992,,,,,,676.927917480469,184.019241333008,132.756744384766,3.88349509239197,348.450408935547,76.627082824707,84.0826416015625,388.26513671875,86.3323287963867,91.8728485107422,10279,1522,6755.47802734375,1000.27600097656,12,128,84.1230850219727,7.88653898239136,153,220,,,1.44586551189423,1.00553369522095,1.63579964637756,1.07010471820831,24,3,15.7730779647827,1.97163474559784,7.99695062637329,21.9006830191424,708.382049646004,521.195861878343,,,,964.885204627679,709.919422846602,,,5774,95.9640435662831
2015,RS,43027,Região 27 - Jacuí Centro,70.4504269415329,73.7485321619623,53.8801664274634,100,100,100,98.2719417917235,94.6793997271487,94.6793997271487,96.9986357435198,47.9308776716689,99.6361982719418,70.7519760131836,1.2879102230072,26.0490245819092,72.6215209960938,,,,,,979.3857421875,318.766967773438,191.554885864258,3.56068205833435,416.718872070312,99.2725296020508,109.52547454834,464.923065185547,113.113342285156,119.109031677246,17324,5125,8508.9658203125,2517.2275390625,15,374,183.696228027344,7.3674955368042,175,280,,,1.3752658367157,0.859541177749634,1.54619181156158,0.851436913013458,190,4,93.3216094970703,1.96466553211212,6.17789077758789,21.0893167558378,560.986108503322,302.355251893061,,,,764.117606264879,411.837241272388,,,12114,132.662554981253
2015,RS,43005,Região 05 - Bons Ventos,73.4033161806747,64.5584905660377,64.127158376215,78.9173789173789,92.7706552706553,96.2250712250712,85.9330484330484,85.3632478632479,87.9985754985755,89.7435897435897,68.6609686609687,84.97150997151,71.4617919921875,1.79401993751526,22.8239212036133,75.3488388061523,,,,,,801.727783203125,223.124450683594,155.605834960938,2.34244275093079,381.432250976562,75.6042404174805,87.6469802856445,425.857849121094,86.5643081665039,94.8492813110352,13819,2602,6179.07177734375,1163.46655273438,19,302,135.037246704102,8.49572086334229,193,276,,,1.23411524295807,0.862986385822296,1.85955679416656,0.947719991207123,44,0,19.6743011474609,0,8.76042938232422,29.9395326114505,764.127210910558,539.906039598128,,,,1040.8155325639,735.404503484651,,,10274,116.142998974592
2015,RS,43008,Região 08 - Vale do Caí e Metropolitana,76.3664294634185,56.1758079116203,58.6384929995309,97.8797935103245,88.2743362831858,90.8554572271386,86.7717551622419,83.7020648967552,88.1729351032448,87.0759587020649,76.8160029498525,97.8613569321534,62.0050468444824,1.94064915180206,25.2110347747803,72.4654083251953,,,,,,717.170837402344,179.490386962891,151.420303344727,3.45461225509644,409.092010498047,83.8357772827148,104.45890045166,456.403869628906,95.0537033081055,113.514907836914,60186,11038,7931.57763671875,1454.63647460938,120,1292,170.265472412109,15.8141307830811,737,1810,,,2.38529801368713,0.971251249313354,2.29038047790527,1.05925023555756,285,18,37.5585632324219,2.37211966514587,30.5368232727051,18.5566606247855,865.065711031826,349.199298903616,,,,1178.30358070542,475.643386428035,,,23060,72.5626584711607
2015,RS,43020,Região 20 - Rota da Produção,88.4849248039145,91.4214098966204,84.5344318917752,100,95.9432048681542,98.2251521298174,95.2332657200811,94.5233265720081,91.3793103448276,95.0304259634888,40.8722109533469,100,78.9547348022461,0.606626212596893,15.2123193740845,83.9477386474609,,,,,,622.849609375,189.722061157227,110.417022705078,3.62389802932739,263.588348388672,56.931770324707,61.9707183837891,295.561126708984,65.3276748657227,67.3058090209961,12525,3027,7640.73583984375,1846.58740234375,0,449,273.907409667969,0,174,135,,,0.823552370071411,1.0614675283432,1.04652154445648,1.12445402145386,126,0,76.8648910522461,0,4.31297445297241,21.1282870219943,667.703328338438,457.312333355311,,,,909.476832334144,622.903847674861,,,10269,171.496590788772
2015,RS,43025,Região 25 - Vinhedos e Basalto,71.278982922557,47.5623030266494,52.7816572387392,100,100,100,100,97.281147296086,100,100,99.6414699731102,100,80.292350769043,0.887496709823608,14.9830331802368,84.1294708251953,,,,,,605.401489257812,151.267974853516,98.2088394165039,1.63309741020203,263.9423828125,43.7313385009766,57.8577346801758,293.838104248047,49.9895095825195,62.3450927734375,18026,2968,5940.646484375,978.133728027344,20,423,139.403823852539,6.59119749069214,247,662,,,2.18168640136719,0.814012885093689,2.17789649963379,0.816814124584198,322,19,106.118278503418,6.26163768768311,37.0071182250977,20.8512079564753,781.876327927688,474.040521600425,,,,1064.99155511217,645.68926600386,,,2914,22.6190820808755
2015,RS,43012,Região 12 - Portal das Missões,90.0149526499418,87.8640714659987,81.6465806995795,99.8971722365039,91.6195372750643,93.0591259640103,91.0539845758355,89.1002570694087,91.8766066838046,88.3290488431877,41.3881748071979,100,71.8495941162109,0.71138209104538,23.9837398529053,75.203254699707,,,,,,768.949829101562,214.575485229492,159.138046264648,2.54452919960022,359.056579589844,78.1034698486328,91.7539215087891,400.597259521484,88.2089614868164,100.463562011719,10098,2347,6585.96728515625,1530.72534179688,8,328,213.923278808594,5.21764087677002,176,240,,,1.56529223918915,1.14788103103638,1.45930898189545,1.1087486743927,236,6,153.92041015625,3.91323065757751,9.13869762420654,20.7010660407589,661.411817769255,436.454148673698,,,,900.907183419414,594.492972773757,,,7663,131.018104490549
2015,RS,43024,Região 24 - Campos de Cima da Serra,91.8738907712165,80.1206034204582,71.495845434011,98.6024844720497,100,100,100,100,97.0496894409938,100,83.7732919254658,97.1273291925466,63.7458190917969,4.54849481582642,28.227424621582,67.2240829467773,,,,,,717.380493164062,193.804351806641,133.938079833984,9.61810493469238,352.192810058594,76.6331329345703,81.0250778198242,393.087341308594,86.578742980957,89.1447067260742,6766,1374,6865.34130859375,1394.17370605469,8,161,163.363876342773,8.11745929718018,85,122,,,1.23791253566742,0.862480103969574,1.35028862953186,0.920063316822052,45,2,45.6607093811035,2.02936482429504,12.8783493041992,22.1077559224834,838.398007118869,468.983512880327,,,,1141.97957594011,638.801128598155,,,4452,123.325681436527
2015,RS,43030,Região 30 - Vale da Luz,71.7856741618117,53.5060266101722,46.1232285296997,100,100,100,100,100,99.9339498018494,100,84.2800528401585,100,79.2852783203125,0.90854024887085,17.5651111602783,81.3446426391602,,,,,,756.394775390625,212.363189697266,155.89208984375,1.99789690971375,336.009796142578,65.5299682617188,90.0735702514648,378.509704589844,75.2062454223633,99.7689590454102,9538,1814,7586.2177734375,1442.79711914062,14,240,190.888259887695,11.1351490020752,106,218,,,1.73390173912048,0.843089818954468,1.63845765590668,0.78403377532959,91,6,72.3784713745117,4.77220678329468,24.8520622253418,22.2759385103691,574.003233115086,425.495168071583,,,,781.848195218908,579.565776007455,,,2806,53.3598717053711
2015,RS,43011,Região 11 - Sete Povos das Missões,85.8000129786297,74.2787468108433,71.4685319462138,100,96.3587921847247,92.0071047957371,93.9905269390172,90.1124925991711,83.3333333333333,91.8886915334517,82.1788040260509,95.352279455299,71.6161041259766,1.48774790763855,30.1633605957031,67.8821487426758,,,,,,783.976684570312,227.300628662109,138.905944824219,4.16107368469238,319.210632324219,66.7275238037109,79.3869476318359,357.846740722656,76.1213989257812,85.7430191040039,20154,4999,7069.470703125,1753.51208496094,25,500,175.386291503906,8.76931476593018,271,340,,,1.19262671470642,0.950593709945679,1.63354790210724,0.942701280117035,209,9,73.3114700317383,3.15695309638977,8.10459995269775,19.9531738808396,556.884213025363,337.147548354212,,,,758.530425929649,459.227730778948,,,16729,137.235546147527
2015,RS,43002,Região 02 - Entre Rios,85.7882483891702,85.9077868531205,81.2767491808676,89.3984962406015,98.0451127819549,100,93.1578947368421,94.5112781954887,90.1503759398496,97.8195488721804,81.5789473684211,93.8345864661654,76.9751663208008,1.12866818904877,16.5538005828857,82.2422866821289,,,,,,803.554260253906,223.744140625,139.539352416992,7.58483028411865,303.569732666016,58.504322052002,71.6743240356445,339.509216308594,66.8251419067383,77.8867340087891,8313,2050,6666.61328125,1643.99816894531,7,276,221.338287353516,5.61365222930908,87,148,,,1.18688654899597,0.697696805000305,1.12433433532715,0.724562108516693,138,3,110.669143676758,2.40585112571716,5.35702848434448,22.0930188635236,559.26305625505,387.303617001247,,,,761.770641626251,527.545171323917,,,8044,149.781165294226
2015,RS,43006,Região 06 - Vale do Paranhana e Costa Serra,68.6593792855526,49.8639718446128,63.1339289280626,90.0675675675676,84.6621621621622,86.3175675675676,81.25,81.2837837837838,87.6013513513514,84.1216216216216,78.1081081081081,92.0608108108108,75.7565536499023,1.10961663722992,23.5709476470947,75.1849365234375,,,,,,679.1904296875,190.719497680664,139.185592651367,5.96627759933472,378.405944824219,85.5480346679688,95.7925872802734,421.461151123047,96.0105972290039,104.49779510498,18323,3538,8070.56201171875,1558.34997558594,8,410,180.588897705078,3.52368569374084,136,252,,,1.10996103286743,0.599026560783386,1.42356908321381,0.680511832237244,51,2,22.4634971618652,0.880921423435211,11.243200302124,20.1727684602704,399.079105017513,265.897189989677,,,,543.584530550825,362.177817325163,,,7188,73.4756570942389
2015,RS,43028,Região 28 - Vinte e Oito,71.0522948426385,57.3576883480972,47.4437122300485,100,100,100,98.1196134761034,96.9704883781666,97.5711674066336,100,77.0697310002612,100,77.4067764282227,0.584937870502472,19.6685352325439,79.4296875,,,,,,775.376403808594,229.181030273438,145.41943359375,3.30082511901855,348.241760253906,73.7150497436523,83.9439544677734,388.200897216797,84.4232025146484,91.3235855102539,25515,5145,7420.75390625,1496.36596679688,33,528,153.562927246094,9.59768295288086,300,556,,,1.61706411838531,0.872516572475433,2.59028363227844,0.91817831993103,230,6,66.892936706543,1.74503314495087,18.6325912475586,20.5277743831289,756.542036215999,323.966805428056,,,,1030.4837873694,441.274277777415,,,14599,97.2782489640987
2015,RS,43023,Região 23 - Caxias e Hortênsias,59.0534997343738,27.3243165567874,33.1532881042997,100,100,100,100,100,100,100,100,100,79.6218490600586,0.654967844486237,13.7913990020752,85.5289154052734,,,,,,576.505310058594,144.211456298828,100.624519348145,1.94920265674591,302.261657714844,58.593822479248,68.4521865844727,338.654968261719,67.1674270629883,74.3728408813477,27963,3743,4761.02099609375,637.288635253906,68,602,102.497398376465,11.5777788162231,687,1759,,,2.99489903450012,1.16969621181488,2.62317562103271,1.18293404579163,629,106,107.094451904297,18.0477142333984,48.7393836975098,24.9446316503897,793.669002812672,466.541307823716,,,,1081.0543245248,635.474607934668,,,10348,38.4725319600132
2015,SC,42008,Meio Oeste,97.7195846805604,86.8852109144071,89.0599822859643,100,96.8306922435363,95.7047539616347,93.7864887406172,87.698081734779,91.8265221017515,93.7864887406172,96.6638865721435,97.6647206005004,72.1075210571289,1.36345934867859,28.5936889648438,69.7701568603516,,,,,,555.558532714844,157.895568847656,82.4034118652344,6.50717687606812,289.136383056641,61.2708320617676,54.1340789794922,322.213500976562,69.1150970458984,58.5320434570312,14290,3142,7597.0634765625,1670.39697265625,10,383,203.616180419922,5.31634950637817,175,273,,,1.45136332511902,0.930361151695251,1.51994431018829,1.00505590438843,151,6,80.2768783569336,3.18980956077576,19.7114276885986,22.0499111432076,681.236028055475,488.815646522235,,,,927.909684694199,665.814422253519,,,4249,56.1565101535708
2015,SC,42003,Xanxerê,98.2553169838201,92.2758725959092,94.9007835555103,100,100,100,100,100,96.2630792227205,100,100,99.9626307922272,70.8151626586914,1.14055681228638,25.8638038635254,72.8279113769531,,,,,,583.377319335938,172.98405456543,90.2966613769531,3.30434775352478,316.894317626953,67.3597030639648,62.1457290649414,354.720184326172,76.6360244750977,67.1343688964844,18489,4253,9379.185546875,2157.4814453125,20,375,190.231735229492,10.1456918716431,175,218,,,1.10588049888611,0.887748062610626,1.21900486946106,0.952300012111664,104,3,52.7575988769531,1.52185380458832,10.1644620895386,22.1775105567973,654.711512236347,435.773823833043,,,,891.780716030215,593.566304214868,,,7851,106.02276782624
2015,SC,42004,Alto Vale do Itajaí,92.6657897044637,95.2352889590459,91.6134350609489,100,100,99.2084432717678,97.8627968337731,96.3060686015831,94.802110817942,94.5118733509235,96.7018469656992,95.197889182058,77.7008666992188,0.791100144386292,25.6613101959229,73.4734268188477,,,,,,652.545593261719,173.756805419922,139.632217407227,0.320170760154724,355.302978515625,69.2386856079102,96.3086471557617,396.211273193359,79.2599334716797,104.524223327637,20286,3436,7063.78857421875,1196.44970703125,35,680,236.782821655273,12.1873512268066,267,362,,,1.26052033901215,0.929720759391785,1.32302403450012,1.01903665065765,168,20,58.4992828369141,6.96420049667358,7.43915891647339,21.1809235114902,704.563088551565,368.350288443164,,,,959.683408423337,501.728895610437,,,4843,44.2801562356574
2015,SC,42002,Oeste,98.2749343300508,90.0910700440886,90.1168172928938,96.1561928004881,100,100,100,100,100,100,93.5733170632499,100,83.139533996582,0.406976729631424,19.1279067993164,80.4457397460938,,,,,,510.168975830078,143.592514038086,93.1488342285156,1.74157297611237,297.189605712891,62.3136520385742,68.7433395385742,329.604858398438,70.9435272216797,72.8606109619141,26346,4730,7551.07421875,1355.67370605469,28,533,152.764083862305,8.02513027191162,414,661,,,1.89450395107269,1.18657279014587,1.96594190597534,1.24167394638062,227,4,65.0608749389648,1.14644718170166,16.3027648925781,22.7648796530755,871.46895978796,426.079839226181,,,,1187.02542789146,580.36215494863,,,8011,53.6671894077619
2015,SC,42007,Grande Florianópolis,92.831802047671,67.3263158652229,86.3845706853095,100,100,100,99.2518703241895,92.5671931282904,100,95.5320033250208,69.6799667497922,100,67.8395462036133,1.09286165237427,27.8648128509521,69.545166015625,,,,,,513.214721679688,95.0266418457031,114.155960083008,1.25970661640167,288.430633544922,40.9716148376465,76.1191940307617,322.766174316406,46.7597808837891,82.9229507446289,68951,10575,6106.4140625,936.539367675781,130,2001,177.211853027344,11.5130138397217,1554,3009,,,2.66481995582581,1.37624800205231,2.6240816116333,1.38209307193756,817,158,72.354866027832,13.9927396774292,29.4986438751221,20.3671039097494,542.288175941116,345.538919133802,,,,738.649204721651,470.65759340155,,,17906,39.2013087842588
2015,SC,42010,Alto Uruguai Catarinense,90.0390638747141,76.791835298258,77.5597395741686,100,100,100,100,100,100,100,100,100,87.2533340454102,0.106666669249535,18.2399997711182,81.5999984741211,,,,,,609.781799316406,175.127655029297,78.0689544677734,3.11418676376343,267.469116210938,54.3526992797852,49.4782638549805,300.374694824219,62.0880966186523,53.5461578369141,11318,2015,7960.22021484375,1417.19763183594,20,358,251.789962768555,14.0664777755737,161,186,,,1.30818247795105,1.13235151767731,1.55241167545319,1.20004642009735,151,2,106.20191192627,1.40664780139923,27.0624980926514,21.145960325268,874.990162915357,464.331447224405,,,,1191.82164880334,632.464563005339,,,2199,39.142001505421
2015,SC,42001,Extremo Oeste,99.7943558730311,100,95.0988874348395,100,100,100,100,100,100,100,100,100,77.8525772094727,0.403904408216476,22.0127906799316,77.5496444702148,,,,,,610.121765136719,153.834121704102,103.425201416016,2.63532757759094,281.739044189453,39.9386672973633,60.4764709472656,313.503387451172,45.8510627746582,65.2291564941406,20644,4687,8971.0498046875,2036.78112792969,20,518,225.101898193359,8.69119358062744,246,227,,,0.986450433731079,1.06901681423187,1.20764124393463,1.13604760169983,198,0,86.0428161621094,0,7.65346479415894,21.4115014433295,706.464930079933,441.49480549824,,,,962.273901439338,601.35883730835,,,5371,58.9073387721163
2015,SC,42013,Serra Catarinense,96.2893302744077,98.0681919958112,91.7009417908494,82.3750941501381,95.380366557871,91.9658548832538,91.5390409239267,83.58021591765,89.5807180517198,91.3632939994979,75.5460708009038,86.1913130805925,68.5064163208008,2.13023471832275,32.292423248291,65.3594741821289,,,,,,734.859741210938,222.496307373047,174.473037719727,1.97461211681366,407.43798828125,99.118766784668,124.783195495605,453.406402587891,111.863037109375,134.123016357422,23890,5736,8253.7841796875,1981.7373046875,36,742,256.354431152344,12.4376821517944,297,424,,,1.4648824930191,1.02610874176025,1.69359767436981,1.09460234642029,172,2,59.4244804382324,0.690982341766357,14.1609916687012,20.0606381812758,659.856431134257,318.489771625129,,,,898.788595642754,433.814025383483,,,13662,113.04570967413
2015,SC,42006,Médio Vale do Itajaí,91.3344129444,62.8749086088733,77.1309677551606,100,100,100,100,100,100,100,99.0152095415253,100,79.1341781616211,0.256462872028351,21.8916702270508,77.6877288818359,,,,,,531.387268066406,141.730178833008,94.0830001831055,3.3181357383728,309.342620849609,64.359130859375,72.7622299194336,347.016662597656,74.0643310546875,78.0537872314453,44034,6720,5926.8251953125,904.488952636719,54,907,122.079086303711,7.2682147026062,912,1559,,,2.09836053848267,1.22752070426941,2.10606622695923,1.32200753688812,663,56,89.2375259399414,7.53740787506104,28.1834449768066,22.9465494049492,760.921847520834,372.414766930495,,,,1036.44951607358,507.265110367591,,,6957,25.3383067796147
2015,SC,42011,Nordeste,68.8523851961073,54.7640565455838,53.4890686147714,100,100,100,100,100,100,100,100,100,76.4073257446289,0.326730638742447,25.3012046813965,74.3516464233398,,,,,,497.530883789062,134.200378417969,106.061592102051,2.77605128288269,311.960662841797,66.5672912597656,84.4680023193359,349.550506591797,76.1709060668945,91.4394989013672,52670,7164,5428.828125,738.411315917969,105,1236,127.397598266602,10.8226108551025,890,1866,,,1.92333257198334,0.91734516620636,2.00591945648193,0.945612788200378,540,53,55.6591415405273,5.46284198760986,32.8588905334473,34.2503862842362,933.648300927649,599.213804389625,,,,1271.71973420422,816.187443700953,,,12932,34.9685674354226
2015,SC,42014,Extremo Sul Catarinense,83.4875685225118,86.9792938609025,76.9572107765452,100,100,100,100,100,100,100,93.5119296776894,100,71.2514495849609,0.464936077594757,40.1782264709473,59.1243705749512,,,,,,594.029846191406,164.349960327148,122.618469238281,2.68863844871521,320.418640136719,61.0683822631836,81.7502822875977,358.836608886719,69.5943222045898,90.1072235107422,13949,3250,7186.57568359375,1674.41186523438,10,331,170.532409667969,5.15203666687012,165,228,,,1.1746643781662,0.850086033344269,1.09094369411469,0.886279106140137,104,0,53.5811805725098,0,8.40657806396484,20.6628277511084,441.047372262023,286.430540400251,,,,600.749389751202,390.14623637601,,,5899,74.4959756070621
2015,SC,42016,Laguna,93.7125164906254,95.3552229024066,90.9669509504533,100,100,100,100,100,98.282967032967,100,100,93.5210622710623,74.3852005004883,0.914036989212036,32.7747535705566,66.2676849365234,,,,,,643.788879394531,200.377182006836,125.165580749512,1.78727114200592,330.949645996094,76.558837890625,80.5802612304688,369.929321289062,87.2602005004883,88.2506484985352,28162,6672,7903.392578125,1872.43212890625,30,633,177.645309448242,8.41920948028564,388,513,,,1.4396847486496,1.0888843536377,1.49426937103271,1.13048934936523,264,18,74.0890426635742,5.05152559280396,18.7130241394043,19.9438880214715,504.814828501361,289.16985070156,,,,687.606863190607,393.877443260683,,,6463,43.4110492975931
2015,SC,42009,Alto Vale do Rio do Peixe,69.9880303881574,76.5196695968369,68.9016921471669,100,100,100,100,100,100,100,100,95.8391123439667,74.1294631958008,0.580357134342194,25.7142848968506,73.6830368041992,,,,,,595.649719238281,164.724609375,100.43335723877,9.21820259094238,364.526031494141,83.8533782958984,77.1520767211914,408.798278808594,95.1724166870117,83.4863586425781,21993,4678,7643.01318359375,1625.69982910156,36,488,169.589889526367,12.5107297897339,227,319,,,1.10858964920044,0.788870990276337,1.25115990638733,0.871059536933899,196,0,68.1139755249023,0,18.2879066467285,23.3454472940481,549.006147960687,382.886071345617,,,,747.799735582825,521.528044766271,,,8798,81.4183111449969
2015,SC,42005,Foz do Rio Itajaí,91.2204113156827,72.3408287911501,75.9177684521093,100,100,100,100,100,100,100,100,100,77.5149078369141,0.423158288002014,25.476053237915,74.0815505981445,,,,,,517.270629882812,141.003692626953,91.7912368774414,2.2069787979126,338.497955322266,76.6096343994141,74.5958938598633,375.364715576172,86.4841613769531,79.8805770874023,31871,4283,4916.77099609375,660.74267578125,54,738,113.851989746094,8.33063316345215,567,1145,,,1.76640284061432,0.874716520309448,2.08423972129822,0.89172488451004,258,42,39.8019142150879,6.4793815612793,23.851375579834,23.9724546742712,809.071304404691,495.020886539118,,,,1102.03375635932,674.26656229073,,,7980,31.7011527551564
2015,SC,42015,Carbonífera,85.354997249573,83.9857890602668,80.6708639703675,100,100,100,100,98.9872951574296,100,100,100,100,75.686408996582,0.69072699546814,30.6510105133057,68.5719223022461,,,,,,544.847534179688,134.783081054688,128.829772949219,0.874125897884369,327.480987548828,62.731689453125,91.6387710571289,365.806610107422,70.9301605224609,100.091987609863,27909,6111,6646.04443359375,1455.22863769531,28,609,145.022796630859,6.66771459579468,422,700,,,1.66692864894867,1.00491976737976,1.81867861747742,1.04206848144531,258,18,61.4382247924805,4.28638792037964,21.7813148498535,26.2007782550762,766.117423367097,355.321681648011,,,,1043.52639537351,483.982666806592,,,7433,45.7159941515789
2015,SC,42012,Planalto Norte,77.2104901127113,73.9821590090505,70.4721850610136,100,100,100,100,100,96.3270142180095,100,100,100,75.3766021728516,0.781104683876038,19.1184673309326,79.5610961914062,,,,,,631.919189453125,205.333267211914,115.213279724121,2.22032451629639,376.379577636719,97.8178787231445,86.534782409668,421.087615966797,112.269073486328,94.1464996337891,26796,5039,7230.10546875,1359.62463378906,47,650,175.383209228516,12.6815557479858,262,559,,,1.50829565525055,0.706929266452789,1.29965710639954,0.732427299022675,167,1,45.0599937438965,0.269820332527161,12.0183372497559,27.6386859326693,614.122842850414,367.146609434089,,,,836.495003206771,500.089367805409,,,10971,74.2432078262831
2015,SE,28007,Propriá,99.7932983141486,100,99.7932983141486,94.2201108471892,95.2889944576405,96.0015835312747,96.5162311955661,100,92.4386381631037,96.2787015043547,85.2731591448931,99.8812351543943,54.482479095459,1.58924210071564,39.9755516052246,58.3129577636719,,,,,,648.648620605469,228.298889160156,128.457870483398,10.7843141555786,431.434692382812,132.416122436523,108.988731384277,479.081939697266,148.147506713867,117.842483520508,7589,1474,4826.0732421875,937.360900878906,0,141,89.6661376953125,0,107,122,,,0.775834679603577,0.68044513463974,0.917329132556915,0.698251187801361,5,0,3.17965030670166,0,3.18219399452209,19.4482336103324,535.600572370864,254.928970877942,,,,729.54003864019,347.238036810796,,,25277,459.177032363148
2015,SE,28001,Aracaju,87.6702633390011,83.7769582346765,81.099073307818,100,88.9530685920578,92.0176494183714,92.9001203369434,94.7131969514641,99.0373044524669,95.2827918170878,100,96.9354191736863,64.3698348999023,0.726521849632263,42.7194862365723,56.4469261169434,,,,,,574.423645019531,139.638885498047,111.442573547363,4.01614952087402,402.666717529297,81.5522155761719,99.9907302856445,446.923645019531,92.4237670898438,107.055236816406,33674,4424,4110.31494140625,540.002136230469,221,1586,193.590286254883,26.9756946563721,983,2560,,,3.12478637695312,1.19986915588379,3.1069347858429,1.28418350219727,747,132,91.180290222168,16.1121807098389,30.880578994751,22.7902541981815,805.04055210243,332.278081845717,,,,1096.54347994434,452.595044094093,,,63772,180.980628105141
2015,SE,28002,Estância,96.0428055144353,100,94.8023056757003,100,98.1614708233413,95.7900346389555,96.2430055955236,95.0706101785239,94.2712496669331,94.4311217692513,100,100,58.9750633239746,1.58947658538818,43.2721290588379,55.0287742614746,,,,,,620.78271484375,188.933868408203,125.817504882812,6.28762531280518,457.840118408203,112.429916381836,112.39493560791,510.613708496094,127.538856506348,121.405685424805,11140,1279,4625.765625,531.091064453125,0,219,90.9374008178711,0,123,131,,,0.543963432312012,0.510744333267212,0.803384184837341,0.590054988861084,11,0,4.56763219833374,0,2.70237731933594,18.3765461047183,434.291191412106,190.471932111772,,,,591.546814749292,259.441284944103,,,37045,417.303596017803
2015,SE,28003,Itabaiana,88.557877455054,99.118714149624,84.8365324198877,100,96.981445582941,92.4120742176682,94.2952090833564,90.7227914705068,91.6920520631404,94.4059817225145,100,93.9351980060925,68.1930999755859,0.717241406440735,39.6689643859863,59.5586204528809,,,,,,693.264831542969,190.993240356445,124.348793029785,6.682297706604,434.531188964844,92.5211868286133,103.238296508789,482.767486572266,104.794075012207,111.431823730469,9946,801,4041.7421875,325.501251220703,0,139,56.485237121582,0,116,108,,,0.438878089189529,0.471387594938278,0.834173142910004,0.586796283721924,56,0,22.7566413879395,0,3.22006487846375,17.5651097112024,444.362629642142,180.74789363191,,,,605.265092537866,246.196199381676,,,32564,316.860183956494
2015,SE,28005,Nossa Senhora da Glória,98.62231985101,100,98.62231985101,100,95.4829232464194,97.759823723834,96.2541314726405,97.8699963275799,81.3808299669482,95.7399926551598,100,96.3275798751377,62.1376800537109,0.652173936367035,38.152172088623,60.8333320617676,,,,,,516.673645019531,120.337661743164,91.6003112792969,11.7033605575562,359.364868164062,67.9395446777344,80.6325225830078,401.627166748047,76.3480758666992,87.5559463500977,5136,462,3074.89672851562,276.597015380859,0,116,69.448600769043,0,113,81,,,0.484942823648453,0.676525175571442,0.612764179706573,0.702568411827087,0,0,0,0,1.45363104343414,19.7521144351055,440.943538686942,244.019458967679,,,,600.607958329571,332.378221211032,,,29239,556.251586699023
2015,SE,28006,Nossa Senhora do Socorro,99.7440911614881,99.9474904034186,99.2965524733831,100,90.8893709327549,90.3651482284888,86.0448300795372,91.1243673174259,79.0310918293565,89.4613159797542,84.7975415762834,89.8770788141721,55.8195991516113,0.901994824409485,48.4128379821777,49.9739799499512,,,,,,576.794189453125,166.005661010742,110.469223022461,5.33751964569092,468.293426513672,123.58536529541,105.096229553223,523.669311523438,141.291534423828,113.580871582031,16099,2290,4859.13671875,691.187194824219,0,132,39.8413581848145,0,168,157,,,0.473870694637299,0.507071852684021,0.848138034343719,0.664475381374359,0,0,0,0,11.2228879928589,19.4213565320768,432.599687384454,228.864668419985,,,,589.242821853558,311.735923476346,,,44057,336.545174376459
2015,SE,28004,Lagarto,83.081657775954,100,79.740508431522,97.5387168141593,93.8882743362832,91.9524336283186,93.8329646017699,84.9280973451327,93.141592920354,92.0630530973451,100,91.1780973451327,66.6945343017578,1.08695650100708,42.1404685974121,56.5774803161621,,,,,,670.956481933594,206.901153564453,116.995338439941,12.2293739318848,397.660583496094,97.8386154174805,97.0688858032227,443.860076904297,110.783256530762,105.066474914551,11029,2118,4330.00537109375,831.530639648438,10,230,90.2984161376953,3.92601799964905,142,148,,,0.5810506939888,0.557494580745697,0.765868008136749,0.663889646530151,6,0,2.35561084747314,0,4.08698463439941,18.6849825198757,396.431551470503,137.566843261539,,,,539.97830528404,187.37941168431,,,37342,390.260646658823
2015,SP,35091,Adamantina,87.7946227644202,90.904447471278,73.6149769039441,91.8474195961107,92.4457741211668,89.6035901271503,90.5759162303665,88.4816753926702,97.2326103216156,89.3792071802543,73.2984293193717,100,86.4045867919922,0.491400480270386,9.09090900421143,90.2538909912109,,,,,,817.317993164062,199.345855712891,140.280410766602,15.1761522293091,343.27099609375,64.6830673217773,87.1746520996094,381.986755371094,74.1999816894531,93.8935775756836,10291,2975,7598.0302734375,2196.49584960938,4,237,174.981353759766,2.95327186584473,156,181,,,1.33635556697845,1.15177607536316,1.30239284038544,1.08421993255615,103,1,76.0467529296875,0.738317966461182,12.8179378509521,26.3657014846874,702.040832253218,438.391500648069,,,,956.247850187819,597.131834468744,,,4380,80.9002748221529
2015,SP,35156,José Bonifácio,80.1223795577831,72.6447470386361,55.9292694463734,64.4366197183099,100,100,100,100,100,100,59.5950704225352,100,78.1015853881836,0.999167382717133,20.8159866333008,77.8517913818359,,,,,,694.810302734375,153.076950073242,111.328689575195,7.86838340759277,339.799835205078,63.8666152954102,79.3557891845703,382.215026855469,72.1724014282227,85.9938507080078,11168,2312,11101.060546875,2298.14208984375,0,210,208.741287231445,0,89,113,,,1.12322700023651,0.884665489196777,0.850123763084412,0.892617523670197,122,0,121.268753051758,0,26.9663925170898,26.0860484346841,729.84067574021,609.565124562241,,,,994.113939094177,830.286947899164,,,2233,53.5502427970619
2015,SP,35142,Mantiqueira,73.2184362969093,52.7560896628647,59.5833483251178,99.2691839220463,99.9390986601705,97.9902557856273,100,100,97.0767356881851,100,96.8026796589525,100,70.3219909667969,0.820170104503632,17.9222354888916,80.2855377197266,,,,,,809.835571289062,202.817230224609,130.07536315918,12.7433624267578,377.104797363281,75.493278503418,82.910041809082,422.235321044922,85.7548980712891,89.8519439697266,18263,3668,6544.259765625,1314.37023925781,8,244,87.4335708618164,2.86667466163635,243,454,,,1.626837849617,0.870752394199371,1.7092547416687,0.924233794212341,209,12,74.8918762207031,4.30001163482666,34.5473709106445,28.5788866048856,657.265355660057,439.768077279311,,,,895.259299000668,599.006865640391,,,5684,44.0404838049144
2015,SP,35074,Circuito das Águas,95.4278961613235,64.5865894102848,83.6999199481569,100,93.8110749185668,93.0293159609121,93.5504885993485,90.814332247557,88.6644951140065,92.442996742671,100,95.5048859934853,77.1076889038086,1.04615390300751,16.615385055542,82.1538467407227,,,,,,776.750549316406,197.787200927734,138.67839050293,4.09756088256836,333.420227050781,65.7751312255859,81.1209259033203,371.53125,73.7475280761719,89.0120620727539,8203,1664,6216.27783203125,1260.98815917969,7,135,102.303726196289,5.30463790893555,138,317,,,2.40224313735962,1.04577147960663,1.89546072483063,1.0344043970108,69,1,52.2885704040527,0.757805407047272,31.2602310180664,26.2239667037492,916.792622318084,542.628291065955,,,,1248.76066160709,739.112474580044,,,2761,50.8538204235132
2015,SP,35061,Vale do Jurumirim,78.9846667709743,60.2152366310433,58.7985796014993,100,100,100,100,100,98.7246225923998,100,93.3628318584071,100,77.7832641601562,1.20957791805267,16.5638122558594,81.6588516235352,,,,,,736.513610839844,172.28190612793,115.757194519043,18.658088684082,384.926788330078,75.9130172729492,81.8262023925781,429.08740234375,86.0551605224609,87.8152389526367,22208,4789,7516.771484375,1620.93920898438,9,386,130.649932861328,3.04624199867249,249,284,,,0.961258590221405,0.842793583869934,1.02446806430817,0.832724094390869,151,1,51.1091690063477,0.338471323251724,10.2343578338623,30.4191250858781,769.323207290248,551.751577999507,,,,1047.89298467123,751.53927814481,,,12691,101.786081609879
2015,SP,35103,Piracicaba,55.5590079557344,34.3149852892643,37.3726415425558,100,100,100,100,100,100,100,100,100,80.3911514282227,0.703055083751678,19.2381439208984,79.8926239013672,,,,,,663.853149414062,130.576934814453,98.1938629150391,15.9979019165039,339.445098876953,53.7856178283691,69.3187103271484,378.265563964844,60.6551628112793,74.7925415039062,32465,4393,5652.24072265625,764.832641601562,61,546,95.0600128173828,10.6202583312988,702,1013,,,1.76365923881531,1.22220015525818,1.97562909126282,1.09031748771667,614,54,106.898986816406,9.40153980255127,46.550853729248,27.9194104374867,807.799516753205,536.43230180826,,,,1100.30145796334,730.672934976,,,15049,66.4073310625646
2015,SP,35062,Bauru,55.5897720515362,33.0882854311199,30.734271555996,100,96.6402921485088,99.5739500912964,98.527084601339,100,97.1758977480219,97.492391965916,91.6007303712721,100,78.7509002685547,1.81861686706543,19.7654933929443,78.2124938964844,,,,,,718.714477539062,189.649810791016,143.301483154297,5.79074335098267,350.494506835938,73.4530639648438,100.397300720215,390.839660644531,83.8871231079102,108.126487731934,40038,6605,6311.88623046875,1041.26110839844,73,1328,209.355743408203,11.5082597732544,913,1123,,,1.77038025856018,1.43932068347931,1.72722434997559,1.50281322002411,699,161,110.195533752441,25.3812313079834,35.584171295166,25.9819090495482,624.889053096732,452.542293747973,,,,851.15962801167,616.406590093436,,,18867,75.449238184229
2015,SP,35161,Itapetininga,66.842295125898,40.7390000309205,43.6679962483123,91.1720169594185,100,100,100,100,97.4258025439128,100,61.5536038764385,100,78.3236541748047,1.07190704345703,15.3193387985229,83.4003295898438,,,,,,667.18115234375,186.598403930664,138.417633056641,7.77233791351318,372.233764648438,87.2967681884766,101.071556091309,418.255218505859,99.5874786376953,109.554397583008,23589,3712,4815.8310546875,757.826293945312,16,416,84.9288101196289,3.26649284362793,390,543,,,1.10856592655182,0.79620760679245,1.27525913715363,0.83167964220047,194,11,39.6062240600586,2.24571371078491,19.0156841278076,29.1436633012972,641.087465928485,430.111765696578,,,,873.223440734789,585.854030694743,,,18908,94.6127837645203
2015,SP,35112,Alta Sorocabana,73.8598592268181,59.5905776082502,55.9846030888435,100,100,100,100,100,100,100,100,100,71.1939697265625,1.37171566486359,17.8902626037598,80.2357025146484,,,,,,740.1142578125,171.139022827148,127.734191894531,7.47319030761719,326.600860595703,57.9363021850586,77.5748672485352,365.12646484375,65.8211135864258,84.4544219970703,33635,6117,8342.4072265625,1517.1845703125,55,783,194.205581665039,13.6415157318115,492,1007,,,2.49763751029968,1.22029554843903,2.38528108596802,1.20144546031952,496,36,123.021667480469,8.92899227142334,29.2516269683838,23.904832520056,562.049237196685,408.063377867319,,,,765.565690878759,555.821983421698,,,13102,73.5414209725029
2015,SP,35051,Norte - Barretos,67.647794135771,59.5127344688073,47.1198233759283,100,98.979880986115,100,100,100,100,100,100,100,80.8516387939453,1.05777049064636,16.2733936309814,82.3162460327148,,,,,,801.304504394531,211.109558105469,165.871795654297,4.02625799179077,405.748291015625,88.6307830810547,110.697204589844,452.891937255859,99.9790649414062,120.256904602051,19616,3453,6878.9453125,1210.89916992188,51,738,258.802062988281,17.8846969604492,548,796,,,2.79141545295715,1.92172813415527,3.00234961509705,2.10723805427551,195,10,68.3826599121094,3.50680327415466,32.0907554626465,23.1041600256661,776.065425790669,475.340312277988,,,,1057.07654159602,647.459707243188,,,9239,77.7377711801858
2015,SP,35133,Vale das Cachoeiras,84.8069674303551,84.1679427528123,73.6284527946287,87.8545006165228,87.6078914919852,88.1627620221948,87.7928483353884,85.7583230579531,85.3267570900123,87.4845869297164,55.1171393341554,97.6572133168927,66.7435150146484,1.15273773670197,19.0201721191406,75.8501434326172,,,,,,692.469116210938,170.375198364258,129.426651000977,5.06863784790039,336.667846679688,62.941276550293,87.8514862060547,374.174774169922,71.0469589233398,94.5408935546875,13344,2594,9757.453125,1896.79504394531,7,193,141.126235961914,5.118567943573,136,240,,,1.75493764877319,0.994464635848999,1.81764006614685,0.994464635848999,70,1,51.1856803894043,0.731224000453949,21.0468196868896,32.0474393137276,814.334234207912,550.703429264302,,,,1109.20237829527,750.111597689957,,,4118,72.5580174315176
2015,SP,35023,Consórcios do DRS II,79.3822503205797,67.1204485134047,69.7536754838517,100,89.5665171898356,84.7533632286996,88.6696562032885,88.3408071748879,79.5216741405082,89.2974588938715,90.373692077728,96.6517189835575,80.6172485351562,0.201903656125069,15.5177383422852,83.4150543212891,,,,,,695.625183105469,155.240478515625,113.843017578125,15.7279491424561,343.518310546875,62.1670417785645,79.6556396484375,383.701812744141,71.1020050048828,85.6205062866211,16290,2789,6021.11279296875,1030.87072753906,14,246,90.9265670776367,5.1746826171875,218,265,,,0.979493498802185,0.805772006511688,1.21660482883453,0.815382122993469,209,6,77.250617980957,2.2177209854126,24.7002372741699,30.653019321741,726.220807056433,534.077401459315,,,,989.183326104454,727.465331810158,,,6334,55.5906057207049
2015,SP,35163,Sorocaba,59.4134148954823,20.7233445676102,24.3009219574916,93.3838671515576,97.1257065241204,97.8048459886956,100,100,95.8682031284231,98.8958506769487,72.8431845068571,99.027297024931,76.9790725708008,0.628145933151245,17.3884105682373,81.3178558349609,,,,,,656.355346679688,166.420288085938,124.183464050293,10.4500875473022,370.325958251953,77.4043273925781,93.9681549072266,414.846527099609,88.5383605957031,101.452072143555,70810,9722,4260.38330078125,584.937805175781,130,1757,105.712379455566,7.82163286209106,1260,2830,,,1.70270931720734,0.758096754550934,2.01626658439636,0.733714282512665,1244,147,74.8470153808594,8.84446239471436,37.599250793457,28.6585614822256,709.007501050621,525.421435479812,,,,965.737130233121,715.675064807265,,,39732,54.7820704204637
2015,SP,35157,Votuporanga,85.0405286930842,87.4799407322338,72.8111685901347,100,98.4126984126984,92.9705215419501,100,100,100,100,100,100,82.8981704711914,0.435161024332047,10.8790254592896,88.2506561279297,,,,,,722.533752441406,186.246337890625,132.15837097168,8.54519748687744,290.605194091797,60.6568832397461,77.16845703125,325.032592773438,68.154899597168,84.3115310668945,14458,3209,7377.396484375,1637.43701171875,17,219,111.74781036377,8.67448711395264,350,344,,,1.75530803203583,1.78592383861542,1.68221271038055,1.81500887870789,271,13,138.281539916992,6.63343143463135,25.9433498382568,25.6026595043063,709.531259321136,529.093567448352,,,,966.45053990559,720.676865470699,,,5531,61.1655015929442
2015,SP,35093,Marília,85.199285826813,77.9971643123457,67.5683978364753,89.8641588296761,87.6907001044932,89.508881922675,89.9477533960293,92.4346917450366,81.8599791013584,91.3061650992686,74.8380355276907,95.4440961337513,74.1584548950195,0.615763545036316,18.6986865997314,79.679801940918,,,,,,749.36572265625,208.680801391602,136.414932250977,3.56394124031067,334.753845214844,68.5968017578125,86.0529403686523,373.627777099609,77.8347015380859,93.2827758789062,23338,3543,6110.65576171875,927.673889160156,68,648,169.667709350586,17.8046360015869,580,1015,,,2.65760374069214,1.51863074302673,3.45383763313293,1.516077876091,207,30,54.199405670166,7.85498666763306,27.5898551940918,25.5844134471612,746.884142753042,449.064570286075,,,,1017.32879774914,611.669592712081,,,13085,82.2635086515425
2015,SP,35072,Região Metropolitana de Campinas,58.747440206752,24.8334097581738,35.8759488228984,100,99.5270573007418,100,100,100,100,100,94.4790162791855,97.1449195997411,70.6588821411133,1.02434885501862,17.8872509002686,80.2477264404297,,,,,,569.806396484375,131.696090698242,115.818534851074,5.21967077255249,307.446929931641,56.5470809936523,82.0640563964844,346.127044677734,64.9947967529297,89.2866973876953,140611,19976,4565.56201171875,648.609741210938,318,2907,94.3886947631836,10.3252859115601,3580,8253,,,2.67970371246338,1.16240632534027,2.84525752067566,1.1436470746994,2732,462,88.70654296875,15.0008859634399,45.321834564209,28.3201996760094,890.665753590391,684.225736647191,,,,1213.17332693197,931.981958388509,,,69234,55.3045619258946
2015,SP,35031,Central do DRS III,68.1845594155749,44.0349716230445,46.2842650515219,83.7075718015666,99.7127937336815,100,100,100,93.7075718015666,100,83.0809399477807,100,80.0393295288086,0.516224205493927,15.560471534729,83.2595901489258,,,,,,705.962890625,175.037460327148,145.326309204102,3.56816101074219,355.828460693359,68.8903198242188,93.2804870605469,396.242492675781,78.3776473999023,101.252883911133,13094,1713,4228.67236328125,553.208801269531,34,413,133.377258300781,10.9802093505859,430,748,,,2.41564607620239,1.38867354393005,2.17803764343262,1.33102750778198,365,40,117.875778198242,12.917893409729,45.1706466674805,30.7805468389732,809.051543858856,528.28243630892,,,,1102.00684057522,719.572026018823,,,6139,50.9174312073181
2015,SP,35104,Rio Claro,47.8871030968248,35.1626813014504,31.9168953351627,91.2986156888596,95.8470665787739,98.121292023731,88.892551087673,94.3968358602505,94.3638760711931,93.6387607119314,89.8813447593935,100,74.248405456543,0.303674459457397,18.7974491119385,80.5040969848633,,,,,,693.991333007812,187.575729370117,118.060089111328,9.56910991668701,336.681945800781,69.082275390625,82.3944702148438,376.863342285156,78.610466003418,89.4610366821289,7494,640,2910.33642578125,248.547546386719,18,115,44.660888671875,6.9903998374939,228,340,,,1.32040882110596,0.885450661182404,1.64458870887756,0.906907260417938,246,33,95.5354614257812,12.8157329559326,39.8810081481934,26.6353703070203,832.439423194157,575.196273612929,,,,1133.86340547481,783.4732323376,,,4657,44.9804595400154
2015,SP,35022,Lagos do DRS II,87.7590505634786,95.3306073601276,82.4633489578139,93.4121621621622,92.7364864864865,93.2432432432432,91.722972972973,91.554054054054,88.7246621621622,90.8783783783784,79.5185810810811,97.0861486486486,76.1324005126953,1.26306617259979,20.8188152313232,76.3937301635742,,,,,,729.190002441406,212.887664794922,123.35546875,4.97953605651855,332.011688232422,77.0825500488281,77.8010177612305,369.690216064453,87.1000747680664,84.0744934082031,16077,3656,7996.71728515625,1818.49829101562,14,434,215.8720703125,6.96361494064331,226,280,,,1.3927229642868,1.12412643432617,1.30045509338379,1.10074853897095,117,1,58.1959266662598,0.497401088476181,19.6349067687988,25.3332731872304,785.236878441801,586.081354791979,,,,1069.56895154972,798.299770906844,,,6241,72.8642427309922
2015,SP,35063,Polo Cuesta,64.7342754114939,33.0951525554535,38.7363112583663,100,100,100,100,100,100,100,100,100,79.6563720703125,0.498007982969284,16.6832675933838,82.5448226928711,,,,,,717.867980957031,171.893157958984,155.757598876953,4.17431211471558,351.941955566406,65.558219909668,101.279708862305,394.160552978516,74.7425537109375,110.16381072998,20999,3616,6914.9130859375,1190.73889160156,52,581,191.321701049805,17.1234569549561,517,1269,,,4.17878198623657,1.7024667263031,5.68045997619629,1.65801167488098,273,16,89.8981475830078,5.26875591278076,23.2987689971924,26.4216915671797,613.812248890967,461.369999703599,,,,836.071944045029,628.430783636516,,,8522,72.8875242630782
2015,SP,35172,Circuito da Fé e Vale Histórico,64.0854423374899,48.9553182742882,49.5620368711197,100,91.942494149114,94.9682380474758,93.9819458375125,97.2082915412905,93.0123704446673,94.6171848879973,92.2601136743564,100,67.3905792236328,2.90678238868713,24.9248237609863,68.2091522216797,,,,,,757.886352539062,199.930618286133,149.264709472656,10.5131759643555,395.962005615234,87.5552444458008,103.336601257324,443.688323974609,99.0388336181641,111.987899780273,25982,4782,5462.24755859375,1005.32940673828,54,533,112.053649902344,11.3525276184082,462,808,,,1.69867444038391,0.971271812915802,1.7729389667511,0.971849918365479,338,36,71.0584106445312,7.56835174560547,24.2239818572998,26.5891688807587,619.152250558346,383.17698587621,,,,843.345545351154,521.924298633122,,,20722,107.771499011476
2015,SP,35153,Jales,84.3722964529463,76.8393732577141,72.6194367009516,96.8525179856115,95.5935251798561,94.8741007194245,98.9208633093525,98.1115107913669,87.410071942446,97.841726618705,100,100,69.2307662963867,0.904977381229401,13.4841632843018,84.1628952026367,,,,,,856.276794433594,231.687072753906,158.31950378418,10.0338220596313,350.255004882812,75.6042785644531,102.194435119629,386.882354736328,85.2590484619141,108.923774719238,10187,2079,9834.150390625,2006.9892578125,23,189,182.453567504883,22.2033443450928,130,148,,,1.42873692512512,1.25497162342072,1.84577369689941,1.45552575588226,74,2,71.4368438720703,1.93072557449341,16.1109390258789,23.4227057834739,732.333808581556,517.972582343166,,,,997.509828350529,705.529002824772,,,3594,82.4719557415806
2015,SP,35162,Itapeva,77.2902644699608,81.3328463322435,71.423556195434,100,100,100,100,100,94.7845249755142,100,100,100,82.1626586914062,0.462107211351395,13.3780040740967,85.9981536865234,,,,,,708.735107421875,241.347274780273,140.251953125,6.37870407104492,410.706420898438,114.108474731445,113.820671081543,456.323120117188,129.538803100586,121.830383300781,19563,4500,6963.830078125,1601.86242675781,18,366,130.284805297852,6.40744972229004,255,257,,,0.914841413497925,0.907722055912018,1.01059722900391,0.948836505413055,66,2,23.4939823150635,0.711938858032227,8.64080238342285,26.0202054989246,655.699273075084,383.978782932143,,,,893.126142300522,523.016424156024,,,21636,188.705569189927
2015,SP,35021,Central do DRS II,82.7716606437003,70.2622532900313,66.7223762805866,100,100,100,100,100,100,100,100,100,79.3833312988281,0.705513477325439,15.1293439865112,83.302848815918,,,,,,774.589660644531,144.392150878906,112.005126953125,15.8536586761475,366.716827392578,52.6568489074707,77.6515121459961,408.922698974609,60.3504409790039,83.0937805175781,16924,2966,5709.5625,1000.62414550781,33,506,170.706604003906,11.1330394744873,360,566,,,1.90948498249054,1.21451342105865,1.82548117637634,1.15100455284119,260,22,87.7148590087891,7.42202663421631,27.7108116149902,25.1392896337156,645.92526199513,467.130363145895,,,,879.812989199555,636.276958538219,,,7730,58.1581383724676
2015,SP,35083,Alta Mogiana,86.1370945361347,65.9320567445353,66.4013908614526,100,100,95.4613095238095,100,100,99.7023809523809,100,99.0327380952381,100,71.3235321044922,2.67379689216614,13.4358291625977,83.3556137084961,,,,,,784.377563476562,192.026031494141,136.696502685547,13.0705394744873,408.445220947266,82.500862121582,91.3548965454102,456.522735595703,93.9128189086914,98.8859786987305,7011,1372,5704.6376953125,1116.35473632812,9,165,134.255493164062,7.32302665710449,116,200,,,1.62733924388885,0.943856775760651,1.6383239030838,0.957689166069031,124,1,100.895034790039,0.813669621944427,30.2050457000732,24.9355626640992,718.949049768246,481.463840459124,,,,979.278485880846,655.80054781792,,,4554,90.5448071861402
2015,SP,35101,Araras,55.4645426981038,47.01241495829,46.8389374123184,100,100,100,100,100,100,100,99.9012833168806,100,77.7194671630859,0.596374034881592,16.9608783721924,82.2519073486328,,,,,,710.228149414062,161.320251464844,109.542137145996,13.5693216323853,355.616638183594,66.3138046264648,77.0419006347656,396.880981445312,75.4937438964844,83.3331985473633,16606,2880,4970.1005859375,861.970947265625,37,439,131.390701293945,11.0739316940308,355,628,,,1.87957549095154,1.06249892711639,1.80377888679504,1.06624007225037,305,24,91.2851181030273,7.18309116363525,42.388916015625,25.3759594866262,649.487432836625,429.307461341054,,,,884.66501212,584.758489986095,,,8141,56.5794518439041
2015,SP,35095,Tupã,80.8805813546808,72.550421637586,71.2042902110131,100,100,100,100,100,100,100,99.7171145685997,100,79.9623107910156,0.942211031913757,16.582914352417,82.2864303588867,,,,,,831.200073242188,227.897109985352,148.289215087891,7.23004674911499,342.772216796875,73.9091796875,88.7906875610352,382.332855224609,84.8289794921875,95.6096115112305,12337,3143,9628.65234375,2453.015625,16,535,417.551208496094,12.487512588501,128,156,,,1.21753251552582,0.999001026153564,1.46338033676147,1.10085225105286,97,2,75.7055435180664,1.56093907356262,15.0521354675293,25.538418241992,614.358165170389,445.487822450374,,,,836.815535079334,606.797714508679,,,4091,77.3444943256851
2015,SP,35151,Catanduva,81.0367441349589,52.0765895860389,57.2544952931067,100,100,100,100,100,99.9417588817705,100,100,100,85.7303085327148,0.364451915025711,13.0922346115112,86.3470687866211,,,,,,837.946655273438,205.631072998047,147.154739379883,7.63036823272705,380.170349121094,75.0264663696289,95.0012969970703,425.034057617188,85.6100845336914,103.097763061523,21651,5059,6956.43505859375,1625.44946289062,39,366,117.595275878906,12.5306434631348,356,610,,,1.95992124080658,1.14382290840149,2.02273511886597,1.18743908405304,365,27,117.273971557617,8.67506122589111,32.5176620483398,26.7983537961533,671.327148553665,513.947544166381,,,,914.412827693782,700.046509604083,,,6307,48.5003399519009
2015,SP,35011,Alto do Tietê,47.3366948636295,27.7975823313119,26.6760660412878,98.439370427843,97.9006872090446,99.6852139215252,100,100,100,100,88.6211483041454,100,71.8616943359375,2.44553875923157,28.0631828308105,68.8026885986328,,,,,,561.288757324219,129.846282958984,139.219467163086,5.59921407699585,391.648376464844,78.9364395141602,115.028297424316,439.476379394531,90.3429412841797,125.373985290527,136277,19360,4696.1416015625,667.150695800781,258,3033,104.51798248291,8.89074802398682,2369,4243,,,1.4621490240097,0.81636369228363,1.31475389003754,0.794929385185242,1024,203,35.2873115539551,6.99543380737305,33.5851097106934,25.3751724566898,580.443509313719,400.840741074848,,,,790.620477380606,545.984050087649,,,125610,108.081297585615
2015,SP,35092,Assis,71.1959896346461,43.1602738705324,50.1767574325052,100,92.2313483915127,99.5208761122519,90.7939767282683,92.8815879534565,75.7015742642026,91.0335386721424,100,100,77.8933715820312,0.617685317993164,16.6775035858154,82.412223815918,,,,,,750.249816894531,184.981796264648,112.310371398926,15.5751237869263,342.171051025391,68.939811706543,70.1880874633789,381.928588867188,79.1464691162109,76.1996688842773,16366,2686,6757.6162109375,1109.06494140625,40,386,159.381637573242,16.5162315368652,312,434,,,1.79201114177704,1.28826606273651,1.60620355606079,1.26452398300171,169,10,69.7810745239258,4.12905788421631,15.307243347168,26.7853087227978,726.115948511606,494.177721570598,,,,989.040498574404,673.118089650024,,,9733,105.612509257839
2015,SP,35071,Bragança,55.1884327403971,35.5472632943651,36.8259418301337,100,99.7302764666217,100,100,100,100,100,100,94.8921105866487,74.7575988769531,1.24434387683868,21.9133815765381,76.4221038818359,,,,,,723.982727050781,173.298416137695,160.542938232422,2.09599018096924,342.652008056641,58.7851142883301,100.168312072754,382.806518554688,67.1874313354492,109.143089294434,23413,3350,5149.0302734375,736.738159179688,24,426,93.6867065429688,5.27812433242798,427,1037,,,2.28058958053589,0.939066231250763,2.05483961105347,0.915314674377441,320,44,70.3749923706055,9.67656135559082,34.4371223449707,27.7949815396642,654.821657414803,511.849066870846,,,,891.930744469115,697.188179560682,,,14800,78.9614821214831
2015,SP,35155,São José do Rio Preto,56.7216987894462,45.8896509407454,39.269309508381,100,100,100,100,100,100,100,100,100,81.6788711547852,0.507042229175568,15.9887323379517,82.7380294799805,,,,,,706.496948242188,155.247528076172,133.941818237305,2.03055882453918,307.367645263672,50.6190719604492,80.9540252685547,343.991302490234,57.9633712768555,87.3045120239258,56535,9830,8030.11767578125,1396.2333984375,192,1137,161.497192382812,27.2712936401367,1088,2253,,,3.20011591911316,1.54537332057953,3.6194121837616,1.57335484027863,1362,147,193.45573425293,20.8795852661133,40.36279296875,25.1963537369286,676.064247411847,467.841971725578,,,,920.865216773096,637.246238590367,,,14845,48.9288993263823
2015,SP,35064,Jaú,55.7530230853793,49.2505679736167,32.818761451081,100,95.3511622094476,100,97.9255186203449,96.9757560609848,86.6283429142714,97.250687328168,87.4281429642589,100,80.4789581298828,1.20948231220245,14.8040637969971,83.2849502563477,,,,,,774.293823242188,144.907287597656,130.067398071289,11.9503946304321,372.724243164062,58.0736427307129,92.4800491333008,417.012725830078,66.1452713012695,99.9965057373047,27786,5871,8085.12890625,1708.33483886719,40,877,255.188140869141,11.6391401290894,499,480,,,1.39669680595398,1.45198273658752,1.60729253292084,1.50872349739075,273,24,79.4371337890625,6.98348426818848,14.114785194397,30.2160026431375,714.113975491336,490.11955808815,,,,972.692644758252,667.590476543323,,,8064,57.3995704898022
2015,SP,35121,Vale do Ribeira,93.0376109003202,93.9715361721935,87.1189895200079,100,100,100,100,100,98.4371061255357,100,97.580035291152,100,73.0842437744141,0.951927661895752,23.560209274292,75.0594940185547,,,,,,725.016967773438,203.71208190918,132.271392822266,9.26829242706299,381.670776367188,86.5271148681641,92.7729187011719,425.801483154297,98.0164642333984,100.891372680664,16098,2222,5693.32861328125,785.84765625,9,274,96.9047088623047,3.18300127983093,358,348,,,1.23076057434082,1.26612722873688,1.47302234172821,1.39503872394562,53,7,18.7443408966064,2.47566771507263,9.54334545135498,31.9257464418975,778.29702451493,558.731644045896,,,,1060.11619596442,761.046806545411,,,21900,188.111908578156
2015,SP,35131,Horizonte Verde,52.4091625309003,33.3652557885004,27.3026626158172,97.2081693835488,94.884766722878,93.2546374367622,98.9507213790519,100,95.0346636687277,98.4260820685779,75.8665917181937,100,72.5913925170898,1.3866378068924,20.7275352478027,76.5892333984375,,,,,,621.544250488281,158.011810302734,119.500801086426,4.0931282043457,360.316345214844,70.9572601318359,92.7148666381836,402.341674804688,80.2531814575195,100.690963745117,23908,3737,5580.12744140625,872.2158203125,25,337,78.6557998657227,5.83500003814697,289,595,,,1.3887300491333,0.674526035785675,1.44783866405487,0.669099450111389,286,29,66.7524032592773,6.76860046386719,42.503776550293,29.9587258615757,667.444131246819,485.788756706153,,,,909.123780702033,661.691504117697,,,13484,75.591382558543
2015,SP,35014,Rota dos Bandeirantes,52.4768594628508,23.8294151453258,29.9019707399757,90.0403768506057,96.0456322502083,94.8439402678972,96.9076459655194,97.3979362943024,97.3851182464911,96.125745049029,68.127924117157,97.8497724796513,63.0605659484863,2.80282711982727,28.3847179412842,67.4476013183594,,,,,,569.8779296875,114.520927429199,150.567749023438,2,403.780609130859,68.8784408569336,122.766944885254,450.079071044922,78.5678176879883,133.527709960938,99715,13301,5437.83544921875,725.353759765625,141,1670,91.071403503418,7.68926239013672,1733,3796,,,2.07010197639465,0.945070326328278,1.73197901248932,0.881770253181458,817,134,44.5540924072266,7.30752563476562,44.277660369873,30.9168207346463,876.38119176804,742.856378548796,,,,1193.71636530531,1011.84259141408,,,65579,85.0441483251887
2015,SP,35052,Sul - Barretos,71.6386568944946,70.214419635248,63.158002386228,100,100,100,100,100,100,100,93.2964329643296,100,71.3063354492188,0.969766139984131,24.1871070861816,74.671989440918,,,,,,786.874938964844,184.263870239258,142.633880615234,12.0555076599121,372.934814453125,70.3500366210938,96.5969619750977,415.5986328125,79.2189712524414,104.78018951416,10389,2219,7090.06396484375,1514.3759765625,0,199,135.809295654297,0,126,189,,,1.28984701633453,0.859898030757904,1.63841283321381,0.997072219848633,95,6,64.8335800170898,4.0947527885437,32.629035949707,28.3825449010497,704.733658483524,495.961105982011,,,,959.915741249646,675.547232558989,,,4442,75.3286535771253
2015,SP,35094,Ourinhos,64.1314791403287,46.9515381373788,36.3008849557522,100,90.777027027027,94.9324324324324,96.554054054054,95.5067567567568,92.8716216216216,96.0135135135135,93.5472972972973,100,51.7744598388672,0.995024859905243,12.7363185882568,85.804313659668,,,,,,770.373962402344,196.476852416992,109.993453979492,13.1335153579712,372.704376220703,75.3250045776367,70.8071823120117,415.987335205078,86.2143173217773,77.2234420776367,16111,3404,6763.7578125,1429.0751953125,32,343,143.999053955078,13.4343147277832,267,329,,,1.38121545314789,1.12092566490173,1.5677216053009,1.12816751003265,203,13,85.2239303588867,5.45769023895264,19.0830249786377,26.0440251626484,737.400782091778,448.903567610366,,,,1004.41153876894,611.450291418697,,,7205,71.5002672444083
2015,SP,35041,Baixada Santista,57.8355653843131,46.990940829133,40.277949282114,100,96.0845544078789,96.5889983185203,98.975098086316,100,99.9399471534951,100,94.9235327087837,99.5195772279606,74.3979110717773,1.60161352157593,21.7265796661377,76.3989410400391,,,,,,757.835510253906,201.050445556641,190.641693115234,1.740727186203,393.046936035156,87.4454498291016,124.116722106934,438.132843017578,98.9171447753906,134.943756103516,78282,11664,4357.31787109375,649.239318847656,182,1783,99.245002746582,10.1304492950439,1643,3718,,,2.0695059299469,0.914523482322693,2.03482866287231,0.961682975292206,1383,249,76.9802780151367,13.8597898483276,40.3084449768066,23.6011768720261,885.21006288178,587.182446002782,,,,1205.74214590699,799.799564159342,,,55089,77.4302070647769
2015,SP,35032,Centro Oeste do DRS III,55.4850356429592,26.5634217240816,29.3715041115557,91.9952210274791,100,99.9402628434887,100,100,96.6547192353644,100,87.6941457586619,100,80.2906951904297,0.69767439365387,17.4418601989746,81.4534912109375,,,,,,778.742614746094,208.793304443359,158.711120605469,3.35144925117493,389.687438964844,85.1058959960938,102.476089477539,435.496154785156,97.6904983520508,110.731971740723,10282,1863,7252.74560546875,1314.12805175781,8,144,101.575119018555,5.64306211471558,87,153,,,1.07923567295074,0.613682985305786,1.09087443351746,0.619678735733032,116,4,81.8244018554688,2.82153105735779,19.9792613983154,27.2012234212803,576.92505592715,428.78355981421,,,,785.828001883,584.044885184582,,,3368,68.6797448917872
2015,SP,35073,Jundiaí,61.4044993985744,24.5396074188075,21.7458674972818,100,99.8459726374921,98.1154299175501,100,100,100,100,100,95.2704539276977,81.1814346313477,0.244725733995438,16.9367084503174,82.4388198852539,,,,,,584.06103515625,113.65372467041,141.355194091797,0.642730474472046,322.208831787109,47.0297546386719,97.3657760620117,360.356079101562,53.5878562927246,106.159690856934,35053,6033,4537.47607421875,780.948608398438,53,626,81.0332946777344,6.86064624786377,620,1551,,,2.00770974159241,0.802566111087799,1.72448170185089,0.818682193756104,563,87,72.8781814575195,11.261815071106,52.6957168579102,25.4322797695641,931.690793559219,736.712880901295,,,,1269.05341890347,1003.47455048518,,,13998,52.0720465599651
2015,SP,35171,Alto Vale do Paraíba,60.3830366356331,26.5554455615512,34.7013281299175,100,97.0198222829802,96.6848940533151,98.9747095010253,97.9562542720438,98.7901572112098,97.2248803827751,100,100,74.141357421875,1.51836621761322,20.3222389221191,78.0068969726562,,,,,,579.591613769531,140.813278198242,106.058563232422,9.30422019958496,336.946136474609,67.7167587280273,80.87060546875,376.341491699219,76.6323318481445,87.145393371582,45376,6218,4285.408203125,587.241455078125,136,1037,97.9365310668945,12.8441352844238,1244,2416,,,2.28172278404236,1.1748605966568,2.47599053382874,1.25312960147858,1066,163,100.675354003906,15.3940744400024,43.5957336425781,28.6619623712406,831.867100045804,602.504468992742,,,,1133.08384571833,820.669648734983,,,33402,76.2810604040523
2015,SP,35143,Rio Pardo,59.7119476570911,48.6939686441579,43.6458906103438,97.1602434077079,98.2555780933063,99.5943204868154,100,100,97.079107505071,100,72.0892494929006,100,80.2610778808594,1.18670880794525,12.4604434967041,85.7594909667969,,,,,,827.491638183594,218.224273681641,161.699096679688,6.60694265365601,366.204223632812,78.8332443237305,96.1702041625977,409.868408203125,88.9310684204102,104.412010192871,17867,3758,8278.1591796875,1741.16101074219,13,519,240.46369934082,6.02317523956299,212,443,,,2.05251288414001,0.982240915298462,2.11934685707092,0.971237003803253,135,4,62.5483589172363,1.85328471660614,28.4122447967529,28.7109810280627,673.49728795343,456.224884958855,,,,917.368768488525,621.422637261552,,,8396,101.625660882346
2015,SP,35065,Lins,70.2285665628649,56.5881666017906,36.4258952899961,99.4044665012407,97.9652605459057,91.3647642679901,100,100,95.4838709677419,100,91.6129032258064,100,77.5580825805664,0.444883823394775,23.2822532653809,74.3450317382812,,,,,,751.702209472656,183.99153137207,121.652290344238,19.4041862487793,365.388275146484,69.5045852661133,82.9024887084961,409.373809814453,79.9202423095703,90.7639465332031,9102,1573,5508.8515625,952.035095214844,20,394,238.462707519531,12.1047058105469,200,263,,,1.59176874160767,1.21047055721283,2.05038595199585,1.21712815761566,134,16,81.1015319824219,9.68376445770264,39.435920715332,22.8376680650197,611.731887816136,414.450703384608,,,,833.23829005508,564.522141608729,,,4883,69.4382435969529
2015,SP,35012,Franco da Rocha,47.6725394091933,33.31125535391,31.0769638362697,100,98.8986784140969,95.4440064920009,100,99.7681428240204,96.4293994899142,100,59.3902156271737,100,69.817756652832,1.67323887348175,27.2407550811768,70.2227401733398,,,,,,541.675048828125,117.029640197754,144.852432250977,1.73354732990265,418.647552490234,81.4261322021484,128.063140869141,466.044250488281,91.8383331298828,139.298858642578,26449,3475,4599.2822265625,604.2763671875,57,446,77.5560455322266,9.9118709564209,444,784,,,1.36331701278687,0.772082626819611,1.04674577713013,0.710437715053558,300,36,52.1677436828613,6.26012945175171,29.2348041534424,24.4961026219771,502.970508637303,354.511436210808,,,,685.094720272362,482.879033767238,,,25687,119.328777184955
2015,SP,35114,Extremo Oeste Paulista,96.0315663840645,83.5531731006667,75.0421845419376,100,97.0037453183521,96.0674157303371,97.752808988764,97.565543071161,71.4419475655431,98.0337078651685,83.2397003745318,100,69.7440567016602,1.55393052101135,38.5740394592285,59.7806205749512,,,,,,743.891662597656,185.972915649414,131.516754150391,11.4640884399414,377.694885253906,74.1621246337891,85.1677627563477,418.912353515625,84.7839202880859,92.3342742919922,8694,2073,8932.865234375,2129.955078125,4,147,151.038772583008,4.10989856719971,59,78,,,0.801430225372314,0.606210052967072,1.0146312713623,0.742607295513153,36,4,36.9890899658203,4.10989856719971,15.9279127120972,29.2394773686192,622.145818308474,465.05404267743,,,,847.423075594322,633.448808246877,,,4171,95.8648083049081
2015,SP,35174,Vale do Paraíba/Região Serrana,61.0605185389825,34.5974500004186,35.5268687579007,100,99.706457925636,100,99.9755381604697,100,100,100,93.1873776908024,100,76.4698715209961,1.42717730998993,18.6508903503418,78.3483810424805,,,,,,641.972534179688,153.356414794922,150.86686706543,3.85211992263794,359.078765869141,71.4530639648438,106.012855529785,402.588714599609,82.1302795410156,115.592529296875,27902,4049,4630.89892578125,672.013122558594,73,764,126.801193237305,12.1158208847046,573,1184,,,1.96508657932281,0.951008915901184,2.29412245750427,1.0077291727066,337,42,55.9319381713867,6.97074604034424,30.1956119537354,26.718911811597,640.404684201008,491.497982781991,,,,872.293425657246,669.468024955858,,,17732,66.8207898678451
2015,SP,35033,Norte do DRS III,81.2729569526771,37.9282868525896,47.5405694295987,100,99.1071428571429,100,100,100,99.2121848739496,100,100,100,81.9095458984375,0.552763819694519,16.7839202880859,82.512565612793,,,,,,769.554138183594,192.065185546875,157.790924072266,5.29411745071411,378.004516601562,77.2321701049805,110.274856567383,420.460876464844,87.0218048095703,118.777374267578,11983,2074,7749.2158203125,1341.22290039062,20,201,129.983505249023,12.9336824417114,143,179,,,1.15756464004517,0.924758315086365,1.64484107494354,0.949170649051666,133,16,86.0089874267578,10.3469457626343,35.9730987548828,29.106772316775,653.436271126329,490.489537977418,,,,890.043713688041,668.094425113651,,,4674,73.8009251259439
2015,SP,35173,Litoral Norte,90.074136152656,90.4596441464673,83.6255801959773,100,100,100,100,100,100,100,89.0817724988579,100,79.4960403442383,0.914448261260986,20.3007526397705,78.2158126831055,,,,,,601.310913085938,119.692222595215,95.6271209716797,13.2174825668335,385.492553710938,62.3183708190918,76.2235412597656,431.573425292969,70.8121490478516,82.2018585205078,20532,2836,6501.37744140625,898.00830078125,23,347,109.876190185547,7.28285980224609,368,484,,,1.53256702423096,1.16525757312775,1.61125361919403,1.18172323703766,75,1,23.7484569549561,0.316646099090576,17.4592323303223,30.8614472154653,1114.27425823844,771.85927220998,,,,1517.74984446463,1051.34735159124,,,12855,100.117982615403
2015,SP,35102,Limeira,55.5228206828439,42.3105224429728,50.1934714912833,100,94.4379799860368,97.1608098673493,99.7905515475913,95.3921340470095,100,99.4414707935769,100,100,78.6729888916016,1.24125480651855,26.7208309173584,71.8573684692383,,,,,,642.768615722656,126.946113586426,138.864639282227,6.51142740249634,335.833068847656,54.9727478027344,94.0388641357422,374.312896728516,62.6889495849609,102.512046813965,14587,1826,4043.15063476562,506.121398925781,52,240,66.5219802856445,14.4130964279175,314,656,,,1.81826746463776,0.870329260826111,1.93509674072266,0.869567036628723,252,31,69.8480834960938,8.59242248535156,44.6223907470703,22.6585707033526,665.269405750994,433.846075733978,,,,906.161593198697,590.940523931521,,,11659,75.1472568611633
2015,SP,35013,Mananciais,53.3340011445542,26.7164371529353,31.6792947913507,93.907778798854,94.7943132061193,93.2645007838262,95.0970322720147,94.2429320503811,96.0214065625169,96.2160116763068,71.5822476890643,94.5456511162766,60.0525207519531,1.57037818431854,25.2310924530029,72.3529434204102,,,,,,556.53662109375,113.371955871582,148.635101318359,2.42941570281982,409.117919921875,71.8097381591797,124.439155578613,458.838745117188,81.8059692382812,136.957778930664,65853,9166,6016.02197265625,837.362854003906,75,829,75.7335586547852,6.85164880752563,834,1203,,,1.09900450706482,0.761903345584869,1.17019319534302,0.818155407905579,449,26,41.0185394287109,2.3752384185791,29.4667491912842,26.8390341006958,537.158650273619,414.420900824381,,,,731.66229218512,564.481547624964,,,37601,85.71308452457
2015,SP,35132,Aquífero Guarani,51.3634284528001,29.3833489033144,22.6868882508809,100,100,100,100,100,100,100,100,100,67.9769973754883,0.635138630867004,18.8052520751953,77.7272338867188,,,,,,638.221008300781,141.151519775391,124.942733764648,2.66313934326172,317.5849609375,57.482048034668,85.165283203125,354.553192138672,65.1244125366211,92.3462219238281,54875,8373,6176.7861328125,942.473449707031,137,1429,160.849700927734,15.4208602905273,1271,2935,,,3.30366611480713,1.43065059185028,3.89725661277771,1.27250230312347,901,152,101.41748046875,17.1092758178711,40.6500625610352,24.7514160242487,716.277135647697,485.351236205777,,,,975.639079145115,661.095558670259,,,16413,45.0916117890694
2015,SP,35081,Três Colinas,35.5484722077127,19.9739071492953,25.3112799345006,86.0199714693295,86.5014265335235,91.5656205420827,90.3887303851641,87.3751783166904,86.537089871612,86.2339514978602,94.9179743223966,96.4336661911555,75.6752166748047,1.69865810871124,28.7922534942627,69.135383605957,,,,,,610.288940429688,207.131301879883,115.877655029297,3.67879748344421,338.506805419922,88.7458953857422,85.8392639160156,377.491058349609,100.874824523926,92.7704238891602,21497,3232,5189.62890625,780.242858886719,51,389,93.9091796875,12.3120002746582,234,723,,,1.74540710449219,0.564903557300568,1.800328373909,0.554884970188141,258,35,62.284236907959,8.44941234588623,32.2596130371094,29.4930875250394,518.254375959936,405.251013741106,,,,705.912833120466,551.991270126853,,,9222,57.2781979304257
2015,SP,35034,Coração do DRS III,68.9893979950664,38.1425497297014,41.9149215346665,95.0123660346249,89.3858202802968,87.4278647980214,90.3957131079967,88.7675185490519,77.7205276174773,84.6248969497115,81.8013190436933,96.7230008244023,82.8520202636719,0.975901186466217,12.6867160797119,86.098388671875,,,,,,700.541809082031,164.726211547852,151.454437255859,5.12630033493042,337.134582519531,58.9897880554199,97.5564193725586,375.230224609375,66.8756256103516,105.913192749023,18237,3240,4745.83251953125,843.148376464844,25,358,93.1626892089844,6.50577449798584,275,689,,,1.79299139976501,0.715635180473328,1.91432416439056,0.767356097698212,295,26,76.7681427001953,6.76600551605225,37.4620704650879,26.5696672731589,728.953118492682,444.243659443755,,,,992.904999854642,605.10304356405,,,9913,60.9039363215971
2015,SP,35015,Grande ABC,57.5941564821946,41.1129093202954,45.3391491193237,98.5326239148698,97.1716605992719,98.5242229067488,98.4206104732568,98.5326239148698,100,97.7289274712966,78.9470736488379,100,79.2048263549805,0.845177590847015,19.6293182373047,79.1450424194336,,,,,,589.743957519531,117.845642089844,151.184280395508,0.843275666236877,328.593078613281,51.659984588623,103.570343017578,368.456604003906,59.2982406616211,113.33423614502,127036,18468,4679.787109375,680.329223632812,352,2707,99.7212066650391,12.9670724868774,2643,6500,,,2.3944878578186,0.97363555431366,2.20846366882324,0.977347016334534,2298,414,84.6543502807617,15.2510452270508,52.2738075256348,26.4898565482359,855.202605708768,549.305164115958,,,,1164.8690725856,748.207024649946,,,74932,61.699529575563
2015,SP,35111,Alta Paulista,82.7551852187302,68.0524107115901,60.6738520061589,100,100,100,100,100,100,100,97.0854922279793,100,77.7777786254883,0.757575750350952,22.7904033660889,76.3888854980469,,,,,,815.730651855469,211.457855224609,128.680755615234,10.5166053771973,346.300933837891,71.3266372680664,80.0607299804688,385.933532714844,80.6613845825195,86.8807067871094,10025,2221,7544.00341796875,1671.34484863281,10,208,156.523971557617,7.52519035339355,152,167,,,1.25670683383942,1.14382898807526,1.22152662277222,1.10676741600037,80,0,60.2015228271484,0,13.3128147125244,27.8596637862994,798.502089557841,524.717278282411,,,,1087.63745843598,714.715934262041,,,4345,82.4070188281937
2015,SP,35141,Baixa Mogiana,47.8611352975873,53.296070555852,37.6840902920166,100,96.5310706264038,95.2083853256801,98.3528824557025,97.8537559271275,100,97.0801098078363,98.502620414275,100,69.370231628418,1.2643129825592,20.4437026977539,78.1965637207031,,,,,,765.864685058594,231.374359130859,147.209991455078,5.3527979850769,380.846008300781,92.6970748901367,94.1480102539062,426.684875488281,106.165672302246,102.691886901855,21349,3187,6630.3505859375,989.785339355469,27,404,125.470123291016,8.38537979125977,344,501,,,1.55595374107361,1.06835949420929,1.89843440055847,1.06975698471069,385,32,119.569305419922,9.93822765350342,37.5109100341797,25.2957444037779,820.75191073798,488.063659581592,,,,1117.94387751175,664.790142949064,,,6213,44.6939070964081
2015,SP,35154,Fernandópolis,95.9773395606296,87.8014184397163,90.7559245805224,100,100,100,100,100,100,100,73.587907716786,100,85.1370849609375,0.432900428771973,13.2756128311157,86.1471862792969,,,,,,806.995666503906,236.130569458008,116.767868041992,8.0385856628418,330.233856201172,78.3094482421875,66.8594055175781,368.549560546875,88.4306411743164,72.4745864868164,9333,1453,8072.5517578125,1256.76818847656,16,152,131.471969604492,13.8391542434692,197,214,,,1.85098695755005,1.70394587516785,1.64015603065491,1.64642691612244,193,2,166.934799194336,1.72989428043365,18.0419330596924,23.4562926737543,762.413227402408,583.850375369552,,,,1038.48092043078,795.260960087732,,,2862,58.4409255264163
2015,SP,35115,Pontal do Paranapanema,100,100,100,100,100,92.358803986711,100,100,92.0265780730897,100,98.0066445182724,100,76.3102722167969,0.733752608299255,15.7232704162598,83.4381561279297,,,,,,648.742065429688,171.338195800781,112.761032104492,4.74040651321411,352.578247070312,69.260986328125,78.5644149780273,391.286651611328,78.7688674926758,85.2231903076172,7823,1598,11456.228515625,2340.15747070312,0,111,162.551620483398,0,79,81,,,1.18618750572205,1.15689897537231,1.27258884906769,1.25208675861359,6,0,8.7865743637085,0,16.30202293396,23.0476774189012,794.74627896153,523.119802632536,,,,1082.52167934816,712.540017156168,,,4210,158.168296006928
2015,SP,35113,Alto Capivari,89.4363797451101,84.456143937845,89.4363797451101,100,100,100,100,100,100,100,70.8894878706199,100,80.7106628417969,0.761421322822571,15.4822330474854,83.6294403076172,,,,,,754.479187011719,190.748687744141,148.170852661133,6.54627561569214,364.855529785156,83.3865127563477,104.054618835449,407.052001953125,95.8171005249023,111.596725463867,5666,1437,9649.83984375,2447.37377929688,5,97,165.201995849609,8.5155668258667,70,47,,,0.800463259220123,1.19217932224274,0.99802440404892,1.10446894168854,30,0,51.0933990478516,0,19.6266784667969,27.09811696236,805.661875880566,630.427616743902,,,,1097.38978332132,858.703690034011,,,2489,96.4208507357964
2015,SP,35082,Alta Anhanguera,78.7890637418534,65.7021141312987,68.2982037831823,100,97.9726305119108,97.6178408514952,97.7698935631019,95.6918398378104,91.6877850988343,96.705524581855,88.0385200202737,99.0876837303599,75.343864440918,0.916963815689087,19.8166065216064,78.9098281860352,,,,,,585.82421875,147.559585571289,106.570816040039,9.2572660446167,331.500427246094,66.573860168457,78.9409713745117,368.543670654297,75.6157836914062,85.6122741699219,10301,2667,6495.77490234375,1681.80102539062,8,224,141.253631591797,5.04477214813232,117,212,,,1.33686470985413,0.737797975540161,1.44879555702209,0.756400525569916,120,0,75.6715850830078,0,41.4257774353027,25.9208819254495,645.406618095646,509.655734111478,,,,879.106545797534,694.200647155822,,,3493,56.0577208676806
2015,SP,35152,Santa Fé do Sul,99.864859067313,92.719550388262,99.864859067313,100,100,100,100,100,100,100,89.2177589852008,100,77.0134201049805,0.50335568189621,15.7718124389648,83.2214736938477,,,,,,958.473266601562,226.781631469727,132.645858764648,12.5,377.238159179688,67.4707870483398,80.5912780761719,420.072204589844,76.8529205322266,85.8891525268555,3877,696,8294.64453125,1489.05676269531,6,39,83.4385223388672,12.8366956710815,59,59,,,1.26227509975433,1.26227509975433,1.49654483795166,1.34089982509613,43,0,91.9963226318359,0,14.642391204834,24.0361345225324,897.055378361076,562.165846777636,,,,1221.87661692561,765.724524462181,,,1268,71.6279651796407
2015,SP,35016,São Paulo,55.5104606270416,34.9711030521206,31.6204508564426,100,93.0613684186186,98.4091382061183,98.9109071149444,98.3646264480773,96.7610470090411,94.7672670936712,99.5993941776308,100,75.7771682739258,1.0952113866806,22.6642398834229,76.0357971191406,,,,,,631.062255859375,133.759948730469,151.753692626953,1.02828788757324,327.608276367188,54.3668823242188,100.250793457031,377.313232421875,65.1462707519531,110.625663757324,578753,81189,4845.94482421875,679.801940917969,1894,17087,143.070816040039,15.8586130142212,19654,36802,,,3.08146071434021,1.64564502239227,3.28601098060608,1.623215675354,17202,2967,144.033721923828,24.8429279327393,53.3110618591309,19.4647395004746,760.188496133591,538.324735113523,,,,1035.45062020419,733.250613077676,,,457039,81.8905975455294
2015,TO,17007,Cantão,100,100,100,96.0201793721973,100,97.1973094170404,98.9910313901345,100,95.2354260089686,100,77.0739910313901,95.2354260089686,68.796989440918,0.859291076660156,31.0418910980225,67.9376983642578,,,,,,501.325622558594,123.724594116211,95.6053695678711,3.04487180709839,317.795776367188,60.7708549499512,78.5351638793945,353.875030517578,68.4619903564453,84.2680511474609,6456,1147,5186.7919921875,921.507202148438,0,153,122.921188354492,0,119,112,,,0.899815201759338,0.956053674221039,1.08620548248291,0.976138830184937,10,0,8.03406429290771,0,2.90993809700012,19.3278235385222,501.269255532878,258.039686045028,,,,682.777448186478,351.475133222306,,,10832,242.398377362842
2015,TO,17002,Bico do Papagaio,97.8504144223911,98.3496888757717,97.8504144223911,100,91.2951167728238,89.8999090081893,82.1656050955414,84.2887473460722,89.7179253867152,92.02305125872,82.3779193205945,81.134364573855,51.2057151794434,1.45876753330231,42.274486541748,56.2369766235352,,,,,,505.765441894531,179.401733398438,106.658012390137,2.72108840942383,346.054779052734,101.334587097168,85.6500015258789,387.239440917969,115.795700073242,92.8809280395508,10755,1953,5286.20703125,959.922119140625,0,212,104.200454711914,0,189,158,,,0.776588320732117,0.928956925868988,0.892339289188385,0.926499366760254,9,0,4.4236044883728,0,1.88691306114197,18.8912520764008,407.294368798962,199.980676077773,,,,554.774518324788,272.39311845255,,,25218,381.278323328079
2015,TO,17005,Ilha do Bananal,94.290428494704,100,94.290428494704,100,100,99.5473251028807,97.0781893004115,98.4362139917695,96.6255144032922,99.4650205761317,100,98.6008230452675,64.2208786010742,1.13464450836182,32.2617263793945,65.8093795776367,,,,,,529.587585449219,158.598999023438,86.508544921875,2.9319372177124,341.255065917969,72.4372100830078,71.0863265991211,380.096771240234,82.9370498657227,76.7667922973633,10809,2385,5994.04443359375,1322.58264160156,20,259,143.626373291016,11.0908393859863,245,208,,,1.15344727039337,1.3586277961731,1.58876276016235,1.22221052646637,127,4,70.4268341064453,2.21816802024841,6.92567491531372,19.795238676984,532.910351957644,282.65180766987,,,,725.875696954513,384.999235113614,,,14606,194.157144022932
2015,TO,17003,Sudeste,93.2038033950044,100,93.2038033950044,95.8275382475661,94.0890125173853,94.0890125173853,92.9068150208623,90.6119610570236,93.8803894297636,95.1321279554937,56.3282336578581,88.5257301808067,56.1946907043457,2.13864302635193,44.1002960205078,53.5398216247559,,,,,,511.606750488281,161.233642578125,84.7510147094727,7.07070684432983,327.34130859375,82.2648010253906,73.2175445556641,362.238616943359,92.0070648193359,77.5919342041016,3149,528,3254.64575195312,545.7138671875,0,160,165.36784362793,0,88,74,,,0.764826238155365,0.909523129463196,0.891436040401459,0.904355347156525,3,0,3.10064697265625,0,2.60764408111572,19.3266639372974,526.728599257314,282.523849247056,,,,717.455548925358,384.824943304494,,,12352,373.627946430977
2015,TO,17006,Capim Dourado,93.6194093272144,100,87.5884280179816,100,100,100,99.261932097753,100,100,100,97.4413646055437,100,68.6228866577148,0.884955763816833,34.6374778747559,64.3688888549805,,,,,,398.040161132812,93.6565093994141,88.742431640625,1.67029774188995,343.01611328125,69.7125625610352,93.7881317138672,383.989929199219,79.1119918823242,102.060508728027,18346,2380,5303.1552734375,687.970642089844,60,598,172.859848022461,17.3437976837158,605,726,,,2.09859943389893,1.7488329410553,2.88983798027039,1.61376810073853,248,50,71.6876983642578,14.453164100647,15.3744096755981,16.2795706773605,617.235833636825,322.077204683427,,,,840.735199232986,438.70045789864,,,20713,153.795540534838
2015,TO,17001,Médio Norte Araguaia,90.571664589838,99.2470912731193,89.175055654341,100,92.1009771986971,95.5415309446254,87.4796416938111,91.4902280130293,88.3550488599349,94.9918566775244,100,84.5887622149837,69.2201385498047,0.454096734523773,44.7976303100586,54.6298141479492,,,,,,520.051940917969,148.984085083008,104.776191711426,1.94109773635864,380.981964111328,86.8503494262695,98.0295639038086,423.834716796875,98.3273773193359,104.717658996582,17582,2898,6120.1826171875,1008.77545166016,54,541,188.31867980957,18.7970581054688,433,401,,,1.39585554599762,1.5072455406189,1.6913001537323,1.52760899066925,127,2,44.2078971862793,0.696187317371368,5.71186876296997,20.672009442126,444.61307142043,226.549136682199,,,,605.606218582224,308.581944185435,,,25833,245.419893568837
2015,TO,17004,Cerrado Tocantins Araguaia,100,100,100,100,99.7455470737913,100,100,100,97.6251060220526,100,96.0135708227311,96.9041560644614,62.6650161743164,1.23762381076813,44.100658416748,54.5379524230957,,,,,,503.232330322266,143.232574462891,116.376472473145,4.06607389450073,327.106262207031,70.3156433105469,92.5602340698242,365.606170654297,81.3211364746094,100.520042419434,9246,2191,5912.1806640625,1400.99365234375,0,235,150.266326904297,0,161,121,,,0.773711681365967,1.02948415279388,1.0253279209137,0.99239718914032,15,0,9.59146785736084,0,4.02649784088135,17.3277932194055,489.664636389019,247.622448504309,,,,666.970828971827,337.28584316173,,,16105,283.440138334172
2015,TO,17008,Amor Perfeito,98.7852319436289,100,98.6971520845567,100,100,100,96.0828203693341,98.3212087297146,93.452714045887,100,98.1533296026861,93.564633463906,59.9488487243652,1.68797957897186,35.3452682495117,62.9667510986328,,,,,,564.935424804688,159.835388183594,112.987083435059,3.089430809021,377.691558837891,81.2948989868164,94.8312225341797,420.833648681641,93.0398788452148,102.767440795898,7138,1085,6556.92529296875,996.674682617188,0,182,167.184143066406,0,197,121,,,1.11149895191193,1.80963051319122,1.48674464225769,1.73981738090515,0,0,0,0,3.36848497390747,18.3847123024466,549.76627623302,268.082243960252,,,,748.835104172359,365.154073215008,,,10991,301.39271407925
2016,AC,12002,Baixo Acre e Purus,81.5861833405526,96.1121086586918,68.1336022577438,100,78.8468917881811,82.3100537221796,86.3392171910975,72.9086722947045,78.2617037605526,78.1369915579432,98.5897927858787,64.6297006907137,41.4210891723633,2.33083486557007,47.027416229248,50.2823715209961,,,,,,466.114013671875,128.708557128906,87.6236190795898,7.17628717422485,394.816345214844,96.9983291625977,91.0954360961914,442.209655761719,111.024154663086,97.4037399291992,30619,4909,5566.28125,892.415649414062,59,908,165.06689453125,10.7257127761841,627,702,,,1.27617800235748,1.13983416557312,1.53845798969269,1.22195863723755,179,4,32.5407218933105,0.727166950702667,7.47164058685303,15.824764908095,335.860126978948,200.04042534478,,,,430.410007209741,256.35493468471,,,44706,273.215072506509
2016,AC,12001,Alto Acre,100,100,100,56.5749235474006,89.2201834862385,92.3547400611621,100,80.8868501529052,72.9357798165138,80.5810397553517,42.2018348623853,51.7584097859327,47.5371398925781,5.08209562301636,47.7716979980469,46.9898376464844,,,,,,491.822540283203,140.940185546875,115.982032775879,7.16417932510376,402.567230224609,108.122283935547,103.954040527344,445.091491699219,122.859649658203,111.707359313965,3952,941,5802.03759765625,1381.50744628906,0,82,120.386413574219,0,79,45,,,0.660657107830048,1.15982031822205,0.833162069320679,1.25671672821045,0,0,0,0,1.0218163728714,14.3898605260794,408.560301182949,152.785101352373,,,,523.576417836553,195.796497685294,,,8223,386.245116475394
2016,AC,12003,Juruá e Tarauacá/Envira,95.5655311293841,98.0375156159684,95.5655311293841,94.3622401198726,69.8070799775239,68.2712118374227,78.104513953924,65.7239183367672,71.4178685147031,67.2410563775988,81.3073609290129,54.3172878816258,34.5110397338867,7.57097768783569,56.5930595397949,35.751838684082,,,,,,380.184387207031,99.5826416015625,81.8790588378906,3.95809078216553,362.830963134766,85.4379043579102,89.1411285400391,405.442810058594,98.6528701782227,96.8703918457031,11166,2539,4941.95458984375,1123.73474121094,0,300,132.77685546875,0,192,170,,,0.752402126789093,0.849771857261658,1.02005815505981,0.985314905643463,68,10,30.0960865020752,4.42589521408081,0.759483575820923,17.095335651126,346.879529913547,123.45749851617,,,,444.531544467498,158.212715824324,,,29866,622.418178367854
2016,AL,27010,10ª Região de Saúde,78.5486497699562,100,78.5486497699562,76.9201080663836,87.4565804708607,90.1582400617522,92.5897336935546,84.4075646468545,100,85.8355847163257,54.8050945580857,70.2045542261675,60.0755653381348,3.10663318634033,39.2527275085449,57.3467674255371,,,,,,539.427185058594,151.341033935547,135.641754150391,7.56693840026855,365.585083007812,84.3327026367188,109.666175842285,402.956115722656,94.2158050537109,117.630737304688,7034,1575,4417.1484375,989.054443359375,0,153,96.0795745849609,0,107,104,,,0.653089940547943,0.671929061412811,0.645868301391602,0.678679764270782,0,0,0,0,1.81797635555267,17.6687702238624,517.031344402025,224.325987208506,,,,662.583756736587,287.477262157403,,,21732,441.713711865875
2016,AL,27005,5ª Região de Saúde,99.207205241091,99.4837810728121,98.6909863139031,95.139911634757,93.6966126656848,94.6686303387334,99.7054491899853,87.3343151693667,100,93.8438880706922,75.640648011782,68.4830633284242,69.3301620483398,0.816048979759216,28.0516834259033,70.6562423706055,,,,,,554.36572265625,173.292510986328,134.546524047852,2.68817210197449,439.828369140625,124.677474975586,125.437973022461,491.014587402344,141.281326293945,137.126556396484,11945,2154,5085.94384765625,917.130432128906,12,296,126.030921936035,5.10936164855957,153,137,,,0.583318769931793,0.651443600654602,0.811217606067657,0.681674003601074,15,3,6.38670206069946,1.27734041213989,2.77182865142822,22.6923090857999,611.619666866797,251.659765305782,,,,783.800171796691,322.50592642232,,,30718,332.091244942424
2016,AL,27007,7ª Região de Saúde,96.0241425741378,100,95.4575928055733,83.9690245030051,85.4831252889505,91.504854368932,94.2787794729542,85.6911696717522,100,90.3028201571891,73.9135460009246,76.629680998613,62.0128211975098,2.46153855323792,37.8974342346191,59.5897445678711,,,,,,670.407775878906,217.336303710938,130.13346862793,9.51972579956055,452.835113525391,119.753173828125,106.455955505371,505.093566894531,135.494964599609,114.95556640625,26878,3477,5151.2919921875,666.382995605469,76,725,138.949584960938,14.565749168396,412,584,,,1.11926281452179,0.789616942405701,1.16377460956573,0.774044990539551,269,20,51.5550842285156,3.83309173583984,4.45041131973267,24.8457730381608,672.250931410245,241.231218259461,,,,861.500085877047,309.141580229253,,,71919,416.602224152285
2016,AL,27004,4ª Região de Saúde,96.2154553881012,100,96.2154553881012,90.6904231625835,92.293986636971,100,100,94.7884187082405,100,95.3674832962138,81.380846325167,82.8062360801782,56.8722686767578,2.42836332321167,44.681884765625,52.3555107116699,,,,,,599.423522949219,183.099182128906,144.808471679688,3.36817646026611,444.075439453125,109.421058654785,132.253707885742,497.712249755859,124.626564025879,143.677764892578,7101,1285,4943.677734375,894.610046386719,0,200,139.238922119141,0,72,75,,,0.522145926952362,0.501260101795197,0.68940669298172,0.591243267059326,0,0,0,0,2.58497047424316,16.8304245228228,580.042871685817,197.663125913222,,,,743.33401475758,253.308388270641,,,22596,451.056980968246
2016,AL,27001,1ª Região de Saúde,56.0470905466885,40.6057918946865,43.005759133854,100,75.745379441826,86.3051421913891,91.3467139755335,70.4760896044061,99.608113117619,78.4621087750887,89.2284065032039,72.525552083885,60.1791191101074,1.86762773990631,44.56640625,52.5557022094727,,,,,,651.361206054688,195.871673583984,145.465881347656,1.48393428325653,460.250427246094,121.523651123047,125.483100891113,515.041625976562,138.61051940918,135.969375610352,64580,7695,5158.80615234375,614.695190429688,139,1994,159.285537719727,11.1036558151245,1219,2430,,,1.9411426782608,0.973766624927521,2.34612655639648,1.015744805336,1142,169,91.225715637207,13.5001277923584,26.0170631408691,21.7436972375698,629.37581914542,277.602210274688,,,,806.554958734345,355.751575516013,,,93641,173.320184670049
2016,AL,27008,8ª Região de Saúde,100,100,100,100,77.6101141924959,82.952691680261,87.1533442088091,81.810766721044,100,79.8939641109299,100,65.6199021207178,60.7781753540039,1.52057242393494,44.8121643066406,53.4883728027344,,,,,,801.513854980469,289.895690917969,154.186279296875,8.50556468963623,453.433135986328,133.258773803711,113.55265045166,506.717254638672,150.423370361328,124.383293151855,9005,1444,5737.38623046875,920.020629882812,16,146,93.0214767456055,10.1941347122192,92,91,,,0.57979142665863,0.586162745952606,0.909985780715942,0.709448039531708,18,2,11.4684009552002,1.2742668390274,11.4766845703125,20.0662131290136,672.647127595395,218.00613575235,,,,862.007817486752,279.378273643119,,,23721,456.942577162314
2016,AL,27003,3ª Região de Saúde,97.6381548611357,100,95.2040400099315,87.4058127018299,84.6609257265877,88.9128094725511,93.2185145317546,86.3832077502691,95.6135629709365,82.5888051668461,69.0796555435953,64.4510226049516,55.5419464111328,2.35762405395508,43.355785369873,54.1641159057617,,,,,,646.089538574219,219.40966796875,136.231811523438,3.47947120666504,485.331634521484,138.381698608398,123.33275604248,543.751403808594,156.979248046875,135.367813110352,11533,1756,5185.3515625,789.515075683594,0,249,111.952880859375,0,129,113,,,0.50805926322937,0.579996824264526,0.7121821641922,0.578423202037811,4,0,1.79843986034393,0,2.13429856300354,17.4482459388161,509.913520633181,182.52397050635,,,,653.462154219423,233.907323766698,,,34636,420.55004812475
2016,AL,27009,9ª Região de Saúde,95.8820741461532,97.2028470646461,92.950285419489,84.6232439335888,82.7330779054917,87.6883780332056,92.234993614304,81.8901660280971,92.7713920817369,83.397190293742,66.6922094508301,67.3563218390805,64.6959915161133,0.952647805213928,32.8663482666016,66.0409088134766,,,,,,564.686096191406,166.134124755859,145.314254760742,5.94431924819946,381.163848876953,92.4160995483398,112.129508972168,425.018707275391,104.778625488281,120.787986755371,11485,1430,4879.92431640625,607.600524902344,10,250,106.22386932373,4.24895477294922,163,106,,,0.450389206409454,0.692579627037048,0.638724148273468,0.735387861728668,13,0,5.52364110946655,0,1.69618272781372,21.8214299284386,758.305861391059,239.080269606988,,,,971.780824965189,306.385105879809,,,40108,575.09711257082
2016,AL,27006,6ª Região de Saúde,96.9557556301142,100,94.5516425692148,86.5777777777778,87.4962962962963,88.8888888888889,95.0518518518519,83.7333333333333,100,85.1259259259259,75.0518518518519,74.6962962962963,27.8215217590332,2.36220479011536,44.5538063049316,52.9199485778809,,,,,,580.151489257812,198.769195556641,112.113662719727,6.75105476379395,414.263916015625,122.292182922363,100.007499694824,462.712707519531,138.806106567383,107.328186035156,12515,2716,6127.0849609375,1329.69738769531,37,570,279.060211181641,18.1144351959229,143,211,,,1.03301239013672,0.700098395347595,0.967163920402527,0.719803988933563,34,28,16.6456966400146,13.7082204818726,2.67799878120422,19.4114529807497,643.613271575263,222.581050207676,,,,824.800476766206,285.241098091536,,,30571,387.130306039998
2016,AL,27002,2ª Região de Saúde,99.8422142994797,100,99.167108306032,100,100,100,100,86.6011787819253,100,99.2141453831041,77.7996070726916,87.8978388998035,50.235294342041,1.92156863212585,49.1372566223145,47.8431358337402,,,,,,540.530639648438,197.278411865234,119.099967956543,3.5028247833252,448.382202148438,143.700347900391,119.717353820801,499.134490966797,162.89289855957,129.71745300293,7439,917,4543.51123046875,560.075256347656,0,101,61.6876754760742,0,92,70,,,0.427538365125656,0.561907529830933,0.624969482421875,0.595041751861572,0,0,0,0,2.08027958869934,18.8760060252022,494.7019256331,212.01330233607,,,,633.968257243475,271.698363863088,,,26412,410.614603686171
2016,AM,13008,Triângulo,87.1261419096484,100,87.1261419096484,93.1258549931601,47.2982216142271,62.140902872777,69.2544459644323,53.6593707250342,69.9384404924761,56.3953488372093,68.5020519835841,60.0889192886457,39.0715026855469,4.60860729217529,55.947135925293,38.3259925842285,,,,,,307.377868652344,87.8222503662109,79.8384094238281,7.01298713684082,291.278778076172,80.7189712524414,79.1525497436523,325.258697509766,92.7668685913086,83.7314605712891,5858,1179,4676.93408203125,941.294799804688,0,204,162.870346069336,0,73,69,,,0.550885021686554,0.582820355892181,0.588209450244904,0.778424441814423,17,0,13.5725288391113,0,0.807964682579041,16.8187169263936,413.022394707432,176.145029190406,,,,529.294660497027,225.732610672641,,,16641,551.406153800167
2016,AM,13009,Alto Solimões,82.7631852265183,100,81.5412938200806,92.4082232011747,64.5227606461087,73.553597650514,76.2555066079295,67.1806167400881,77.5330396475771,71.8061674008811,68.8986784140969,61.4684287812041,40.6852264404297,2.87549710273743,53.074333190918,43.2854080200195,,,,,,311.939666748047,74.9146499633789,80.2364501953125,10.3674545288086,284.316070556641,71.6753234863281,77.499755859375,312.915954589844,79.2095413208008,82.1407089233398,7719,1593,3159.92431640625,652.125854492188,0,303,124.039001464844,0,238,131,,,0.536274254322052,0.974299788475037,0.59563285112381,0.997429132461548,34,0,13.918568611145,0,0.371707648038864,17.4122207813112,391.7451404948,170.541792143057,,,,502.027526343778,218.551974734579,,,31882,513.816667461426
2016,AM,13002,Rio Negro e Solimões,94.500253606853,100,88.5193586564472,70.984728804634,50.3422854133755,57.2933122696156,60.4353168334211,47.2353870458136,55.2747059856065,50.1316482359136,51.6587677725119,49.32420572231,41.5924186706543,4.18957328796387,53.933650970459,41.0805702209473,,,,,,338.678161621094,78.3456802368164,90.6420822143555,4.46058082580566,311.896209716797,65.1474075317383,95.2704544067383,347.160552978516,72.9089202880859,103.560806274414,9975,2101,3504.47583007812,738.1357421875,0,308,108.208381652832,0,197,132,,,0.463750183582306,0.692112028598785,0.523124277591705,0.682450592517853,4,0,1.40530359745026,0,0.666113913059235,23.4299935143145,435.209673948484,227.278736307571,,,,557.728005961415,291.261256323214,,,35168,456.387271108998
2016,AM,13003,Rio Madeira,78.9131011081067,100,76.7976247282753,100,84.9871134020619,94.0721649484536,99.5811855670103,86.6301546391753,96.6172680412371,88.8530927835052,85.4703608247423,80.5412371134021,51.8424377441406,3.14485383033752,39.6759834289551,57.1473960876465,,,,,,295.831451416016,66.9707565307617,66.4434280395508,12.6559715270996,260.203979492188,47.5411643981934,67.3061599731445,288.250762939453,53.827564239502,73.340934753418,7643,2145,4030.3740234375,1131.12036132812,0,218,114.957679748535,0,99,74,,,0.390223324298859,0.522055506706238,0.421467542648315,0.53589791059494,0,0,0,0,0.603791475296021,21.6775470610613,381.078831184398,183.87082041714,,,,488.358484089533,235.633332998659,,,20330,368.499031328624
2016,AM,13001,Manaus,52.0926718752191,39.5208467182903,37.3901127676613,100,83.8619364858789,90.8325499652593,97.3249683246822,85.7583684145993,91.7685045162872,93.501450933911,99.2070952711816,74.8967997711203,49.1884231567383,3.0417754650116,49.2819862365723,46.9147071838379,,,,,,480.157165527344,102.855712890625,91.8369216918945,12.6599559783936,417.754547119141,85.1285858154297,94.9557647705078,468.269866943359,97.4655532836914,101.712005615234,113569,20188,4652.01904296875,826.94189453125,326,3476,142.384094238281,13.3536291122437,2126,3391,,,1.38902318477631,0.870853185653687,1.44326710700989,0.88057142496109,1005,193,41.166862487793,7.90567588806152,21.0397071838379,23.1596611051338,376.572806294597,283.434600136346,,,,482.583942697103,363.225874370677,,,177321,192.687319005656
2016,AM,13005,Baixo Amazonas,85.0812930295286,100,82.5838113235821,71.1175616835994,63.9021356002488,72.755546340452,76.2388554841385,62.1604810284056,69.3759071117562,67.3025088119428,56.5830396019075,54.9243209620568,34.8767433166504,4.95176839828491,62.4008560180664,32.583065032959,,,,,,375.261047363281,113.160766601562,69.0613479614258,14.3015518188477,294.033111572266,77.0797271728516,69.1518707275391,326.128112792969,87.5534210205078,73.2826614379883,10402,1567,4327.56689453125,651.922485351562,0,323,134.378402709961,0,158,109,,,0.453475117683411,0.657330930233002,0.508287370204926,0.662323296070099,6,0,2.49619340896606,0,0.565387785434723,22.5119435502677,370.404963430251,168.223208410632,,,,474.679755571376,215.580673407547,,,31962,530.902662700143
2016,AM,13006,Regional Purus,76.896330580045,100,70.3363441790745,72.9673957903426,56.1287659925712,68.4688402806438,71.3990920346678,60.338423442014,69.4180767643417,58.6463062319439,59.8431696244325,58.1510524143624,49.579460144043,1.10668432712555,45.1527214050293,52.8552474975586,,,,,,350.40283203125,83.9102172851562,78.4715881347656,21.064302444458,320.39697265625,77.6627349853516,77.988166809082,354.553283691406,87.4363327026367,84.5695114135742,3258,824,2531.29150390625,640.203857421875,0,188,146.065933227539,0,68,51,,,0.396242678165436,0.528323590755463,0.408868074417114,0.556293666362762,0,0,0,0,0.376819014549255,16.5458881537562,347.903791128107,165.819627304015,,,,445.844151238385,212.500446615717,,,18527,542.471698822705
2016,AM,13007,Regional Juruá,74.4861503846271,100,74.4861503846271,74.9826268241835,53.7873523280056,59.1382904794997,65.045170257123,48.0194579569145,58.5476025017373,53.7873523280056,55.8373870743572,47.1507991660876,42.0684585571289,7.61869716644287,50.0920143127441,42.0684585571289,,,,,,361.112152099609,72.0707015991211,97.1057891845703,18.0672264099121,332.875823974609,61.3231735229492,89.5641174316406,369.553680419922,67.4252548217773,95.7032852172852,4018,1092,3048.21142578125,828.433776855469,0,208,157.796905517578,0,69,49,,,0.371733099222183,0.523460924625397,0.410613358020782,0.529150724411011,0,0,0,0,0.516633152961731,16.403393938176,313.357497379062,162.609941665419,,,,401.572535326895,208.387184254758,,,18854,643.040673170745
2016,AM,13004,Médio Amazonas,81.9568094321463,100,73.547281039461,89.85368956743,75.2862595419847,79.4211195928753,85.4007633587786,70.7697201017812,75.3498727735369,75.3180661577608,84.382951653944,52.1946564885496,47.6145324707031,1.42180097103119,42.8120079040527,54.4391784667969,,,,,,339.360382080078,95.0690460205078,60.7719841003418,12.7659578323364,278.921020507812,66.6515808105469,63.6667251586914,309.6611328125,74.641487121582,67.7333297729492,5383,1248,3238.96630859375,750.925109863281,0,239,143.806976318359,0,115,78,,,0.469328194856644,0.691958248615265,0.542435109615326,0.675712287425995,0,0,0,0,1.89055025577545,21.7951330286045,426.573419619014,221.383753308409,,,,546.660510925169,283.706743383577,,,19802,409.237923705779
2016,AP,16002,Área Norte,85.7208835661162,87.7880587982354,79.3664697169977,95.1718494271686,74.8772504091653,79.5417348608838,81.0965630114566,66.20294599018,79.6235679214403,66.8576104746318,72.0949263502455,76.4320785597381,30.8433742523193,8.51405620574951,62.1686744689941,28.9959831237793,,,,,,243.223403930664,45.8912086486816,65.7773971557617,11.3207550048828,251.628784179688,48.5979232788086,68.357292175293,279.216125488281,54.2972259521484,73.0538711547852,1436,325,2196.6591796875,497.154754638672,0,113,172.856887817383,0,37,26,,,0.397723793983459,0.565991580486298,0.417992413043976,0.565991580486298,0,0,0,0,1.79893529415131,15.1714741171863,305.087562376453,105.782742384858,,,,390.974484239038,135.562239322881,,,6828,357.767088987872
2016,AP,16001,Área Central,87.4052532796378,58.9123926073633,57.5647968938895,100,96.9835466179159,98.0712979890311,100,34.3601462522852,100,97.5502742230347,86.2248628884826,92.3765996343693,41.3518142700195,3.09474086761475,56.9679145812988,39.6715393066406,,,,,,403.946258544922,91.686408996582,86.8014755249023,6.23255825042725,388.785675048828,87.9648284912109,92.8949813842773,431.324340820312,99.8064956665039,99.2576675415039,20741,2403,3896.8603515625,451.480407714844,26,764,143.541839599609,4.88493156433105,568,641,,,1.20432353019714,1.06716966629028,1.26200330257416,1.05791652202606,123,22,23.1094837188721,4.13340377807617,11.7272176742554,18.2879478450055,328.773314954847,188.59630324693,,,,421.328146728642,241.689113174574,,,35740,193.206005167895
2016,AP,16003,Área Sudoeste,100,99.0899851458056,95.4561801266515,100,97.0219049963082,96.8003937976864,97.1203544179178,77.6027565838051,93.4531134629584,87.9891705636229,89.8843219296087,76.0521781934531,39.444149017334,1.12239444255829,57.5895233154297,38.7760543823242,,,,,,345.073883056641,63.8839416503906,85.5139389038086,11.5160350799561,343.673736572266,66.2519683837891,93.7592010498047,381.1220703125,75.8832168579102,99.2353973388672,8678,1173,4365.23486328125,590.046203613281,0,164,82.4957962036133,0,137,104,,,0.523144066333771,0.689141750335693,0.857528746128082,0.784716129302979,22,0,11.0665092468262,0,3.7440013885498,16.4085141809307,288.410737930045,92.4608834049008,,,,369.602872804305,118.490068621384,,,19803,336.892605437553
2016,BA,29023,Seabra,83.0351302880051,97.8642261841966,81.0412490769069,69.758064516129,67.6209677419355,72.1774193548387,73.2258064516129,54.7983870967742,73.1451612903226,67.0161290322581,61.8548387096774,55.6854838709677,63.5903930664062,1.51706695556641,29.3299617767334,68.2258758544922,,,,,,648.793395996094,157.415756225586,94.5587692260742,26.0320129394531,351.161071777344,70.7256317138672,74.6682586669922,387.729583740234,79.9710540771484,79.8088760375977,13998,5957,7651.0615234375,3255.99194335938,0,264,144.297775268555,0,101,71,,,0.388073563575745,0.552048325538635,0.615041971206665,0.679128766059875,51,0,27.8757076263428,0,1.72337460517883,20.8474927093776,443.29488659588,237.984252037176,,,,568.089332461111,304.980542217048,,,29618,514.184499920948
2016,BA,29017,Paulo Afonso,84.663273494102,89.8871569839787,84.663273494102,82.6017979904812,93.1517715494447,93.0195663670016,96.7213114754098,86.8059227921734,100,90.6134320465362,64.1988365943945,79.8519301956637,59.6535339355469,4.24699640274048,35.0097808837891,60.5755805969238,,,,,,628.309692382812,184.277404785156,139.713592529297,4.28115034103394,383.554901123047,88.7722854614258,106.291114807129,425.283020019531,99.5589294433594,114.943634033203,9983,1661,4007.93310546875,666.851318359375,0,259,103.982238769531,0,190,206,,,0.827040195465088,0.762804090976715,0.728879392147064,0.745540618896484,26,0,10.4383716583252,0,5.0750560760498,20.8720710777916,530.096062326331,234.576225927168,,,,679.326397152327,300.613103438965,,,35717,441.515723483502
2016,BA,29001,Alagoinhas,74.8372992212767,94.4224619220554,74.8372992212767,64.1021981159007,69.0836425920639,70.8392806166143,75.7921781330288,64.987153868113,72.7091064801599,69.9685983442763,58.4641735655153,57.5078504139309,53.1353149414062,2.78375673294067,38.7573547363281,56.6795806884766,,,,,,635.66357421875,183.262878417969,100.218933105469,13.9548692703247,403.849822998047,90.4918746948242,82.0580062866211,449.560516357422,101.651473999023,88.1353378295898,21611,3775,4078.77856445312,712.479248046875,10,596,112.486785888672,1.887362241745,372,433,,,0.817227840423584,0.702098727226257,0.764664828777313,0.703797399997711,170,23,32.0851593017578,4.34093332290649,7.28502941131592,19.305191901709,429.107618044269,216.197047904472,,,,549.908125854326,277.059899263127,,,72011,349.432383046609
2016,BA,29019,Ribeira do Pombal,83.4228408592723,98.1523089288324,83.4228408592723,47.886958776251,49.3129375162043,51.0759657765102,52.3204563131968,43.6868032149339,55.0427793621986,49.1573761991185,40.9126263935701,42.1052631578947,48.8359184265137,3.90798234939575,35.9756088256836,59.9223937988281,,,,,,589.511840820312,138.18132019043,89.0295791625977,28.4740428924561,312.855133056641,59.4144401550293,63.5251083374023,346.023162841797,66.9243927001953,67.983642578125,14284,3242,4415.61962890625,1002.20098876953,7,416,128.598281860352,2.16391324996948,208,136,,,0.420417457818985,0.642991423606873,0.547392785549164,0.659839034080505,18,0,5.56434869766235,0,0.915335357189178,18.6594129158037,336.343136169483,181.232082592088,,,,431.028991044026,232.251749193158,,,53120,469.010429800965
2016,BA,29025,Serrinha,84.4608754527185,100,82.3007232748337,69.8361823361823,69.1714150047483,67.1058879392213,75.0712250712251,65.6813865147198,82.0037986704653,68.150522317189,50.3679962013295,51.6856600189934,64.7138442993164,1.53846156597137,38.1661529541016,59.6800003051758,,,,,,556.475646972656,135.242279052734,86.3248596191406,25.8546390533447,316.236755371094,61.499698638916,67.6564407348633,351.276458740234,69.1108932495117,72.3996124267578,36272,9468,5798.47314453125,1513.56262207031,0,882,140.997268676758,0,402,323,,,0.516350567340851,0.642640650272369,0.723250508308411,0.667658865451813,156,0,24.9382934570312,0,2.33940386772156,19.7890507586832,400.109957350403,164.694016352344,,,,512.747170010661,211.05795857112,,,104217,496.675106933405
2016,BA,29015,Jequié,84.5549753336169,98.1131131227468,79.6319001872836,80.2648440837249,63.4486686601168,63.6480136693721,68.3183824576392,54.2503203759077,71.2088850918411,60.9568560444255,68.5604442545921,51.8439413356116,45.3233261108398,4.08487319946289,43.923210144043,51.5155906677246,,,,,,715.964965820312,204.072174072266,101.129547119141,23.353967666626,386.058410644531,86.6921691894531,80.7267074584961,429.047821044922,98.1280822753906,85.8948287963867,35869,10291,7225.927734375,2073.15576171875,24,1138,229.253829956055,4.83487892150879,531,368,,,0.741348087787628,1.0697169303894,1.04186606407166,1.11433887481689,206,7,41.4993782043457,1.41017293930054,3.52523112297058,18.2363128000088,476.371365119309,214.083832333813,,,,610.477357165914,274.351780448357,,,71278,389.073819612384
2016,BA,29026,Teixeira de Freitas,96.6883152322218,97.2554712656224,96.0334006439993,95.4722985679155,78.6778533198322,82.1351077679734,88.442065673369,80.9344712859829,87.3716186894257,79.5168523072472,75.4954433675684,67.4815564877767,58.6346588134766,1.7404351234436,38.9647407531738,58.8147048950195,,,,,,620.317749023438,157.669738769531,99.106689453125,13.2534494400024,405.979309082031,79.9006881713867,75.3088073730469,452.057250976562,90.3167877197266,81.118782043457,26913,5611,6061.95068359375,1263.83557128906,22,746,168.030883789062,4.95533418655396,391,402,,,0.905474722385406,0.880698084831238,1.01922225952148,0.901814579963684,161,22,36.2640380859375,4.95533418655396,7.98822450637817,16.5049437437572,550.868800558515,187.586751224462,,,,705.946986183549,240.395356463477,,,49074,279.10988794018
2016,BA,29012,Itabuna,80.0093530495618,99.3364946640852,71.6918731352357,66.5188787185355,51.2585812356979,51.1012585812357,55.1630434782609,47.9691075514874,61.0411899313501,52.1596109839817,59.9971395881007,42.6058352402746,50.2820663452148,3.91923999786377,48.5896682739258,46.5855102539062,,,,,,841.620544433594,250.766174316406,137.794357299805,13.5160245895386,483.492248535156,111.678871154785,110.188056945801,537.767883300781,126.40015411377,117.330291748047,29849,6785,5834.076171875,1326.1484375,52,1127,220.275512695312,10.1635551452637,598,530,,,1.03590083122253,1.16880881786346,1.39631617069244,1.22739589214325,143,11,27.9497756958008,2.14998269081116,9.41555690765381,16.87910258727,636.541923651937,184.377119018446,,,,815.738433772183,236.282162577206,,,62752,309.358348066255
2016,BA,29022,Santo Antônio de Jesus,93.3180274651347,99.345834312197,90.4386733015826,51.4631873252563,60.2236719478099,62.2926374650513,63.5973904939422,45.3867660764212,63.3178005591799,58.5088536812675,39.1425908667288,43.9701770736254,61.8946990966797,2.39478778839111,37.3481254577637,60.2042617797852,,,,,,639.651794433594,205.925888061523,107.161003112793,10.3972368240356,374.110504150391,90.6401977539062,86.1183013916016,415.502716064453,101.632888793945,92.9591979980469,29376,7129,6490.642578125,1575.15637207031,30,795,175.655670166016,6.62851572036743,356,306,,,0.676108598709106,0.78658390045166,0.967763304710388,0.787412464618683,136,20,30.0492725372314,4.41901063919067,3.53299903869629,18.9772432265579,418.860654654119,196.200583879551,,,,536.776481957493,251.43411777322,,,65134,381.606709765857
2016,BA,29006,Feira de Santana,81.056957757539,90.3372397722714,74.025794446768,100,99.667982208858,100,95.5146275762701,92.6893441082503,100,98.5967549959281,94.7628891812316,70.3501848023554,66.7207183837891,2.91256070137024,21.3421478271484,75.5332412719727,,,,,,608.069030761719,129.607284545898,91.1397705078125,19.9651775360107,379.76806640625,64.8854217529297,76.0806884765625,422.721588134766,73.41015625,81.1670074462891,51046,6994,4503.69873046875,617.068298339844,79,1629,143.72380065918,6.97003078460693,1083,1176,,,1.03756403923035,0.955511808395386,1.34016489982605,0.949821054935455,517,32,45.6139984130859,2.82330346107483,12.0146560668945,23.5794344197465,482.138940959343,228.956057389752,,,,617.868595837861,293.41076953149,,,114522,272.416309278561
2016,BA,29010,Irecê,90.9920644264959,97.5164245178609,90.9920644264959,47.7533617579534,42.86651361102,47.163004263693,48.3929157100689,43.7356510331256,49.96720236143,44.6703837323713,41.0462446703837,33.4207937028534,62.1683578491211,1.91614806652069,36.2921714782715,61.5132675170898,,,,,,587.289306640625,168.390487670898,109.734878540039,6.86641693115234,365.621063232422,76.9694747924805,86.8285369873047,405.561218261719,87.7152633666992,92.9066772460938,26936,9937,6583.115234375,2428.58666992188,20,801,195.763107299805,4.88796758651733,313,258,,,0.630547821521759,0.76496696472168,0.874946236610413,0.825822174549103,60,6,14.6639032363892,1.46639037132263,1.31364130973816,21.6787717465204,456.75796873058,220.73828398093,,,,585.342482844826,282.879564342132,,,67320,469.923366267007
2016,BA,29028,Vitória da Conquista,76.9357461441863,95.3703358055735,71.0898711817029,100,76.6591373561364,74.8090781972679,80.1011078842637,68.0326987200172,81.5747015166183,72.9590190383995,100,59.621383241906,56.172248840332,0.680489122867584,38.4476356506348,52.3763961791992,,,,,,655.964660644531,157.730178833008,101.420196533203,17.2397441864014,380.690399169922,69.995231628418,80.8282623291016,422.245330810547,79.2529373168945,85.8194732666016,42091,10352,6547.35791015625,1610.27893066406,55,1192,185.418518066406,8.55538463592529,596,781,,,1.21486461162567,0.927092552185059,1.56155216693878,0.982819259166718,376,21,58.487720489502,3.26660132408142,8.0361499786377,22.3211305766855,551.036769413483,201.299935013194,,,,706.16224089904,257.969016029641,,,78578,350.160781028259
2016,BA,29011,Itaberaba,94.9948038302099,100,94.9948038302099,74.3721461187215,68.1221461187215,70.1198630136986,71.546803652968,64.1552511415525,80.4794520547945,67.4372146118722,66.0673515981735,56.1929223744292,55.5654220581055,1.65778565406799,38.5139122009277,59.7690925598145,,,,,,608.268615722656,169.80500793457,91.2801513671875,18.7418079376221,353.691558837891,77.0755996704102,73.8926162719727,393.596649169922,87.5696029663086,79.1224517822266,14591,5112,5816.0205078125,2037.66003417969,0,431,171.79801940918,0,163,123,,,0.49028205871582,0.64972335100174,0.776479244232178,0.66407310962677,41,0,16.3427352905273,0,1.81165194511414,19.4837108519193,477.987791636687,208.813407747891,,,,612.548833036707,267.597648886419,,,41892,524.682084339572
2016,BA,29024,Senhor do Bonfim,83.5076692610805,99.9635262318038,83.5076692610805,52.5147579693034,66.2809917355372,67.7449822904368,67.9811097992916,52.5147579693034,72.939787485242,65.5017709563164,44.7933884297521,54.7343565525384,52.6455039978027,8.20105838775635,36.0509872436523,55.5796051025391,,,,,,629.143676757812,144.17170715332,100.175643920898,29.316837310791,362.808258056641,71.8617706298828,75.8944320678711,402.537231445312,80.6178207397461,81.4931259155273,18619,3183,6301.2509765625,1077.22668457031,0,354,119.804656982422,0,100,142,,,0.48057234287262,0.338431239128113,0.628551423549652,0.587178170681,64,0,21.6595993041992,0,5.49510812759399,18.7002900661653,416.142803033956,173.577934615623,,,,533.293512585834,222.44283881321,,,46194,409.161175836285
2016,BA,29002,Barreiras,72.4322257047779,84.4236712193878,66.128457950704,95.8237599675632,86.6873901878632,87.1604270847412,95.0263549128261,78.9025543992431,91.9583727530747,87.444249222868,86.6468441681308,66.7657791593459,65.8747940063477,4.27613210678101,22.2610397338867,73.2112884521484,,,,,,446.528045654297,79.4477844238281,99.0283966064453,10.2318544387817,347.724365234375,51.5421409606934,95.055061340332,384.614135742188,58.3946342468262,101.95930480957,25992,5243,5849.87744140625,1180.01342773438,24,844,189.954467773438,5.40154886245728,438,403,,,0.907010078430176,0.98578268289566,0.996529519557953,1.06905651092529,76,1,17.1049041748047,0.225064530968666,5.00070905685425,19.1948623584918,627.341005494983,344.114844967638,,,,803.947313206926,440.988557456194,,,51968,371.378548149923
2016,BA,29003,Brumado,90.6629077079204,98.4941244534651,89.2402572152091,81.8560380725758,83.6010311322625,83.5217132659131,86.1788617886179,73.8251041046996,87.3289708506841,82.887170335118,74.2811818362086,73.0319254412056,70.4458312988281,1.08936858177185,27.7587242126465,70.042366027832,,,,,,575.743286132812,154.912933349609,98.1773071289062,10.8397598266602,278.556610107422,53.3780250549316,69.1708145141602,308.590393066406,61.090030670166,73.6228103637695,23668,5905,5838.3427734375,1456.62561035156,0,618,152.446166992188,0,324,259,,,0.638892531394958,0.799232363700867,0.797197282314301,0.87477707862854,96,0,23.6809577941895,0,2.32418727874756,20.2711558699469,518.733257910193,218.893460993748,,,,664.76478552351,280.515394822053,,,54870,344.004836899521
2016,BA,29009,Ilhéus,64.3464066352284,79.4164663350692,56.2783205346548,89.297124600639,50.296668188042,44.6599726152442,55.591054313099,44.0438156093108,60.3149246919215,48.7676859881333,84.5276129621178,40.6435417617526,47.0002365112305,4.36329126358032,52.6203460693359,42.3049545288086,,,,,,785.076416015625,238.894027709961,127.388534545898,13.8728322982788,483.760223388672,119.389427185059,103.548355102539,537.853332519531,135.711410522461,110.367568969727,19441,3593,6301.6806640625,1164.64892578125,14,530,171.796249389648,4.53801393508911,309,316,,,1.02429461479187,1.00160455703735,1.16124534606934,1.06562292575836,201,16,65.1529159545898,5.18630170822144,9.4144344329834,17.6026734736621,442.961265851407,194.593287676325,,,,567.661792257618,249.374342542853,,,38509,312.962125661529
2016,BA,29008,Ibotirama,81.7008984918707,95.8158515717372,77.6923575808069,91.9349133356915,89.9186416696144,90.0955076052352,94.5525291828794,88.1853555005306,100,94.4464096215069,81.2522108241953,79.0590732224973,53.7216835021973,0.970873773097992,35.7784957885742,63.0348777770996,,,,,,577.346984863281,134.422439575195,109.701080322266,18.6440677642822,349.632965087891,67.6033401489258,86.8289642333984,385.223236083984,76.2360610961914,91.9899978637695,13230,4204,6813.82763671875,2165.17993164062,0,245,126.181991577148,0,138,88,,,0.4532251060009,0.710739374160767,0.610180079936981,0.753229200839996,28,0,14.4207992553711,0,0.785418510437012,18.5570936099184,413.34827133751,194.289868589059,,,,529.712276496768,248.985506235571,,,32666,536.873457281479
2016,BA,29018,Porto Seguro,94.6574231523872,97.2776978417266,91.9105297580118,84.1582519450422,77.8844562158583,84.1251448435689,87.8993544115213,82.8836285383215,89.7367985432875,83.760966727363,81.3441483198146,68.2668432378745,56.3960342407227,2.58867025375366,41.2002029418945,56.1943168640137,,,,,,600.861572265625,159.835113525391,116.781875610352,5.86654710769653,445.903472900391,94.9316101074219,104.530349731445,496.58056640625,106.736053466797,112.383567810059,19460,3254,5236.3486328125,875.595031738281,5,475,127.814270019531,1.3454133272171,370,359,,,0.966006815433502,0.995605885982513,1.14218866825104,1.02924120426178,164,19,44.1295585632324,5.11257076263428,8.98467063903809,17.8822892145761,504.313471947811,214.127341381581,,,,646.285604217118,274.407537973765,,,41759,287.62056949103
2016,BA,29021,Santa Maria da Vitória,95.7983732327509,100,94.2011135914608,95.7920792079208,83.5958595859586,86.7236723672367,88.996399639964,75.3600360036004,88.7488748874888,81.8181818181818,87.983798379838,69.1944194419442,61.8401947021484,1.62227606773376,30.5084743499756,67.5544815063477,,,,,,485.558135986328,112.897262573242,76.5969619750977,20.9190673828125,297.789245605469,53.3980445861816,62.4828567504883,329.556488037109,60.4796676635742,65.8470993041992,15744,5205,5243.228515625,1733.42260742188,0,467,155.525131225586,0,251,173,,,0.576142370700836,0.835905969142914,0.823167562484741,0.855804562568665,53,0,17.6506042480469,0,1.66115498542786,20.3035452789865,542.176087702013,253.483391863188,,,,694.807138661625,324.842932386026,,,45271,462.978697907858
2016,BA,29013,Itapetinga,85.3521984586193,98.9911530683158,82.1831541302599,100,67.4531351001939,70.3943115707822,77.4402068519716,57.6923076923077,89.6897220426632,66.5804783451842,10.8274078862314,46.4770523594053,54.2635650634766,5.39112043380737,45.8069076538086,47.2868232727051,,,,,,625.585327148438,143.118362426758,86.7629699707031,29.1639671325684,350.217742919922,69.3778381347656,66.4375152587891,391.100158691406,78.2630920410156,71.4382476806641,16692,6223,6767.51171875,2523.0185546875,9,406,164.606384277344,3.64891004562378,178,139,,,0.563553869724274,0.721673309803009,0.686704576015472,0.740526020526886,45,0,18.2445507049561,0,2.69208478927612,17.4317968863587,405.654104395968,172.186368333145,,,,519.852081186982,220.659524851349,,,30233,337.95847274923
2016,BA,29005,Cruz das Almas,93.5189520603753,100,91.6829193657207,65.0063051702396,83.4174022698613,84.4892812105927,89.0290037831021,64.1551071878941,86.4123581336696,81.8411097099622,60.62421185372,69.0100882723834,65.291877746582,2.44289350509644,31.0279178619385,66.4657363891602,,,,,,641.067199707031,213.307479858398,110.278823852539,6.7261905670166,399.474243164062,104.526756286621,89.5944747924805,444.219543457031,119.096504211426,96.7473373413086,11719,1573,4471.82568359375,600.237365722656,9,425,162.174743652344,3.43428874015808,210,200,,,0.763175249099731,0.801334023475647,0.960933089256287,0.830907046794891,47,10,17.9346179962158,3.81587624549866,3.09887313842773,17.9738967208999,439.075593862717,168.714285771829,,,,562.682242813299,216.209996728761,,,36106,395.36727133952
2016,BA,29007,Guanambi,85.7920895656221,95.9162585344817,80.9135044428409,87.6909871244635,91.6051502145923,91.6909871244635,94.1630901287554,86.0944206008584,93.7682403433476,89.4935622317597,81.6824034334764,71.8283261802575,65.3672637939453,1.85887026786804,23.9667930603027,73.8855819702148,,,,,,542.575134277344,131.439483642578,73.6857681274414,17.3735733032227,285.034301757812,50.4824485778809,55.5834045410156,314.925354003906,56.9669799804688,59.4452056884766,28686,6147,6347.59765625,1360.19946289062,20,833,184.325073242188,4.42557191848755,385,325,,,0.719155430793762,0.851922571659088,0.780726194381714,0.865918457508087,85,0,18.8086795806885,0,4.18725490570068,20.5769224957474,473.833791793652,221.081295903632,,,,607.225417249094,283.31913948745,,,61517,404.355712452428
2016,BA,29014,Jacobina,88.7877529017868,98.4574907395044,88.0459241455369,83.2091805919066,82.6051942822629,82.1824038655124,87.3968190054359,68.0893899738273,84.437286088182,79.0014093013892,72.9414133279646,62.5125830481176,57.3122520446777,3.73517775535583,35.2371559143066,60.770751953125,,,,,,600.5751953125,162.255264282227,110.477127075195,13.6150236129761,347.751617431641,69.7403335571289,78.3081665039062,385.857421875,78.5925827026367,85.2327194213867,26603,5839,6819.0791015625,1496.69592285156,0,665,170.457748413086,0,268,211,,,0.540850877761841,0.686957538127899,0.745592474937439,0.759754538536072,195,0,49.9838523864746,0,2.74629211425781,20.0501476784022,438.389516802222,202.387395021509,,,,561.803024326692,259.362613043461,,,60351,417.641594886356
2016,BA,29027,Valença,79.5835494161834,98.5840680150236,79.4326842990272,58.2314881380302,57.7761802060867,62.2334052240594,65.875868679607,54.6129882578481,64.2703091301222,60.7716271267673,50.1078360891445,37.7186676252097,58.3181419372559,2.98541474342346,49.1567916870117,47.7666358947754,,,,,,530.829040527344,161.231597900391,74.4395904541016,15.9828538894653,375.580749511719,89.4014282226562,68.2436676025391,417.149780273438,101.569229125977,72.5351257324219,19489,5377,6335.16650390625,1747.86755371094,0,365,118.648254394531,0,192,156,,,0.507099390029907,0.624122321605682,0.675238609313965,0.648502111434937,4,0,1.30025482177734,0,1.78199923038483,19.3172743876464,358.131547311185,198.647811132457,,,,458.95118079886,254.570277784358,,,41422,366.135441646202
2016,BA,29004,Camaçari,74.0445165526082,75.4571527769779,61.4017103017957,73.6402617919206,64.5565335138795,71.7783795982848,74.181900248251,61.1374407582938,82.9158203565786,67.9192055969307,58.7113518393139,53.8478898668472,48.140380859375,9.03873729705811,45.0391807556152,45.3261222839355,,,,,,508.579254150391,112.62712097168,82.5039672851562,6.21915102005005,429.047424316406,86.1293182373047,82.2675628662109,479.380401611328,97.3389434814453,88.778923034668,25058,3031,4193.4775390625,507.240447998047,8,488,81.6672134399414,1.33880686759949,418,650,,,1.08778059482574,0.69952654838562,1.16162407398224,0.697183668613434,125,0,20.9188556671143,0,17.5658149719238,21.235061131868,611.373084159716,451.739643242683,,,,783.484172199814,578.911420221063,,,57837,230.449440268363
2016,BA,29016,Juazeiro,81.1675076203723,100,78.5429182326655,100,86.7887583506105,92.7896797972817,95.323658143285,81.5480304077402,100,91.3384012900253,97.3623589034785,67.3347155033402,54.0662117004395,1.85719227790833,44.7456436157227,53.0626373291016,,,,,,543.516662597656,113.932388305664,96.3749618530273,17.6966285705566,361.684539794922,63.0351867675781,81.40234375,401.096282958984,71.0021438598633,86.9624938964844,26873,4598,5128.48388671875,877.489318847656,31,710,135.497482299805,5.91608715057373,389,517,,,0.98665064573288,0.742373466491699,0.894808173179626,0.749530076980591,100,8,19.0841522216797,1.52673208713531,7.15560245513916,20.320763411545,468.740853714728,191.251519375405,,,,600.698737422626,245.091814183712,,,78044,454.721108866793
2016,BA,29020,Salvador,43.6169008672566,33.0662366032029,34.8137515443192,89.6057591860835,72.7256211109597,81.0441931234955,80.6535858654676,79.4295317254848,94.5678339464959,85.5974928464369,75.0352000726711,66.5758277694509,58.7850341796875,5.00545358657837,37.8693046569824,56.6059646606445,,,,,,560.724792480469,116.134941101074,102.205932617188,4.57289361953735,368.788208007812,61.9699745178223,83.2213363647461,412.069122314453,70.6665115356445,89.4245376586914,164628,23288,4931.40625,697.588439941406,583,6349,190.183319091797,17.4636745452881,5374,8295,,,2.48475456237793,1.60977339744568,2.81079792976379,1.6315655708313,3199,599,95.825553894043,17.9429531097412,27.0863094329834,19.1197811269635,496.666485662863,268.962872879733,,,,636.485871656892,344.680129483114,,,250873,176.039937937047
2016,CE,23019,19ª Região Brejo Santo,100,100,100,94.9375200256328,100,100,100,100,100,97.0522268503685,86.9593079141301,97.0201858378725,75.2481994628906,0.992810666561127,17.9732971191406,80.9996566772461,,,,,,597.238098144531,161.226257324219,121.971168518066,6.49452257156372,315.053863525391,58.393383026123,84.1575241088867,351.104614257812,66.0737457275391,90.4246520996094,15391,5244,7192.56005859375,2450.63916015625,8,506,236.465179443359,3.73857975006104,155,169,,,0.789775013923645,0.724349856376648,0.954973459243774,0.742809057235718,66,0,30.843282699585,0,2.8735659122467,22.2135571508582,612.821620783486,231.708713675815,,,,785.340494545335,296.938341627015,,,33776,425.860312128615
2016,CE,23003,3ª Região Maracanaú,95.335850199173,79.6676980139468,92.4611352389603,90.7268775658054,99.009900990099,100,100,96.6674716252113,100,97.7541656604685,74.5109876841343,85.0639942042985,67.8330078125,2.01496148109436,26.2186298370361,71.6819534301758,,,,,,548.555114746094,129.658477783203,84.3062438964844,5.31732416152954,375.615051269531,71.1602630615234,74.5798950195312,419.528106689453,81.3580551147461,80.4751358032227,27869,3825,5244.48828125,719.802185058594,0,472,88.8226470947266,0,299,264,,,0.496804654598236,0.562668919563293,0.866914689540863,0.71443897485733,140,10,26.3457012176514,1.88183581829071,12.7752180099487,20.7692955540152,603.811907150902,240.255999883807,,,,773.794405569429,307.891822623693,,,53735,237.285243006799
2016,CE,23012,12ª Região Acaraú,78.4426554162606,100,78.4426554162606,100,100,100,100,100,100,100,97.7407847800238,97.94887039239,70.5326461791992,0.859106540679932,17.9553260803223,80.9564743041992,,,,,,535.251403808594,148.189437866211,115.897407531738,3.30578517913818,343.154388427734,66.0558929443359,94.762321472168,380.797729492188,74.4979934692383,102.170539855957,9453,1606,4181.59619140625,710.424560546875,0,237,104.838493347168,0,134,136,,,0.601604878902435,0.592757761478424,0.666852474212646,0.733205914497375,20,0,8.84713077545166,0,1.24346423149109,22.3748775582406,444.795800690075,210.581339292805,,,,570.01277735442,269.863280820276,,,34153,450.30327245767
2016,CE,23018,18ª Região Iguatú,82.2278106973893,100,80.4457507505148,88.2507212168896,100,100,100,96.0923157618673,100,99.8688696564385,80.3566745344873,88.6441122475741,77.311164855957,0.789177000522614,20.2367534637451,78.9740676879883,,,,,,693.42138671875,191.105316162109,132.616455078125,5.63824987411499,329.328002929688,60.6862678527832,84.619987487793,365.724975585938,68.1918182373047,91.2586212158203,14084,2959,4405.1181640625,925.500183105469,0,519,162.330047607422,0,236,191,,,0.597399592399597,0.738148212432861,0.856142461299896,0.775211989879608,46,0,14.3876342773438,0,2.82810854911804,22.5330512296232,532.754352605952,207.844228453337,,,,682.733037734254,266.355630457769,,,42915,350.113522078948
2016,CE,23014,14ª Região Tauá,100,100,100,100,100,100,100,100,100,100,100,82.2094691535151,75.141242980957,0.564971745014191,16.2429370880127,83.0508499145508,,,,,,638.844177246094,194.090255737305,141.868667602539,2.99727511405945,319.113067626953,65.7788238525391,88.1526489257812,357.510528564453,73.7160263061523,96.422721862793,8657,1802,7534.70556640625,1568.38854980469,0,156,135.776138305664,0,92,77,,,0.670177102088928,0.800731122493744,0.842290818691254,0.876452386379242,1,0,0.870359897613525,0,1.52661120891571,17.9673560381913,564.239344994254,180.309430784481,,,,723.081548058307,231.069356466947,,,13799,301.966076138513
2016,CE,23011,11ª Região Sobral,94.8959745480476,99.9460869974062,94.8959745480476,100,100,100,100,100,100,100,86.7400928625418,88.3273944498434,78.0638122558594,0.664732873439789,19.4948024749756,79.6108322143555,,,,,,598.272338867188,164.556106567383,111.317367553711,5.32359075546265,323.051300048828,55.8977394104004,82.8169097900391,361.408111572266,64.3317413330078,90.2203903198242,30640,4285,4783.6806640625,668.9970703125,124,1352,211.081466674805,19.3595428466797,683,516,,,0.805606782436371,1.06633615493774,1.21500647068024,1.14978504180908,220,14,34.3475761413574,2.18575477600098,4.28204965591431,21.0130457841086,673.7493062722,245.07990211566,,,,863.420276704514,314.07372880311,,,82321,338.767632623938
2016,CE,23020,20ª Região Crato,100,93.9861664294836,100,100,100,100,100,98.3454796139452,100,100,87.3547370494386,88.0835138861532,72.0304946899414,0.54173356294632,26.264045715332,73.1741561889648,,,,,,677.694458007812,172.182006835938,132.403030395508,5.95544147491455,367.484832763672,65.8469848632812,96.8703689575195,408.855804443359,74.605224609375,104.542053222656,21835,4212,6339.95654296875,1222.98583984375,11,590,171.310928344727,3.19393277168274,273,246,,,0.714279472827911,0.792676031589508,0.807484269142151,0.792530834674835,212,4,61.555793762207,1.16143012046814,5.79001903533936,21.1260887344895,552.68035396969,196.134392208072,,,,708.268520221477,251.349292110659,,,48898,414.7801611936
2016,CE,23010,10ª Região Limoeiro do Norte,92.338237790225,99.7364636096445,92.338237790225,100,100,100,100,100,100,100,93.1412894375857,100,73.6608810424805,0.997414112091064,23.7901744842529,75.1015853881836,,,,,,670.187133789062,170.988754272461,131.461486816406,2.84956932067871,337.837646484375,51.8858108520508,80.9829940795898,376.534729003906,58.433521270752,87.1992263793945,10973,2543,4873.40185546875,1129.4140625,0,390,173.209396362305,0,173,124,,,0.550717055797577,0.768339097499847,0.771003842353821,0.806978106498718,34,0,15.100305557251,0,3.81105065345764,22.7792858630468,549.309517283434,257.384170724542,,,,703.948740271757,329.841841524009,,,28958,315.062659719484
2016,CE,23006,6ª Região Itapipoca,97.6594612228079,94.8076163659152,97.6594612228079,97.8732638888889,92.5130208333333,100,100,90.9722222222222,100,96.6579861111111,87.9774305555556,76.5625,48.8448829650879,1.84818482398987,37.1617164611816,60.9680976867676,,,,,,473.411163330078,116.390197753906,103.420028686523,5.0468635559082,292.438568115234,49.7758979797363,83.1227569580078,326.250946044922,56.8465919494629,90.0640106201172,13777,1530,4702.36865234375,522.219970703125,0,245,83.6234588623047,0,184,133,,,0.453955888748169,0.628029227256775,0.731278598308563,0.679397940635681,24,0,8.19168567657471,0,1.8509795665741,24.5482999993982,442.609069967671,202.72708048324,,,,567.210447722552,259.797925277002,,,46527,471.260148928951
2016,CE,23002,2ª Região Caucaia,74.3657401688285,83.7894996911674,72.3892114473955,75.2232653995878,92.3746278910007,97.0918250515228,97.0574765285093,83.0203801236547,100,86.2147927639111,53.6065949164186,81.4975956033891,60.1875915527344,2.80257654190063,35.6876487731934,61.1368522644043,,,,,,548.262634277344,118.677291870117,98.0162048339844,6.84353351593018,361.198913574219,62.93408203125,83.3814926147461,404.949859619141,72.3050994873047,90.1865768432617,27276,4535,4508.4150390625,749.584289550781,0,394,65.1237487792969,0,341,335,,,0.553717195987701,0.563634514808655,0.60987401008606,0.594460844993591,2,0,0.330577433109283,0,9.34988689422607,19.1810426932676,437.013924805778,200.358996747344,,,,560.040181662298,256.763188921103,,,66338,275.348199564267
2016,CE,23001,1ª Região Fortaleza,66.8223994153497,52.468523569441,50.1942309281759,100,100,100,100,100,100,100,100,100,56.7271575927734,4.69491672515869,33.1833457946777,61.5407447814941,,,,,,586.195678710938,101.275177001953,96.5672073364258,8.50959491729736,353.840637207031,49.2265319824219,77.747184753418,397.213897705078,56.429443359375,84.0623092651367,150029,28846,5391.8427734375,1036.68688964844,472,5727,205.820770263672,16.9630527496338,3120,6275,,,2.25515151023865,1.1212865114212,2.31923937797546,1.05181705951691,2480,303,89.1279067993164,10.8894176483154,34.1230850219727,26.0905248128976,677.725049740914,345.369523922274,,,,868.515254159639,442.596448165842,,,215060,176.525222947288
2016,CE,23007,7ª Região Aracati,96.7801852235815,86.4771235054254,96.7801852235815,100,100,100,100,99.0318118948824,100,100,71.5076071922545,77.3167358229599,68.1585693359375,1.72634267807007,22.3785171508789,75.7033233642578,,,,,,549.417541503906,168.259124755859,99.5819244384766,1.875,306.640930175781,66.4424896240234,73.6430282592773,340.755798339844,75.0487289428711,79.5087966918945,5309,681,4557.59033203125,584.614562988281,0,141,121.043548583984,0,130,106,,,0.909972786903381,1.11600434780121,0.965129137039185,1.05805802345276,19,0,16.3108329772949,0,3.90515685081482,28.2884724544825,653.825553772897,357.890862940243,,,,837.887676172246,458.642740012023,,,14043,300.151070116323
2016,CE,23004,4ª Região Baturité,89.6434942782137,96.4697521284465,89.6434942782137,75.4342431761787,92.1091811414392,95.2853598014888,98.2133995037221,92.9528535980149,96.8734491315137,91.6625310173697,59.6526054590571,71.712158808933,75.526741027832,1.62074553966522,27.9308490753174,70.0162048339844,,,,,,646.874267578125,152.544326782227,112.24959564209,9.89988899230957,354.770202636719,56.9119644165039,82.104850769043,393.198089599609,64.9497375488281,88.7552490234375,7936,1551,5710.33837890625,1116.02001953125,0,193,138.872894287109,0,114,110,,,0.791503548622131,0.820285499095917,1.0284149646759,0.889721989631653,14,0,10.0736818313599,0,1.36642301082611,24.594715107961,667.136879552023,273.686709898844,,,,854.946348412086,350.733800526895,,,21638,440.285670485157
2016,CE,23015,15ª Região Crateús,82.4125320375367,100,81.3994873994131,100,100,100,100,100,100,100,100,100,70.1631011962891,1.71541059017181,27.8121490478516,70.0506210327148,,,,,,735.434326171875,225.515350341797,143.205596923828,4.32211112976074,342.802062988281,72.0661468505859,88.4251480102539,381.047271728516,81.8665771484375,95.3437957763672,14388,3175,4814.1171875,1062.33129882812,2,377,126.141380310059,0.669185042381287,207,152,,,0.50858062505722,0.692606508731842,0.572487771511078,0.807120800018311,28,0,9.36859035491943,0,2.08150005340576,26.085127362686,562.013556000891,303.577879968692,,,,720.229164641144,389.039802614714,,,44438,423.78742300554
2016,CE,23017,17ª Região Icó,94.8111664212765,100,94.8111664212765,92.8505957836847,94.4546287809349,96.7919340054995,97.6626947754354,99.4500458295142,100,96.3794683776352,80.7516040329972,92.6672777268561,75.6569137573242,0.49578583240509,20.3767967224121,79.1274185180664,,,,,,688.6357421875,208.097839355469,161.725067138672,3.11447811126709,344.234222412109,72.599479675293,95.5173034667969,380.758239746094,81.4945602416992,104.113914489746,9643,2653,5589.65869140625,1537.83728027344,0,251,145.494598388672,0,121,84,,,0.486914187669754,0.701388299465179,0.671390891075134,0.670956134796143,14,0,8.11523628234863,0,1.68159294128418,23.087483980169,498.640527166901,223.146500966181,,,,639.015636727929,285.96573208496,,,28836,523.309548816102
2016,CE,23008,8ª Região Quixadá,89.5409887359199,99.9746558197747,89.5409887359199,100,100,100,100,100,100,100,100,89.5446096654275,69.4712677001953,1.19540226459503,27.3333339691162,71.2643661499023,,,,,,687.538269042969,177.399154663086,120.233757019043,7.90781736373901,370.319946289062,65.4202728271484,88.0431823730469,410.254760742188,74.0190277099609,94.3970718383789,16109,3132,5004.76904296875,973.054565429688,10,627,194.797332763672,3.10681533813477,253,159,,,0.493983656167984,0.786024272441864,0.74408233165741,0.852432489395142,51,40,15.8447589874268,12.4272613525391,2.13003253936768,25.2780117871853,540.848431913337,230.43656747965,,,,693.105726997443,295.308066374074,,,47103,416.208588995949
2016,CE,23021,21ª Região Juazeiro do Norte,92.7505310112988,99.3529905075011,89.3726062679642,100,97.8023620870085,97.1445657048886,100,91.9868440723576,100,99.0880550156974,91.2692480191359,81.9105994917028,65.6176147460938,0.93085104227066,34.1164283752441,64.8345184326172,,,,,,677.324096679688,163.991226196289,141.920043945312,3.50385427474976,404.864410400391,66.8151168823242,111.747634887695,450.494476318359,75.6744079589844,120.827934265137,27457,5082,6516.21875,1206.08312988281,100,1037,246.105499267578,23.7324504852295,375,647,,,1.53548955917358,0.88996684551239,1.37790608406067,0.815268993377686,164,13,38.9212188720703,3.08521842956543,9.84445762634277,21.3130987788326,623.885160659442,173.161620170604,,,,799.518593983956,221.909325338735,,,43121,263.156955443478
2016,CE,23016,16ª Região Camocim,100,99.7593920941274,97.5339302301579,94.6016543317371,100,100,100,100,100,100,92.2507618633,90.1175446234218,63.781623840332,1.28717267513275,31.957389831543,66.6666641235352,,,,,,565.812622070312,182.830596923828,113.547424316406,6.46258497238159,354.76318359375,93.0038909912109,90.5564575195312,394.702850341797,105.381057739258,97.6503219604492,6803,1379,4364.19873046875,884.643493652344,0,178,114.188934326172,0,113,86,,,0.551699340343475,0.724907279014587,0.679039299488068,0.740624308586121,1,0,0.641510903835297,0,1.26570093631744,23.0964890265239,495.815332433908,217.21932941441,,,,635.39510547781,278.36996901157,,,23399,442.367194567779
2016,CE,23022,22ª Região Cascavel,96.2252855405524,86.1727536013841,93.0940559922769,99.6780424983902,100,100,100,98.3258209916291,100,100,77.6776132217214,84.2884739214424,65.8923416137695,1.85391998291016,22.9394683837891,75.0279235839844,,,,,,568.960815429688,124.323852539062,98.4619979858398,6.9550929069519,343.368286132812,50.5711059570312,79.3372421264648,382.815826416016,56.8791236877441,86.3499298095703,14454,2373,4503.70166015625,739.399780273438,0,247,76.9623870849609,0,193,179,,,0.557743608951569,0.601365983486176,0.688766598701477,0.694063603878021,35,0,10.9056015014648,0,4.84863042831421,24.3647311350527,519.013183981557,247.312954717285,,,,665.123515163369,316.935420647898,,,42331,337.645491335735
2016,CE,23005,5ª Região Canindé,85.930993893916,100,81.5169572574119,89.8892988929889,96.7158671586716,98.0073800738007,100,91.5129151291513,97.8228782287823,96.6789667896679,69.3357933579336,77.6752767527675,54.6292572021484,1.56312620639801,34.1082153320312,64.048095703125,,,,,,655.042114257812,177.936813354492,122.698188781738,5,338.461120605469,66.2274398803711,82.5998840332031,377.377105712891,74.5241775512695,90.4081726074219,10031,1570,4903.52783203125,767.474731445312,0,239,116.832138061523,0,124,119,,,0.581716477870941,0.606158375740051,0.653331160545349,0.632311165332794,21,0,10.2655849456787,0,1.32914888858795,22.994156463329,470.827487105668,196.750392661088,,,,603.372790758212,252.138706328442,,,33717,531.464772976393
2016,CE,23013,13ª Região Tianguá,90.6714116861093,98.4114034636929,88.4263065933501,100,100,100,100,100,100,100,87.3770491803279,81.4344262295082,72.1981887817383,0.943767189979553,18.0888710021973,80.7314224243164,,,,,,599.852600097656,196.032333374023,108.97745513916,0.476694911718369,347.625244140625,75.8157119750977,87.8974685668945,386.153747558594,86.7418975830078,93.7922744750977,14953,2339,4750.84521484375,743.143615722656,0,405,128.676010131836,0,232,166,,,0.52741277217865,0.73710697889328,0.664270043373108,0.789689421653748,21,0,6.67208909988403,0,1.75189995765686,22.5809608460756,496.346512711067,204.629170215685,,,,636.075821313232,262.235483027067,,,47134,442.307679474175
2016,CE,23009,9ª Região Russas,96.9543917893075,94.9128524868924,95.3081034029029,100,100,100,100,100,100,100,96.881584492204,95.7859249894648,72.8353118896484,1.27334463596344,20.5008487701416,78.1409149169922,,,,,,653.561950683594,151.594253540039,121.978157043457,5.14592933654785,348.137145996094,54.2783508300781,79.819709777832,387.861358642578,61.2169990539551,86.9566268920898,12925,3270,6487.9326171875,1641.43444824219,0,372,186.731994628906,0,142,88,,,0.441731601953506,0.712794125080109,0.815697550773621,0.79599529504776,81,0,40.6593856811523,0,2.72317481040955,19.6284292503248,498.860095907542,180.663790465721,,,,639.297017504183,231.523473942367,,,29847,390.11029727233
2016,DF,53001,Distrito Federal,60.9812579121252,18.5825588456274,29.2349811138214,100,100,100,100,100,100,100,100,100,68.308723449707,2.19889259338379,23.338716506958,73.6202087402344,,,,,,416.579223632812,89.6423187255859,80.3427505493164,1.89211618900299,287.557189941406,52.7532043457031,67.8505783081055,321.594268798828,60.2861633300781,73.4892349243164,146803,24368,5075.1103515625,842.423461914062,271,4352,150.452514648438,9.36871147155762,4436,8961,,,3.09789752960205,1.53356468677521,3.39658141136169,1.44746589660645,2712,720,93.7562561035156,24.891040802002,30.7488021850586,,,,,,,,,,,87255,66.6760915216075
2016,ES,32002,Metropolitana,57.2116215796056,41.4565403715343,42.3077610950582,85.9574468085106,88.3969688137569,90.7898571844943,92.6668609734771,85.6601573885165,98.9099387933547,88.2803847274847,76.9163509180997,73.3226464587584,71.0893020629883,1.27903175354004,30.0196266174316,68.5116119384766,,,,,,563.233825683594,135.126129150391,128.784133911133,0.830114245414734,337.762939453125,65.1876220703125,92.4053268432617,378.233123779297,74.4466171264648,100.818565368652,119499,18716,5531.8388671875,866.399658203125,314,3158,146.189895629883,14.5356645584106,2504,5529,,,2.55948042869568,1.15914976596832,2.48051810264587,1.21093881130219,1845,434,85.4085998535156,20.0906944274902,35.4910011291504,19.4186089964725,433.612015493483,280.428346747311,,,,555.680581656182,359.373313620201,,,88359,101.722261107504
2016,ES,32003,Norte,78.4741989121551,95.1509643115483,71.6660090747682,,,,,,,,,,75.0516204833984,0.688231229782104,24.6386795043945,74.4150009155273,,,,,,624.172607421875,173.726440429688,137.642959594727,0.497702896595001,383.370178222656,82.8601608276367,100.757606506348,425.869567871094,92.9741668701172,109.062385559082,29877,7766,7139.51171875,1855.79028320312,10,574,137.1650390625,2.38963460922241,264,460,,,1.09923195838928,0.630863547325134,1.15311825275421,0.662406742572784,196,58,46.836841583252,13.859881401062,13.0756034851074,21.187710788086,504.376703044829,280.019063188635,,,,646.366635857188,358.848810336572,,,30046,170.817751179657
2016,ES,32001,Central,82.7181607535507,96.6212841050029,78.4455915009236,,,,,,,,,,77.2304840087891,0.53438663482666,23.9079933166504,74.8373641967773,,,,,,567.693054199219,130.994003295898,127.377113342285,1.35734069347382,334.631164550781,59.7250556945801,91.5300140380859,372.225494384766,67.4914169311523,98.8239135742188,34989,6711,5502.2197265625,1055.34301757812,83,1000,157.255706787109,13.0522232055664,525,1026,,,1.61344349384308,0.825592398643494,1.54959762096405,0.834949135780334,344,54,54.0959587097168,8.49180793762207,23.4818935394287,24.1131955892644,656.467923699564,365.204616476159,,,,841.27391457279,468.015429590984,,,28794,104.216527584384
2016,ES,32004,Sul,94.7487850121389,93.754029764816,86.0712234769876,94.2807437207785,94.0741546156355,98.2820484940742,97.5644231814722,93.7262150701316,100,97.5100576274872,82.2550831792976,83.6142220289225,70.1377334594727,0.736167192459106,34.9441947937012,64.1059112548828,,,,,,671.790100097656,168.323577880859,154.935913085938,1.56739807128906,356.601745605469,69.0586471557617,104.808059692383,397.549255371094,78.9248962402344,113.836433410645,50203,10832,7551.69677734375,1629.38427734375,77,1148,172.685852050781,11.5825872421265,689,1055,,,1.58696496486664,1.03641593456268,1.57079446315765,1.04367387294769,370,59,55.6565895080566,8.87496948242188,17.0850696563721,20.1203832403773,723.600298103416,347.977240683721,,,,927.305102648235,445.938277993013,,,33538,112.091968614262
2016,GO,52001,Central,66.6135397230121,41.6314811500025,52.2357927450688,91.0451448942854,85.5670466979634,83.0044827221065,87.5225018530938,79.0441565776005,79.4394832515619,80.5301613074018,71.776499241114,63.8064311178568,68.259895324707,7.52800607681274,24.7834205627441,67.3487701416016,,,,,,594.340515136719,121.125923156738,118.78084564209,1.18370342254639,370.788482666016,56.3728485107422,93.6024322509766,413.899841308594,64.3089294433594,101.536544799805,104918,15774,5721.87744140625,860.261291503906,499,4367,238.161590576172,27.2137928009033,2180,5530,,,3.01587724685669,1.18889915943146,3.08013510704041,1.19073975086212,3529,453,192.459869384766,24.7051067352295,28.2351016998291,20.176629798339,815.545048354608,321.036641686554,,,,1045.13373855831,411.413478896119,,,47028,55.136384018741
2016,GO,52011,Pirineus,67.5129757960443,78.9684899531132,65.6217257100784,100,94.4952945726441,96.429031842207,99.6777104550728,82.4287740105711,92.0201108676034,90.1379399252288,85.9352842593786,77.4268402733015,70.2007217407227,1.19660317897797,38.1111679077148,60.6407623291016,,,,,,657.056945800781,158.634307861328,121.167915344238,1.18289351463318,419.458831787109,85.0085220336914,96.4987945556641,467.952850341797,96.3439865112305,103.684234619141,30576,4257,6093.470703125,848.374694824219,81,707,140.897552490234,16.1424369812012,402,875,,,1.74378168582916,0.801143109798431,1.47244930267334,0.745890140533447,324,29,64.5697479248047,5.77939081192017,14.3765335083008,21.4420027527775,689.608988219362,307.447561499804,,,,883.744707242379,393.998860037479,,,22742,100.358583640869
2016,GO,52015,Sudoeste I,62.9766987523281,56.5196054375031,53.6851772656847,92.0297555791711,93.4568088659481,91.5287687870047,96.1591012600577,85.1222104144527,90.8456049795051,89.1908304235616,77.0608774859572,79.0800060725672,71.3253021240234,1.54216861724854,34.1044158935547,64.1767044067383,,,,,,543.01806640625,143.018966674805,110.101905822754,0.919732451438904,361.503082275391,80.3243026733398,92.6266708374023,402.816162109375,91.5688705444336,99.2361755371094,21389,4460,4855.607421875,1012.48352050781,38,666,151.191482543945,8.62654113769531,325,411,,,0.933028519153595,0.737796306610107,1.33569502830505,0.803062856197357,305,32,69.2393417358398,7.26445579528809,21.6696434020996,30.1272389628152,2531.37978286195,1151.80521441521,,,,3244.00279483161,1476.05640210975,,,16175,87.8986385231275
2016,GO,52010,Oeste II,96.3503134104352,100,93.7017745210559,100,100,100,100,91.1296436694466,93.2524639878696,99.696739954511,82.4109173616376,78.620166793025,79.0714797973633,2.28445100784302,24.3183498382568,73.2498168945312,,,,,,626.812805175781,154.27880859375,141.936508178711,1.40646970272064,334.931549072266,63.5943336486816,96.8666687011719,372.273681640625,72.0042572021484,103.327690124512,6681,1926,5889.92431640625,1697.94848632812,0,186,163.976333618164,0,99,81,,,0.714090526103973,0.872777283191681,1.00171029567719,0.90848183631897,96,9,84.6329498291016,7.93433904647827,7.63900518417358,19.7497275636231,769.754212652947,423.505849928128,,,,986.452066215204,542.729372374587,,,6033,121.386491401383
2016,GO,52003,Entorno Norte,81.2746162441456,87.4250120852386,81.2746162441456,100,98.7622485817432,98.9427539969056,100,92.8829293450232,100,99.4326972666323,69.2367199587416,81.2790097988654,69.7401962280273,1.12073361873627,31.6607227325439,66.8874206542969,,,,,,505.333221435547,112.728179931641,87.0727996826172,5.23076915740967,412.1552734375,82.6880950927734,79.7291488647461,457.734954833984,94.6958923339844,86.5090103149414,12620,2187,4905.619140625,850.125915527344,0,228,88.6276702880859,0,167,227,,,0.882389545440674,0.649158835411072,0.816113114356995,0.671995997428894,47,0,18.269739151001,0,5.48208808898926,21.9326128022607,519.846608321086,222.175183401607,,,,666.191561493285,284.720973429828,,,19989,197.739648368784
2016,GO,52017,Sul,76.2433610877454,92.4225985119084,74.1916476693202,83.640081799591,78.1478235465966,75.2556237218814,81.0692375109553,75.4601226993865,76.7455448437044,75.7522640958224,74.1162722757815,60.7946245983056,72.1684875488281,1.52886116504669,32.4492988586426,65.9594421386719,,,,,,681.433776855469,195.446853637695,140.81884765625,2.49406170845032,377.263824462891,87.6693572998047,98.6080322265625,421.571350097656,98.607780456543,106.534492492676,13016,3259,5266.94873046875,1318.76049804688,10,400,161.860748291016,4.04651880264282,130,302,,,1.22204864025116,0.526047468185425,1.54941201210022,0.605865001678467,248,0,100.353668212891,0,20.1083660125732,21.4311370566079,678.795869534553,361.631957908652,,,,869.887526478018,463.437011742963,,,10060,86.9326083304075
2016,GO,52004,Entorno Sul,59.007072511345,57.5305349039297,52.7214685719803,74.8637501841214,71.2034172926793,74.6943585211371,78.7229341581971,68.8098394461629,73.5012520253351,73.1256444248048,20.4006481072323,60.4212697009869,54.138542175293,3.6081645488739,40.662166595459,54.7492752075195,,,,,,411.937774658203,90.3454437255859,73.6104736328125,4.40340900421143,395.396057128906,89.6556549072266,82.2189483642578,442.447204589844,101.902267456055,89.6902008056641,35042,4424,4100.88720703125,517.730895996094,0,199,23.2885265350342,0,347,515,,,0.602693021297455,0.406086385250092,0.476624876260757,0.390258371829987,225,5,26.3312492370605,0.585138857364655,8.47526836395264,21.0904271909787,326.108908470271,155.909987499985,,,,417.913668134379,199.801088171879,,,56650,173.984269696749
2016,GO,52014,Serra da Mesa,98.0756187201287,95.6086250138019,95.7095761629099,84.2848373235114,82.5659914057704,81.890730509515,87.0472682627379,78.2688766114181,82.9957028852056,84.8987108655617,75.3836709637815,65.6230816451811,78.9403991699219,1.25827813148499,24.9006614685059,73.8410568237305,,,,,,607.094055175781,141.313186645508,114.471572875977,6.1118335723877,358.488677978516,62.6425323486328,89.1008148193359,397.763916015625,71.2755661010742,94.0234680175781,5557,1282,4387.0244140625,1012.08660888672,0,208,164.207504272461,0,71,85,,,0.671040296554565,0.560515999794006,0.861497282981873,0.626830577850342,79,0,62.3672714233398,0,7.95459032058716,21.7875172383262,653.1514849437,388.555541094334,,,,837.023846421915,497.940004811229,,,8393,154.364406568604
2016,GO,52007,Nordeste II,81.2218223522898,100,81.2218223522898,61.5068493150685,76.7808219178082,79.5890410958904,79.7945205479452,70.5479452054795,82.5342465753425,78.6301369863014,53.5616438356164,68.6986301369863,67.4201126098633,1.40296185016632,36.4770088195801,61.8862037658691,,,,,,540.524658203125,136.357391357422,111.832679748535,6.53357553482056,398.111541748047,86.7776794433594,90.9644317626953,439.00341796875,98.2930526733398,97.0466079711914,5172,1573,5073.67236328125,1543.09484863281,0,167,163.825073242188,0,50,49,,,0.480684340000153,0.490494221448898,0.612872540950775,0.499813616275787,2,0,1.96197688579559,0,3.02831125259399,22.3564738446491,595.779109058315,330.917574718611,,,,763.50024914174,424.07604916256,,,11708,319.5426913948
2016,GO,52012,Rio Vermelho,93.0740692593074,99.0920090799092,91.5740842591574,89.3242702918833,89.3242702918833,89.0843662534986,96.8812475009996,85.3258696521391,91.4034386245502,82.6069572171131,64.8140743702519,74.4102359056377,78.0031814575195,2.6650755405426,22.7128086090088,74.5425643920898,,,,,,637.039184570312,178.835754394531,123.265319824219,5.23394107818604,369.626953125,77.420295715332,88.8970489501953,413.094665527344,88.5345077514648,96.1561050415039,14241,4490,7194.35009765625,2268.28393554688,10,478,241.478775024414,5.05185747146606,135,120,,,0.606222867965698,0.682000756263733,0.872076869010925,0.748558938503265,159,0,80.3245315551758,0,4.59668493270874,23.6445289158621,741.507353756142,396.269063879835,,,,950.253274620666,507.825004937869,,,13974,172.532311840809
2016,GO,52009,Oeste I,95.9933222036728,100,95.9933222036728,98.4229390681004,92.0430107526882,95.1254480286738,96.0573476702509,89.6057347670251,97.5627240143369,92.258064516129,89.5340501792115,80.2867383512545,77.3313140869141,1.44048523902893,27.141773223877,71.341926574707,,,,,,679.256469726562,182.473785400391,168.504501342773,3.9845757484436,327.940002441406,61.4899673461914,93.6332855224609,366.793609619141,70.154182434082,102.760063171387,6004,1450,5241.97412109375,1265.96643066406,0,306,267.162567138672,0,88,94,,,0.820695519447327,0.76831066608429,0.943145036697388,0.841212868690491,66,0,57.6233024597168,0,4.2449164390564,21.9238572194391,824.177443544659,436.1286392508,,,,1056.19628804701,558.905674373422,,,6925,157.92129028572
2016,GO,52005,Estrada de Ferro,72.9821197878013,61.988056952805,63.3651493911657,95.3009906019812,96.8757937515875,100,100,92.4561849123698,94.8183896367793,93.1165862331725,79.1973583947168,81.7373634747269,78.7531814575195,1.11959290504456,24.5292625427246,74.1730270385742,,,,,,583.342529296875,145.165130615234,115.327491760254,2.75862073898315,341.162689208984,66.6121673583984,86.6285629272461,380.686431884766,76.1407241821289,93.5078811645508,13921,2762,4667.07568359375,925.972473144531,15,582,195.118026733398,5.02881526947021,234,372,,,1.24714612960815,0.784495174884796,1.54786932468414,0.836459577083588,213,33,71.4091720581055,11.0633935928345,18.4443531036377,20.5344485186419,766.900597573973,463.438644571893,,,,982.795113847078,593.903873453738,,,10009,78.8331621992272
2016,GO,52002,Centro Sul,66.7699978146676,60.0644962115124,63.5214838984942,100,96.7079409802032,95.7514643731,98.6134796470675,94.7282568399199,96.2408244976644,93.497441981167,77.348557870542,90.1979684140283,65.5117111206055,4.89964151382446,30.3213005065918,64.5348358154297,,,,,,525.892700195312,117.214340209961,112.61109161377,1.08881294727325,396.548217773438,74.8750152587891,100.12833404541,441.6005859375,84.4438781738281,108.294860839844,50196,9382,5635.71923828125,1053.35717773438,69,899,100.9345703125,7.74692487716675,611,1058,,,1.18786180019379,0.685995817184448,1.06927216053009,0.700535297393799,232,30,26.0476303100586,3.36822819709778,13.3966789245605,20.865647152356,657.70282109977,269.386582914859,,,,842.856454910956,345.223120522013,,,30572,76.1537329599673
2016,GO,52016,Sudoeste II,90.902011442916,63.0991154415234,84.8649341963619,96.7647916059458,86.6219761002623,89.2451180413874,94.9285922471583,79.0731565141358,88.2541533080734,82.3375109297581,89.0119498688429,77.9073156514136,80,0.68148148059845,17.8074073791504,81.4518508911133,,,,,,543.400085449219,159.109710693359,108.320449829102,1.81968569755554,338.728088378906,78.0399322509766,85.7340621948242,377.746826171875,89.7461471557617,92.4834213256836,12117,2843,5446.13623046875,1277.82177734375,6,324,145.625823974609,2.69677472114563,184,274,,,1.23152709007263,0.827010869979858,1.40209805965424,0.862406075000763,249,0,111.916145324707,0,18.8149471282959,21.8660825199692,898.469760037606,521.716763016231,,,,1151.40305392596,668.588193993431,,,8030,87.1600210892007
2016,GO,52018,São Patrício II,87.2170416030065,86.595952677824,78.6821909628927,93.0812204555221,92.2217447357112,94.413407821229,96.5191233347658,84.9162011173184,92.6514825956167,89.3425010743447,72.4967769660507,76.3644177051998,67.3789825439453,2.48582649230957,37.8107299804688,59.4853897094727,,,,,,513.402954101562,127.346885681152,95.7969818115234,5.02793312072754,339.890686035156,64.9483184814453,79.1295166015625,378.438354492188,73.9468612670898,86.4643096923828,11289,3612,6475.76123046875,2071.96826171875,0,381,218.554779052734,0,122,127,,,0.728515923023224,0.699834227561951,0.986508131027222,0.745438158512115,130,22,74.5725021362305,12.6199617385864,6.40118837356567,21.274314020764,556.676600751719,319.064857190695,,,,713.389772993388,408.886606216374,,,9304,129.275866999792
2016,GO,52008,Norte,80.3781949849606,95.9842620707352,80.3781949849606,94.2841589548176,89.0038105606968,86.173108328797,92.9232444202504,73.5982580293958,82.7980402830702,81.7093086554164,85.3021230266739,68.8078388677191,70.5518035888672,1.2387387752533,32.3761253356934,66.3851318359375,,,,,,589.253784179688,154.951919555664,136.03759765625,4.69135808944702,336.819580078125,73.9235382080078,96.5776748657227,375.646087646484,83.0143508911133,105.119171142578,8560,2275,6227.17529296875,1655.00280761719,0,304,221.15202331543,0,98,97,,,0.705649554729462,0.712924301624298,1.03719568252563,0.833503067493439,125,0,90.9342193603516,0,5.08358669281006,19.3327990633803,811.961210773201,329.580440851476,,,,1040.54099462908,422.362491192548,,,11606,208.05008695185
2016,GO,52006,Nordeste I,91.9271286783911,100,85.6695107086888,92.5770308123249,88.515406162465,96.6386554621849,96.3585434173669,87.9551820728291,92.0168067226891,92.7170868347339,84.1736694677871,72.1288515406163,60.1199417114258,1.79910039901733,45.7271347045898,52.473762512207,,,,,,527.271545410156,129.083068847656,85.3260955810547,5.39419078826904,342.453155517578,74.2947006225586,70.5361328125,388.834991455078,84.0968399047852,76.1232452392578,1487,275,3253.3310546875,601.658386230469,0,89,194.718536376953,0,32,26,,,0.568840682506561,0.700111567974091,0.805675268173218,0.762465298175812,14,0,30.6298809051514,0,3.02360677719116,21.7914317476399,700.724167207862,313.557873100403,,,,897.988983011613,401.829319948643,,,5371,330.098573872358
2016,GO,52013,São Patrício I,98.1328989295048,100,98.1328989295048,100,97.4683544303797,95.0304735114862,100,92.5925925925926,95.5930614158462,96.3431786216596,89.732770745429,78.4341303328645,76.0366439819336,0.916104137897491,27.0973968505859,71.8418502807617,,,,,,716.6552734375,218.138748168945,164.359390258789,1.0118043422699,383.536987304688,90.7482604980469,113.336227416992,429.550872802734,102.668533325195,122.299095153809,11933,3624,7210.6640625,2189.84716796875,4,553,334.157135009766,2.41704988479614,197,177,,,1.06954455375671,1.19039702415466,1.33360731601715,1.29342377185822,254,16,153.482666015625,9.66819953918457,8.4306697845459,20.3386090471707,835.009280965221,354.160913852729,,,,1070.07745716409,453.862751901825,,,11875,173.306152437839
2016,MA,21001,Açailândia,82.8355657767971,100,82.8355657767971,82.1161238114505,90.3297592555128,90.3297592555128,96.3180254905928,82.6421201699373,95.3469552903095,84.8472587497471,68.4402184907951,68.3390653449322,45.5399055480957,1.83710956573486,58.2976112365723,39.8448677062988,,,,,,445.959320068359,107.18187713623,103.39087677002,6.10510063171387,384.017852783203,81.2029571533203,100.891319274902,426.880981445312,92.3125381469727,109.17733001709,19471,5176,6710.41259765625,1783.83728027344,0,399,137.509872436523,0,136,133,,,0.458366215229034,0.468705296516418,0.473530203104019,0.546334624290466,213,0,73.4075241088867,0,4.7866530418396,27.2394311265174,481.395328458674,268.526611644514,,,,616.915644784536,344.121053884933,,,33780,310.262237766161
2016,MA,21005,Caxias,98.8388124431118,100,98.8388124431118,37.9786200194363,51.7978620019436,56.3848396501458,60.8940719144801,53.1584062196307,51.5646258503401,53.2361516034985,29.8347910592809,40.6219630709427,43.6333122253418,16.1736946105957,38.4308776855469,45.3534736633301,,,,,,556.137390136719,195.542953491211,128.262908935547,3.15852212905884,391.990295410156,111.779838562012,116.466567993164,435.89892578125,126.389221191406,125.650741577148,18807,5453,6233.18017578125,1807.28088378906,21,571,189.245803833008,6.96000337600708,279,259,,,0.858400404453278,0.924686133861542,0.750437498092651,0.989397585391998,53,16,17.5657215118408,5.30285978317261,4.04210472106934,17.4242969849242,648.952234928515,140.118771023886,,,,831.642441830756,179.564397206314,,,44735,409.134908384155
2016,MA,21006,Chapadinha,99.1863544119722,99.7528405699589,99.1863544119722,87.9941195687684,61.8098660568442,68.2783404116302,76.1679189807252,62.0222149624306,65.6158118262006,62.8389415223783,69.6667755635413,46.2103887618425,37.5798454284668,5.64229965209961,56.387508392334,37.9347038269043,,,,,,442.205017089844,150.917678833008,102.505020141602,5.565749168396,315.215270996094,89.8188400268555,86.6370468139648,351.059051513672,101.876075744629,93.9413299560547,20843,8253,5637.23486328125,2232.12109375,0,452,122.248725891113,0,220,147,,,0.397578835487366,0.595015943050385,0.521247506141663,0.653976619243622,40,0,10.8184719085693,0,0.935797810554504,18.3890043518891,360.477271569649,127.675696224976,,,,461.95726313462,163.61840218129,,,62059,675.092402763012
2016,MA,21016,São Luís,52.811984329617,54.0911819879488,44.2741230561056,100,75.9916120108865,84.2546736269129,86.0348904653549,75.4160531834203,100,80.8057823584527,83.9468165796636,67.0726810333289,55.634033203125,1.05943036079407,50.9502334594727,47.3165740966797,,,,,,550.633728027344,131.561752319336,127.345024108887,1.85067009925842,404.205596923828,84.3572387695312,115.597610473633,450.725616455078,95.8151702880859,124.464469909668,68638,6186,4823.7900390625,434.744110107422,256,3086,216.880096435547,17.9913501739502,1963,2094,,,1.47163617610931,1.37957108020782,1.57954919338226,1.40141022205353,959,181,67.3972854614258,12.7204465866089,23.0468482971191,28.5300505708459,708.21149170795,409.932414440367,,,,907.584106496654,525.334802442461,,,127298,210.54125926921
2016,MA,21002,Bacabal,98.8709761725196,100,98.8709761725196,70.1666286236019,70.4177128509473,61.6982424104086,72.4035608308605,46.6560146085369,58.0461081944761,62.6569276420908,61.4928098607624,45.4234193106597,49.5422439575195,4.96991872787476,54.7998962402344,40.0732421875,,,,,,468.999725341797,146.375701904297,122.104225158691,6.6878981590271,347.233215332031,91.8940582275391,106.460052490234,384.156433105469,102.889869689941,115.645248413086,14051,4352,5246.74755859375,1625.06909179688,0,402,150.109786987305,0,196,137,,,0.511568188667297,0.731878519058228,0.640393733978271,0.828964471817017,39,10,14.5628890991211,3.73407411575317,1.78414058685303,16.5325906563262,475.177735994692,130.220229212651,,,,608.947702768551,166.87926101387,,,41872,502.756473879317
2016,MA,21007,Codó,94.561119551438,100,89.0120183635034,100,77.7014817491868,78.5688471268522,80.6469100108421,70.1120346946151,75.0090350560174,70.4011564871702,75.2258764004337,50.1626310083123,41.0710716247559,1.91120839118958,61.8554649353027,36.233325958252,,,,,,559.591796875,168.890228271484,150.59651184082,3.73613548278809,411.355682373047,99.726448059082,130.839874267578,456.063568115234,112.413215637207,141.667129516602,16132,3092,5269.8974609375,1010.07458496094,20,449,146.676422119141,6.53347110748291,267,219,,,0.715415060520172,0.872218370437622,0.777973055839539,0.976100564002991,22,10,7.18681812286377,3.26673555374146,0.98132735490799,21.9498437557914,363.494134513748,140.912982941371,,,,465.823420195895,180.582192203909,,,48336,475.864056169296
2016,MA,21014,Santa Inês,97.0082694835632,100,97.0082694835632,95.7263688974625,72.0581688677845,71.7020329425731,78.1569965870307,62.5315328683781,69.3871494286986,66.7161299896127,67.6213087995252,47.7964089627541,41.0869560241699,2.5,68.5559005737305,28.8664588928223,,,,,,471.126800537109,151.910171508789,119.834541320801,7.9520697593689,368.127471923828,103.388496398926,103.098564147949,409.828521728516,116.486145019531,111.893775939941,22179,7629,5691.24267578125,1957.6396484375,0,818,209.902893066406,0,259,147,,,0.377209365367889,0.664606988430023,0.480941951274872,0.744731903076172,50,10,12.8302507400513,2.56605005264282,1.05592966079712,20.1366383376866,381.294661236684,147.222464820132,,,,488.635073678169,188.667891942531,,,55519,460.250531218275
2016,MA,21003,Balsas,90.3875870632112,97.9526267372991,89.0281094651362,100,96.2172647914646,96.9204655674103,100,92.5072744907856,95.2958292919496,94.7623666343356,95.2473326867119,75.5092143549952,66.0169906616211,1.57421290874481,56.2968521118164,42.103946685791,,,,,,483.487976074219,141.036102294922,115.802803039551,12.9543333053589,364.767272949219,98.0044555664062,103.292625427246,403.648895263672,110.222999572754,111.609550476074,15024,5595,6769.732421875,2521.07666015625,0,338,152.300964355469,0,138,104,,,0.468618333339691,0.621820509433746,0.566397368907928,0.621933162212372,67,0,30.1898345947266,0,3.25644683837891,22.0772215155247,536.309500090777,302.760660412077,,,,687.289014855857,387.992522967623,,,28191,406.31101152726
2016,MA,21019,Zé Doca,100,95.9788071347042,100,84.2191332788226,72.2199509403107,75.9811937857727,83.6467702371218,68.29517579722,71.8928863450531,72.6083401471791,63.8798037612428,50.8585445625511,34.3838920593262,7.94484567642212,53.5784645080566,38.3234825134277,,,,,,368.292907714844,107.842674255371,93.2601699829102,5.43278074264526,308.968231201172,82.9641036987305,86.9195251464844,343.402435302734,94.0492477416992,93.6229248046875,18553,6436,6291.83984375,2182.62719726562,0,512,173.633483886719,0,148,100,,,0.339127898216248,0.50190931558609,0.520476520061493,0.56693708896637,4,0,1.35651159286499,0,0.486309409141541,18.1001370928331,387.796054705858,154.681532176279,,,,496.966711122336,198.226803455533,,,44756,527.952224610171
2016,MA,21008,Imperatriz,86.0595531067335,85.5662293710405,79.5133091884843,100,97.1600162866449,100,100,97.7198697068404,100,100,100,77.046009771987,58.851978302002,2.2708158493042,47.4873847961426,50.1576957702637,,,,,,583.199584960938,154.327026367188,139.22981262207,6.39181852340698,422.21044921875,94.7321243286133,123.849189758301,468.002105712891,106.355331420898,133.362976074219,31298,5909,5833.4873046875,1101.35070800781,115,1197,223.103210449219,21.4343090057373,505,492,,,0.917015671730042,0.94124573469162,1.056431889534,0.957368075847626,309,42,57.5930557250977,7.82818269729614,8.27327060699463,23.6597990130335,689.617661824224,260.199380347411,,,,883.755822602707,333.449576699288,,,55460,291.573707160806
2016,MA,21009,Itapecuru Mirim,92.0808225920162,99.565824653817,92.0808225920162,87.3976055450536,73.062381852552,70.2425960932577,75.59861373661,64.8078134845621,72.715816005041,67.3282923755514,64.1776937618148,52.1739130434783,51.8537483215332,1.40099096298218,46.4548110961914,52.0416870117188,,,,,,423.464569091797,139.378204345703,105.266525268555,4.5940842628479,312.475341796875,85.9176483154297,91.5006637573242,350.365936279297,98.6518402099609,100.406784057617,17939,5080,4780.69921875,1353.80749511719,0,453,120.72338104248,0,213,157,,,0.418401122093201,0.567639708518982,0.517338335514069,0.612011551856995,21,0,5.59644794464111,0,0.909556090831757,20.6331693493683,380.25336213683,166.889743822651,,,,487.300632590722,213.871817676176,,,56577,546.266218962058
2016,MA,21011,Pinheiro,91.8514321038533,99.2126004533278,90.3059962909541,77.6958374303507,55.6866601114389,53.0317928548017,50.475254015077,44.821370042609,58.9642740085218,52.6057030481809,50.2622091117666,36.6109472304163,39.8555717468262,5.10660266876221,65.7324600219727,28.7482814788818,,,,,,407.169860839844,130.365783691406,91.0774688720703,5.76441097259521,294.345123291016,75.5108871459961,79.1822128295898,327.601104736328,84.9088973999023,85.625602722168,25608,8324,6533.08642578125,2123.6103515625,0,681,173.73600769043,0,235,174,,,0.443906992673874,0.599529564380646,0.551630973815918,0.634353280067444,32,10,8.1638069152832,2.551189661026,0.732701659202576,19.0882296386335,388.817950795506,146.711651934087,,,,498.276286948645,188.013277237466,,,67770,581.137024628714
2016,MA,21004,Barra do Corda,82.0332340354485,100,82.0332340354485,79.3036332179931,46.8858131487889,51.7084775086505,52.4437716262976,44.2257785467128,48.9403114186851,44.3771626297578,62.2188581314879,33.9100346020761,36.8092498779297,8.60115623474121,60.138729095459,31.1445083618164,,,,,,511.917816162109,141.083145141602,124.048347473145,7.16723537445068,399.047119140625,101.143142700195,111.382019042969,439.290496826172,112.34294128418,118.836395263672,15903,4739,6946.2705078125,2069.94750976562,0,383,167.290542602539,0,150,99,,,0.432422041893005,0.655184924602509,0.474244683980942,0.70705372095108,32,0,13.9772777557373,0,0.734680712223053,17.623994716527,373.568205011985,118.152606363042,,,,478.733499146855,151.41441353577,,,33794,407.871020336153
2016,MA,21013,Rosário,100,100,100,80.5756843800322,63.2447665056361,64.512882447665,68.1159420289855,55.0724637681159,67.5925925925926,60.4468599033816,56.9041867954911,51.1876006441224,47.1370124816895,1.30879342556,60.2658500671387,38.2822074890137,,,,,,390.474334716797,127.313751220703,81.9176940917969,6.03146839141846,303.259582519531,84.6080932617188,76.4671783447266,334.979858398438,94.6110000610352,82.1892471313477,18259,6720,6232.22998046875,2293.6953125,0,350,119.463302612305,0,172,139,,,0.474439978599548,0.587076783180237,0.610372126102448,0.612420082092285,22,0,7.50912189483643,0,1.17312967777252,20.4557746671506,359.70334046231,162.977704853579,,,,460.965458312518,208.858478533991,,,47095,580.411324769437
2016,MA,21018,Viana,97.0336261647844,100,97.0336261647844,79.9117510450534,66.7440780306549,65.1416627960985,69.368323269856,62.2851834649327,69.6005573618207,62.8425452856479,66.2099396191361,44.7050627032048,31.4860229492188,3.89897012710571,63.388916015625,31.8048057556152,,,,,,431.456481933594,125.081436157227,99.3950653076172,12.5107851028442,306.283294677734,73.8974075317383,86.5286712646484,341.867828369141,82.9042053222656,94.1122207641602,13293,4426,4948.5341796875,1647.65002441406,0,430,160.074447631836,0,138,82,,,0.305258274078369,0.513727307319641,0.503862261772156,0.576268017292023,0,0,0,0,0.533457398414612,20.0944052346506,361.748413612929,136.263003861004,,,,463.586251549928,174.623171264126,,,50795,650.617208665413
2016,MA,21015,São João dos Patos,86.494429664117,93.1040073162621,86.494429664117,85.3462940461725,79.2223572296476,79.2223572296476,84.3013365735115,76.4277035236938,82.6731470230863,80.0243013365735,66.2940461725395,63.9125151883354,57.1805686950684,1.47835266590118,47.3336868286133,51.1087646484375,,,,,,496.890838623047,147.135589599609,115.900093078613,8.02315998077393,334.681823730469,76.7179260253906,92.919059753418,372.325042724609,86.9270477294922,100.092910766602,20758,8739,8531.3974609375,3591.669921875,0,634,260.569732666016,0,159,108,,,0.443872720003128,0.653479278087616,0.568711936473846,0.70351767539978,6,5,2.4659595489502,2.05496621131897,1.04597783088684,21.0205090649776,499.360879862956,195.379542896629,,,,639.938779977743,250.38194090853,,,40921,569.644230127442
2016,MA,21010,Pedreiras,100,100,100,95.1783723522854,86.0367892976589,88.4615384615385,90.6075808249721,79.79375696767,75.3901895206243,80.7971014492754,87.0680044593088,55.5741360089186,66.2089538574219,1.10447764396667,34.1492538452148,64.6865692138672,,,,,,522.035400390625,165.769134521484,149.283798217773,4.56140327453613,350.173034667969,90.3416976928711,112.38459777832,389.71923828125,101.996505737305,122.511329650879,17788,6821,8145.583984375,3123.51171875,0,484,221.636077880859,0,195,89,,,0.407553941011429,0.892955243587494,0.662618577480316,1.04246807098389,72,0,32.9706573486328,0,1.23365199565887,21.9112506265277,506.165664143621,199.310945461354,,,,648.659217493344,255.420094801486,,,35129,484.53848557885
2016,MA,21012,Presidente Dutra,96.6935931776798,100,96.6935931776798,78.9672544080605,91.3518052057095,88.2451721242653,90.0923593618808,84.151973131822,85.4534005037783,86.3560033585222,63.7489504617968,72.4391267842149,61.4100189208984,2.06400752067566,43.4601097106934,54.4526901245117,,,,,,487.874237060547,159.85075378418,125.522720336914,3.98009943962097,333.530334472656,86.4204559326172,96.9382171630859,371.834747314453,97.4282608032227,105.255294799805,23208,8465,8047.32421875,2935.22045898438,10,598,207.355209350586,3.46747851371765,261,130,,,0.450772196054459,0.905011892318726,0.680666029453278,0.99568647146225,10,2,3.46747851371765,0.693495690822601,0.863055408000946,19.3478573276832,513.867856514624,204.411310388568,,,,658.529697516542,261.956292250229,,,44469,456.377833825597
2016,MA,21017,Timon,100,100,100,80.1536491677337,66.2227912932138,69.1933418693982,78.0281690140845,60.8194622279129,70.6017925736236,63.3290653008963,52.4199743918054,48.9116517285531,39.2020606994629,4.78764486312866,61.3384819030762,33.5649948120117,,,,,,538.693115234375,169.663925170898,131.418334960938,3.54984903335571,383.728912353516,103.451957702637,117.627326965332,424.423522949219,116.026908874512,126.584106445312,11852,2077,4822.19873046875,845.064697265625,0,251,102.123847961426,0,175,236,,,0.960208296775818,0.71201890707016,0.681300342082977,0.671738982200623,11,0,4.47554731369019,0,7.09211492538452,16.3702154792749,416.281568865249,120.645268009393,,,,533.471343169608,154.608798432923,,,33386,377.308192000289
2016,MG,31074,Patrocínio / Monte Carmelo,83.9422799125015,88.9595113293987,76.825292005448,100,96.7768257853937,98.8984088127295,99.3880048959608,96.4504283965728,98.8168094655243,97.8376172990616,100,87.6784985720114,80.571907043457,0.630782186985016,23.2968883514404,75.8200149536133,,,,,,612.9296875,162.062774658203,96.0949096679688,7.54237270355225,345.037902832031,73.9294586181641,68.636360168457,384.516387939453,82.9864730834961,74.4216918945312,12700,2355,6596.78564453125,1223.26220703125,23,243,126.221961975098,11.9469347000122,168,206,,,1.07002985477448,0.872645676136017,1.3451988697052,0.936925411224365,120,12,62.3318328857422,6.23318338394165,12.8341245651245,24.4186445585147,702.862378727991,419.175999024691,,,,900.729134526688,537.180600701901,,,8565,96.7050258895088
2016,MG,31024,Sete Lagoas,87.676333268172,77.1465719857979,79.6903626453059,90.7877664504171,89.5088044485635,91.2696941612604,93.7349397590361,86.079703429101,100,90.7321594068582,75.16218721038,84.2817423540315,60.7326622009277,2.26384019851685,23.9143848419189,70.4465942382812,,,,,,652.134826660156,142.996032714844,110.434837341309,10.5446929931641,360.733581542969,60.4434013366699,81.1250381469727,403.194915771484,69.1720809936523,87.1961517333984,24311,4459,5535.6318359375,1015.31744384766,32,391,89.0309753417969,7.28642225265503,382,445,,,1.01326811313629,0.869816660881042,1.24273347854614,0.91797536611557,130,4,29.6010913848877,0.910802781581879,20.996509552002,27.1776939445938,735.608290837283,404.307040668021,,,,942.693533200106,518.125797944988,,,17962,94.3016499922784
2016,MG,31059,Manhuaçu,95.9743648111506,95.0935929538252,93.7496716804707,94.7423108894431,87.8221113881962,87.3649210307564,90.1704073150457,78.9484621778886,93.8694929343308,83.8320864505403,89.1936824605154,72.3399833748961,77.3399047851562,1.19940030574799,22.0389804840088,76.6973648071289,,,,,,643.348327636719,172.655792236328,136.245376586914,8.80876350402832,340.066802978516,75.2753677368164,94.3936767578125,376.408264160156,84.0211715698242,101.214614868164,21712,4236,6375.34423828125,1243.82641601562,20,526,154.450592041016,5.87264585494995,276,302,,,0.886769533157349,0.810425102710724,1.07014286518097,0.804112017154694,131,1,38.4658317565918,0.293632298707962,7.55134153366089,22.7604517300753,611.126358009998,287.880364053855,,,,783.167988778953,368.923190384339,,,29327,196.099099747504
2016,MG,31060,Ponte Nova,96.8208584833124,91.6555016874082,89.0081354714844,70.5708245243129,81.3953488372093,82.4524312896406,83.5940803382664,74.5877378435518,83.4672304439746,79.0274841437632,35.9408033826638,66.4693446088795,77.8461532592773,1.27472531795502,23.472526550293,75.2527465820312,,,,,,742.946228027344,196.772735595703,120.223915100098,8.02781295776367,331.46826171875,65.4796600341797,82.2407150268555,365.509948730469,72.9223022460938,87.6868209838867,12848,2889,6033.73779296875,1356.74572753906,34,322,151.219146728516,15.9672393798828,176,271,,,1.27268290519714,0.82653945684433,1.29545962810516,1.05865144729614,114,2,53.5372123718262,0.939249336719513,13.9088735580444,21.6263485471099,774.489366528762,358.300686913175,,,,992.520239987903,459.167935844977,,,16338,191.925666719127
2016,MG,31037,Ipatinga,79.7045256202468,76.2635581598305,71.1021069692058,94.2760942760943,97.699214365881,100,100,95.4732510288066,100,99.6820052375608,8.43621399176955,92.4055368499813,73.98974609375,0.266666680574417,26.0512828826904,73.2102584838867,,,,,,535.177551269531,149.909683227539,98.9403915405273,3.50140047073364,294.076385498047,66.1609344482422,72.5540161132812,328.18798828125,74.8369979858398,78.3871231079102,22087,3924,5518.42529296875,980.409301757812,33,448,111.932563781738,8.24503231048584,331,584,,,1.45912086963654,0.827001750469208,1.43838334083557,0.7251256108284,205,17,51.2191390991211,4.24744081497192,30.2287864685059,22.3650193786047,875.94995699569,339.937535682189,,,,1122.54357400847,435.635270253453,,,23853,151.16827911918
2016,MG,31081,Santa Maria do Suaçuí,89.9506315602206,100,89.3502045899306,100,100,100,100,100,100,100,94.8875255623722,83.640081799591,53.2008819580078,2.20750546455383,42.8256072998047,54.7461357116699,,,,,,539.059143066406,156.281845092773,67.9486312866211,22.2689075469971,317.586364746094,68.1117095947266,54.218132019043,351.191436767578,76.1686706542969,58.2554244995117,3582,1948,8113.06640625,4412.130859375,0,53,120.042579650879,0,26,20,,,0.452990859746933,0.588888108730316,0.645511984825134,0.554913818836212,3,0,6.79486322402954,0,2.06337332725525,18.3312440416272,470.351953097108,246.978880310603,,,,602.763386486577,316.507299069186,,,5261,321.788285265489
2016,MG,31072,Uberaba,64.363576918409,46.1200843131476,47.1170303145891,81.4219759926131,90.9695290858726,95.2169898430286,93.8873499538319,83.9519852262235,95.9187442289935,90.8217913204063,66.1495844875346,78.264081255771,61.2150421142578,2.50723242759705,24.8215999603271,71.2439727783203,,,,,,707.554138183594,176.210800170898,147.129852294922,4.24939060211182,370.034942626953,69.3927917480469,97.8636322021484,412.860961914062,79.6402435302734,106.553848266602,22376,3588,5514.53564453125,884.257873535156,65,619,152.551727294922,16.0191631317139,662,1286,,,3.16932988166809,1.6314902305603,3.31060671806335,1.66851913928986,381,36,93.8969421386719,8.87215232849121,34.475212097168,23.0681850201727,725.612015691082,402.2564,,,,929.883150209879,515.497869846923,,,8847,50.916910364851
2016,MG,31089,Campo Belo,100,100,100,97.8927203065134,100,100,100,97.7969348659004,100,99.0421455938697,6.89655172413793,77.8735632183908,81.0644836425781,0.40941658616066,26.2026615142822,73.3879241943359,,,,,,772.999816894531,236.36344909668,125.789993286133,4.59317588806152,326.979949951172,80.9133834838867,79.4690475463867,367.165985107422,92.3632507324219,86.1365356445312,6057,1223,6144.435546875,1240.65454101562,10,107,108.544586181641,10.1443538665771,88,131,,,1.32891035079956,0.892703175544739,1.2226482629776,0.950272381305695,28,1,28.4041919708252,1.01443541049957,12.2746686935425,25.2441926510867,708.587780758029,351.853824274148,,,,908.066326801321,450.906180512769,,,4776,107.901272070801
2016,MG,31062,Águas Formosas,100,100,100,100,98.9485981308411,98.481308411215,100,96.1448598130841,97.196261682243,98.3644859813084,100,78.5046728971963,67.3469390869141,0.544217705726624,25.0340137481689,74.4217681884766,,,,,,726.489990234375,245.526702880859,136.216873168945,8.56481456756592,398.341094970703,106.54084777832,98.7189178466797,437.983703613281,117.32364654541,106.718101501465,3689,1859,6203.75341796875,3126.26123046875,0,102,171.532348632812,0,37,31,,,0.521323800086975,0.622225224971771,0.621384382247925,0.968232870101929,7,0,11.7718286514282,0,3.04385852813721,18.9095948694586,637.024143313525,296.766948504461,,,,816.356405812769,380.311487387202,,,8574,443.36402632916
2016,MG,31068,Pedra azul,100,100,100,96.8337730870712,100,100,100,100,100,100,84.5646437994723,88.2585751978892,24.6278762817383,0.811908006668091,18.8092021942139,79.4316635131836,,,,,,636.643798828125,159.552001953125,123.574592590332,19.1646194458008,376.106811523438,78.9123764038086,95.7163925170898,414.932739257812,89.5127105712891,103.68384552002,4600,1509,7195.482421875,2360.43115234375,0,154,240.892242431641,0,49,41,,,0.641336500644684,0.766475319862366,0.739883303642273,0.822005689144135,10,0,15.6423530578613,0,3.30366492271423,17.7075345979261,491.656657947686,217.419328122582,,,,630.065699061816,278.626270485044,,,9368,465.779529145442
2016,MG,31040,Resplendor,97.4189358751403,97.6335659409602,91.9376141942017,94.4244604316547,90.7374100719424,89.9280575539568,91.726618705036,83.9028776978417,99.3705035971223,87.8597122302158,64.568345323741,74.5503597122302,74.5210723876953,1.14942526817322,27.8735637664795,70.4022979736328,,,,,,801.100952148438,247.267196655273,145.451293945312,10.3351955413818,364.231292724609,82.0557479858398,88.237548828125,404.820983886719,92.8729629516602,94.9035568237305,9218,3083,10313.615234375,3449.43334960938,0,131,146.57014465332,0,90,78,,,0.872707724571228,1.0069705247879,0.859001755714417,1.0069705247879,25,0,27.9714012145996,0,8.15422344207764,20.7393946573781,566.757725053335,326.289257593419,,,,726.308891503734,418.144788357231,,,8191,224.816531752754
2016,MG,31008,São Lourenço,91.1518145544366,91.4926847805434,91.1518145544366,100,100,100,100,97.7699115044248,100,100,73.5575221238938,95.929203539823,82.0869598388672,1.25217390060425,15.7565221786499,82.8173904418945,,,,,,818.650207519531,243.983840942383,159.5869140625,3.56138706207275,363.680114746094,86.9591293334961,91.2327728271484,406.047790527344,99.8347778320312,98.5898742675781,21208,5384,8135.86376953125,2065.4228515625,30,588,225.569961547852,11.5086717605591,234,374,,,1.43474769592285,0.897676408290863,1.60114395618439,1.00911867618561,128,2,49.1036643981934,0.767244756221771,26.0122833251953,23.3249531488817,640.465260852778,372.496919506988,,,,820.766251775139,477.360630012085,,,14224,129.965123985636
2016,MG,31006,Poços de Caldas,76.3845667191027,60.048902263867,65.7021578551399,100,92.2369389256806,95.2170713760118,95.2906548933039,88.4841795437822,100,92.5680647534952,100,77.7409860191317,79.3010787963867,0.230414748191833,14.5929336547852,83.4101409912109,,,,,,698.075073242188,197.12370300293,110.13215637207,6.87538385391235,306.037506103516,69.9104461669922,69.0857238769531,343.237182617188,79.8233413696289,74.8008041381836,11834,1697,5071.2216796875,727.215087890625,42,310,132.84423828125,17.9982509613037,342,511,,,2.1897873878479,1.46557188034058,2.1440417766571,1.39132916927338,348,25,149.128372192383,10.7132453918457,37.5237846374512,26.494835216576,933.646512678352,475.704232952254,,,,1196.48261277061,609.622416856641,,,5067,50.4401583526763
2016,MG,31041,Além  Paraíba,84.4899578990959,73.0916557388364,73.7231693008489,96.9986357435198,94.5429740791269,94.9522510231924,98.9085948158254,84.5839017735334,94.6793997271487,91.268758526603,95.3615279672578,65.7571623465211,73.2612075805664,0.927357017993927,30.2936630249023,67.8516235351562,,,,,,883.639526367188,237.970260620117,209.973754882812,2.77227711677551,407.345916748047,87.0107421875,133.585357666016,451.152679443359,97.100959777832,143.186996459961,3643,1078,6374.453125,1886.26416015625,5,97,169.728790283203,8.74890613555908,58,88,,,1.53980755805969,1.0148731470108,1.35739278793335,1.00743651390076,32,0,55.9930000305176,0,18.0192470550537,23.907000342631,583.602106323621,401.025280360956,,,,747.895229629669,513.920170768788,,,3409,148.18119432942
2016,MG,31001,Alfenas / Machado,76.1806715142,71.9286574372825,70.207295249373,98.6241217798595,100,100,100,97.0433255269321,100,100,96.7505854800937,95.3454332552693,78.1736526489258,1.16766464710236,19.4011974334717,79.3413162231445,,,,,,728.519897460938,209.537475585938,134.103988647461,6.12057065963745,346.0615234375,72.7777481079102,89.3920974731445,385.669830322266,82.2915802001953,96.0467147827148,20919,4391,7013.30322265625,1472.12646484375,36,537,180.034591674805,12.0693588256836,253,444,,,1.48855423927307,0.848207712173462,1.46156585216522,0.828678786754608,145,20,48.6126937866211,6.70519924163818,16.0975074768066,24.8862883878953,702.151996721963,349.458827687825,,,,899.818768872132,447.836954917999,,,11926,93.3430181176486
2016,MG,31013,Barbacena,82.0712258868503,76.8539023096419,78.8149507843352,100,100,100,100,100,100,100,100,86.886564762671,67.2333221435547,3.10242247581482,32.9366760253906,63.748405456543,,,,,,779.12158203125,252.917465209961,137.492050170898,4.84749460220337,376.015594482422,93.7929077148438,89.6147155761719,421.140625,106.969360351562,97.2605667114258,12291,2858,5215.7861328125,1212.81567382812,38,434,184.171447753906,16.1256103515625,320,587,,,2.49098229408264,1.35794615745544,2.75058341026306,1.38308930397034,160,2,67.8973083496094,0.84871631860733,17.3817100524902,20.6336852878755,772.597777549601,269.551648910757,,,,990.096139117454,345.434655178192,,,14277,140.061426524394
2016,MG,31094,Almenara/Jacinto,99.7999155713104,99.3135831882818,98.0650794844067,78.0203045685279,90.761421319797,93.1472081218274,95.1269035532995,89.3401015228426,95.5329949238579,89.9492385786802,76.5989847715736,76.1928934010152,48.0240135192871,0.900450229644775,26.5632820129395,72.3361663818359,,,,,,641.453735351562,182.770370483398,95.4858093261719,18.5388126373291,329.13671875,66.4900283813477,66.4034423828125,364.888336181641,75.148567199707,71.1481857299805,11437,3605,6699.8232421875,2111.81787109375,0,374,219.090133666992,0,127,117,,,0.685388922691345,0.743969142436981,0.905650675296783,0.798448801040649,120,0,70.2962951660156,0,3.51188588142395,19.1242223394109,551.06211660388,240.697775630412,,,,706.194723720088,308.457965154489,,,23160,389.238039601115
2016,MG,31036,Governador Valadares,89.3706063090325,80.0782184403224,82.4034055677224,100,94.1770851173146,94.8107552663127,96.9172803562254,89.4159958897071,97.2084261003596,92.2932008905635,100,76.4514471656105,67.5545196533203,0.965319991111755,33.4465484619141,64.7121887207031,,,,,,716.411315917969,180.802993774414,136.247131347656,9.49263477325439,384.196197509766,77.7479934692383,100.114799499512,426.164093017578,87.4449920654297,107.305793762207,23767,4637,5573.46923828125,1087.3974609375,42,496,116.314247131348,9.84918975830078,435,673,,,1.57821547985077,1.02009475231171,1.7614221572876,0.998109877109528,230,36,53.9360427856445,8.44216251373291,18.5671310424805,16.5760583836247,730.318846954735,212.270000509009,,,,935.915028111988,272.027326587718,,,30688,190.614885096205
2016,MG,31092,Passos,81.2545935265876,73.0960130575468,71.7430106808442,100,100,100,100,99.8828582584928,100,100,90.589613432253,80.7887543928153,72.6307220458984,3.75816988945007,15.4820261001587,80.7189559936523,,,,,,663.878112792969,170.286651611328,115.123374938965,9.39306354522705,322.205444335938,61.5832595825195,80.0765075683594,357.040344238281,70.7594680786133,84.8702239990234,13423,2610,6438.75439453125,1251.96667480469,48,357,171.246017456055,23.0246753692627,289,366,,,1.75563144683838,1.38627731800079,2.0685031414032,1.34586417675018,143,20,68.5943450927734,9.59361457824707,15.2715950012207,27.8424894344754,624.201156541668,432.229541017988,,,,799.923547650742,553.908918987209,,,7054,68.5978471577669
2016,MG,31095,Serro,97.8182310085609,96.0132954567415,95.9862407482559,87.5192604006163,93.9907550077042,98.4591679506934,97.0724191063174,89.8305084745763,100,97.5346687211094,75.808936825886,81.2018489984592,70.5109481811523,1.31386864185333,19.2700729370117,79.2700729370117,,,,,,658.920104980469,179.526123046875,90.7494735717773,14.9700603485107,357.919036865234,70.6363754272461,74.930419921875,397.926025390625,81.8660583496094,81.1778030395508,3681,754,7261.9306640625,1487.50219726562,0,79,155.852355957031,0,47,33,,,0.65102881193161,0.927222847938538,1.00662863254547,0.913906395435333,19,0,37.4834785461426,0,8.24636554718018,23.3102741260017,842.549630518049,469.079834797075,,,,1079.74053308379,601.133146982966,,,5159,285.01341274034
2016,MG,31090,Lima Duarte,100,100,99.6761256356896,100,98.3703703703704,97.1851851851852,100,93.7777777777778,100,95.7037037037037,90.2222222222222,75.4074074074074,69.9367065429688,1.58227849006653,23.57594871521,74.6835479736328,,,,,,794.876831054688,220.487030029297,141.841979980469,8.83392238616943,335.049041748047,75.1756896972656,86.6283340454102,372.972351074219,83.96533203125,93.7066955566406,4374,1141,6142.74072265625,1602.39306640625,0,101,141.841979980469,0,72,75,,,1.0532820224762,1.01115071773529,1.08593380451202,0.975690245628357,31,0,43.5356559753418,0,7.03732824325562,21.4940487941331,719.901050919417,457.702044771593,,,,922.564459507719,586.552331061327,,,5871,198.149177864518
2016,MG,31099,Teófilo Otoni / Malacacheta,95.7306707484817,100,87.8903411936487,77.0744680851064,88.8829787234042,89.4148936170213,91.7553191489362,90,93.9893617021277,90.5053191489362,71.4627659574468,73.4574468085106,56.6026763916016,2.47236776351929,36.3583488464355,61.0529365539551,,,,,,750.826416015625,197.980880737305,100.419906616211,16.753927230835,424.518859863281,90.2787399291992,79.2104721069336,470.542846679688,102.124710083008,84.5175552368164,14343,2899,5125.70361328125,1036.00463867188,36,436,155.811660766602,12.8651838302612,288,298,,,1.06495130062103,1.0292147397995,1.31064057350159,1.23791658878326,68,0,24.3009014129639,0,12.3137674331665,19.7551384837069,737.270181578892,197.104116597578,,,,944.823272185534,252.592009087017,,,26158,268.14466784986
2016,MG,31035,Coronel Fabriciano/Timóteo,90.4774112811065,70.4067577138835,71.4061624162998,99.0178884601894,91.0206944931603,92.3886355664679,95.826025955805,83.5847071203087,100,92.1431076815153,53.1041739740442,94.7386881795861,72.8049697875977,0.466200470924377,26.6899757385254,72.299919128418,,,,,,626.769897460938,172.886947631836,135.245742797852,3.77094960212708,339.899200439453,70.9467849731445,101.258491516113,377.810852050781,80.6999053955078,108.763427734375,11117,1932,4865.78271484375,845.614135742188,18,110,48.1457328796387,7.87839269638062,145,278,,,1.21677398681641,0.634648323059082,1.25769782066345,0.68038672208786,158,18,69.1547775268555,7.87839269638062,29.8297824859619,19.7746667128199,390.578416402885,254.121335037102,,,,500.532351166748,325.660466543932,,,9492,93.300484217317
2016,MG,31045,Muriaé,100,90.6456227790853,99.8194425215746,97.6429287863591,89.2176529588766,91.5245737211635,90.9227683049147,91.3741223671013,95.5366098294885,90.2708124373119,99.4984954864594,74.4734202607823,34.8063278198242,1.69121658802032,27.3867969512939,70.921989440918,,,,,,787.804138183594,191.141265869141,151.634872436523,7.37463140487671,364.562103271484,64.5304260253906,100.202629089355,405.312652587891,72.3871612548828,107.814361572266,12474,3401,7247.10107421875,1975.90112304688,53,456,264.92529296875,30.7917556762695,241,272,,,1.5802561044693,1.40015339851379,1.68730103969574,1.42862117290497,173,15,100.508934020996,8.71464729309082,12.612419128418,22.5020384485922,549.932573176962,286.017463964042,,,,704.747196146938,366.535854774424,,,8910,125.161157810114
2016,MG,31046,Santos Dumont,94.7756156827956,94.7756156827956,94.7756156827956,100,100,100,100,100,100,100,100,97.2312703583062,72.1611709594727,1.46520149707794,26.3736267089844,71.6117248535156,,,,,,858.377502441406,245.531326293945,216.067565917969,10.0686502456665,369.215240478516,84.4444885253906,130.671234130859,414.36962890625,97.5499877929688,145.436737060547,3020,716,5932.037109375,1406.40344238281,6,62,121.783538818359,11.7855033874512,37,58,,,1.13926541805267,0.726772725582123,1.36760950088501,0.756727576255798,19,0,37.3207626342773,0,23.1761932373047,21.8032341501284,580.640782967563,285.122373973078,,,,744.100247419378,365.388782947443,,,2915,134.260449631981
2016,MG,31064,Araçuaí,99.780848336091,94.7074873165975,95.7484577201652,89.3769152196118,77.4259448416752,87.2318692543412,87.538304392237,78.0388151174668,89.2747701736466,82.7374872318693,77.732379979571,74.9744637385087,70.0495071411133,0.990099012851715,26.1138610839844,72.8960418701172,,,,,,600.443359375,142.591369628906,84.6636276245117,21.335807800293,311.453002929688,56.6962051391602,65.3914337158203,343.95849609375,62.8977851867676,70.4529800415039,4526,1014,5041.94189453125,1129.59106445312,0,160,178.239212036133,0,72,82,,,0.91347599029541,0.802076458930969,0.753060698509216,0.819064915180206,17,0,18.9379177093506,0,2.46749925613403,19.3518868525733,528.869278902478,213.08972901361,,,,677.754255001799,273.077821490904,,,9867,285.179937701459
2016,MG,31075,Uberlândia / Araguari,56.8481455816882,43.7279492022084,45.9818294632626,94.0142596584314,92.2069308572376,96.1863704194993,94.7023710827392,84.4470237108274,100,94.1054551483999,91.4690764384016,76.8280550489139,83.3993759155273,0.472135573625565,13.4137086868286,85.9792633056641,,,,,,596.119445800781,120.667388916016,130.478668212891,5.05107831954956,332.508636474609,56.8218383789062,90.9032745361328,369.492553710938,64.5328750610352,98.4486923217773,45744,6417,5158.7001953125,723.666015625,171,1159,130.704208374023,19.2842273712158,939,2270,,,2.55995297431946,1.05894088745117,2.92113757133484,1.04391396045685,663,90,74.7686767578125,10.1495933532715,31.0596733093262,26.5933082236767,734.491728117652,442.239329729584,,,,941.262640606427,566.736619822909,,,21256,53.8969738815307
2016,MG,31061,Viçosa,88.9375931377894,79.3239559480973,88.9375931377894,100,90.625,91.1458333333333,92.3828125,85.15625,94.4010416666667,89.453125,100,77.1484375,77.9588928222656,1.20481932163239,26.435152053833,72.2891540527344,,,,,,670.939392089844,166.269912719727,104.742721557617,7.09606981277466,319.735229492188,63.4500007629395,69.4436874389648,356.927062988281,71.7629852294922,75.2713470458984,7400,1096,5420.2529296875,802.783386230469,19,153,112.067390441895,13.9168653488159,95,174,,,1.27449190616608,0.695843279361725,1.42281639575958,0.883904039859772,87,5,63.7245941162109,3.6623330116272,23.4418601989746,20.3091890150399,722.516619516536,275.723907793157,,,,925.916351585144,353.344501500142,,,9089,181.835707437617
2016,MG,31082,São Gotardo,96.4312149730358,89.7737125938458,96.4312149730358,81.5875613747954,94.5171849427169,95.417348608838,97.8723404255319,85.5973813420622,100,93.126022913257,58.3469721767594,81.9967266775777,78.3931350708008,0.624024987220764,20.5928230285645,78.7831497192383,,,,,,636.486938476562,180.480361938477,102.521385192871,3.18791937828064,326.700836181641,65.5078430175781,72.6693572998047,362.941070556641,73.0557022094727,78.1403198242188,4840,923,5168.78662109375,985.700378417969,0,104,111.064834594727,0,76,83,,,0.886382818222046,0.811627626419067,0.972885251045227,0.822840929031372,44,0,46.9889678955078,0,9.13615036010742,26.8126597363509,696.506944658077,474.36157155048,,,,892.584546336186,607.901775264511,,,3830,94.9062931790137
2016,MG,31086,Divinópolis,77.3231465594623,45.7212901023288,61.165965737359,84.1359080909313,88.6824737228062,89.3180151552188,92.0312881935957,88.0713761916402,93.7668051821071,90.589098020044,58.494255683207,81.3737472500611,82.5262603759766,1.12733793258667,22.5467586517334,76.1209335327148,,,,,,643.877563476562,170.213760375977,111.812835693359,3.69188690185547,329.183532714844,68.9065322875977,75.5858993530273,367.177520751953,78.0304641723633,81.532585144043,12686,2268,3722.98583984375,665.594543457031,18,370,108.58464050293,5.28249597549438,577,636,,,1.86648201942444,1.69333350658417,2.06054043769836,1.82392859458923,380,42,111.51936340332,12.3258247375488,48.8087959289551,24.9054287622104,709.822375459264,316.499443313699,,,,909.64847922602,405.598988197451,,,5953,37.56324360006
2016,MG,31070,Araxá,79.7038790528952,74.5349136679215,63.3936644145255,97.6903336184773,100,100,100,100,100,100,86.7835757057314,83.404619332763,72.4409484863281,1.85039365291595,22.1653537750244,75.8661422729492,,,,,,650.091430664062,185.038619995117,127.179931640625,6.12930297851562,364.550140380859,82.4924545288086,93.4125213623047,406.181579589844,94.6569061279297,100.979431152344,9514,2119,5193.08984375,1156.62780761719,17,427,233.072235107422,9.27922248840332,195,250,,,1.36459159851074,1.06438148021698,1.34862589836121,1.06328976154327,189,2,103.163124084473,1.09167325496674,24.9643840789795,22.119644062523,709.620526607118,489.946733722609,,,,909.389806764097,627.874404415847,,,6102,81.2664257317752
2016,MG,31002,Guaxupé,73.679435276004,59.6403802401589,57.8086014558002,100,100,100,100,100,100,100,87.3907615480649,94.6941323345818,85.3702621459961,0.963275134563446,8.85009002685547,90.0060195922852,,,,,,762.180297851562,208.625991821289,140.474838256836,9.21532821655273,350.05810546875,71.481201171875,91.2196197509766,390.674285888672,81.0606460571289,98.9496917724609,10092,2439,7018.17822265625,1696.12927246094,7,199,138.388580322266,4.86793994903564,105,178,,,1.23784756660461,0.730190932750702,1.31017124652863,0.739231407642365,86,2,59.8061180114746,1.39083993434906,15.5947923660278,26.4294516448718,542.917963319603,398.731826892104,,,,695.757863872111,510.981074267685,,,5510,93.5733229004156
2016,MG,31087,Lagoa da Prata/Sto Ant do Monte,86.3318986131038,85.5364259524948,86.3318986131038,100,100,100,100,100,100,100,85.3477380148548,84.2673869007427,79.4373779296875,2.81312799453735,16.409912109375,80.6429977416992,,,,,,607.1083984375,148.988555908203,107.558578491211,3.67454075813293,354.394592285156,62.1530609130859,78.4872665405273,392.173248291016,70.6805953979492,84.2550354003906,7205,1435,5740.44140625,1143.30786132812,10,147,117.119338989258,7.9673023223877,121,127,,,1.01184737682343,0.96404355764389,1.24190318584442,1.00069320201874,30,0,23.9019069671631,0,29.2041454315186,30.0796144860914,671.626962258483,445.48207902476,,,,860.70045964715,570.892253777051,,,3950,77.7997301678053
2016,MG,31044,Leopoldina / Cataguases,91.8253673255204,84.9227085884205,91.8253673255204,100,96.0411311053985,97.7377892030848,100,91.8766066838046,93.7275064267352,93.8303341902314,100,70.7969151670951,73.787956237793,1.0655300617218,30.3143310546875,68.4070358276367,,,,,,818.383850097656,230.51513671875,185.294464111328,3.43665766716003,342.931671142578,76.1777496337891,110.348083496094,381.204010009766,85.7991561889648,119.311294555664,12357,3511,6814.53466796875,1936.216796875,16,239,131.801712036133,8.82354545593262,165,280,,,1.54412043094635,0.909928143024445,1.52509474754333,0.982998132705688,88,2,48.5295028686523,1.10294318199158,15.3435945510864,25.0858683648375,593.572710694494,316.414787917388,,,,760.6727151197,405.490500982656,,,9260,124.740816106534
2016,MG,31027,Turmalina/Minas Novas/Capelinha,99.3072962129524,99.5211134512665,97.0409936495479,95.3804347826087,93.4782608695652,93.1385869565217,98.7771739130435,86.820652173913,93.6820652173913,93.070652173913,86.0054347826087,90.0135869565217,74.5492401123047,2.14979195594788,17.5450763702393,80.2357864379883,,,,,,499.655822753906,104.466133117676,73.6931610107422,19.7730960845947,350.857269287109,59.5718078613281,63.5166168212891,389.491638183594,67.6175765991211,68.948112487793,10560,3189,8551.6455078125,2582.5,0,157,127.14094543457,0,103,71,,,0.574968636035919,0.834109425544739,0.825201451778412,0.819937646389008,17,0,13.7668542861938,0,4.25071859359741,19.1561813744294,491.669032427821,232.595938588868,,,,630.081557151706,298.075334233606,,,11461,226.568738483495
2016,MG,31058,Unaí,71.8540061504676,81.2703794519481,70.0400262637579,71.1533315493712,93.7650521808938,95.7720096333958,97.1902595664972,90.01873160289,100,93.7115333154937,55.0976719293551,77.6826331281777,72.5125503540039,0.797165632247925,24.9188079833984,73.8116302490234,,,,,,518.686096191406,98.2303619384766,63.2544021606445,18.8665714263916,341.152709960938,49.4910125732422,52.3908157348633,380.790496826172,56.4331130981445,56.8952217102051,11622,1840,4324.36865234375,684.635864257812,8,272,101.207046508789,2.97667765617371,190,236,,,0.878119945526123,0.70696097612381,1.00490784645081,0.651892423629761,111,0,41.3014030456543,0,11.7009477615356,29.9982583329792,725.668012897045,501.091245522883,,,,929.954911505389,642.156270642277,,,17659,181.026368039368
2016,MG,31019,Curvelo,95.5964739283083,83.1514672099172,84.8689913744528,86.4723792953458,92.1705089169204,92.9099608525446,94.6498477598956,89.2996955197912,99.5650282731622,94.3888647237929,82.557633753806,85.8199217050892,37.4011840820312,1.33399212360382,33.5474319458008,64.1304321289062,,,,,,695.361694335938,149.006072998047,99.3373870849609,12.5588693618774,370.726989746094,58.5571823120117,72.0700759887695,411.92822265625,64.9633407592773,78.3862380981445,10534,2100,5749.560546875,1146.20056152344,20,137,74.7759475708008,10.9161968231201,124,187,,,1.02066433429718,0.676804184913635,1.17703890800476,0.708051800727844,77,0,42.0273551940918,0,11.5204076766968,22.8507524982924,658.504020242216,330.28175887282,,,,843.883204146653,423.261241208925,,,11729,151.655836116147
2016,MG,31030,Formiga,92.4065987384765,98.2079896490377,92.4065987384765,100,98.5236985236985,100,100,94.3278943278943,100,96.8919968919969,100,84.3045843045843,80,0.414937764406204,18.9211616516113,80.5809097290039,,,,,,808.484191894531,225.851852416992,148.931289672852,3.94736838340759,356.469909667969,86.1932830810547,89.7786483764648,395.295959472656,96.3357772827148,98.0581893920898,7096,1533,5806.68408203125,1254.45971679688,35,326,266.767059326172,28.6406345367432,140,142,,,1.16199147701263,1.1456253528595,1.58362245559692,1.25200486183167,136,1,111.289321899414,0.818303823471069,17.7244606018066,22.3107958467179,600.783644332266,360.411540775266,,,,769.913639390585,461.873028093269,,,3109,62.4716120751008
2016,MG,31021,Itabira,93.580897079068,98.7803361366161,93.580897079068,90.1417128773875,92.9451632778805,95.8410351201479,95.2865064695009,80.9303758471965,100,96.4879852125693,27.449168207024,75.754775107825,58.7817268371582,1.65820646286011,19.4247035980225,78.7478866577148,,,,,,595.089538574219,150.601119995117,105.420776367188,6.79681873321533,329.177642822266,59.0326080322266,83.8274307250977,363.625213623047,65.8847274780273,89.2163314819336,13131,2818,5650.12353515625,1212.55407714844,12,311,133.819839477539,5.1634669303894,328,359,,,1.5447371006012,1.41134762763977,1.91166603565216,1.5421553850174,97,14,41.7380218505859,6.02404451370239,32.7118530273438,21.1481546004783,1113.45870145585,584.952522400078,,,,1426.91474582632,749.625808958727,,,10559,111.050414745337
2016,MG,31015,São João Del Rei,79.5031263304644,76.7441083905868,76.2570018949987,90.6877897990726,97.1020092735703,98.7635239567233,99.3044822256569,92.5425038639876,98.7635239567233,95.6723338485317,65.5718701700155,77.7820710973725,72.8006439208984,2.01775622367859,39.1041145324707,58.8781280517578,,,,,,790.171264648438,228.888793945312,159.464797973633,9.53141593933105,374.692260742188,88.6889038085938,102.414192199707,419.429870605469,101.306732177734,110.968360900879,14154,3520,5955.31640625,1481.04516601562,26,443,186.39289855957,10.9395380020142,179,288,,,1.21176421642303,0.753145098686218,1.3506121635437,0.783123672008514,152,0,63.9542236328125,0,17.0387516021729,20.5289530133539,596.533504072135,299.988810521067,,,,764.467018154358,384.440353967078,,,10564,99.1868791224105
2016,MG,31023,João Monlevade,86.4790976019288,65.6054017594466,69.7313471391054,95.6129807692308,96.3942307692308,98.3173076923077,98.0168269230769,99.3389423076923,100,98.5576923076923,42.3677884615385,96.7548076923077,78.1091384887695,1.45939087867737,18.654821395874,79.8857879638672,,,,,,652.685729980469,182.549163818359,89.8257827758789,13.6514987945557,307.733764648438,60.8697395324707,58.3221054077148,341.208404541016,68.8690795898438,62.8818511962891,8118,1886,5880.69091796875,1366.22119140625,8,170,123.148246765137,5.79521179199219,90,160,,,1.15904235839844,0.651961326599121,1.66920208930969,0.777826070785522,85,2,61.5741233825684,1.44880294799805,25.6162853240967,27.4295942418353,694.788903502502,427.474785632595,,,,890.382849716796,547.815625573323,,,5991,101.309945678973
2016,MG,31097,Juiz de Fora,81.0920840914283,52.2077204885337,61.8736985009031,100,86.1635220125786,92.3571233251299,94.0798468690183,83.4427126059612,100,87.7631938747607,100,75.2255947497949,73.3511962890625,1.93538784980774,22.2122974395752,75.7332153320312,,,,,,800.347595214844,181.036880493164,144.33576965332,8.41044616699219,374.926208496094,69.0101089477539,94.692741394043,418.662048339844,78.2352294921875,102.047142028809,38126,6675,6274.73828125,1098.56469726562,189,1634,268.922058105469,31.1054267883301,936,2467,,,4.0601634979248,1.54045927524567,3.99441432952881,1.71487188339233,775,65,127.548713684082,10.6976337432861,35.1756286621094,29.2454563808532,981.801756042013,417.995360856698,,,,1258.1943105234,535.667594418694,,,17129,69.1007554005787
2016,MG,31016,Belo Horizonte/ Nova Lima/ Caeté ,93.1558394951623,52.0290805165395,73.0856580099039,92.7819243691794,89.4468622454732,93.8778271359957,92.9262407829166,88.8380273750197,98.7642907073759,93.2622274336483,85.5300245788892,76.9431979615307,77.9600448608398,0.592843055725098,24.0541896820068,75.1767807006836,,,,,,607.530334472656,136.813446044922,99.7957916259766,4.87254905700684,310.686706542969,51.8598480224609,70.3651428222656,349.263702392578,59.6599235534668,75.9084548950195,184607,30476,5497.76220703125,907.602661132812,804,6454,192.205917358398,23.9438419342041,5804,15178,,,4.52014493942261,1.72848331928253,4.30048084259033,1.76860570907593,4309,763,128.325897216797,22.7228260040283,41.9962196350098,22.7452624308862,1094.44472335845,407.68169686894,,,,1402.54803542339,522.450472662504,,,95392,64.4623088594333
2016,MG,31085,Taiobeiras,99.5713415341766,98.46596843449,99.2884704653592,79.2792792792793,92.6238738738739,93.8626126126126,95.4391891891892,82.2072072072072,97.5225225225225,94.7635135135135,75,75.9009009009009,84.8164291381836,0.435594260692596,9.27193546295166,90.1057891845703,,,,,,536.183227539062,125.474174499512,90.4581298828125,19.0476188659668,299.268646240234,51.8639450073242,71.7676239013672,333.165618896484,58.4190063476562,77.7402267456055,8903,2062,6494.74755859375,1504.23107910156,10,163,118.908668518066,7.29501008987427,119,74,,,0.53983074426651,0.868106186389923,0.786584496498108,0.911146759986877,9,0,6.56550931930542,0,1.03443241119385,19.097578321442,544.471935944601,227.976524850321,,,,697.749304102737,292.155483257556,,,16135,319.715828770439
2016,MG,31017,Betim,87.1292458727917,69.0126536849661,70.2890203524045,72.7367920038077,83.0937648738696,85.6734888148501,86.5968586387435,82.6463588767254,88.0913850547358,85.121370775821,61.0756782484531,72.3750594954783,72.6957931518555,0.631428837776184,23.7295036315918,75.1909561157227,,,,,,534.307006835938,124.666862487793,90.0292282104492,10.7420301437378,362.42822265625,72.1597137451172,74.2897644042969,404.71142578125,81.2655792236328,80.2813949584961,32572,4240,4662.05419921875,606.874267578125,46,668,95.611328125,6.58401346206665,620,793,,,1.13502669334412,0.887410521507263,1.58445715904236,0.856744766235352,165,30,23.616569519043,4.29392194747925,28.5491409301758,29.1721646193572,889.884086248932,561.07955010561,,,,1140.40037864407,719.032221473946,,,35482,120.597280115766
2016,MG,31047,São João Nepomuceno / bicas,86.4717263334111,86.1286825747492,78.2386761255266,59.125,98,100,100,95.25,100,97.125,46,79.75,69.4736862182617,0.789473712444305,20.5263156890869,78.5526351928711,,,,,,793.07958984375,203.460205078125,145.328720092773,11.343804359436,350.659820556641,63.2493515014648,86.1943359375,388.640686035156,70.8075332641602,92.6300048828125,5760,1909,7972.318359375,2642.21459960938,0,93,128.7197265625,0,55,86,,,1.19031143188477,0.761245667934418,1.11072671413422,0.810726642608643,30,0,41.5224914550781,0,16.525951385498,21.9689719393956,664.300364413959,399.18921952286,,,,851.311309885761,511.567230079845,,,3186,122.384602186646
2016,MG,31011,Três Pontas,63.9997459571461,61.1814580472043,53.8777259989044,100,99.871382636656,99.4212218649518,100,93.4405144694534,88.8102893890675,98.0064308681672,96.2700964630225,79.8070739549839,83.1143264770508,0.78843629360199,14.454665184021,84.6911926269531,,,,,,734.503173828125,203.894866943359,141.281494140625,3.38797807693481,381.316375732422,80.5565643310547,101.183807373047,420.901092529297,91.2090606689453,108.336112976074,8648,1743,6942.05859375,1399.16833496094,10,169,135.662338256836,8.02735710144043,104,146,,,1.17199420928955,0.834845125675201,1.23280143737793,0.811164438724518,53,0,42.544994354248,0,20.1823806762695,31.4851026822943,651.247873253035,397.94347303778,,,,834.58433825858,509.97078646968,,,5221,108.902854674192
2016,MG,31083,Bocaiúva,93.8708886566278,100,93.8708886566278,82.6470588235294,98.3333333333333,96.4705882352941,100,95.6862745098039,100,97.5490196078431,71.1764705882353,72.7450980392157,70.1882858276367,1.7782427072525,27.9288711547852,70.2928848266602,,,,,,637.506164550781,126.200202941895,84.5671463012695,26.326530456543,411.213317871094,58.621509552002,69.1214141845703,458.801971435547,66.4466018676758,75.4358596801758,4846,912,6304.80615234375,1186.54211425781,0,64,83.26611328125,0,50,48,,,0.62449586391449,0.650516510009766,0.680115044116974,0.67458564043045,0,0,0,0,6.07322216033936,20.1010825694697,590.57940125983,269.072587142546,,,,756.836742249257,344.820730027373,,,8543,318.865258204018
2016,MG,31028,Bom Despacho,98.7167830529128,93.5614191310868,98.7167830529128,100,100,100,100,100,100,100,87.5955819881054,90.4842820730671,74.5341644287109,1.24223601818085,24.9223594665527,73.8354034423828,,,,,,706.897216796875,203.858200073242,127.411376953125,4.40587472915649,341.197265625,72.7272796630859,91.443603515625,376.519989013672,81.2797317504883,97.8863983154297,7380,1560,6965.1552734375,1472.30920410156,0,192,181.207290649414,0,98,116,,,1.09479403495789,0.924912214279175,1.34277439117432,0.936237692832947,56,0,52.8521270751953,0,17.6365661621094,24.604414309017,721.96508916247,401.700622551763,,,,925.20955680779,514.785632351944,,,3972,84.8740569233163
2016,MG,31034,Caratinga,97.3181400768221,87.277951675175,94.3558500291292,100,100,100,100,100,100,100,100,83.8933951332561,75.7427749633789,1.01750099658966,27.2690277099609,71.6320724487305,,,,,,688.968566894531,182.696136474609,137.395462036133,5.78034687042236,352.200408935547,77.521858215332,101.57364654541,392.039733886719,87.252685546875,109.638145446777,9884,1392,4920.3505859375,692.950988769531,16,286,142.373550415039,7.9649543762207,155,224,,,1.11509358882904,0.771604955196381,1.04502689838409,0.793259680271149,76,0,37.8335342407227,0,8.07198333740234,23.7402992138136,577.419174834593,281.64272014078,,,,739.971706195355,360.929552122639,,,18759,223.804350267861
2016,MG,31007,Pouso Alegre,86.2692016179263,74.2563242456306,74.754046691731,96.7150979153506,100,100,100,93.5565382185723,100,99.6209728363866,85.897030953885,85.9286165508528,70.6597213745117,1.79924237728119,19.5391407012939,78.6142654418945,,,,,,676.061706542969,182.830764770508,138.996337890625,5.90191173553467,337.488800048828,75.1866989135742,96.6728286743164,374.376892089844,84.4274673461914,103.945625305176,26475,5559,4959.4716796875,1041.3486328125,45,512,95.9112243652344,8.42969703674316,494,877,,,1.64285433292389,0.925393462181091,1.70682632923126,0.902539610862732,240,13,44.9583854675293,2.43524599075317,23.1657447814941,21.5247965768892,644.749187443389,402.020725717506,,,,826.256170722459,515.195849566815,,,17391,74.0307970981154
2016,MG,31053,Januária,94.7034190390846,95.5555938512442,94.7034190390846,67.1092335546168,91.1285455642728,95.896197948099,94.9909474954737,88.5938442969221,100,98.3101991550996,59.3240796620398,73.3252866626433,58.6807708740234,2.30242681503296,43.497200012207,54.0759162902832,,,,,,564.927734375,132.364395141602,97.7593231201172,20.8269519805908,349.436859130859,61.8659057617188,81.6786346435547,385.231567382812,69.6686935424805,87.4730529785156,3903,397,3376.58959960938,343.455322265625,0,94,81.3219146728516,0,78,70,,,0.605588734149933,0.674798846244812,0.676529109477997,0.684747815132141,0,0,0,0,3.91123795509338,24.2209064615587,475.941688447644,240.657404645655,,,,609.926719788942,308.406229105924,,,14151,424.441351946463
2016,MG,31051,Francisco Sá,100,100,100,22.1542227662179,65.9730722154223,70.8690330477356,71.8482252141983,62.3011015911873,81.5177478580171,66.0954712362301,16.7686658506732,65.2386780905753,72.3684234619141,3.21637415885925,20.9064331054688,75.5847930908203,,,,,,574.626953125,136.880477905273,94.8676605224609,14.1509437561035,378.130249023438,72.5879669189453,77.5998077392578,420.318603515625,80.5757904052734,84.0654602050781,4342,1010,5884.50537109375,1368.80480957031,0,116,157.209259033203,0,64,40,,,0.54210090637207,0.867361485958099,0.730480968952179,0.872104823589325,6,0,8.13151359558105,0,3.38406491279602,19.0487414394403,576.406566607389,270.259129952266,,,,738.674032910073,346.341303201331,,,8827,362.170437762198
2016,MG,31048,Ubá,81.6319388705172,72.2653867146114,78.6175233569846,94.8886350656768,93.2038834951456,93.5179897201599,95.3455168475157,87.1216447744146,100,92.175899486008,84.6944603083952,79.6687607081668,78.2811050415039,1.1790257692337,23.9218120574951,74.8681335449219,,,,,,714.154541015625,202.295471191406,128.206359863281,7.93865585327148,344.229064941406,79.9126892089844,83.1346740722656,384.846893310547,90.4247207641602,89.9059906005859,22593,6039,7277.80517578125,1945.322265625,44,690,222.267318725586,14.1735677719116,251,366,,,1.17898321151733,0.808537662029266,1.27674853801727,0.831328094005585,233,4,75.0554885864258,1.28850615024567,21.7792987823486,19.9789240748986,468.545810056935,274.20764253704,,,,600.448785923732,351.401383852664,,,16014,119.503421671285
2016,MG,31077,João Pinheiro,78.6803278688525,97.0232240437159,78.6803278688525,67.5050301810865,71.7303822937626,75.8551307847083,80.6841046277666,64.486921529175,80.9859154929577,76.6599597585513,19.3158953722334,71.327967806841,73.6580505371094,0.89463222026825,25.7455272674561,73.0616302490234,,,,,,632.620361328125,144.917434692383,132.376510620117,2.20264315605164,436.549621582031,91.69091796875,110.489524841309,486.926452636719,101.96858215332,118.895668029785,3865,541,5385.6337890625,753.849365234375,0,50,69.6718444824219,0,61,65,,,0.905734002590179,0.849996507167816,1.22970807552338,0.787291884422302,12,0,16.7212429046631,0,8.75357055664062,31.3206304746767,673.162694747973,468.380562078035,,,,862.668524858759,600.237018053489,,,5269,205.062735286271
2016,MG,31049,Brasília de Minas/São Francisco,99.746068993868,97.5065088554691,97.9989551574115,68.4434270765206,91.4977109221714,94.4735120994114,92.8057553956834,86.5271419228254,100,91.0725964682799,63.3747547416612,81.9816873773708,69.3135452270508,1.15027832984924,26.9387760162354,71.8367309570312,,,,,,577.326721191406,113.388008117676,77.9001617431641,16.8665676116943,352.514251708984,47.1743774414062,62.2282066345215,389.998229980469,53.1598281860352,66.2601089477539,13673,3004,5917.38232421875,1300.06713867188,10,279,120.745246887207,4.32778644561768,156,125,,,0.540973305702209,0.675134718418121,0.746543169021606,0.805401086807251,5,0,2.16389322280884,0,1.15984678268433,22.0886349380613,593.732610473271,244.323108556909,,,,760.877629187812,313.103886017637,,,31774,393.760272356094
2016,MG,31003,Itajubá,84.0045542791248,75.6151439512264,73.2752370803957,64.9053627760252,94.282334384858,92.981072555205,96.4116719242902,82.4921135646688,98.3438485804416,92.0347003154574,55.8753943217666,76.4984227129338,79.5242156982422,0.467289716005325,18.8615131378174,79.6091766357422,,,,,,682.87744140625,188.295211791992,131.265853881836,5.47156238555908,322.779022216797,70.0137100219727,84.9356842041016,361.379730224609,80.2197189331055,92.5698471069336,13037,3016,6409.41162109375,1482.76342773438,33,256,125.857894897461,16.2238693237305,213,415,,,2.04027462005615,1.04717707633972,1.92093074321747,1.06045114994049,81,3,39.8222274780273,1.47489726543427,23.9233245849609,24.2089799348179,684.173963576063,375.835600131886,,,,876.779638131766,481.639201466099,,,8855,105.350485112026
2016,MG,31055,Pirapora,96.5494586715211,100,96.5494586715211,79.9124513618677,89.7373540856031,87.8891050583658,91.5856031128405,83.9007782101167,100,89.7373540856031,67.1692607003891,75.875486381323,77.3573608398438,1.02102100849152,17.4174175262451,81.5615615844727,,,,,,618.458618164062,138.584365844727,98.5948486328125,14.7157192230225,414.883026123047,76.3887557983398,79.8401336669922,463.099029541016,86.9415969848633,86.9149703979492,7647,1317,5272.4111328125,908.037902832031,10,192,132.379104614258,6.89474487304688,105,113,,,0.779106140136719,0.723948180675507,1.08316445350647,0.85443127155304,127,10,87.5632629394531,6.89474487304688,8.96247863769531,17.9174412098136,649.811628500981,246.813717782803,,,,832.743768138968,316.295640705865,,,14101,249.94446531313
2016,MG,31073,Ituiutaba,69.7148764155892,71.6969584760494,64.8177862807418,98.2392776523702,100,100,100,100,100,100,95.7562076749436,77.607223476298,77.9191284179688,1.77192187309265,24.2616996765137,73.9209442138672,,,,,,729.855102539062,212.528839111328,121.815307617188,5.39772748947144,323.8212890625,70.6459732055664,78.6056289672852,360.430450439453,79.5110244750977,85.462272644043,11129,2446,5768.86181640625,1267.91589355469,10,228,118.186767578125,5.18362998962402,109,239,,,1.23888754844666,0.56501567363739,1.52955961227417,0.695643186569214,98,5,50.7995758056641,2.59181499481201,17.1640357971191,22.9464419516056,712.604739466544,460.625540418778,,,,913.214122231057,590.298836470888,,,7608,89.0614279696376
2016,MG,31042,Carangola,94.3400309119011,98.7542503863988,92.0216383307573,83.7965700768776,88.8823181549379,89.1780011827321,93.7315198107629,82.14074512123,95.150798344175,89.4736842105263,78.3560023654642,76.4636309875813,83.5740051269531,0.240673884749413,19.1937427520752,80.5655822753906,,,,,,784.322937011719,204.095993041992,145.447723388672,10.5682954788208,409.839752197266,87.0388946533203,104.376968383789,456.220397949219,98.3201599121094,112.114364624023,10456,2784,8176.3515625,2177.02392578125,25,281,219.735534667969,19.5494251251221,127,164,,,1.2824422121048,0.993110775947571,1.31528532505035,0.937785923480988,95,2,74.2878112792969,1.56395399570465,5.93207740783691,23.0697087342124,596.485197423173,324.703067687945,,,,764.405112427962,416.112061177639,,,12800,239.995478874534
2016,MG,31010,Três Corações,87.764875531269,41.7342137219186,75.5221615057681,90.9310761789601,100,100,100,100,100,100,62.9987908101572,83.3131801692866,69.5279006958008,1.04230535030365,26.9773139953613,67.7498474121094,,,,,,727.444641113281,211.980728149414,131.153533935547,9.85324954986572,403.165679931641,100.344680786133,98.4862899780273,448.843383789062,112.132202148438,106.280281066895,8558,1966,6525.6513671875,1499.11547851562,15,292,222.656005859375,11.4378089904785,82,139,,,1.05990362167358,0.625266909599304,1.39579391479492,0.669874310493469,56,3,42.7011528015137,2.28756165504456,17.9756603240967,26.6807690936182,507.719262073076,355.863394116804,,,,650.65017754577,456.044506995311,,,4878,98.0784347082486
2016,MG,31096,Itambacuri,100,100,100,100,100,100,100,98.6463620981388,100,100,100,85.7868020304569,60.0596122741699,3.12965726852417,37.2578239440918,59.1654243469238,,,,,,838.283081054688,266.726440429688,136.725311279297,10.6951875686646,429.724334716797,103.054237365723,112.520919799805,470.929809570312,114.727088928223,120.261848449707,3749,916,8403.00390625,2053.12109375,0,80,179.311889648438,0,36,37,,,0.829317510128021,0.806903481483459,0.873024761676788,0.910007834434509,22,0,49.3107681274414,0,4.9534912109375,20.5266162586205,774.648503435821,342.119507532376,,,,992.724176423974,438.431501316121,,,5694,352.703150639098
2016,MG,31080,Peçanha/São João Evangelista,88.5215094722942,99.9373592699816,83.4425313626898,100,100,100,100,95.7055214723926,100,100,77.1472392638037,85.4294478527607,76.7228164672852,1.83767223358154,18.9892807006836,79.1730499267578,,,,,,678.900634765625,268.803314208984,96.4934921264648,8.37563419342041,341.794158935547,101.190605163574,76.5617141723633,375.534332275391,111.933029174805,82.0937271118164,3508,1212,6044.62841796875,2088.39501953125,0,84,144.740249633789,0,43,21,,,0.361850619316101,0.740932166576385,0.724993526935577,0.734901368618011,2,0,3.44619631767273,0,5.11760139465332,20.0810945284824,540.6176660743,321.416296352712,,,,692.809996964416,411.900012290446,,,6922,336.94074818537
2016,MG,31091,Cassia,87.511893434824,68.8689343482398,81.5651760228354,100,100,100,100,100,100,100,93.6507936507936,100,74.8076934814453,1.73076927661896,22.115385055542,76.1538467407227,,,,,,602.481994628906,100.080062866211,72.0576477050781,23.5880393981934,263.778472900391,35.651123046875,49.6408729553223,299.208862304688,40.4629592895508,53.1323394775391,4224,1143,8454.763671875,2287.83032226562,0,63,126.100883483887,0,45,58,,,1.16092872619629,0.900720596313477,0.908726990222931,0.816653311252594,19,0,38.0304260253906,0,10.4223375320435,26.5807130751937,813.314410213875,580.808460611806,,,,1042.27514088293,744.315128943769,,,2074,98.9111532733526
2016,MG,31093,Piumhi,95.6009200690052,94.274400125464,95.6009200690052,100,100,100,100,100,100,100,77.3584905660377,100,82.3303451538086,0.768245816230774,22.1510887145996,77.0806655883789,,,,,,647.854309082031,161.963577270508,102.708610534668,7.72357702255249,289.295928955078,51.5015106201172,66.0100784301758,325.714813232422,58.965202331543,71.4346313476562,5680,1599,7479.29345703125,2105.52661132812,10,129,169.864242553711,13.1677703857422,77,76,,,1.00075054168701,1.0139182806015,1.18707454204559,1.05045890808105,50,0,65.8388519287109,0,8.430006980896,24.466647465019,679.919728270767,470.79544447046,,,,871.327769031093,603.33172761989,,,3161,101.253404454535
2016,MG,31067,Padre Paraíso,100,95.5459655716037,100,89.2682926829268,100,100,100,100,100,100,86.3414634146341,87.5609756097561,64.6500625610352,2.84697508811951,27.2835121154785,69.6322631835938,,,,,,748.8349609375,258.717651367188,102.844284057617,9.0128755569458,461.493743896484,119.231170654297,86.4441146850586,509.999816894531,130.818420410156,92.0549774169922,3673,979,5902.2978515625,1573.19616699219,0,108,173.549728393555,0,31,29,,,0.466013163328171,0.498152017593384,0.555600166320801,0.685762465000153,0,0,0,0,1.98135948181152,21.2234288178262,533.241486867982,228.764860591258,,,,683.357307912195,293.165747842973,,,8578,442.178602119456
2016,MG,31079,Conselheiro Lafaiete,89.1550020305943,77.855150940842,78.5471774739407,91.3716814159292,94.1592920353982,92.3451327433628,96.7256637168142,88.8495575221239,95.6194690265487,92.4336283185841,62.0353982300885,71.5929203539823,76.2881927490234,0.455996364355087,20.7934341430664,78.3401718139648,,,,,,678.566589355469,219.648452758789,127.537811279297,8.03212833404541,338.681060791016,88.9013214111328,88.4238357543945,376.86328125,100.660011291504,95.2807922363281,10777,3241,5873.82470703125,1766.45324707031,9,251,136.803375244141,4.90530061721802,166,253,,,1.37893450260162,0.904755413532257,1.47554159164429,0.890857040882111,72,1,39.2424049377441,0.545033395290375,27.481128692627,25.6102374633589,625.656643771784,342.237953897786,,,,801.788777307036,438.583292186472,,,7047,90.951569794913
2016,MG,31026,Diamantina,96.2565840285557,100,96.2565840285557,93.7142857142857,83.1168831168831,85.9220779220779,86.4935064935065,75.0649350649351,87.5324675324675,82.961038961039,90.3896103896104,71.6363636363636,74.1603469848633,1.13759481906891,19.8266525268555,78.548210144043,,,,,,615.339050292969,165.641098022461,88.8118209838867,14.6620845794678,346.75341796875,76.4545364379883,73.3229141235352,385.111724853516,86.3928298950195,78.4455490112305,10598,2380,7470.06103515625,1677.556640625,30,385,271.369476318359,21.1456718444824,171,156,,,1.09957492351532,1.20530331134796,1.40001976490021,1.2331451177597,15,0,10.5728359222412,0,7.54054689407349,20.4249787963501,578.259887201344,286.226321930835,,,,741.049092246177,366.803509526425,,,12928,229.367002099975
2016,MG,31066,Nanuque,100,98.577238652628,94.5030963481514,75.5260243632337,77.0764119601329,77.0764119601329,80.6201550387597,72.0930232558139,80.9523809523809,79.4019933554817,65.1162790697674,60.2436323366556,73.8853530883789,0.382165610790253,20.764331817627,78.8535003662109,,,,,,777.967712402344,230.347991943359,141.975494384766,10.4283056259155,388.576324462891,88.2716217041016,91.2919692993164,432.270904541016,99.589485168457,100.161437988281,3464,1034,5018.39892578125,1497.98620605469,0,72,104.308525085449,0,43,52,,,0.753339350223541,0.622953653335571,0.747906565666199,0.675107955932617,24,0,34.7695083618164,0,10.0628747940063,25.5150939642588,555.807025151162,307.39744145116,,,,712.275398256882,393.934630411019,,,5172,160.639989322243
2016,MG,31020,Guanhães,94.6044076669763,99.6833572574517,94.6044076669763,100,100,100,100,94.5111492281304,100,100,36.7924528301887,90.9090909090909,74.1514358520508,0.870322048664093,16.9712791442871,82.0713653564453,,,,,,716.903503417969,213.249313354492,130.735763549805,8.37070274353027,365.988464355469,78.2996292114258,78.0354919433594,407.867950439453,88.8639602661133,84.9429092407227,7668,2526,8217.064453125,2706.87329101562,0,218,233.609802246094,0,83,76,,,0.814419507980347,0.889431834220886,1.01427376270294,0.913007140159607,14,0,15.0024642944336,0,7.39514350891113,21.3214095528383,640.66254750888,336.849400276147,,,,821.019077711457,431.677776417149,,,7396,198.883914003901
2016,MG,31088,Oliveira/Santo Antônio do Amparo,98.6967117914739,100,98.542487766798,60.0185528756957,91.3729128014842,94.3413729128015,95.2690166975881,88.8682745825603,100,91.2801484230056,52.1335807050093,78.5714285714286,79.19921875,0.78125,16.40625,82.71484375,,,,,,721.301391601562,220.610809326172,156.345916748047,2.26063823699951,324.353912353516,73.2443771362305,95.2541961669922,362.529144287109,82.9640121459961,104.317794799805,6954,1527,6670.11962890625,1464.66394042969,18,226,216.77409362793,17.265193939209,88,106,,,1.01672804355621,0.844076097011566,1.25340509414673,0.899948179721832,37,1,35.4895629882812,0.959177434444427,16.6916046142578,24.8626524619967,653.012577934014,341.44018723114,,,,836.845834915821,437.560941722213,,,5104,120.692380345459
2016,MG,31071,Frutal / Iturama,81.7667549434018,80.4986586893479,68.6676695513902,78.7836583101207,97.6323119777159,99.8607242339833,100,92.8969359331476,97.9572887650882,96.1467038068709,70.2414113277623,75.719591457753,74.1712036132812,0.94012862443924,27.2637310028076,71.6476974487305,,,,,,651.634521484375,172.441268920898,112.684394836426,9.4323148727417,377.570587158203,81.9230194091797,79.2093887329102,419.479522705078,93.7221145629883,85.8162307739258,7903,1800,4497.70068359375,1024.40356445312,0,159,90.4889831542969,0,147,176,,,1.00163900852203,0.836596250534058,1.01245224475861,0.774278342723846,78,0,44.3908195495605,0,25.6630172729492,26.6083470105553,798.205739998415,592.753712448053,,,,1022.91314362872,759.623156053768,,,7037,112.216783299982
2016,MG,31004,Lavras,79.9990075590916,74.9188128201311,68.0621488551091,87.3268988669744,92.6143516575745,93.3277381451951,94.2089802769618,90.4741921947125,97.440201426773,93.4536298783047,79.7733948804028,90.26437263953,81.4921112060547,0.526064097881317,22.5729312896729,76.9010009765625,,,,,,687.942749023438,191.34098815918,137.699157714844,4.0192928314209,334.876647949219,73.6189880371094,85.2764739990234,373.045227050781,84.2148361206055,92.3337326049805,8964,1793,4957.16943359375,991.544494628906,33,225,124.426948547363,18.2492847442627,150,292,,,1.61478519439697,0.82951295375824,2.11138701438904,0.838084578514099,106,7,58.6189155578613,3.8710606098175,21.1747016906738,29.0209264858369,784.05519960129,445.914375455257,,,,1004.77900472651,571.446248415952,,,7325,105.418401502532
2016,MG,31052,Janaúba/Monte Azul,99.6050394243118,100,99.6050394243118,72.0906544435956,83.6007130124777,86.6310160427807,89.8141074611663,75.4010695187166,91.4693149987268,82.6585179526356,65.9536541889483,71.3776419658773,73.1206665039062,1.88626909255981,19.2787799835205,78.8072128295898,,,,,,630.606140136719,113.074203491211,94.9533386230469,17.2413787841797,375.427612304688,53.4222450256348,75.2807388305664,417.563507080078,60.1118850708008,80.8203201293945,16157,3313,5855.57666015625,1200.68859863281,20,281,101.83927154541,7.24834632873535,252,239,,,0.866177380084991,0.91329163312912,0.890096962451935,0.942466259002686,33,0,11.9597721099854,0,3.63975715637207,18.9507191634596,666.11749798034,212.541476246649,,,,853.639994979887,272.375226992704,,,34081,338.197048080251
2016,MG,31038,Mantena,92.0030507612779,91.1909268099771,91.3519392107568,100,100,100,100,100,100,100,100,100,76.8484878540039,1.57575762271881,21.4545459747314,76.6060638427734,,,,,,734.6728515625,243.458831787109,161.828521728516,7.01754379272461,361.780731201172,98.1367492675781,104.50212097168,402.494171142578,109.047416687012,114.447212219238,4954,1974,7094.6767578125,2826.98681640625,0,145,207.656066894531,0,62,60,,,0.859266459941864,0.887908697128296,0.84888368844986,0.891130924224854,19,0,27.2101058959961,0,4.96369600296021,18.6072312741677,556.470454744083,277.346022046489,,,,713.125593659476,355.423266293546,,,6643,233.026883252162
2016,MG,31084,Montes Claros ,100,100,100,34.7559149445942,80.9673554956574,83.1087151841869,84.2168313866427,65.8730158730159,87.1069182389937,79.9940101826894,33.0188679245283,69.6615753219527,72.7141723632812,2.80224180221558,26.0208168029785,71.0488357543945,,,,,,543.493408203125,97.4010848999023,87.1728134155273,14.7989730834961,347.873504638672,47.8699111938477,74.8082733154297,384.216339111328,53.7977523803711,80.2370452880859,27521,4646,6397.5546875,1080.01306152344,93,796,185.038818359375,21.6188564300537,511,1171,,,2.72211623191833,1.18787479400635,2.71020269393921,1.17113769054413,328,20,76.2471542358398,4.6492166519165,20.1573753356934,20.3946678307796,397.28075771479,189.1684310621,,,,509.121506415177,242.422303920576,,,25144,136.740477881344
2016,MG,31065,Itaobim,98.4800193166727,100,98.4800193166727,99.7929606625259,100,100,100,100,100,100,88.1987577639752,80.0207039337474,70.7777786254883,1.55555558204651,24.7777786254883,73.6666641235352,,,,,,739.473876953125,191.943298339844,86.1284027099609,17.8036613464355,419.900695800781,77.7650451660156,65.9760818481445,465.504608154297,88.2175216674805,69.8717727661133,5277,1191,6492.8515625,1465.41333007812,0,113,139.035858154297,0,68,51,,,0.627506971359253,0.836675941944122,0.85543966293335,0.846211552619934,8,0,9.84324645996094,0,2.86684536933899,18.9253778845338,516.374049367211,228.349554270119,,,,661.74142286618,292.633526295021,,,10095,376.501393618483
2016,MG,31032,Pará de Minas,80.1925897583062,79.6505324915503,78.9171608953511,67.6590410529615,65.8414290191163,74.9608273268568,76.7471012221874,73.6446255092447,84.832340958947,73.3939204011282,60.294578502037,69.2572861172046,75.5147323608398,0.91859358549118,25.8473224639893,72.9173278808594,,,,,,517.504943847656,114.861869812012,84.3712692260742,8.95883750915527,352.436431884766,67.2992553710938,73.9259719848633,394.231689453125,75.9436340332031,79.6968383789062,11297,1321,4718.52587890625,551.754699707031,6,168,70.170166015625,2.5060772895813,165,186,,,0.776883959770203,0.689171254634857,1.09818398952484,0.683636963367462,49,0,20.4662971496582,0,24.5445213317871,27.2723978500942,623.544217125114,354.42476562925,,,,799.081669510699,454.200882081363,,,4602,45.3374658152389
2016,MG,31025,Vespasiano,89.6565805974469,58.8662014855783,74.9519277147175,79.5800299978573,95.3503321191344,98.5643882579816,100,87.8937218770088,100,97.4716091707735,72.1234197557317,82.6226698092993,71.5016708374023,1.24582874774933,33.7041168212891,64.8720779418945,,,,,,528.328979492188,136.927108764648,95.3088989257812,4.69031858444214,335.050201416016,69.1800537109375,78.206169128418,373.402404785156,78.4416198730469,84.2342529296875,15486,2066,4919.84521484375,656.360595703125,0,200,63.5392646789551,0,221,370,,,1.17547643184662,0.702108860015869,1.80920112133026,0.726809740066528,75,0,23.8272247314453,0,24.5232963562012,28.8237781728656,679.816280841477,456.618096807971,,,,871.195199532038,585.163234787725,,,11594,90.8728726182943
2016,MG,31078,Congonhas,92.4614706458565,86.5310520472801,89.6876836674721,100,100,100,100,100,100,100,98.7108655616943,89.134438305709,80.3680953979492,0.429447859525681,14.171778678894,85.2760772705078,,,,,,653.418579101562,202.559768676758,142.935317993164,4.625,367.601501464844,99.3187561035156,108.294403076172,411.201568603516,110.490074157715,116.523490905762,6820,1655,5570.3935546875,1351.759765625,0,137,111.897933959961,0,114,184,,,1.50286281108856,0.931121528148651,1.84447824954987,0.832496166229248,78,4,63.7083129882812,3.26709294319153,33.2851448059082,25.977027839238,1061.46083260433,824.663366462545,,,,1360.27866339348,1056.81900586848,,,3574,61.5483285484062
2016,MG,31018,Contagem,71.1048786667417,52.6743989640223,58.6784246382523,81.6617259552042,87.4341238471673,88.7516469038208,90.8267457180501,83.2345191040843,92.967720685112,89.451581027668,72.7355072463768,79.1254940711462,72.7424163818359,0.683850586414337,27.292652130127,71.6903381347656,,,,,,520.845520019531,119.509483337402,92.3002548217773,7.54334592819214,353.669189453125,66.8740844726562,78.8748474121094,393.618225097656,75.8845825195312,84.8328247070312,34004,4728,3988.02783203125,554.505249023438,43,379,44.4495544433594,5.04308891296387,483,1036,,,1.21503257751465,0.566467940807343,1.97302067279816,0.651320815086365,316,28,37.0608406066895,3.28387188911438,35.8746604919434,30.1201246790898,639.112203467678,395.973646085635,,,,819.032287567735,507.44642241283,,,34121,91.6023505871884
2016,MG,31050,Coração de Jesus,100,100,100,34.3195266272189,95.2662721893491,100,100,87.7712031558185,100,100,30.1775147928994,88.1656804733728,70.2702713012695,2.70270276069641,28.6036033630371,68.4684677124023,,,,,,610.626159667969,130.099044799805,62.9511489868164,19.2439861297607,347.032684326172,61.3145179748535,47.5807800292969,382.669494628906,67.697509765625,51.9326019287109,2469,464,5180.87939453125,973.644470214844,0,30,62.9511489868164,0,43,36,,,0.755413770675659,0.902299821376801,1.00407087802887,0.978890359401703,3,0,6.29511499404907,0,1.22125232219696,19.0484124284211,593.461390807679,273.941860527455,,,,760.530056943161,351.060780049258,,,7184,405.298603507587
2016,MG,31012,Varginha,72.4017737549215,56.0772415472663,58.7028656086374,85.4116706634692,96.6027178257394,98.2414068745004,99.9200639488409,91.1670663469225,99.5603517186251,94.9640287769784,77.2182254196643,84.3725019984013,77.6237640380859,0.594059407711029,16.0792083740234,82.6930694580078,,,,,,703.842407226562,172.276229858398,119.424530029297,6.71480131149292,367.886077880859,76.2467498779297,83.4498901367188,410.792602539062,86.0018615722656,90.2211532592773,11295,1835,5740,932.527709960938,44,318,161.604248046875,22.3603363037109,188,377,,,1.91587436199188,0.955396234989166,2.37692928314209,1.0129486322403,241,10,122.473663330078,5.08189487457275,29.4612674713135,30.7466675427593,800.321768418296,409.915146243307,,,,1025.62486715377,525.31267297777,,,5034,64.8899654195664
2016,MG,31057,Patos de Minas,99.6395594184944,94.8984688050485,91.0884840976403,81.1681772406848,80.3961060758644,80.2282645182947,83.014434373951,74.0516951997315,77.0728432359852,78.0127559583753,41.0876132930514,62.4034911043974,76.5540542602539,0.405405402183533,22.4662170410156,76.5878372192383,,,,,,634.108032226562,166.260040283203,126.048309326172,2.37804889678955,326.548553466797,63.9635620117188,89.3556137084961,363.173583984375,73.2727813720703,96.0621795654297,12344,2262,4772.8232421875,874.605102539062,81,370,143.060958862305,31.3187522888184,328,436,,,1.68579947948456,1.26821613311768,2.2556266784668,1.31538760662079,175,21,67.6639709472656,8.11967658996582,15.3407754898071,27.0529099693528,878.929427039048,430.81657900913,,,,1126.36181148244,552.098186067258,,,8673,79.3109093287906
2016,MG,31098,salinas,100,100,100,60.0891861761427,83.0546265328874,86.7335562987737,86.5105908584169,74.1360089186176,93.422519509476,84.2809364548495,61.2040133779264,75.139353400223,76.3799743652344,1.28369700908661,17.7150192260742,81.0012817382812,,,,,,703.990234375,149.507202148438,97.2522583007812,25.3608245849609,335.644836425781,61.8861045837402,72.7074966430664,371.372375488281,69.6302108764648,76.97216796875,4747,976,6890.39501953125,1416.68969726562,0,52,75.4793701171875,0,50,41,,,0.595125794410706,0.725763142108917,1.1107804775238,0.784549951553345,26,0,37.7396850585938,0,4.18039560317993,17.1333461347065,587.253150231729,226.149141675579,,,,752.574099517998,289.813663129962,,,7023,273.107031466075
2016,MG,31022,Ouro Preto,100,85.9637689889708,85.0191121868942,100,94.3645990922844,96.0665658093797,97.125567322239,90.7715582450832,99.8865355521936,95.3479576399395,91.4145234493192,76.1724659606657,68.8879776000977,0.858544588088989,21.7497959136963,77.3916625976562,,,,,,572.205322265625,171.003875732422,114.002586364746,7.85440635681152,326.70068359375,76.5622940063477,88.6468276977539,364.488067626953,86.7843017578125,95.279167175293,11125,2379,6097.494140625,1303.90454101562,10,182,99.7522659301758,5.48089361190796,153,275,,,1.50724577903748,0.83857673406601,2.17824411392212,0.864336907863617,67,0,36.7219886779785,0,33.4723663330078,28.5566863736689,1210.01437512228,891.02063330145,,,,1550.6523522303,1141.856881473,,,8385,131.335405862061
2016,MG,31031,Itaúna,87.6918410179052,89.1347478192431,84.4207057125992,95.5079474775397,92.5362819626814,94.5404284727021,96.1990324809952,88.5970974429855,100,94.4713199723566,52.5224602626123,81.271596406358,75.7910232543945,1.03016924858093,23.0316410064697,75.9381866455078,,,,,,772.165832519531,227.784820556641,158.709274291992,1.5974440574646,387.161682128906,89.7991256713867,108.623489379883,431.448852539062,101.934547424316,116.668815612793,6749,1596,5549.890625,1312.43518066406,10,110,90.4560623168945,8.2232780456543,125,173,,,1.42262721061707,1.02790975570679,1.59017646312714,1.03469407558441,35,0,28.7814750671387,0,24.0843372344971,27.4306961920447,815.130807205564,441.915382754858,,,,1044.60288204506,566.32147670669,,,3355,61.361853608644
2016,MG,31009,São Sebastião do Paraíso,99.299067275253,96.8461996427863,93.0978368723953,100,100,100,100,100,100,100,76.8646408839779,97.0303867403315,86.6192169189453,0.640569388866425,12.9537363052368,86.4056930541992,,,,,,763.071228027344,177.141525268555,134.659622192383,11.5546216964722,333.104156494141,60.8652076721191,78.798095703125,370.702453613281,69.8606109619141,84.6879959106445,8716,1416,6986.26953125,1134.98828125,30,177,141.87353515625,24.0463619232178,163,206,,,1.6511834859848,1.30651891231537,2.0547616481781,1.4630206823349,85,7,68.1313552856445,5.61081743240356,18.2960739135742,31.0084566913669,947.556095751748,458.555596036441,,,,1214.30796109271,587.646170360923,,,4576,89.2850898405422
2016,MG,31076,Manga,100,100,100,71.1557788944724,94.1708542713568,95.2763819095477,97.8894472361809,89.9497487437186,100,96.2814070351759,66.3316582914573,69.5477386934673,67.6957015991211,1.10253584384918,21.8302097320557,77.067253112793,,,,,,666.249145507812,165.257629394531,99.1545791625977,17.4934730529785,414.363555908203,72.5186462402344,77.3513031005859,457.109252929688,81.3011169433594,82.9044494628906,3814,1110,6634.65869140625,1930.90490722656,0,59,102.633682250977,0,48,29,,,0.504470646381378,0.834985911846161,0.652767658233643,0.895870327949524,0,0,0,0,0.845423221588135,16.1403265846783,509.236117825546,214.083568007091,,,,652.594051923564,274.351441709528,,,8642,510.670787225975
2016,MS,50004,Três Lagoas,78.7990584901901,88.6642514037793,72.7047009083061,82.0061075875029,83.5799859055673,84.4256518675123,86.6337796570355,81.9356354240075,84.4726333098426,85.553206483439,74.9823819591261,73.9252995066949,72.5519256591797,0.74183976650238,25.8160228729248,73.3432235717773,,,,,,659.869995117188,174.167785644531,165.05859375,2.04307007789612,401.99951171875,84.1222686767578,119.044464111328,446.062316894531,95.3732452392578,128.862777709961,15586,3175,5679.03564453125,1156.86755371094,10,337,122.791931152344,3.64367747306824,306,372,,,1.35544800758362,1.11496531963348,1.29596495628357,1.14192855358124,244,14,88.9057312011719,5.10114860534668,27.0666942596436,27.2123404937248,1045.78608822703,667.175897318969,,,,1340.19123324472,854.996350290855,,,11997,113.966317980796
2016,MS,50001,Campo Grande,61.3909640918488,85.6853835693675,55.8815075232441,100,95.2310048498256,99.3533565898069,100,93.0485833404237,100,97.9154258487195,94.7332595932953,83.0341189483536,68.9768218994141,1.45344972610474,33.5977325439453,64.8690567016602,,,,,,604.050170898438,148.302200317383,146.052093505859,2.43819832801819,367.253112792969,74.0762405395508,107.721176147461,411.087524414062,84.6470642089844,117.82795715332,89622,14459,6110.86865234375,985.8857421875,183,2208,150.552291870117,12.4778394699097,1482,3075,,,2.09668612480164,1.01050043106079,2.44838404655457,1.13452887535095,1153,152,78.6172103881836,10.364107131958,24.9972629547119,28.2143060866113,1060.09975052763,534.331773786869,,,,1358.53441541824,684.754527656139,,,66134,114.21138392533
2016,MS,50003,Dourados,81.3513422572054,85.0228746399939,77.8586445700926,100,100,100,100,100,100,100,100,94.4600938967136,64.7041473388672,1.67059171199799,33.904914855957,64.2773056030273,,,,,,648.6123046875,179.042098999023,156.523406982422,2.56118392944336,423.401458740234,91.6023483276367,120.790939331055,470.662963867188,103.896865844727,130.680130004883,52942,13059,6514.67138671875,1606.94909667969,54,1192,146.679168701172,6.64486169815063,841,1000,,,1.23052990436554,1.0348756313324,1.38932979106903,1.10510814189911,646,51,79.4922332763672,6.27570247650146,22.4337921142578,23.150220923202,811.454898367749,446.08897003946,,,,1039.89214736031,571.669994107116,,,44703,153.434341142299
2016,MS,50002,Corumbá,89.7514480983174,82.8327561371786,85.47611020871,86.3188167625308,39.4412489728841,41.2900575184881,40.9202958093673,36.4420706655711,40.3861955628595,36.7707477403451,84.0180772391126,36.0312243221035,59.2476501464844,3.22436189651489,32.0644874572754,64.1289749145508,,,,,,611.773986816406,211.008895874023,164.708389282227,2.85359811782837,439.015441894531,138.003677368164,146.409973144531,486.414123535156,156.106002807617,158.336654663086,8143,1650,6180.73876953125,1252.39086914062,7,143,108.540550231934,5.31317377090454,85,141,,,1.07022500038147,0.645171105861664,0.939293205738068,0.729422867298126,60,3,45.5414886474609,2.27707433700562,18.6613845825195,18.3673462110067,913.823269795167,414.092897842186,,,,1171.07881688386,530.666527012091,,,8424,178.568672692872
2016,MT,51002,Baixada Cuiabana,51.9256261664294,57.0474254007089,41.0724052556646,93.2822933456136,79.3575869214828,86.3285747179369,90.6746488602349,82.2588072760764,92.9484227492517,88.4872208151048,85.9486530048354,73.1521989408243,65.6584320068359,0.738665282726288,31.2213439941406,66.9574661254883,,,,,,586.567993164062,151.870147705078,138.36833190918,3.20179986953735,413.962005615234,91.2523193359375,116.628791809082,460.243194580078,103.664825439453,125.539672851562,55454,7328,5629.55029296875,743.920104980469,190,1739,176.538909912109,19.2883224487305,1206,2108,,,2.13998866081238,1.22430086135864,2.46885442733765,1.29234290122986,1056,251,107.202461242676,25.4808883666992,28.2794208526611,26.9578819315633,884.672527033181,407.858925234419,,,,1133.72168397495,522.67759358558,,,48955,116.021338738641
2016,MT,51006,Médio Araguaia,89.8827382326113,97.2316551822668,89.8827382326113,92.8368391131325,92.5525866969869,98.8629903354178,96.304718590108,90.6765207504264,91.8135304150085,97.2711768050028,85.2757248436612,77.3735076748152,60.8148574829102,2.75614142417908,38.1066513061523,58.418212890625,,,,,,416.497589111328,87.5712814331055,82.231575012207,7.692307472229,330.469818115234,58.2333450317383,75.0608291625977,365.853179931641,64.8464965820312,79.6055603027344,4264,1018,4553.70703125,1087.16552734375,0,168,179.414337158203,0,105,72,,,0.768918573856354,1.12133967876434,0.90107649564743,1.18274629116058,75,0,80.0956878662109,0,6.40338325500488,25.3989438583872,945.657822304728,606.116415982213,,,,1211.87529397212,776.747669690482,,,4663,174.870965139937
2016,MT,51001,Alto Tapajós,91.596418304716,100,91.596418304716,87.9224030037547,90.8635794743429,93.7421777221527,99.1239048811014,84.0425531914894,87.6095118898623,92.5531914893617,76.4080100125156,65.3316645807259,72.7272720336914,0.25789812207222,26.3700847625732,72.4693756103516,,,,,,501.125152587891,118.189895629883,112.516784667969,4.33962249755859,356.986633300781,73.7614135742188,90.7586288452148,397.181396484375,83.3351516723633,98.224494934082,6635,1146,6273.52001953125,1083.56494140625,0,159,150.337554931641,0,82,103,,,0.973884761333466,0.77532571554184,0.818583250045776,0.745778262615204,67,0,63.3497848510742,0,3.3584840297699,24.4291444445981,649.622922165053,391.246524118891,,,,832.501938017191,501.388541657264,,,5360,127.10829282913
2016,MT,51013,Sul Matogrossense,76.3312973507893,88.2330753881345,71.5234178549991,95.8865086599818,87.8532360984503,95.4079307201459,97.2310847766636,89.8017319963537,90.8500455788514,92.5022789425706,91.9667274384686,72.732452142206,73.0652389526367,0.583161234855652,27.3113842010498,71.8381729125977,,,,,,560.118469238281,136.426452636719,97.7295150756836,6.02749395370483,395.978576660156,81.8868865966797,84.6489562988281,440.950744628906,92.9581451416016,90.9995498657227,31936,5738,6305.23193359375,1132.87268066406,39,779,153.800598144531,7.69990110397339,427,564,,,1.1135241985321,0.843040466308594,1.31683123111725,0.873691976070404,328,42,64.7581405639648,8.29220104217529,15.6146097183228,27.6406588810181,903.973238298655,576.735064296399,,,,1158.45584741867,739.095007837842,,,22534,108.115984554565
2016,MT,51009,Norte Araguaia Karajá,96.6672400447235,100,96.6672400447235,100,100,100,100,100,100,100,53.6945812807882,100,60.0823059082031,0.411522626876831,39.0946502685547,60.4938278198242,,,,,,342.981414794922,83.6540069580078,33.4616012573242,30.4878044128418,235.06852722168,51.3555870056152,25.954122543335,261.820709228516,59.1855430603027,28.675163269043,1215,334,5081.98095703125,1397.02197265625,0,40,167.308013916016,0,22,17,,,0.711059033870697,0.920194089412689,0.757068753242493,0.890915155410767,0,0,0,0,2.78986120223999,21.0655874800114,1121.03873594433,637.742291339585,,,,1436.62867861192,817.276723743493,,,1557,167.552649564234
2016,MT,51004,Centro Norte,91.7014635356375,99.0305109971887,86.9377377211841,93.8001458789205,100,98.9788475565281,99.1247264770241,99.2706053975201,100,100,84.6827133479212,100,69.8587112426758,2.51177382469177,21.2715854644775,76.2166442871094,,,,,,574.64892578125,145.174468994141,105.856376647949,8.94736862182617,382.625732421875,76.5110549926758,84.6786346435547,428.892028808594,86.8601455688477,91.3842239379883,5913,1425,5961.2265625,1436.62231445312,0,200,201.631195068359,0,79,56,,,0.56456732749939,0.796443223953247,0.695375561714172,0.818118572235107,32,0,32.2609901428223,0,7.09640979766846,27.1446736337445,843.55094347768,508.345484484371,,,,1081.02373130696,651.45269136301,,,6490,194.465125160198
2016,MT,51005,Garças Araguaia,88.005635102404,94.8789771135753,88.005635102404,94.8071216617211,85.3610286844708,90.702274975272,99.8021760633037,81.2067260138477,83.4817012858556,89.8615232443126,83.6300692383778,73.3432245301681,46.4406776428223,4.4552059173584,44.5036315917969,46.3922500610352,,,,,,568.113403320312,162.89128112793,126.782379150391,9.60451984405518,365.746978759766,87.0353851318359,102.45524597168,401.195037841797,96.0140228271484,108.525688171387,7248,1701,5815.94091796875,1364.91662597656,10,236,189.371139526367,8.02420139312744,139,142,,,1.13943648338318,1.11536395549774,1.40965151786804,1.16431152820587,36,0,28.8871231079102,0,11.4962730407715,25.3054137373327,932.069068167451,477.5088211292,,,,1194.46109295098,611.935024837935,,,7832,167.281160794015
2016,MT,51011,Oeste Matogrossense,69.2675886320099,58.1803868055738,56.6714776812659,91.446499339498,87.8797886393659,91.446499339498,96.1030383091149,81.8692206076618,94.0885072655218,89.5310435931308,85.1387054161163,68.7582562747688,68.806022644043,0.93223375082016,37.7913246154785,61.09716796875,,,,,,644.250854492188,189.184768676758,127.31623840332,4.68253946304321,405.425933837891,96.2264633178711,97.1696548461914,450.039703369141,109.797561645508,104.229629516602,13245,2064,6772.30322265625,1055.34423828125,25,342,174.868087768555,12.7827548980713,184,223,,,1.14022171497345,0.940810739994049,1.2431229352951,0.947074294090271,102,10,52.153636932373,5.11310195922852,12.0924854278564,24.5714810413035,558.936688178229,352.159791125173,,,,716.286110389222,451.298281819169,,,13576,167.291201245076
2016,MT,51007,Médio Norte Matogrossense,90.3437131121478,72.5460730635375,81.3120423728444,100,100,100,100,100,100,100,100,100,71.7292861938477,0.7460697889328,24.8068218231201,74.3938217163086,,,,,,448.730438232422,99.0593566894531,94.8260498046875,8.30188655853271,375.556213378906,78.349853515625,95.0658798217773,419.549743652344,86.8468246459961,102.974380493164,13700,3475,5799.62939453125,1471.07385253906,0,353,149.435699462891,0,175,231,,,0.977893650531769,0.740828514099121,1.18691313266754,0.771202504634857,155,54,65.6162414550781,22.8598518371582,19.3550987243652,25.2843053733027,694.467294266207,456.638314834236,,,,889.970702448951,585.189144504692,,,9253,98.2512669799061
2016,MT,51008,Noroeste Matogrossense,75.9969431249959,94.6787975413238,75.9969431249959,96.4237818506929,91.4617791685293,95.4850245864998,99.731783638802,87.7961555654895,92.8922664282521,95.3062136790344,86.544479213232,78.7662047384891,73.3598403930664,0.596421480178833,32.8528823852539,66.5506973266602,,,,,,395.484558105469,92.151741027832,85.1123733520508,1.6181229352951,342.767791748047,73.6813430786133,78.5476989746094,384.729309082031,85.0226974487305,87.519645690918,8195,1764,5244.330078125,1128.85888671875,0,230,147.186813354492,0,116,72,,,0.460758715867996,0.742333471775055,0.59578663110733,0.744893252849579,91,10,58.2347831726074,6.39942646026611,2.08877277374268,28.9731157205494,674.255546864916,400.761163039831,,,,864.069031944145,513.581700289687,,,8172,142.089646312603
2016,MT,51012,Sudoeste Matogrossense,91.8282560667541,100,89.1876666872046,83.4362139917695,90.6378600823045,97.6337448559671,97.0164609053498,90.7407407407407,96.0905349794239,91.2551440329218,72.2736625514403,74.2283950617284,69.8133316040039,0.906666696071625,31.3066673278809,67.6266632080078,,,,,,457.646301269531,101.984848022461,90.8436431884766,17.6029968261719,333.323699951172,68.3857955932617,83.3539352416992,370.402954101562,77.2316513061523,89.517951965332,8166,2285,6998.388671875,1958.28051757812,0,168,143.978607177734,0,81,65,,,0.557060122489929,0.694182574748993,0.635048508644104,0.702324211597443,41,0,35.137638092041,0,10.2936134338379,22.4476231438918,793.9622711734,485.649586805039,,,,1017.47507194096,622.3675434127,,,6994,154.287887379177
2016,MT,51003,Araguaia Xingu,90.0095045740763,100,90.0095045740763,100,100,100,100,100,100,100,93.2788374205268,96.1852861035422,65.1999969482422,0.959999978542328,34.4000015258789,64.1600036621094,,,,,,355.711608886719,57.7453880310059,72.7591934204102,18.5064926147461,303.352630615234,44.3345222473145,66.9054489135742,334.153991699219,49.93505859375,72.6416473388672,3511,546,4054.88110351562,630.579650878906,0,112,129.349670410156,0,56,40,,,0.46196311712265,0.64674836397171,0.568214654922485,0.662628352642059,17,0,19.6334323883057,0,1.92292141914368,22.1414602944529,741.35492059594,362.854845752643,,,,950.05792914107,465.004161646953,,,6129,211.120137782132
2016,MT,51014,Teles Pires,89.1470775748602,80.789065070747,77.8905478775913,98.9629824100814,100,100,100,99.4880546075085,100,100,94.0141769493305,83.2895773168811,73.1249160766602,0.540331900119781,23.5430335998535,75.9037704467773,,,,,,413.095306396484,80.822998046875,78.5779113769531,3.92512083053589,383.912689208984,71.9628524780273,85.3933792114258,429.125244140625,82.0636291503906,92.6094970703125,20111,3373,5016.76318359375,841.407287597656,32,463,115.497062683105,7.98251819610596,564,528,,,1.31711554527283,1.40691888332367,1.58571481704712,1.5015242099762,337,77,84.0658950805664,19.207935333252,17.8381843566895,29.1978456641135,810.498242151345,598.550404102564,,,,1038.66617745223,767.051707097481,,,11221,70.2012087489897
2016,MT,51010,Norte Matogrossense,82.9201961658493,100,74.4048149799376,87.6269621421976,82.4561403508772,94.921514312096,99.1689750692521,88.7349953831948,92.5207756232687,99.1689750692521,74.4228993536473,71.7451523545706,82.0969314575195,0.791295766830444,18.3976268768311,80.6132507324219,,,,,,570.989685058594,117.386199951172,107.241714477539,13.4517765045166,354.863739013672,60.7423210144043,82.0885620117188,397.025543212891,69.7969818115234,88.8226547241211,4059,942,5882.35302734375,1365.15808105469,8,128,185.499176025391,11.5936985015869,70,78,,,1.13038563728333,1.01444864273071,1.26407551765442,1.07748937606812,39,10,56.5192832946777,14.4921236038208,3.33753609657288,25.3439244814717,733.325630856785,459.464774518421,,,,939.768268723193,588.811296809555,,,3245,114.332969197592
2016,MT,51015,Vale do Peixoto,85.4593837813148,95.4285033412438,85.4593837813148,100,100,99.4617224880383,100,100,100,100,100,77.811004784689,75.5227584838867,1.04551041126251,25.7072563171387,73.1857299804688,,,,,,498.743469238281,125.65242767334,104.388168334961,6.39534902572632,375.556274414062,77.5420684814453,86.7120971679688,417.241516113281,86.8935852050781,92.3711013793945,5963,1107,5763.580078125,1069.97875976562,0,161,155.615692138672,0,61,56,,,0.541271984577179,0.589599847793579,0.665716230869293,0.596849024295807,33,0,31.8963851928711,0,2.19215154647827,28.8340896783353,705.772371741207,396.076550579614,,,,904.45833609957,507.578296131792,,,6223,165.60251526362
2016,MT,51016,Vale dos Arinos,81.0436512490914,100,75.3050996595126,100,100,100,100,72.1719457013575,100,90.8371040723982,100,93.4389140271493,76.5625,0.142045453190804,24.7159099578857,75.1420440673828,,,,,,518.337585449219,136.110229492188,102.548805236816,6.83453226089478,367.503479003906,83.7334060668945,87.4422073364258,409.800933837891,94.4920349121094,97.8213272094727,3189,711,5945.96630859375,1325.67639160156,3,91,169.671661376953,5.59357118606567,41,45,,,0.83903568983078,0.76445472240448,1.0091735124588,0.80267745256424,37,0,68.9873809814453,0,4.63334131240845,27.5865069861756,937.059396164363,541.571389510316,,,,1200.85627635203,694.032208468544,,,1901,93.5546801886669
2016,PA,15011,Tocantins,54.1271582941689,98.3446636115693,47.642706718162,78.4570230607966,73.0985324947589,75.958071278826,78.4234800838574,66.0712788259958,70.8763102725367,70.1299790356394,53.517819706499,57.5849056603774,46.073070526123,3.0200469493866,50.7159576416016,46.0991058349609,,,,,,357.729278564453,81.2150115966797,85.4894866943359,9.92995452880859,303.557250976562,64.8981552124023,82.8990707397461,336.863891601562,72.9086837768555,89.6927719116211,44091,12683,6498.822265625,1869.41918945312,0,724,106.714462280273,0,244,256,,,0.377332895994186,0.359645426273346,0.404674798250198,0.366057127714157,120,0,17.687479019165,0,3.55798387527466,18.6224226807148,313.006798326897,143.138835454047,,,,401.123109004906,183.434657022064,,,95505,484.849532651579
2016,PA,15003,Carajás,60.1734567451352,87.2116949687827,54.5142482326361,86.3018641010222,74.2934455802766,71.1124473842453,75.5802766085388,70.3908598917619,78.1118460613349,70.9019843656043,48.0216476247745,58.2200841852075,54.7315902709961,1.81073641777039,49.1458168029785,48.8514938354492,,,,,,461.763092041016,98.7275238037109,94.6685943603516,8.99689769744873,426.383331298828,88.859016418457,99.9362564086914,475.282745361328,100.996444702148,107.834922790527,42207,10569,5038.68505859375,1261.73059082031,38,1034,123.439254760742,4.536452293396,503,570,,,0.680467844009399,0.600483000278473,0.773644149303436,0.611167550086975,378,0,45.1257629394531,0,14.7608995437622,27.2933809885816,670.161846917207,437.144551009685,,,,858.822891415774,560.207581186234,,,67651,213.037505230076
2016,PA,15007,Metropolitana II,72.3613035961767,100,66.4805474989641,65.0824759105014,70.5536501714846,80.6794055201699,82.312591866732,70.3576678098971,72.693124285481,74.2609831781806,56.5409113179814,59.6439653764495,41.6395034790039,2.80312895774841,58.4256858825684,38.1029968261719,,,,,,443.830505371094,116.841743469238,82.9380264282227,9.34343433380127,366.874145507812,85.7612152099609,82.8133850097656,408.573577880859,97.7790145874023,88.5906753540039,21538,7561,6034.86181640625,2118.56225585938,0,383,107.315078735352,0,144,97,,,0.271790146827698,0.403482288122177,0.421204686164856,0.459731638431549,53,0,14.8503894805908,0,1.55060482025146,18.1291560369763,311.51971600416,121.173855424411,,,,399.217389743117,155.286191474947,,,49330,439.598089785106
2016,PA,15013,Marajó I,47.8369384359401,98.778078202995,47.8369384359401,75.5361397934869,75.6155679110405,75.2978554408261,77.5218427323272,67.7521842732327,73.5504368546465,68.8906539581679,54.7524490336246,59.1474715382579,32.9554061889648,5.66893434524536,62.1567153930664,30.4610729217529,,,,,,310.121704101562,82.5289611816406,82.9543685913086,6.31001377105713,260.648406982422,61.7559585571289,80.0751266479492,286.922393798828,68.961181640625,85.1172714233398,12625,4111,5370.763671875,1748.84826660156,0,221,94.0149459838867,0,79,64,,,0.27226048707962,0.3360715508461,0.25609502196312,0.362978518009186,0,0,0,0,0.499853223562241,20.1320176195594,343.663154281858,141.481790785292,,,,440.409708775727,181.311128354816,,,35968,540.726806152093
2016,PA,15001,Araguaia,66.529097482164,98.6694745082984,64.6490480250071,100,82.6419653644785,85.1120955832998,90.7101624379111,75.2047254665056,78.6951268626661,81.0444354946973,85.0181232380185,72.2378842797691,54.3533515930176,1.57817304134369,48.2546463012695,49.9531898498535,,,,,,381.982421875,88.6480560302734,75.6932220458984,14.4379844665527,342.424346923828,77.179817199707,76.0929641723633,381.651306152344,87.3809509277344,82.5439071655273,35419,12868,6554.958984375,2381.46801757812,24,965,178.591583251953,4.4416561126709,303,253,,,0.468224585056305,0.5607590675354,0.608691930770874,0.624839246273041,303,2,56.0759086608887,0.370138019323349,3.03716731071472,17.6114057617679,425.338704232221,167.979475955348,,,,545.078203840039,215.26832645294,,,44331,220.359665006948
2016,PA,15002,Baixo Amazonas,60.1445237586456,100,47.6194018344753,86.493304870949,70.5090885568277,73.0577657028268,76.4085645902064,64.4802380490329,68.6137525066304,65.8904198201695,57.4875477068374,56.4331457403454,42.1589546203613,2.46032810211182,49.3732490539551,47.9730644226074,,,,,,445.183837890625,112.057579040527,93.2488632202148,13.2996129989624,341.9716796875,75.6305999755859,87.5595092773438,379.431182861328,86.1297225952148,94.0361480712891,40100,7404,5311.4765625,980.702514648438,47,1015,134.442611694336,6.22542095184326,533,388,,,0.513928413391113,0.705989241600037,0.656848192214966,0.812285006046295,191,0,25.29905128479,0,5.07893753051758,22.0709503210395,430.832454320848,180.888679837293,,,,552.118530527592,231.8116731904,,,93802,395.992224798884
2016,PA,15012,Xingu,72.7095082913455,88.6695967964983,71.3275171659111,92.1091664194601,78.4485315929991,83.6991990507268,88.8757045387126,69.6529219816078,76.2236725007416,75.9863541975675,80.9552061702759,63.1118362503708,43.8293609619141,5.49293756484985,53.3314323425293,40.6192054748535,,,,,,475.124542236328,110.596954345703,99.6847229003906,5.33829927444458,418.415405273438,90.1425552368164,101.958786010742,466.888061523438,102.573913574219,109.874382019043,20097,4693,5927.1123046875,1384.08410644531,20,559,164.863204956055,5.89850425720215,249,212,,,0.625241458415985,0.734363794326782,0.705534875392914,0.847246408462524,114,0,33.6214752197266,0,2.09131479263306,19.25344732758,510.362777238264,270.109985804356,,,,654.037883587396,346.150172642444,,,41819,411.452717571759
2016,PA,15014,Marajó II,50.1630795768853,91.1523959644827,50.1630795768853,71.7821116341627,45.4606590450572,50.8540685944855,56.5030262273033,41.8291862811029,49.5897780766644,40.0403496973773,56.1129791526564,38.0228648285138,22.831111907959,24.7892303466797,53.7394599914551,20.7914066314697,,,,,,262.824035644531,57.1074447631836,61.9745559692383,19.5061721801758,236.579299926758,55.2351951599121,52.2736778259277,263.146575927734,63.5733642578125,55.5995101928711,17526,3737,5686.7333984375,1212.55969238281,0,294,95.3953857421875,0,124,96,,,0.311495155096054,0.402347892522812,0.415732443332672,0.482087403535843,17,17,5.51605987548828,5.51605987548828,0.448423206806183,19.1214848956848,296.753146475782,117.705185028382,,,,380.293799871518,150.841036095557,,,42929,539.475727042488
2016,PA,15006,Metropolitana I,61.6887906463768,47.8265630336559,42.7102694436536,72.211468666828,61.7771594483426,65.5244374546334,67.1969513670457,52.3772078393419,63.5706508589402,60.6097265908541,47.541132349383,44.59533026857,56.0459823608398,7.31908178329468,37.7087516784668,54.6394805908203,,,,,,597.098022460938,148.704147338867,127.85179901123,2.03270673751831,410.317443847656,86.1593933105469,111.026412963867,459.32861328125,98.1890563964844,119.592094421387,110476,23103,5040.88330078125,1054.16137695312,314,3797,173.252410888672,14.327431678772,1889,3874,,,1.76765835285187,0.861927330493927,1.94339752197266,0.892030954360962,3293,489,150.255523681641,22.3124656677246,25.5848693847656,22.5835809258079,491.127969183581,203.528107277507,,,,629.388176139352,260.824453645811,,,174047,185.545496323758
2016,PA,15009,Rio Caetés,89.8018861169331,100,89.1864693462455,82.441416893733,66.4523160762943,70.016348773842,72.2179836512262,59.4114441416894,66.1907356948229,61.4495912806539,58.4959128065395,57.9182561307902,39.3988075256348,14.4561729431152,47.8659934997559,37.3565864562988,,,,,,453.489349365234,146.61116027832,91.4186019897461,9.95399379730225,344.856048583984,95.028205871582,86.6282424926758,384.001281738281,107.725105285645,94.0584487915039,37856,8987,7179.9638671875,1704.52062988281,36,667,126.506652832031,6.82794523239136,278,259,,,0.491232722997665,0.527269124984741,0.631774604320526,0.662310719490051,144,4,27.3117809295654,0.758660614490509,1.65919065475464,19.4245761960616,373.015425772751,132.852034638424,,,,478.025103903621,170.251960841238,,,73951,446.509424333115
2016,PA,15008,Metropolitana III,73.9219535175879,98.1144562096195,73.2624057788945,86.878811242728,73.7856592135698,79.0074998247704,81.9093011845518,70.3581692016542,71.6548678769188,73.4071633840331,55.2603911123572,59.7743043386837,46.7252731323242,1.99267399311066,47.6190490722656,50.0293045043945,,,,,,441.640808105469,119.627098083496,82.979606628418,9.17019653320312,358.347473144531,86.7566528320312,80.2508239746094,400.971313476562,99.2977447509766,87.1222686767578,57216,15705,6296.765625,1728.375,6,1173,129.091613769531,0.660315155982971,457,354,,,0.389585942029953,0.502940058708191,0.60699474811554,0.536038339138031,249,24,27.4030799865723,2.64126062393188,3.00234293937683,20.089389186263,427.298513096051,146.36391470601,,,,547.589729559983,187.567646539384,,,113022,341.948986775164
2016,PA,15010,Tapajós,61.6081558625345,90.1439150254769,56.1183201916156,100,83.1531305003772,89.112396278602,95.8008549157657,78.0487804878049,83.6057329645461,80.0603469952225,65.702791048529,85.8184561227056,44.0669364929199,2.53549695014954,49.5689659118652,46.8813400268555,,,,,,454.269439697266,96.33251953125,86.7449188232422,12.8643217086792,414.550231933594,92.6863784790039,88.6837997436523,456.904907226562,102.980102539062,95.2576446533203,13621,3675,6218.69775390625,1677.82934570312,0,265,120.986335754395,0,139,74,,,0.337848633527756,0.634607553482056,0.382134199142456,0.799651205539703,299,0,136.50910949707,0,1.27560687065125,17.86735168762,382.528126256192,178.17712510363,,,,490.215778398062,228.336773377303,,,23087,349.129876453729
2016,PA,15004,Lago de Tucuruí,55.7009024415179,83.9605193453349,50.5009433348513,79.8043807687009,68.8937870230059,72.0484915277586,75.8368921339027,65.380906460945,70.7673233227717,70.9188593470175,39.6611103457777,60.6970657115305,54.7505416870117,9.60231399536133,44.0780906677246,46.2183647155762,,,,,,364.155395507812,73.4258041381836,81.6604766845703,8.04020118713379,363.189025878906,77.7189636230469,89.6444625854492,404.895690917969,88.246696472168,96.7601470947266,17018,3489,3892.71142578125,798.076721191406,7,498,113.912933349609,1.60118579864502,220,177,,,0.404871255159378,0.503229796886444,0.568992793560028,0.548005819320679,147,21,33.6249008178711,4.80355739593506,1.84182119369507,15.6357622371958,369.472430098675,141.53019637184,,,,473.484699517604,181.373160871276,,,43472,293.343807702526
2016,PB,25011,11ª Região,100,100,99.1507330265218,90.8056872037915,100,100,100,100,100,100,95.8293838862559,100,77.2641525268555,1.32075476646423,20.5660381317139,77.9245300292969,,,,,,630.277099609375,223.56999206543,155.785461425781,6.03773593902588,321.831726074219,78.319953918457,105.575805664062,359.006652832031,88.2214431762695,115.839347839355,1961,245,2332.02514648438,291.3544921875,0,124,147.461059570312,0,97,74,,,0.880009531974792,1.15352594852448,0.879712224006653,1.30158162117004,4,0,4.75680828094482,0,0.87763112783432,22.8797558722095,593.147668512462,238.767653399766,,,,760.128016913698,305.984483319415,,,12726,536.179440294845
2016,PB,25007,7ª Região,100,100,100,80.4012345679012,98.6111111111111,96.0905349794239,100,92.5925925925926,92.1296296296296,93.7757201646091,79.3724279835391,79.5267489711934,62.9951171875,2.6587085723877,28.5404224395752,68.7466125488281,,,,,,699.723327636719,174.595077514648,151.763412475586,16.9865646362305,358.767639160156,73.1758804321289,95.1386642456055,402.522094726562,83.2502975463867,105.10082244873,5411,1146,3633.59204101562,769.561340332031,10,337,226.30207824707,6.7151951789856,197,113,,,0.758817076683044,1.32289350032806,0.963630497455597,1.31567466259003,11,0,7.38671445846558,0,1.0905476808548,18.5968011525131,703.527776635143,266.17096713918,,,,901.581852354763,341.102258597607,,,23837,537.334270785634
2016,PB,25003,3ª Região,100,100,100,56.0992184845396,87.7336051647978,87.3938158341828,91.8450560652395,85.9327217125382,87.3258579680598,87.0540265035678,56.8467550118926,67.8559293238192,72.3049011230469,0.399274051189423,28.3484573364258,70.0907440185547,,,,,,782.221862792969,252.379165649414,156.649139404297,8.96596813201904,391.813995361328,91.2231369018555,111.251770019531,435.537841796875,103.957977294922,119.510276794434,8323,1583,4260.75439453125,810.377746582031,0,188,96.2419586181641,0,143,91,,,0.465852022171021,0.732053160667419,0.648609340190887,0.767120063304901,2,0,1.02385056018829,0,3.10175538063049,21.1573804220669,491.07041636799,216.034389809915,,,,629.314421305766,276.851450370189,,,29536,451.447755623161
2016,PB,25002,2ª Região,100,100,100,92.9952240163748,84.8760518535365,83.079372299295,87.7188992494883,80.7141232658631,87.1958153286332,82.1469183534228,64.4530361610189,67.159426881965,67.4834594726562,1.61725068092346,25.9495220184326,71.9921569824219,,,,,,750.085815429688,264.736175537109,148.709823608398,5.27233123779297,365.672515869141,91.4763412475586,100.390548706055,407.83447265625,104.365364074707,108.478736877441,15483,3181,5060.3828125,1039.66137695312,6,359,117.333679199219,1.96100866794586,272,246,,,0.804013550281525,0.888990581035614,0.868481695652008,0.904188394546509,90,0,29.4151287078857,0,2.26235032081604,18.5017139213869,497.079537059388,214.538784193736,,,,637.015203483671,274.934808374508,,,46208,453.715477991373
2016,PB,25015,15ª Região,100,100,100,43.8528138528139,92.9437229437229,85.1948051948052,89.5238095238095,82.4675324675325,93.982683982684,83.3766233766234,42.034632034632,68.2683982683983,75.6645278930664,0.45829513669014,25.2062320709229,73.0064163208008,,,,,,667.560302734375,190.731521606445,128.043533325195,11.9880123138428,335.302978515625,70.6997299194336,92.1898422241211,374.345550537109,79.543830871582,100.403015136719,5150,798,3434.5009765625,532.180969238281,0,128,85.3623580932617,0,126,101,,,0.673562347888947,0.84028571844101,0.801272451877594,0.909976065158844,0,0,0,0,2.52552533149719,21.2301090869385,536.098115208596,252.865797108178,,,,687.018121822255,324.051475045295,,,23362,491.868521526624
2016,PB,25001,1ª Região Mata Atlântica,95.030704765218,99.9041737979791,87.5315667351066,100,86.0271060324209,87.6375232527239,92.5112941801754,82.3119851182567,100,85.5381344671804,100,69.1841615732129,63.6684226989746,2.21802020072937,34.8188285827637,60.0756378173828,,,,,,686.89013671875,175.778045654297,146.938858032227,3.00057053565979,419.012634277344,86.1050033569336,116.319061279297,467.057037353516,97.971076965332,125.755104064941,65928,11086,5166.60498046875,868.780883789062,208,2424,189.962554931641,16.3004169464111,2036,2846,,,2.23033595085144,1.59556007385254,2.23464608192444,1.52528405189514,1056,110,82.7559585571289,8.62041282653809,21.6841773986816,22.1532965899944,669.105399726193,303.387729201715,,,,857.469037812517,388.79612143195,,,124374,264.209962025609
2016,PB,25005,5ª Região,100,100,100,76.3888888888889,85.9217171717172,86.6792929292929,87.6893939393939,79.9242424242424,86.8055555555556,81.7550505050505,69.1287878787879,75.2525252525252,65.4345016479492,0.389105051755905,29.7016868591309,69.1309967041016,,,,,,813.835205078125,269.493682861328,163.302459716797,8.44298267364502,357.783569335938,80.1026382446289,108.714805603027,397.469207763672,89.6470794677734,117.17561340332,4554,1058,4063.82177734375,944.120239257812,0,164,146.347564697266,0,125,82,,,0.731737792491913,1.11545395851135,0.788625955581665,1.08578288555145,0,0,0,0,2.03726506233215,20.6691888145982,775.632744565938,343.93688055229,,,,993.985496830539,440.760493273696,,,18021,462.100221662665
2016,PB,25010,10ª Região,100,100,100,100,78.2853566958698,74.7809762202753,83.1664580725907,75.9699624530663,79.5994993742178,66.4580725907384,76.7834793491865,52.0650813516896,46.6072654724121,1.64496231079102,29.8834819793701,68.2659378051758,,,,,,791.897033691406,162.506561279297,164.226196289062,6.18892526626587,360.918151855469,62.6941375732422,98.4819717407227,402.174224853516,69.885383605957,107.448570251465,2454,501,2110.005859375,430.771362304688,14,146,125.534164428711,12.037522315979,135,96,,,0.825430154800415,1.16076111793518,1.05134868621826,1.18440628051758,76,2,65.346549987793,1.71964609622955,4.54932355880737,18.3435643113482,581.471761938508,204.579974214701,,,,745.165159971198,262.172437582141,,,17410,488.540565870963
2016,PB,25006,6ª Região,99.8060804000868,100,99.8060804000868,100,96.1825231136296,96.6597077244259,100,93.6176558305995,100,95.3772740829108,61.5568147927229,84.8792126453922,80.7968673706055,2.97191381454468,27.1717834472656,69.6603546142578,,,,,,704.441589355469,199.989761352539,162.465026855469,7.08232450485229,358.934265136719,77.366569519043,114.25959777832,399.474914550781,87.25537109375,123.498550415039,7342,1431,3130.75659179688,610.203308105469,6,409,174.404724121094,2.55850458145142,297,194,,,0.827249765396118,1.26645970344543,1.12563538551331,1.28724753856659,70,17,29.8492183685303,7.24909591674805,3.25569701194763,17.6998029020362,585.386994597608,238.239425547103,,,,750.18259187712,305.307551062174,,,31396,416.541454551035
2016,PB,25016,16ª Região,98.0748568815326,87.6998010942571,89.6007008534764,98.7641723356009,89.750566893424,91.1111111111111,92.687074829932,90.6689342403628,92.8458049886621,91.4285714285714,50.9410430839002,88.5487528344671,74.0058059692383,0.214619368314743,26.7264232635498,70.4204025268555,,,,,,724.453186035156,215.472717285156,132.641159057617,7.10466003417969,389.821929931641,85.4657363891602,98.3196411132812,435.709625244141,97.7045593261719,106.279937744141,27357,6103,5046.82080078125,1125.8818359375,138,1792,330.588256835938,25.4582481384277,726,1116,,,2.05879759788513,1.33932518959045,2.04385471343994,1.24943733215332,374,23,68.9955444335938,4.24304151535034,15.6867084503174,23.9992665394123,661.248561928285,250.926283390197,,,,847.400377255333,321.565957872272,,,53052,247.785138952587
2016,PB,25014,14ª Região,100,99.027867359084,100,56.6666666666667,77.6666666666667,74.8571428571429,82.8095238095238,62.1904761904762,76.3809523809524,71.4285714285714,47.3333333333333,69.7619047619048,59.8799819946289,2.87183880805969,37.3339042663574,58.3369064331055,,,,,,605.570434570312,197.178009033203,149.721618652344,4.52538633346558,353.473480224609,82.9794387817383,112.75276184082,391.899322509766,94.1648635864258,122.410034179688,4543,445,3036.54150390625,297.438018798828,0,129,86.2236099243164,0,161,92,,,0.614928066730499,1.07612407207489,0.840513050556183,1.29669606685638,9,9,6.01560068130493,6.01560068130493,1.89825618267059,20.6270796704214,462.348717373371,233.470257647253,,,,592.507114697068,299.19578778553,,,24581,433.531386555995
2016,PB,25004,4ª Região,100,99.8358813350697,100,65.6849315068493,83.6986301369863,83.972602739726,86.5753424657534,75.4794520547945,88.4931506849315,80.5479452054795,58.3561643835616,72.4657534246575,73.9788208007812,0.983358561992645,21.0287437438965,77.1558227539062,,,,,,640.176208496094,196.977294921875,101.174697875977,8.95104885101318,280.664215087891,51.2768821716309,63.9030990600586,313.379333496094,58.1763076782227,67.9521331787109,4246,1104,3801.66186523438,988.467895507812,0,278,248.907669067383,0,106,67,,,0.599885404109955,0.949072420597076,0.728815972805023,0.955787539482117,0,0,0,0,1.2427476644516,22.8801147949305,602.044004079823,302.746533747228,,,,771.528810125236,387.97441942561,,,18917,566.982391377671
2016,PB,25008,8ª Região,100,100,100,91.6666666666667,95.3125,100,100,100,100,100,85.4817708333333,85.6770833333333,76.5474548339844,1.30674004554749,28.0605220794678,70.3576354980469,,,,,,673.810546875,156.879547119141,158.594085693359,3.43511462211609,356.89111328125,56.6003761291504,112.666030883789,397.057678222656,63.9413795471191,122.703254699707,5941,2202,5093.01318359375,1887.6982421875,0,204,174.882125854492,0,140,82,,,0.702957570552826,1.20017147064209,0.73296183347702,1.07801115512848,3,0,2.57179594039917,0,1.56708097457886,23.7839025886128,585.245573817738,284.82957948005,,,,750.001358935207,365.013562223897,,,16271,367.29499573385
2016,PB,25009,9ª Região,100,100,100,100,97.5588491717524,100,99.8256320836966,95.2048823016565,100,100,83.5658238884045,85.5274629468178,76.0144271850586,3.56176733970642,25.6988277435303,70.4238052368164,,,,,,746.468811035156,188.899978637695,153.516906738281,9.63302707672119,363.427703857422,68.4744415283203,105.301246643066,402.393829345703,76.597770690918,113.363067626953,8165,2449,4659.72314453125,1397.63159179688,7,272,155.228988647461,3.99486374855042,228,198,,,1.12997579574585,1.30118417739868,0.943643927574158,1.07832789421082,5,0,2.85347414016724,0,2.51333999633789,18.4212892692137,500.505925439391,235.4277289817,,,,641.406173798028,301.704317924997,,,24212,486.550874591745
2016,PB,25013,13ª Região,100,100,100,86.4623243933589,95.0191570881226,95.9131545338442,89.3997445721584,86.845466155811,99.3614303959132,94.6360153256705,63.6015325670498,74.8403575989783,81.8307876586914,0,18.0305137634277,81.9694900512695,,,,,,712.8056640625,169.084121704102,150.849563598633,5.8139533996582,304.73046875,55.7293472290039,90.37353515625,345.403289794922,64.0093307495117,98.0276565551758,2625,553,4351.4296875,916.701171875,0,105,174.057189941406,0,82,48,,,0.79569000005722,1.35930371284485,1.23746371269226,1.4736841917038,8,6,13.2615003585815,9.94612503051758,7.44798994064331,17.6014003034484,621.016859232054,234.804347444869,,,,795.842820830572,300.905444732829,,,8934,439.093570815094
2016,PB,25012,12ª Região,100,99.7775681161906,100,56.8829113924051,87.6977848101266,88.6471518987342,97.3101265822785,85.1661392405063,97.1518987341772,85.0870253164557,45.5300632911392,74.8813291139241,63.7924308776855,1.87280535697937,32.1498260498047,64.6508026123047,,,,,,741.350463867188,230.350219726562,157.186874389648,7.1703929901123,366.791564941406,85.8112945556641,100.196243286133,407.994537353516,97.3880615234375,109.166893005371,8419,2230,4812.20458984375,1274.642578125,0,240,137.181274414062,0,139,102,,,0.583020389080048,0.794508159160614,0.738492488861084,0.835662543773651,23,0,13.1465377807617,0,1.88738560676575,18.7787808047319,509.850740947647,221.943157036665,,,,653.381701070232,284.423628013134,,,30077,550.981619740321
2016,PE,26010,Recife,64.7846724636171,74.4767459675775,58.7552263877298,100,93.2797459236461,96.8174972169472,100,90.1529041974985,100,94.2570885993059,95.0281579464344,78.9028223430031,57.9974822998047,2.68267178535461,39.5928993225098,56.7882423400879,,,,,,712.154968261719,174.966720581055,148.563003540039,0.979233503341675,421.101684570312,85.4337539672852,107.013031005859,474.173889160156,98.1231460571289,117.109848022461,252338,41989,6067.998046875,1009.71380615234,810,9060,217.866760253906,19.4781532287598,5384,9146,,,2.19934797286987,1.29469609260559,2.61285614967346,1.44061386585236,3438,635,82.673942565918,15.2699108123779,26.1569728851318,17.8449734823184,493.238502729131,257.689016015957,,,,632.092857896986,330.232505534221,,,358063,190.246996189585
2016,PE,26001,Afogados da Ingazeira,100,100,100,99.5777621393385,100,100,100,100,100,100,100,85.5383532723434,82.4734115600586,0.512012600898743,16.4237880706787,82.8278884887695,,,,,,782.975219726562,239.40461730957,184.729064941406,3.32203388214111,380.174682617188,87.2910995483398,114.164024353027,425.163330078125,98.6485824584961,125.020629882812,12657,970,6718.7236328125,514.905700683594,0,372,197.468994140625,0,141,155,,,0.822787523269653,0.748471200466156,0.985487103462219,0.75749534368515,79,0,41.935619354248,0,1.34140908718109,18.6974030566996,507.990529486383,238.196820693279,,,,650.997810979866,305.252952275451,,,30630,486.122134161739
2016,PE,26009,Petrolina,92.6019314970655,83.7745965696778,90.0369530789057,100,76.0252715584128,80.7027266681445,84.9479051208158,68.676568388384,92.507204610951,72.9439148747506,85.9454666371093,56.2735535358014,67.7001419067383,1.31883382797241,27.1170749664307,71.2864379882812,,,,,,498.413848876953,103.063247680664,99.5590972900391,12.2828788757324,380.718139648438,65.6552200317383,93.174201965332,422.785247802734,74.7464218139648,100.42219543457,24380,2815,5025.36376953125,580.24609375,47,652,134.394470214844,9.68794536590576,534,740,,,1.52533602714539,1.10071551799774,1.47256767749786,1.19424533843994,186,26,38.339527130127,5.35928869247437,13.7138013839722,21.2538184192467,371.00788224108,186.969726486065,,,,475.452405460037,239.604629607953,,,57126,340.473225721996
2016,PE,26003,Caruaru,81.3150447308114,90.6263061284763,79.385993442721,84.6848675530295,99.1322439866031,100,100,100,100,100,75.677458642038,83.3147264792449,70.4511947631836,1.1733363866806,30.9148616790771,67.7190780639648,,,,,,789.716796875,222.887710571289,152.192367553711,7.423828125,458.829254150391,101.111968994141,115.413314819336,515.087463378906,115.936531066895,125.823776245117,59681,9256,4445.90966796875,689.521606445312,88,2018,150.330017089844,6.55552101135254,1050,1247,,,0.9289470911026,0.782192826271057,1.04905092716217,0.818229556083679,321,27,23.9127521514893,2.01135301589966,7.22962188720703,22.6263832048406,432.198801023658,214.211738196821,,,,553.869525203552,274.515693812872,,,171077,340.270097425218
2016,PE,26008,Palmares,91.9034233263291,98.460759976145,90.902892667211,72.7535446581775,92.3146392124989,93.2628917185948,98.5911677052289,85.3698184773774,100,97.9228754628375,64.8875643457058,66.0074054005238,55.5824432373047,2.85997128486633,41.3375854492188,55.505443572998,,,,,,681.181091308594,211.067886352539,147.534652709961,3.14903855323792,493.760314941406,136.547592163086,126.443557739258,552.859008789062,154.951675415039,138.056091308594,31798,4805,5206.77783203125,786.796875,30,1145,187.488540649414,4.91236352920532,291,362,,,0.592758536338806,0.476499259471893,0.733579635620117,0.519891798496246,87,20,14.2458543777466,3.27490901947021,1.99540197849274,18.1797282210371,438.943971042222,189.021873244012,,,,562.513566109613,242.23448778382,,,88703,397.121780946749
2016,PE,26004,Garanhuns,97.6490239492301,98.6015184046509,96.8669170650136,68.6311121484421,89.041895203641,87.8398879682577,92.7296067219045,79.8226164079823,89.6720737542304,85.2374839537869,59.9603220912592,69.2029408332361,69.5630264282227,1.92670953273773,23.787935256958,74.0712738037109,,,,,,762.825927734375,232.987716674805,164.11247253418,5.6218056678772,437.218078613281,102.916030883789,119.809265136719,488.984375,117.171882629395,130.724609375,25440,3265,4722.87451171875,606.139343261719,21,787,146.104644775391,3.89859938621521,389,375,,,0.696178436279297,0.722169101238251,0.80371481180191,0.775542795658112,79,5,14.6661596298218,0.928237915039062,7.05108070373535,19.7077011452784,455.218930437653,200.493020289791,,,,583.370181194394,256.934942187528,,,87416,513.055137554896
2016,PE,26005,Goiana,98.7983577021911,94.6465315579108,94.9003004905773,58.734875822543,100,100,100,90.9785608151136,100,100,56.9093610698365,83.2731904054341,62.9134407043457,2.2050199508667,29.0874977111816,67.9568405151367,,,,,,786.001953125,248.2783203125,170.412109375,1.82704019546509,467.632293701172,116.795928955078,123.954437255859,522.457824707031,131.69450378418,135.646118164062,16698,2631,5328.7294921875,839.61474609375,0,442,141.052719116211,0,204,291,,,0.928650319576263,0.651012599468231,0.839136064052582,0.617265224456787,46,0,14.6796951293945,0,6.99200296401978,19.1772753151474,442.058570351679,204.024214616539,,,,566.504973852166,261.460222962314,,,41133,340.419328921153
2016,PE,26007,Ouricuri,94.5216588589521,99.2827830548151,93.0550163487503,90.1458019105078,96.4303670186023,95.5086308027485,100,91.7043740573152,100,94.4025473437238,87.2800402212167,65.426512485336,63.4393310546875,0.657310366630554,27.2339668273926,71.8244781494141,,,,,,601.363037109375,151.700332641602,120.501586914062,9.90004730224609,367.904541015625,67.3392181396484,95.6262054443359,409.953857421875,76.7970123291016,103.216110229492,18376,3374,5259.7080078125,965.730041503906,0,513,146.83447265625,0,237,223,,,0.638286292552948,0.67835807800293,0.731810986995697,0.662901818752289,93,10,26.6191139221191,2.86227035522461,1.66412401199341,20.2873722108416,382.071771563236,193.287267214168,,,,489.630952719431,247.700656888086,,,57822,542.078726212847
2016,PE,26002,Arcoverde,83.6978612799376,97.6435078981728,81.8163980650022,93.2737611697807,95.1096669374492,98.4240454914704,100,94.6222583265638,100,95.5645816409423,85.800162469537,78.7977254264825,69.578369140625,1.63671946525574,21.1884002685547,76.9791870117188,,,,,,627.488830566406,169.180648803711,131.289978027344,9.84615421295166,383.483123779297,77.3257064819336,101.283210754395,428.232055664062,87.7322158813477,110.898231506348,17937,3464,4328.94873046875,836.008178710938,8,568,137.082183837891,1.93073487281799,319,308,,,0.743332922458649,0.769880533218384,0.827561259269714,0.809822618961334,117,5,28.2369976043701,1.20670926570892,3.01677322387695,18.8513382992486,416.765074804859,187.254419041586,,,,534.090963595604,239.969467571829,,,62360,461.669028121759
2016,PE,26011,Salgueiro,99.2320309658292,100,99.2320309658292,100,100,100,100,99.4456289978678,100,99.4882729211087,100,83.8379530916844,73.9284133911133,1.06053912639618,21.8294296264648,76.7565155029297,,,,,,634.857421875,170.210433959961,134.521148681641,3.45945954322815,390.778289794922,85.4309692382812,105.667854309082,433.215118408203,96.0817108154297,113.835403442383,10309,2276,7075.400390625,1562.09252929688,10,331,227.176010131836,6.86332368850708,133,141,,,0.967728674411774,0.912822067737579,1.23591303825378,0.914709508419037,66,1,45.2979354858398,0.686332404613495,2.31225371360779,18.5799796614077,458.61572834565,216.27783852637,,,,587.723230855936,277.163433709049,,,21078,440.409357791482
2016,PE,26012,Serra Talhada,90.8214958505168,99.5320163603347,86.8120258642635,100,95.3500660501982,96.3540290620872,97.7278731836196,88.2959048877147,100,92.7080581241744,89.1941875825627,68.4544253632761,64.3847732543945,0.7671879529953,26.8515777587891,70.2567138671875,,,,,,763.817199707031,217.387634277344,142.105529785156,10.7419710159302,427.792846679688,94.9487075805664,103.569473266602,475.844848632812,107.934196472168,111.589004516602,15464,3138,6540.23779296875,1327.16418457031,10,528,223.308685302734,4.22933149337769,181,163,,,0.689381003379822,0.765508949756622,1.01387643814087,0.73188579082489,147,7,62.1711692810059,2.96053194999695,2.77824759483337,19.3206233747182,455.704715308198,233.711216629107,,,,583.992722106037,299.504580490547,,,34552,453.801923132858
2016,PE,26006,Limoeiro,94.8203679278263,99.6963489251461,94.8203679278263,90.6238554511049,97.582712733488,95.788060065926,100,87.2420949822976,100,94.0178244414601,79.3675985838115,84.7881821511415,69.3265838623047,1.10867774486542,27.5390090942383,70.9280014038086,,,,,,733.068237304688,206.585830688477,157.927871704102,3.72071647644043,418.951538085938,94.6800384521484,109.744270324707,467.718200683594,107.154762268066,119.763465881348,31846,4934,5361.80322265625,830.720825195312,10,1016,171.060470581055,1.68366611003876,335,450,,,0.757649719715118,0.564028143882751,0.827353537082672,0.578255116939545,37,10,6.22956466674805,1.68366611003876,2.39518332481384,18.8572767865975,428.887964840051,189.912210993328,,,,549.626636836676,243.375469538782,,,86354,412.506362398199
2016,PI,22009,Vale do Rio Guaribas,100,100,100,95.2992337958169,88.5897701387451,91.8823773037896,91.8616690826258,84.4274176848209,94.6158624974115,89.0867674466763,90.4742182646511,74.2803893145579,66.806282043457,1.38219892978668,34.5759162902832,64.0209426879883,,,,,,615.706237792969,182.06510925293,146.774963378906,5.38428115844727,359.196899414062,76.9455718994141,106.65364074707,398.856018066406,87.2387771606445,115.39232635498,23774,7171,6355.970703125,1917.16442871094,0,900,240.614685058594,0,292,269,,,0.719170570373535,0.78066098690033,0.830521702766418,0.841282546520233,131,57,35.0228042602539,15.2389307022095,2.76359343528748,18.0020373385117,603.640037716056,216.361161411202,,,,773.5741521998,277.270213289537,,,59183,465.817054238985
2016,PI,22004,Entre Rios,100,97.1391365620339,99.6965675448447,94.0831168831169,79.2779220779221,80.161038961039,83.1220779220779,69.6051948051948,82.1090909090909,79.038961038961,79.0337662337662,60.0935064935065,58.0648612976074,4.67249822616577,35.2464256286621,59.6436958312988,,,,,,595.380065917969,169.476379394531,133.417587280273,2.07845830917358,382.216735839844,86.5690231323242,108.099327087402,426.562377929688,98.4173812866211,117.035980224609,78055,13718,6396.75,1124.21520996094,142,2931,240.200820922852,11.6371603012085,1462,2301,,,1.88571166992188,1.19813573360443,1.96584010124207,1.24786007404327,644,63,52.7769775390625,5.16296529769897,19.7464580535889,31.3267622445202,994.36354021102,454.954777514523,,,,1274.2924334634,583.031665090766,,,122179,293.24792581188
2016,PI,22002,Chapada das Mangabeiras,100,99.3353468059865,99.6772572565313,36.4864864864865,71.6875411997363,74.6209624258405,76.4007910349374,70.2043506921556,77.9169413315755,75.8075148319051,30.8503625576796,57.6466710613052,59.6456680297852,0.787401556968689,40.8464584350586,58.1692924499512,,,,,,475.542785644531,147.264862060547,114.02799987793,6.55913972854614,315.398681640625,82.9025344848633,91.5589447021484,348.902618408203,93.5586471557617,98.3067321777344,12753,3913,6521.072265625,2000.85900878906,0,310,158.514266967773,0,149,113,,,0.577810049057007,0.76189112663269,0.687875211238861,0.85035228729248,0,0,0,0,1.78251838684082,17.8328357464046,551.564422825323,243.908912634481,,,,706.83843700138,312.573087463007,,,31303,586.435027828262
2016,PI,22006,Serra da Capivara,100,100,100,90.9047844623401,74.1354808147797,74.7039317858835,77.0724774988157,68.3088583609664,73.7091425864519,74.2775935575557,61.2979630506869,54.334438654666,63.7026901245117,1.13999092578888,34.2453269958496,64.6146850585938,,,,,,495.898132324219,148.973510742188,122.443984985352,4.25240039825439,303.227661132812,65.5573272705078,89.8287963867188,334.963806152344,73.436164855957,96.7371597290039,12871,4953,8755.4248046875,3369.25024414062,0,401,272.777984619141,0,115,90,,,0.612219929695129,0.78228098154068,0.694019317626953,0.799457192420959,3,0,2.04073309898376,0,1.88971877098083,16.3518642316988,514.346955610815,197.442120129692,,,,659.143670503751,253.025165901441,,,25521,600.142731042099
2016,PI,22007,Tabuleiros do Alto Parnaíba,100,100,100,85.286783042394,84.1645885286783,87.5311720698254,90.1496259351621,82.5436408977556,73.6907730673317,88.5286783042394,81.7955112219451,46.8827930174564,61.5839233398438,1.65484631061554,41.4893608093262,56.8557929992676,,,,,,484.994812011719,139.780166625977,103.776184082031,4.36681222915649,370.524780273438,84.887825012207,96.3925247192383,409.829254150391,93.9492874145508,104.462379455566,2904,945,6150.3271484375,2001.39782714844,0,60,127.072875976562,0,45,28,,,0.593006730079651,0.953046560287476,0.86727237701416,0.912806808948517,0,0,0,0,4.87536287307739,19.1551765591439,696.925043053839,436.964967603052,,,,893.120345971448,559.977442241076,,,6864,442.626715486972
2016,PI,22010,Vale do Sambito,100,100,100,70.7477403451109,89.4001643385374,91.0435497124076,93.1799506984388,84.1413311421528,85.620377978636,89.4001643385374,64.5850451930978,64.3385373870173,59.1623039245605,0.972326099872589,30.2169036865234,68.6611785888672,,,,,,658.53564453125,229.503890991211,137.702331542969,7.25462293624878,307.266906738281,71.8587951660156,83.1195068359375,342.516815185547,82.6435165405273,90.830924987793,7221,2157,6764.27587890625,2020.57104492188,0,189,177.045867919922,0,84,55,,,0.515212833881378,0.78687047958374,0.744716703891754,0.76485687494278,0,0,0,0,2.08614349365234,18.7003229203133,541.070609081819,231.478358429896,,,,693.390450514783,296.643137775494,,,17082,474.244724801472
2016,PI,22011,Vale dos Rios Piauí e Itaueiras,100,100,100,63.8693820224719,70.7162921348315,71.9803370786517,74.5435393258427,61.1306179775281,71.6292134831461,70.6460674157303,54.3890449438202,54.1783707865169,63.180362701416,1.45855569839478,39.7011756896973,58.7691230773926,,,,,,633.925048828125,194.205490112305,150.08967590332,3.47957634925842,355.393371582031,77.5953063964844,108.962905883789,391.972503662109,86.7943344116211,118.401306152344,12463,3306,5976.25439453125,1585.29211425781,10,305,146.253509521484,4.79519701004028,210,152,,,0.72886997461319,1.00699138641357,0.929309189319611,0.992126286029816,17,0,8.15183544158936,0,4.34828472137451,17.7302416164335,703.57951711084,248.918612447874,,,,901.64815858384,318.993096149946,,,30559,457.944615408114
2016,PI,22001,Carnaubais,100,100,100,53.0088495575221,90.353982300885,88.6725663716814,90.8407079646018,82.5221238938053,93.0530973451327,89.1592920353982,51.7699115044248,66.7256637168142,65.5453643798828,1.1722731590271,35.270133972168,63.1498489379883,,,,,,604.461853027344,191.238677978516,143.890197753906,2.33977627754211,319.184906005859,73.9219131469727,96.1925582885742,354.842254638672,83.3406829833984,104.216316223145,11167,3247,6866.76025390625,1996.63024902344,0,365,224.444122314453,0,134,104,,,0.639512002468109,0.8239865899086,0.734670162200928,0.785708129405975,21,0,12.9132232666016,0,2.89010238647461,18.0013792851665,549.408311905118,186.75258845368,,,,704.075347125073,239.326363822356,,,26567,496.580842710552
2016,PI,22003,Cocais,100,100,100,66.0218253968254,75.5952380952381,76.3558201058201,80.1917989417989,71.8088624338624,78.6706349206349,76.521164021164,45.8498677248677,57.6058201058201,62.4398612976074,1.37457048892975,37.0962181091309,61.374568939209,,,,,,577.600158691406,177.915878295898,137.320983886719,4.03470706939697,344.267181396484,76.5392227172852,102.309928894043,381.960327148438,86.4246826171875,110.912101745605,22300,5466,5588.06201171875,1369.70166015625,0,499,125.042289733887,0,289,235,,,0.588876485824585,0.724192798137665,0.64325362443924,0.771678805351257,55,10,13.7822160720825,2.50585746765137,1.82025480270386,17.4672083837108,430.231709500096,140.380175762432,,,,551.348666641227,179.899391468402,,,66108,581.373710824169
2016,PI,22008,Vale do Canindé,100,100,100,78.4,83.9272727272727,87.6363636363636,89.9636363636364,80.0727272727273,88.3636363636364,82.9818181818182,74.7636363636364,66.1090909090909,64.3292694091797,1.37195122241974,33.384147644043,65.2439041137695,,,,,,634.501342773438,209.653289794922,139.460998535156,4.94905376434326,366.302642822266,88.5083465576172,95.2099227905273,406.397003173828,100.039428710938,103.203460693359,7144,2080,6598.0751953125,1921.05212402344,0,210,193.952377319336,0,87,68,,,0.628036260604858,0.803516983985901,0.828915536403656,0.902109444141388,53,0,48.9498863220215,0,2.50660371780396,17.3193003657326,525.239954940638,213.92420566514,,,,673.103219564419,274.147216375115,,,17874,493.847145650599
2016,PI,22005,Planície Litorânea,92.1150078620081,100,90.6593506820429,100,67.7871825876663,68.6577992744861,73.0350665054413,50.3748488512696,72.3095525997582,69.1172914147521,78.5247883917775,54.1717049576784,53.1688423156738,1.64489603042603,46.178035736084,52.1528778076172,,,,,,609.690246582031,194.10693359375,114.159362792969,5.61134099960327,376.559631347656,93.6079711914062,98.6778793334961,418.638092041016,107.262847900391,105.48755645752,17130,3490,6168.92724609375,1256.83337402344,33,612,220.39599609375,11.8840980529785,226,239,,,0.860696792602539,0.813880622386932,0.94973748922348,0.874111413955688,103,20,37.0927886962891,7.20248365402222,5.04714012145996,18.8548995177161,513.58674528748,161.279603391705,,,,658.16944908101,206.682334944032,,,32178,292.193163397468
2016,PR,41018,18ª RS Cornélio Procópio,92.1548357953534,74.5746663133983,83.1351989957912,96.726618705036,92.7338129496403,91.8345323741007,95,83.9568345323741,91.726618705036,91.294964028777,79.1007194244604,74.0647482014388,81.7981643676758,0.623853206634521,10.8990821838379,88.4770660400391,,,,,,857.057861328125,221.147567749023,170.967498779297,6.78756475448608,393.034210205078,76.2774200439453,100.68660736084,436.729400634766,85.9723892211914,108.92667388916,18027,4880,8005.275390625,2167.06860351562,28,653,289.978637695312,12.4340000152588,229,229,,,1.01692354679108,1.01692354679108,1.0755410194397,1.0043785572052,164,18,72.8277130126953,7.99328565597534,11.3238210678101,23.5724344152728,677.038333369584,446.639588616818,,,,867.635216386194,572.375620428353,,,10788,112.576786515208
2016,PR,41002,2ª RS Metropolitana,62.0367906725781,39.4884078120584,48.2029467938415,90.2826410787178,84.4363622294016,87.8876400147028,90.6057147279023,84.1403725987116,87.3788473815558,86.6437097367047,62.9103712445106,69.787777369368,78.8200988769531,0.95337039232254,14.8261318206787,83.9597473144531,,,,,,585.4453125,153.400314331055,120.32063293457,1.26153993606567,350.880584716797,74.1670455932617,89.2466583251953,394.716217041016,85.3935775756836,97.2486877441406,232666,32382,6583.84765625,916.327087402344,771,5412,153.145645141602,21.817310333252,3877,9572,,,2.70862913131714,1.09709095954895,2.63799166679382,1.10883438587189,3135,437,88.7124099731445,12.3659725189209,38.7026100158691,22.85395928163,735.362406881043,446.064419759326,,,,942.378429063364,571.638532539038,,,84705,56.1118430201831
2016,PR,41011,11ª RS Campo Mourão,87.9627997179126,81.7316055477198,79.8228138222849,97.6431718061674,98.6563876651982,100,100,94.5154185022026,94.8678414096916,97.8854625550661,83.568281938326,83.8986784140969,84.8865966796875,0.449135422706604,9.18481922149658,90.3660430908203,,,,,,840.427062988281,250.89616394043,176.979446411133,2.71719694137573,419.757110595703,97.1708374023438,108.496788024902,469.680511474609,110.940727233887,117.59156036377,27742,7617,8335.76171875,2288.7138671875,28,626,188.09700012207,8.41328430175781,303,317,,,0.952503979206085,0.91043758392334,1.09875988960266,0.956184804439545,214,5,64.3015289306641,1.50237226486206,16.4335479736328,23.6763554695884,844.865727235003,476.808140070103,,,,1082.70864726159,611.037091098641,,,16957,120.432578199294
2016,PR,41012,12ª RS Umuarama,87.3734839734334,76.8567715853306,81.8726537684089,94.8045267489712,89.7119341563786,93.2355967078189,93.1841563786008,90.1491769547325,89.9434156378601,92.0781893004115,34.3106995884774,75,84.6570892333984,0.569259941577911,14.8820819854736,84.5215530395508,,,,,,818.169555664062,238.344268798828,155.6162109375,6.41425371170044,385.697357177734,85.2702026367188,101.670936584473,430.815185546875,96.88525390625,109.787246704102,20194,3353,7359.51708984375,1221.96997070312,65,587,213.926742553711,23.6886501312256,282,402,,,1.46505200862885,1.02772295475006,1.84079039096832,1.12712419033051,201,16,73.2525939941406,5.83105230331421,10.2010622024536,24.4777351098646,950.436182306247,484.697021510871,,,,1217.99883707086,621.146816085467,,,7673,63.6269087291709
2016,PR,41014,14ª RS Paranavaí,93.5768275741367,92.8355520551891,89.8748254374546,98.618219037871,95.957011258956,100,99.5138178096213,94.7031729785056,97.7737973387922,97.4155578300921,32.8812691914023,87.4360286591607,85.3196105957031,0.43336945772171,17.5514621734619,82.0151672363281,,,,,,758.620666503906,224.871612548828,150.770355224609,5.02901363372803,367.871337890625,82.7627716064453,94.7898864746094,411.961029052734,93.6361846923828,103.259201049805,21769,4490,7985.693359375,1647.10192871094,20,540,198.092437744141,7.33675718307495,240,265,,,0.972120344638824,0.880410850048065,1.08354735374451,0.962582528591156,107,2,39.251651763916,0.733675718307495,13.3004398345947,26.4727462607732,816.516286265029,527.33781168322,,,,1046.3783951354,675.791655800723,,,10188,86.2210965535108
2016,PR,41017,17ª RS Londrina,76.5894792628304,48.6976228331111,66.393027489999,99.3323562937632,95.2043641100798,97.4841231069858,99.1776583618303,93.2584269662921,98.4774466699235,95.4811919882755,88.3243771372741,77.1291320631819,82.7716293334961,0.6036217212677,14.0342054367065,85.0938949584961,,,,,,698.626892089844,193.660827636719,128.610382080078,1.61536121368408,346.439331054688,72.9120101928711,86.4293441772461,385.925750732422,82.9266128540039,93.6798553466797,64257,11825,6841.15673828125,1258.955078125,127,1618,172.261260986328,13.5211238861084,1688,2072,,,2.20596623420715,1.79713845252991,2.44822859764099,1.88577091693878,904,125,96.2448501586914,13.3081932067871,27.9548721313477,28.6174976992233,886.087744919093,444.882986843807,,,,1135.53530783664,570.124507774442,,,29799,78.2541925366528
2016,PR,41008,8ª RS Francisco Beltrão,94.1155301645852,93.6659712889604,88.6167981511575,100,100,100,100,100,100,100,100,83.528659705945,82.6569061279297,0.794979095458984,12.0292882919312,87.0920486450195,,,,,,669.351257324219,187.486221313477,129.515365600586,4.60498523712158,336.791900634766,67.4071044921875,80.8368759155273,377.217590332031,78.0292510986328,88.172966003418,32768,7681,9266.287109375,2172.06884765625,36,644,182.113311767578,10.1802473068237,331,348,,,0.984090507030487,0.936017155647278,1.2644008398056,1.05372619628906,233,22,65.8888168334961,6.22126197814941,10.1921234130859,23.789423962734,878.500297372487,487.538964723926,,,,1125.81187510107,624.788810774815,,,11659,80.1164097734171
2016,PR,41010,10ª RS Cascavel,70.5293715783764,60.7911784363423,55.2764051683758,69.4513715710723,98.216957605985,100,100,91.8204488778055,100,100,61.0847880299252,90.3740648379052,78.2580795288086,0.320677280426025,17.4320163726807,82.2473068237305,,,,,,626.025939941406,172.856521606445,122.092658996582,1.2725658416748,358.291076660156,78.9002838134766,84.9742050170898,401.361480712891,90.34326171875,92.754264831543,37548,6588,6956.50244140625,1220.55603027344,67,984,182.305267333984,12.4130620956421,630,984,,,1.8230527639389,1.16719841957092,2.07872486114502,1.17720293998718,673,87,124.686431884766,16.1184539794922,20.2566356658936,26.7196374927721,738.175773435589,480.873877966987,,,,945.983802317753,616.247397821418,,,15834,68.9168340565986
2016,PR,41015,15ª RS Maringá,85.4474990311168,57.539911737864,64.9945617522409,95.4506024096385,97.0024096385542,97.8506024096386,99.3831325301205,92.8771084337349,95.6048192771084,96.8963855421687,91.8650602409639,93.3012048192771,83.9897537231445,0.512479841709137,16.5132389068604,82.9742813110352,,,,,,606.66943359375,168.491790771484,118.142189025879,1.89641106128693,300.407653808594,63.4457092285156,78.3705444335938,335.657592773438,72.401611328125,84.7165603637695,55002,8760,6804.24755859375,1083.69165039062,107,1253,155.00749206543,13.236873626709,1317,1592,,,1.96944880485535,1.62924873828888,2.34323573112488,1.83015239238739,866,80,107.132080078125,9.89672756195068,34.2451515197754,24.1349137033862,795.977545682152,407.192908319025,,,,1020.05767775263,521.824082488759,,,14349,42.3049360226906
2016,PR,41001,1ª RS Paranaguá,65.3017075945039,49.3248476982017,50.929860922115,86.6409616693128,81.7192107053754,85.0306191880245,86.2553867090043,73.0551145384441,84.803810387843,78.838738943071,35.5409389884327,70.8777500567022,63.8800888061523,1.92542040348053,32.4153060913086,65.2449417114258,,,,,,742.541625976562,186.935989379883,135.95344543457,12.7043437957764,456.447967529297,97.8537368774414,98.4320297241211,510.101837158203,110.644630432129,107.699249267578,18337,3447,6359.638671875,1195.48852539062,14,294,101.96508026123,4.8554801940918,192,250,,,0.867049992084503,0.665894389152527,1.11372578144073,0.749131202697754,97,11,33.6415405273438,3.8150200843811,23.2293109893799,21.181922560217,613.187323018719,431.286754043483,,,,785.809147681148,552.700722729606,,,12803,101.179823374533
2016,PR,41006,6ª RS União da Vitória,79.6836600560096,61.4168143110248,64.0486940618392,93.2147290028961,88.1671493587091,92.7596193628465,91.3115432354158,85.4778651220521,86.5535788167149,87.2569300786098,99.2552751344642,64.1290856433595,74.7136154174805,0.97581672668457,16.4191761016846,82.520149230957,,,,,,663.7548828125,202.336318969727,130.687484741211,0.777202069759369,381.152313232422,91.8778915405273,95.296501159668,425.885437011719,104.59741973877,103.727348327637,14329,3167,8213.25,1815.29504394531,22,249,142.724487304688,12.6101961135864,132,205,,,1.17504096031189,0.756611764431,1.21788704395294,0.741565465927124,78,5,44.7088775634766,2.86595368385315,8.29292297363281,26.5366618725099,614.835783116093,458.085460410757,,,,787.921675085868,587.043684201401,,,9177,123.163876978469
2016,PR,41016,16ª RS Apucarana,96.549569098473,90.9938496283759,96.549569098473,94.6028708133971,87.5980861244019,89.2822966507177,90.755980861244,82.2200956937799,87.5406698564593,88.555023923445,96.7655502392344,63.2344497607655,81.7759857177734,0.686175584793091,12.0080728530884,87.2855682373047,,,,,,748.799438476562,212.453796386719,153.394317626953,5.03211975097656,374.984985351562,83.3291397094727,98.6271209716797,418.511688232422,93.9536743164062,107.8310546875,27729,6259,7410.22802734375,1672.63940429688,94,736,196.686782836914,25.1203231811523,530,667,,,1.78247404098511,1.41635870933533,1.73223340511322,1.61772215366364,159,13,42.4907608032227,3.47408723831177,13.3717622756958,23.401866703712,669.312959479343,349.109479236789,,,,857.735028883423,447.389259412487,,,11769,71.5737133306354
2016,PR,41003,3ª RS Ponta Grossa,82.6282876437637,66.9385616518105,72.5147806512543,96.4969120178192,85.6029158651412,88.680773514225,88.954135871216,83.5678849853194,87.3949579831933,86.3217576187101,93.2469373291485,70.0921332388377,78.7865905761719,0.625795483589172,16.238862991333,83.0717010498047,,,,,,668.478698730469,176.263122558594,119.871810913086,10.4121475219727,412.169921875,93.1880950927734,94.0735549926758,462.076293945312,106.584411621094,101.559844970703,42839,8824,6902.13525390625,1421.70544433594,61,1013,163.21257019043,9.82819938659668,538,837,,,1.34855794906616,0.866815030574799,1.3637433052063,0.897870481014252,309,39,49.785472869873,6.28360319137573,20.2852439880371,25.0767400900646,570.970231560575,394.158776715289,,,,731.707284496856,505.120638921346,,,25071,91.3651694110909
2016,PR,41022,22ª RS Ivaiporã,95.4564540650112,95.0517628321147,94.7600086874683,100,96.6592427616927,96.6035634743875,100,90.8685968819599,94.7104677060134,96.0467706013363,57.9621380846325,82.739420935412,85.0114440917969,0.686498880386353,10.4118995666504,88.9016036987305,,,,,,885.501220703125,284.142150878906,152.594863891602,8.9983024597168,407.77734375,98.3044509887695,88.3998184204102,457.528411865234,113.173416137695,96.3949432373047,12432,4023,9345.1201171875,3024.08447265625,32,449,337.512786865234,24.0543632507324,123,97,,,0.729147851467133,0.924589574337006,0.873661994934082,1.03339803218842,51,10,38.3366394042969,7.5169882774353,5.66630601882935,22.6508107816248,751.586108446906,470.456456963778,,,,963.169356437632,602.897309826664,,,8959,165.364329298943
2016,PR,41020,20ª RS Toledo,77.3401465603914,57.0471294271292,61.0280475543901,96.7456734386757,100,100,100,92.757712565839,100,100,95.5793829947329,78.2543265613243,82.4375991821289,0.47367462515831,13.1717977523804,86.2634353637695,,,,,,696.091003417969,194.533950805664,132.09733581543,3.00222396850586,348.64013671875,71.1534805297852,83.2888946533203,390.699768066406,81.2439880371094,90.3445434570312,23873,4943,6159.2958984375,1275.30688476562,30,479,123.58324432373,7.74007797241211,364,447,,,1.15327155590057,0.93912947177887,1.44462108612061,0.944998979568481,432,15,111.457122802734,3.87003898620605,27.4924983978271,24.9175583361827,785.40039891758,530.663001428836,,,,1006.5028986958,680.052938481873,,,7412,47.0708932791383
2016,PR,41019,19ª RS Jacarezinho,89.9821167682002,81.2911762273617,87.1419907930645,92.6654265213925,96.0403933032155,97.980334839224,98.7509965453096,84.321020462397,91.8947648153069,93.1969173531757,45.1767207015679,76.215785277704,81.4784927368164,1.98924732208252,15.8064517974854,81.9085998535156,,,,,,827.145385742188,267.360137939453,169.88508605957,3.99831652641296,410.804565429688,103.97974395752,109.580429077148,460.302917480469,118.898811340332,119.905754089355,22872,5760,7962.31884765625,2005.20104980469,19,765,266.315765380859,6.61437845230103,203,295,,,1.02696931362152,0.70669412612915,1.18144977092743,0.765875399112701,151,17,52.5669021606445,5.91812801361084,8.18094158172607,25.01808075454,647.877243575868,442.055777269276,,,,830.264823594246,566.50139447337,,,13495,111.719042790388
2016,PR,41005,5ª RS Guarapuava,85.2269709489375,77.0786986447481,78.3207589062207,98.0481099656357,92.9896907216495,95.0790378006873,96.1237113402062,91.7113402061856,91.5876288659794,93.3058419243986,85.0034364261168,73.3883161512027,77.8885040283203,0.404390513896942,19.7284812927246,79.8671264648438,,,,,,712.750061035156,238.756973266602,143.474227905273,2.50077176094055,440.901611328125,120.511077880859,107.551498413086,492.225921630859,137.736068725586,116.722930908203,38012,8845,8364.6357421875,1946.36437988281,36,788,173.4013671875,7.92189025878906,386,432,,,0.950626790523529,0.849402666091919,0.993922173976898,0.860075235366821,216,4,47.5313415527344,0.880210041999817,8.41062641143799,22.4214589271114,587.822067995927,362.700000390831,,,,753.303176533459,464.805724893256,,,30446,158.265508466465
2016,PR,41007,7ª RS Pato Branco,88.4191002517175,79.372409485777,81.5137119821337,96.9335604770017,91.3117546848382,93.526405451448,96.8848868337795,88.9267461669506,89.9732294962278,92.6259430518374,98.2234120223899,70.3820880992942,79.9424896240234,0.647016525268555,13.2278938293457,86.1250915527344,,,,,,660.595397949219,170.280044555664,120.488342285156,5.81127738952637,375.686676025391,76.7307052612305,85.6049880981445,420.585845947266,87.9855270385742,93.009147644043,21510,4664,8175.72314453125,1772.73693847656,52,561,213.23014831543,19.7646484375,297,385,,,1.46334421634674,1.12886548042297,1.71838414669037,1.13323652744293,97,4,36.8686714172363,1.52035760879517,16.3446044921875,24.9646962154557,1044.40362959281,510.385483285513,,,,1338.41959087659,654.066981742179,,,12206,106.11496152448
2016,PR,41013,13ª RS Cianorte,89.0564473292135,75.9557956650731,87.1131149027686,97.3684210526316,100,100,100,98.635477582846,100,100,74.2690058479532,84.4541910331384,87.1491851806641,0.295420974493027,11.4721813201904,88.1339263916016,,,,,,689.717224121094,206.979446411133,128.558670043945,1.30475306510925,365.398315429688,78.1886138916016,83.2456970214844,407.660491943359,88.387825012207,90.7766189575195,11783,2335,7574.03369140625,1500.92236328125,15,268,172.268615722656,9.64190006256104,151,194,,,1.24701905250549,0.970617890357971,1.34729480743408,1.01143527030945,55,3,35.3536338806152,1.92838001251221,15.8403558731079,26.5790481536164,958.140099065804,563.067870855148,,,,1227.87152692497,721.580285621488,,,3182,47.2201829439752
2016,PR,41021,21ª RS Telêmaco Borba,87.4015918801102,87.4026762671062,80.8041813962567,100,100,100,100,92.3883495145631,97.2427184466019,99.3009708737864,95.8446601941748,80.9708737864078,74.2958984375,0.534759342670441,18.6096248626709,80.748664855957,,,,,,720.941467285156,215.740371704102,139.851806640625,6.46616554260254,456.718017578125,116.54370880127,106.939895629883,514.490051269531,133.48405456543,116.413375854492,14448,4708,7831.70068359375,2552.0244140625,10,220,119.253471374512,5.42061233520508,98,115,,,0.623370409011841,0.531220018863678,0.768642842769623,0.580818593502045,82,2,44.4490203857422,1.08412253856659,14.3635387420654,23.3923885436628,607.948021100364,431.518563527283,,,,779.094900304607,552.997790209723,,,10756,145.984430453664
2016,PR,41004,4ª RS Irati,86.1956337888518,63.4115471878591,66.7751512076196,100,100,100,100,95.1418744625967,100,100,100,95.1418744625967,83.5864944458008,0.379746824502945,14.3037977218628,85.3164520263672,,,,,,728.193603515625,250.900024414062,151.707000732422,3.125,416.633178710938,110.699768066406,107.783302307129,467.210296630859,126.204528808594,118.865303039551,11766,2669,6865.3251953125,1557.33068847656,20,248,144.705139160156,11.6697692871094,117,134,,,0.781874537467957,0.682681500911713,0.977343142032623,0.689099848270416,71,2,41.4276809692383,1.16697692871094,6.72995567321777,23.9022385222807,567.356757370666,396.592864535045,,,,727.076560790172,508.239960543338,,,9475,125.488252501955
2016,PR,41009,9ª RS Foz do Iguaçu,74.3346785121239,72.7694915421268,58.6581718379675,100,85.6968959220937,86.8381010346926,90.1552038953134,75.2282410225198,85.2099817407182,83.7340231284236,100,66.0073037127206,74.6094970703125,0.382531076669693,27.9885234832764,71.0392074584961,,,,,,637.350036621094,188.143951416016,114.976852416992,4.06091356277466,394.190185546875,97.4171981811523,87.5375518798828,439.834899902344,110.438629150391,94.6676788330078,22957,2931,5713.2548828125,729.431091308594,35,503,125.18042755127,8.71036815643311,403,599,,,1.49071729183197,1.00293660163879,1.7392737865448,1.06577575206757,351,55,87.3525466918945,13.6877212524414,22.8784027099609,27.4749462659024,868.244728695691,488.969690239727,,,,1112.66920339477,626.62230790682,,,14093,81.2670521415193
2016,RJ,33001,Baia da Ilha Grande,93.9421146946756,89.1727543566094,93.9421146946756,100,87.9587732528909,86.7269984917044,95.9024635495224,84.2885872297637,100,92.4585218702866,59.3262946204123,72.0462543991956,68.1903762817383,1.34444737434387,25.5176124572754,71.7128295898438,,,,,,576.035217285156,149.689804077148,124.44091796875,4.88415765762329,386.869232177734,85.9580001831055,99.7510452270508,435.745758056641,98.5065994262695,109.215599060059,11029,1987,3978.1416015625,716.70751953125,11,423,152.575378417969,3.96768140792847,323,717,,,2.58620691299438,1.16505551338196,2.39602875709534,1.14097893238068,99,21,35.7091331481934,7.57466459274292,18.0410480499268,31.3691194131692,1448.26135372725,998.284754338846,,,,1855.96958265429,1279.31753071507,,,14597,143.268960740321
2016,RJ,33007,Noroeste,95.0257152279905,81.88049475445,87.3830484504013,100,90.0549725137431,94.2528735632184,100,82.6336831584208,98.5507246376812,90.679660169915,90.7796101949025,73.3633183408296,76.1868667602539,2.09595966339111,24.570707321167,73.1313095092773,,,,,,861.032531738281,231.157470703125,180.628067016602,4.78920745849609,383.002288818359,84.3741226196289,108.53857421875,424.647766113281,94.3671951293945,117.536743164062,23998,5946,6968.9912109375,1726.71142578125,86,898,260.778167724609,24.9743003845215,349,674,,,1.95728814601898,1.01349198818207,1.94291341304779,0.94357842206955,542,52,157.39616394043,15.1007394790649,14.3860673904419,25.460616317521,1027.34907064618,423.206975562194,,,,1316.56390677022,542.346360198793,,,20788,144.680222461772
2016,RJ,33002,Baixada Litorânea,68.5873168422545,48.5866926071051,53.4769247575562,100,100,100,100,93.956043956044,100,100,94.2928039702233,82.4707550514002,56.922248840332,1.94828510284424,35.7245483398438,59.8401870727539,,,,,,714.141296386719,173.860305786133,164.131210327148,9.02335453033447,406.511932373047,80.5220184326172,115.502593994141,455.624969482422,92.0860595703125,125.516555786133,26577,3377,3358.05615234375,426.690582275391,54,1063,134.312133789062,6.82300615310669,691,1343,,,1.69690692424774,0.873092114925385,1.94569396972656,0.761049509048462,401,93,50.6671371459961,11.750732421875,17.789852142334,27.0923637870525,775.73913360521,394.350864966988,,,,994.121836048808,505.366803021094,,,38970,132.907963949102
2016,RJ,33003,Centro-Sul,94.5473238474117,91.7610377565714,90.9962048178068,90.1799954431533,89.9749373433584,91.7065390749601,100,85.9421280473912,100,90.0205058099795,67.4185463659148,83.1852358168148,66.4821929931641,2.57459092140198,30.5822906494141,66.6506271362305,,,,,,868.448669433594,252.341690063477,218.974182128906,3.80789017677307,433.264007568359,105.197319030762,139.239303588867,481.731414794922,118.478530883789,151.24333190918,20401,4761,6077.94873046875,1418.41650390625,35,755,224.932662963867,10.427342414856,409,731,,,2.17782497406006,1.21850943565369,2.53429102897644,1.24964249134064,218,36,64.9474487304688,10.725266456604,14.3444480895996,21.5232334438757,929.525484053337,362.284598043179,,,,1191.20145011472,464.273380285827,,,20833,179.761280127416
2016,RJ,33004,Médio Paraíba,84.8564743778585,57.2271238800657,68.6550323539749,98.1015950069348,95.8911234396671,96.6192787794729,100,100,100,97.6508321775312,77.9559639389737,79.8543689320388,68.275993347168,2.03477621078491,21.0229377746582,76.6093215942383,,,,,,776.29296875,211.908203125,180.905364990234,3.43544220924377,389.013092041016,87.9215698242188,118.751914978027,435.571533203125,100.018859863281,129.13313293457,50737,9836,5637.9580078125,1092.98852539062,82,1627,180.794250488281,9.11194133758545,985,2125,,,2.36132621765137,1.09454417228699,2.52467441558838,1.08443212509155,1036,227,115.121597290039,25.2245197296143,28.9739723205566,24.5341979853808,870.61662194619,457.137420264471,,,,1115.70882170324,585.828755921975,,,37121,113.912511575771
2016,RJ,33005,Metropolitana I,61.7522202750879,54.5723795496008,51.2368300345434,100,93.8437183036816,98.183886619699,100,89.892815044272,100,97.9721209462979,86.4456262507196,76.1705364730393,68.4158935546875,2.12496709823608,27.5916557312012,68.7648162841797,,,,,,853.283508300781,210.105133056641,192.722717285156,5.28180170059204,426.296234130859,87.7538375854492,124.641555786133,489.065887451172,103.018913269043,136.445404052734,341485,44188,3297.68579101562,426.719024658203,892,12331,119.079208374023,8.61395359039307,15146,26695,,,2.57790899276733,1.46263384819031,2.7165265083313,1.44918894767761,11845,3174,114.385955810547,30.6509952545166,37.651985168457,25.2218778399779,682.434027559755,422.138708976476,,,,874.549882905805,540.97735985631,,,472771,111.426169654386
2016,RJ,33009,Serrana,59.6509178838899,47.5966693866391,45.2500523345481,99.7090364951368,94.1308504447585,94.5132596225788,100,95.968077146895,100,93.7816942389226,88.1370022445756,78.4853271261119,72.8946228027344,0.791397869586945,27.0451622009277,70.7957000732422,,,,,,853.547119140625,238.441986083984,186.974426269531,4.21966743469238,403.651550292969,92.7952651977539,115.795822143555,450.691284179688,105.094444274902,125.138732910156,48067,9175,5018.03466796875,957.839416503906,100,2123,221.634124755859,10.4396667480469,754,2150,,,2.24452829360962,0.787150859832764,2.2824764251709,0.78527170419693,824,98,86.0228500366211,10.2308731079102,21.8407211303711,31.6700510849495,887.430325722533,494.920058539161,,,,1137.25584614074,634.247797975251,,,40484,109.69431829341
2016,RJ,33008,Norte,50.9711382596862,37.3387695253384,30.7775607984342,100,99.1081921880401,100,100,95.0293812651227,100,100,100,86.5330107155202,58.6086311340332,3.28125,24.925594329834,69.8139877319336,,,,,,731.00390625,172.888046264648,157.260375976562,7.43010902404785,435.306640625,84.7828140258789,121.531509399414,485.629669189453,96.1206970214844,130.659484863281,43633,7444,4768.40966796875,813.513671875,135,1661,181.521530151367,14.7534046173096,1150,2114,,,2.31027388572693,1.25677156448364,2.58515167236328,1.0288587808609,1166,269,127.425704956055,29.3975257873535,26.5307750701904,41.4108433129755,1692.1235534892,1066.31611530054,,,,2168.48280684033,1366.50078412892,,,52519,147.597615525059
2016,RJ,33006,Metropolitana II,78.617892733819,52.9427243961832,62.7266616246579,100,86.9095816464237,94.7908232118758,95.9437054173896,80.775014459225,100,88.6678234046655,77.7212261422788,80.7094659726239,75.4222183227539,0.967495560646057,26.7291870117188,71.1703338623047,,,,,,789.169982910156,188.564453125,190.640823364258,6.65116548538208,389.263580322266,76.9240036010742,115.364959716797,436.532318115234,87.6808700561523,125.534065246582,70454,17929,3402.07934570312,865.754638671875,78,2290,110.579406738281,3.76646018028259,2202,4717,,,2.27774262428284,1.06330072879791,2.2560613155365,1.04253685474396,2577,580,124.438049316406,28.0070114135742,30.9299297332764,22.5637561868021,551.845086274691,243.62029629677,,,,707.198111602686,312.203221110866,,,106558,136.953301141037
2016,RN,24004,4ª Região de Saúde - Caicó,100,97.8413063226453,98.5818425774642,76.7929089443997,86.9997313994091,88.7724952994897,92.5060435132957,80.6607574536664,98.3078162771958,85.5224281493419,63.3360193392425,82.030620467365,70.9599761962891,0.872705399990082,23.5329513549805,74.7517318725586,,,,,,737.848205566406,196.543304443359,147.245315551758,6.50549459457397,325.796600341797,61.5422706604004,87.7495040893555,364.276885986328,69.5731048583984,95.3052825927734,16774,4050,5440.29248046875,1313.53198242188,0,705,228.65185546875,0,240,291,,,0.943797051906586,0.77838933467865,0.830768406391144,0.815119564533234,58,9,18.8110752105713,2.91895985603333,3.27539730072021,21.4917993965145,598.481858842787,291.429796282442,,,,766.963865274695,373.471843315661,,,35522,283.325657084975
2016,RN,24008,8ª Região de Saúde - Açu,100,99.7585936797771,100,53.0142659917165,70.2715140358951,77.3124712379199,79.1532443626323,69.7192820984814,97.1928209848136,73.5388863322596,42.6599171652094,48.5043718361712,65.6873016357422,1.416579246521,36.3064002990723,61.699893951416,,,,,,570.793212890625,146.092041015625,128.638565063477,5.20951318740845,344.176818847656,70.0169677734375,98.0788345336914,383.096954345703,79.6761169433594,105.790267944336,6308,728,4077.64868164062,470.597351074219,0,148,95.6708908081055,0,103,97,,,0.627032220363617,0.665817677974701,0.619275093078613,0.691351473331451,34,0,21.9784488677979,0,3.71435785293579,24.0068302829616,602.731287411077,338.911210111789,,,,772.409574466693,434.32001797826,,,19226,338.110080206503
2016,RN,24003,3ª Região de Saúde - João Câmara,95.4206691432738,99.5053484379575,95.4206691432738,46.3632750397456,83.406200317965,79.570747217806,90.5802861685215,64.3282988871224,100,76.3513513513514,33.4260731319555,62.5397456279809,55.8264389038086,1.49854624271393,42.1382255554199,55.4462089538574,,,,,,615.575866699219,180.422424316406,124.040420532227,3.6636917591095,377.291351318359,80.0783233642578,95.1633834838867,422.490264892578,91.9869613647461,104.051788330078,13866,1799,4009.19458007812,520.16015625,0,386,111.607467651367,0,251,201,,,0.581168413162231,0.725737690925598,0.751904726028442,0.737447798252106,0,0,0,0,3.45809650421143,23.4615596489354,673.934431733045,383.807739751197,,,,863.65751787885,491.85562311129,,,46020,379.779153910426
2016,RN,24006,6ª Região de Saúde - Pau dos Ferros,93.1883708805965,98.4063477519037,92.0036967992669,78.4383318544809,77.6989056492162,81.1298432416445,81.0411120970127,70.4229517894114,86.5720201123928,77.8172138420586,71.4285714285714,66.5483584738243,79.3191223144531,0.890868604183197,21.4126625061035,77.6328353881836,,,,,,721.870239257812,209.729873657227,160.992645263672,2.32429432868958,347.441528320312,73.799919128418,92.482666015625,387.158294677734,83.1512145996094,101.027641296387,16523,3957,6600.6982421875,1580.76391601562,6,869,347.152862548828,2.39691281318665,217,183,,,0.731058418750763,0.866883456707001,0.891751408576965,0.898243069648743,9,0,3.59536910057068,0,1.87398636341095,22.0368829045672,726.231287072558,366.891842461815,,,,930.676756173657,470.177636088024,,,38196,477.441216158569
2016,RN,24002,2ª Região de Saúde - Mossoró,87.3017731682837,92.240925058548,84.5981097356976,100,83.9137134052388,85.4237288135593,88.7981510015408,76.9029275808937,100,84.6995377503852,96.1633281972265,58.5824345146379,62.2600936889648,2.38252806663513,37.6075439453125,59.6459312438965,,,,,,669.639587402344,172.24104309082,123.719482421875,8.34378910064697,399.737121582031,79.6836700439453,96.1730880737305,446.835266113281,90.4264678955078,103.946670532227,18806,2285,3950.20141601562,479.964385986328,52,762,160.058135986328,10.9226026535034,441,536,,,1.12586832046509,0.926320731639862,1.08065497875214,0.916448414325714,165,40,34.658260345459,8.40200233459473,14.354190826416,26.8947207581316,614.366742470983,311.379217243136,,,,787.320592161082,399.03733838278,,,43030,226.137398971229
2016,RN,24001,1ª Região de Saúde - São José de Mipibu,100,99.911268621741,100,38.0426646706587,74.1579341317365,79.2664670658683,85.4603293413174,64.6145209580838,84.1317365269461,69.1429640718563,32.0172155688623,61.3211077844311,54.7645111083984,1.05878055095673,35.5604248046875,60.4052581787109,,,,,,616.398986816406,199.547897338867,125.346824645996,3.43938088417053,361.635955810547,83.9892578125,96.2874603271484,403.070404052734,95.4697113037109,105.193786621094,17569,1818,4655.8525390625,481.777008056641,0,413,109.446594238281,0,266,262,,,0.694310128688812,0.704910278320312,0.8368159532547,0.702988982200623,72,0,19.0802783966064,0,3.20416164398193,20.690832206259,563.884301034846,247.119900457379,,,,722.626553669711,316.688018593521,,,51452,398.62584467353
2016,RN,24005,5ª Região de Saúde - Santa Cruz,100,100,100,58.2520765619357,54.8934633441676,60.1300108342362,63.9942217407006,47.0205850487541,68.4362585771036,54.5323221379559,52.0043336944745,43.1563741422896,14.4278602600098,0.574052810668945,26.291618347168,70.1492538452148,,,,,,653.531982421875,210.425155639648,121.90495300293,4.3343653678894,339.581878662109,75.8738250732422,80.7445220947266,377.981140136719,85.4053115844727,87.58447265625,9863,1099,4988.998046875,555.906799316406,0,404,204.355194091797,0,176,161,,,0.814385771751404,0.890260219573975,1.12863254547119,0.980803787708282,14,10,7.08161544799805,5.05829668045044,2.58327221870422,20.7330053861067,596.39488989902,273.48359754578,,,,764.289381922911,350.473508868778,,,29636,433.503744577882
2016,RN,24007,7ª Região de Saúde - Metropolitana,66.5570028811437,47.6144707569992,54.5423601064929,100,75.0247615075848,78.569566803941,83.6157014022833,72.4756294635876,98.6759109628317,76.8805713392066,93.280508783819,65.6883699108586,57.0946846008301,1.23456788063049,36.1505393981934,60.3415451049805,,,,,,611.040649414062,138.665084838867,130.284225463867,2.15710711479187,373.067321777344,64.6990203857422,100.320449829102,417.513946533203,73.5346755981445,109.007949829102,56470,6897,4302.42724609375,525.479736328125,254,2276,173.40754699707,19.3521595001221,1492,2984,,,2.27349781990051,1.13674890995026,2.44709587097168,1.12257766723633,1093,197,83.2752380371094,15.009352684021,29.4892635345459,27.7780113557323,654.426999804224,348.94690336368,,,,838.658438670933,447.180915887621,,,80756,139.268883938606
2016,RO,11005,Zona da Mata,81.1388976724363,100,81.1388976724363,92.1197007481297,100,100,100,100,100,100,82.0947630922693,78.2044887780549,74.7292404174805,0.515729784965515,29.9123268127441,69.4687957763672,,,,,,483.508758544922,123.620246887207,87.0462112426758,9.37972736358643,334.592498779297,71.9011306762695,72.4853744506836,372.087646484375,82.4948806762695,79.3907852172852,11981,4291,8763.87109375,3138.78393554688,0,242,177.018341064453,0,81,87,,,0.63638824224472,0.592499375343323,0.955313861370087,0.699478447437286,22,0,16.0925769805908,0,4.37425470352173,26.8947056086016,583.529537055461,338.796796165801,,,,747.802230977187,434.173394716486,,,8403,147.877666363478
2016,RO,11001,Vale do Jamari,73.9225460122699,86.1004601226994,68.1710122699386,91.4865225513744,100,100,100,100,100,100,89.8318654923939,81.1582599412864,28.5315475463867,0.949190378189087,26.2981567382812,72.0547180175781,,,,,,421.631103515625,90.4323348999023,97.0022048950195,6.78276824951172,343.834655761719,68.450325012207,89.7651443481445,384.253570556641,77.7769393920898,97.0747985839844,12493,2552,4828.08203125,986.253540039062,7,342,132.170333862305,2.70524072647095,168,199,,,0.769061326980591,0.649257779121399,1.01079392433167,0.770993649959564,147,19,56.81005859375,7.34279632568359,4.30635690689087,22.6562465113933,489.936526832727,241.424539573935,,,,627.861324126778,309.389324518237,,,15391,139.896957949735
2016,RO,11003,Central,82.9933651963045,93.6928677216529,75.4254574651035,100,100,100,100,100,100,100,100,85.1717557251908,68.3521728515625,1.34840369224548,26.9284152984619,71.5843734741211,,,,,,529.638977050781,145.130325317383,121.712882995605,4.96724891662598,359.734222412109,83.5361480712891,101.918174743652,402.336059570312,94.9841842651367,109.786407470703,22922,5840,6626.84716796875,1688.36877441406,6,550,159.00732421875,1.73462545871735,220,297,,,0.858639597892761,0.636029303073883,1.2060706615448,0.746756255626678,189,5,54.6407012939453,1.445521235466,7.29670190811157,23.8944107099435,502.984712614101,261.20032812373,,,,644.582778342709,334.732306934334,,,19846,134.507785164387
2016,RO,11006,Cone Sul,92.7702521201888,98.2884991749492,92.7702521201888,100,100,100,100,100,100,100,100,84.7109207708779,71.4965362548828,0.692041516304016,26.9896202087402,72.3183364868164,,,,,,514.645080566406,126.691963195801,101.090995788574,5.22959184646606,375.747589111328,79.1421890258789,90.4662857055664,418.742645263672,88.6300201416016,98.2374267578125,12272,2778,8055.7705078125,1823.57653808594,10,347,227.782958984375,6.56435012817383,136,188,,,1.23409783840179,0.892751634120941,1.34454309940338,1.04881906509399,25,0,16.4108753204346,0,9.21437835693359,22.8896339386108,684.478541748334,374.910274718327,,,,877.169959824616,480.453382472031,,,6401,113.098992327035
2016,RO,11002,Café,75.3742607716136,85.2007885102788,73.6845958884821,100,100,100,100,100,100,100,100,71.0949464012251,73.7442932128906,0.951293766498566,26.9406394958496,72.0700149536133,,,,,,551.147705078125,153.84977722168,113.176849365234,2.56684494018555,377.329986572266,86.5355072021484,96.3930892944336,423.716552734375,99.4675979614258,104.360679626465,11990,3121,7067.65869140625,1839.71325683594,27,399,235.195648193359,15.9154949188232,170,344,,,2.02775192260742,1.0020866394043,2.30494666099548,1.08166420459747,127,0,74.8617706298828,0,8.64447116851807,23.95008166546,516.656327092603,311.903407438502,,,,662.103166187467,399.709096319027,,,6779,92.8241003752991
2016,RO,11004,Madeira-Mamoré,66.8401158509646,58.6621504426227,59.2754405772912,100,100,100,100,100,100,98.7208981319591,100,87.3194073801417,39.7424812316895,9.60891723632812,39.3196868896484,50.052848815918,,,,,,471.803833007812,87.8349456787109,99.205696105957,7.23017835617065,426.6484375,82.2949676513672,102.536972045898,477.287506103516,94.0239562988281,109.55689239502,36957,4840,6090.27392578125,797.6005859375,133,1497,246.695892333984,21.917537689209,728,1125,,,1.85392701625824,1.1996967792511,2.65766620635986,1.38747894763947,567,64,93.4379196166992,10.5467853546143,15.2974519729614,27.1181606919316,521.190740880212,354.784683486859,,,,667.914088396577,454.662122446754,,,32330,132.213431824858
2016,RO,11007,Vale do Guaporé,100,100,100,94.3624161073825,100,100,100,100,100,100,92.8859060402685,100,69.3759078979492,1.45137882232666,25.2539920806885,73.1494903564453,,,,,,305.791168212891,90.0617828369141,71.2116470336914,5.47945213317871,256.144775390625,70.7550582885742,61.8783340454102,285.1494140625,80.4932403564453,67.1861877441406,2590,711,5424.65185546875,1489.1611328125,0,111,232.485076904297,0,30,30,,,0.628338038921356,0.628338038921356,0.951408505439758,0.851398050785065,0,0,0,0,1.78448009490967,25.4084213782928,509.123898900022,295.211450174486,,,,652.450241614855,378.318091941778,,,4383,230.412674707321
2016,RR,14001,Centro Norte,76.4767245367092,61.2199911259641,69.7503941393601,100,84.4485369347248,99.048496009822,99.0075711070186,86.719869040311,92.0298751790465,91.8252506650297,84.3257622263147,73.1328013095969,48.6375465393066,4.92887210845947,49.7896194458008,45.2714881896973,,,,,,420.332855224609,94.3141708374023,93.4073028564453,5.33980560302734,387.195770263672,84.5194549560547,96.396728515625,429.986602783203,95.9806671142578,102.956405639648,33933,5717,7693.1796875,1296.1396484375,30,762,172.758163452148,6.80150270462036,556,674,,,1.52807092666626,1.26054513454437,1.86043775081635,1.32073843479156,121,18,27.4327278137207,4.08090162277222,6.6564040184021,16.5153451667371,539.056915505673,288.428807791478,,,,690.80987069299,369.626029614432,,,37011,259.537818580556
2016,RR,14002,Sul,99.2483863489391,98.5467989311468,99.2483863489391,57.1536144578313,100,88.4789156626506,100,100,81.4759036144578,90.5873493975904,47.8915662650602,71.460843373494,51.1127052307129,2.65613794326782,50.8255577087402,46.3747291564941,,,,,,355.762878417969,78.9275283813477,85.9956665039062,2.31788086891174,330.359893798828,73.5755081176758,92.0962219238281,366.672485351562,83.0599822998047,98.0785522460938,4135,1118,4871.12451171875,1317.02954101562,0,117,137.828674316406,0,79,45,,,0.530110239982605,0.930638015270233,0.720066428184509,0.948308348655701,1,0,1.17802286148071,0,0.520686089992523,16.2666774374409,392.001178312617,120.834388227672,,,,502.355642812987,154.851158951408,,,10213,359.092782063486
2016,RS,43022,Região 22 - Pampa,74.5118786289962,50.1387112227118,62.7980185615094,91.9917012448133,87.551867219917,88.1327800829876,92.655601659751,83.4439834024896,88.0082987551867,85.2282157676349,94.2738589211618,70.746887966805,76.5566253662109,1.08650231361389,20.9778518676758,77.6849136352539,,,,,,885.408325195312,248.788024902344,190.186996459961,0.782190144062042,410.015502929688,91.6593704223633,112.113082885742,457.236968994141,104.095123291016,122.042442321777,11724,3168,6245.8046875,1687.70971679688,40,323,172.073944091797,21.3094673156738,150,242,,,1.28922271728516,0.799104988574982,1.41854453086853,0.83359968662262,198,11,105.481857299805,5.86010313034058,7.53662586212158,18.5519164005208,518.778327876262,310.575723565614,,,,664.822543390141,398.007648664485,,,11888,153.845744939334
2016,RS,43018,Região 18 - Araucárias,87.04925636652,78.4017117036239,74.6842924260107,93.0041152263374,100,100,100,100,100,100,70.0274348422497,84.7736625514403,80.3596115112305,0.691562950611115,18.3955745697021,80.9128646850586,,,,,,748.545959472656,214.517715454102,124.631767272949,2.62361240386963,302.103424072266,55.2130889892578,67.1387634277344,338.657684326172,62.7579345703125,74.6533966064453,11516,2388,8698.5419921875,1803.76159667969,0,354,267.391784667969,0,110,133,,,1.00460755825043,0.830878436565399,1.38643407821655,0.88280838727951,108,0,81.5771560668945,0,6.32902765274048,20.422157534386,707.298220556617,533.540519290492,,,,906.413735228217,683.740522639963,,,4089,75.1351199645844
2016,RS,43001,Região 01 - Verdes Campos,64.8256453757623,41.6931083497639,40.8984822779586,100,98.9295091900626,100,100,93.2134922237932,100,97.0914966673399,91.3956776408806,82.892344980812,69.8202667236328,1.93561124801636,24.3333988189697,73.4742279052734,,,,,,816.675109863281,234.061218261719,144.960983276367,3.39174675941467,344.043304443359,65.3138198852539,83.5192642211914,384.606842041016,74.6248016357422,90.1018142700195,22677,4703,5234.52294921875,1085.59167480469,32,908,209.593276977539,7.38654708862305,744,1091,,,2.51835083961487,1.71737217903137,2.88306164741516,1.74155163764954,634,78,146.345962524414,18.0047092437744,14.5722723007202,20.5423006997037,490.676455383278,324.649810922064,,,,628.809554140391,416.043811798968,,,16189,90.1536878929925
2016,RS,43013,Região 13 - Diversidade,92.7897216237106,91.5442176577012,86.416687896439,100,100,100,100,100,99.6769562096195,100,100,95.3338119167265,80.8779525756836,0.365813106298447,20.1862316131592,79.4146957397461,,,,,,775.339538574219,230.021774291992,125.50617980957,4.56852769851685,297.879821777344,61.0592079162598,72.8841781616211,332.173706054688,69.8757095336914,78.1494598388672,15842,2844,6927.76611328125,1243.69189453125,27,516,225.648742675781,11.807201385498,275,385,,,1.68361949920654,1.2025853395462,1.87308132648468,1.18170404434204,319,39,139.499893188477,17.0548458099365,20.9507865905762,24.6073166309079,791.838403876915,513.377747060624,,,,1014.7533027729,657.901614583545,,,8218,83.0083413887011
2016,RS,43014,Região 14 - Fronteira Noroeste,95.4327098824632,89.2918119927921,93.7167506010158,100,98.6062717770035,100,100,95.7413859852884,99.2644212156407,97.6384049554781,79.3650793650794,79.9457994579946,82.0251159667969,0.549450576305389,19.427001953125,80.0235443115234,,,,,,857.464721679688,288.913909912109,151.966949462891,3.96702718734741,321.044311523438,74.4943771362305,76.7211074829102,357.278289794922,85.5995407104492,83.1215438842773,18572,4696,8204.4482421875,2074.52563476562,34,631,278.753326416016,15.0199899673462,269,269,,,1.18834626674652,1.18834626674652,1.58416712284088,1.24975144863129,258,1,113.975219726562,0.441764414310455,14.0891923904419,19.2021202914855,906.410733614003,409.189533279955,,,,1161.57953579957,524.382788613117,,,7837,82.4084901051827
2016,RS,43003,Região 03 - Fronteira Oeste,77.29635065925,62.3562910653202,64.4332592083961,100,93.4739617666447,93.6058009228741,100,86.7336849044166,92.6170072511536,88.2498352010547,92.5346077785102,72.7257745550428,67.1785659790039,1.09459233283997,28.720796585083,70.0048980712891,,,,,,853.767517089844,222.506134033203,164.88330078125,8.89787673950195,399.729278564453,83.6969985961914,98.8495407104492,446.494812011719,94.2708206176758,107.666976928711,29980,6880,6470.1591796875,1484.81298828125,71,722,155.819046020508,15.322925567627,359,540,,,1.16540563106537,0.77477890253067,1.3923898935318,0.769707202911377,304,15,65.6080169677734,3.23723769187927,8.05532646179199,18.7563415694201,476.538616436283,258.595844579255,,,,610.69169234524,331.394620525297,,,25701,135.485883643957
2016,RS,43017,Região 17 - Planalto,69.6743924597706,49.1152853349638,56.2755941037102,100,94.275161588181,96.528162511542,99.2243767313019,91.9482917820868,97.2483841181902,95.4939981532779,100,76.9344413665743,78.2850799560547,0.556792855262756,23.1069049835205,76.299186706543,,,,,,740.942199707031,190.380981445312,128.390777587891,2.91005301475525,345.249755859375,67.0215454101562,76.1748962402344,384.582977294922,75.7553329467773,82.9366073608398,33217,6104,8138.84814453125,1495.60559082031,88,1095,268.297515869141,21.5618095397949,573,1243,,,3.04560565948486,1.40396785736084,3.63230752944946,1.43177771568298,535,40,131.085998535156,9.80082321166992,19.1267948150635,20.0633679123501,649.103278420634,443.957438290689,,,,831.836006428963,568.93840282354,,,8208,44.4896737399241
2016,RS,43015,Região 15 - Caminho das Águas,98.8875743362091,95.0911927297093,93.2516333026217,95.0242184059885,97.7102597974461,100,100,96.0369881109643,100,98.9872302950242,91.4134742404227,82.6067811536768,83.2029418945312,0.460193276405334,17.6714210510254,81.6382904052734,,,,,,840.113952636719,230.936920166016,141.367919921875,4.17469501495361,347.294219970703,68.2566986083984,76.9748153686523,388.531707763672,78.4521942138672,83.2939910888672,17815,3859,9612.4794921875,2082.20922851562,10,588,317.268463134766,5.39572238922119,222,213,,,1.14928889274597,1.19785034656525,1.68117213249207,1.25571942329407,212,10,114.389312744141,5.39572238922119,8.39844131469727,20.8383984336024,722.49471738572,453.938828281875,,,,925.888283661847,581.72971025474,,,9810,134.443715581851
2016,RS,43019,Região 19 - Botucaraí,90.1417751993714,89.011586110043,76.3554745623861,97.3484848484848,92.6515151515152,97.4242424242424,98.4090909090909,89.3939393939394,96.5909090909091,94.9242424242424,60.2272727272727,76.5151515151515,78.4117202758789,0.616807997226715,23.2845020294189,76.0986862182617,,,,,,793.779113769531,246.726623535156,150.588317871094,2.89389061927795,357.940612792969,78.09375,80.9217224121094,397.037689208984,88.1958694458008,88.584831237793,9127,2414,7765.08203125,2053.78637695312,0,244,207.590667724609,0,83,103,,,0.876304864883423,0.706148624420166,1.20385575294495,0.771446049213409,89,0,75.7195510864258,0,8.41337776184082,19.5271538516773,584.365455547944,400.661635812267,,,,748.873473603135,513.454154590474,,,5836,113.968585057984
2016,RS,43026,Região 26 - Uva Vale,74.2444188621254,52.8303653559094,62.267487014525,98.3981693363844,97.162471395881,99.7711670480549,98.9016018306636,95.0572082379863,100,97.8032036613272,69.5652173913043,79.8627002288329,81.5212097167969,0.390053629875183,17.2111167907715,82.3988265991211,,,,,,609.120544433594,166.66667175293,122.692726135254,2.0499107837677,272.892547607422,52.2478942871094,68.4271774291992,304.734252929688,60.5666007995605,74.2353363037109,9605,2106,5214.44091796875,1143.32250976562,5,227,123.235610961914,2.71444082260132,151,187,,,1.01520085334778,0.819761157035828,1.82871878147125,0.90038001537323,152,5,82.5190048217773,2.71444082260132,43.1574363708496,18.7334148529372,688.005836572042,404.470368720099,,,,881.690243325247,518.335105398971,,,2484,32.6282649250463
2016,RS,43010,Região 10 - Capital e Vale do Gravataí,62.2564237496348,27.949867501354,44.6215459371353,96.8973972086005,76.0656356092041,80.5450773293097,85.4488872123727,70.7248836916887,77.0306802464479,76.5591600653841,61.6434050044009,62.2123726895511,66.3984451293945,2.05525922775269,26.1948623657227,71.7207946777344,,,,,,800.450622558594,199.481796264648,144.906585693359,3.53192615509033,391.964996337891,75.9745254516602,85.3240432739258,440.204772949219,86.6513900756836,93.2251739501953,153958,31532,6584.86669921875,1348.640625,636,5291,226.298919677734,27.2020626068115,4028,8992,,,3.8459267616272,1.72279727458954,4.47098636627197,1.73919975757599,2687,337,114.924438476562,14.4136714935303,38.870548248291,20.619914770405,755.542888081833,371.515866510534,,,,968.240031443073,476.103395248687,,,83112,105.925423558205
2016,RS,43021,Região 21 - Sul,79.2383226905356,52.5144105863235,62.5776096400954,73.3986987995968,68.7620269403464,69.5958948043618,74.0401356180702,57.5552093833043,71.1811600843031,64.143681847338,86.0258407404013,53.0559882708696,61.1828346252441,7.95519256591797,23.8845634460449,64.9990539550781,,,,,,942.155639648438,231.304244995117,178.428161621094,10.119047164917,417.985168457031,77.4681091308594,105.500160217285,467.090393066406,88.3338012695312,114.434494018555,53607,10450,6135.34228515625,1196.00659179688,127,1955,223.750518798828,14.5352001190186,1199,1932,,,2.211181640625,1.37226021289825,2.55819511413574,1.37011420726776,585,26,66.9534759521484,2.97571015357971,15.905743598938,18.5950925622993,589.517048786477,282.322851006092,,,,755.475320934294,361.801150467092,,,31741,81.3067768853227
2016,RS,43029,Região 29 - Vales e Montanhas,80.1581827587146,80.1536451006906,70.6663097042355,100,100,100,100,99.9204771371769,100,100,87.5944333996024,90.7753479125249,86.5009536743164,0.22944550216198,13.7284898757935,85.9655838012695,,,,,,768.633605957031,201.298049926758,153.455917358398,1.46799767017365,313.531127929688,55.910343170166,78.7746353149414,348.392120361328,63.484245300293,85.7582397460938,16395,2905,7399.734375,1311.14538574219,25,577,260.423706054688,11.2835235595703,318,415,,,1.87306487560272,1.43526411056519,2.19757890701294,1.58273983001709,200,6,90.2681884765625,2.70804572105408,24.5430164337158,21.3022353231075,956.131201311606,533.238172514092,,,,1225.29709302403,683.353060515831,,,3115,34.7938131834114
2016,RS,43009,Região 09 - Carbonífera/Costa Doce,52.3961543202268,36.4217921853815,33.7645753728584,91.7521704814523,87.3717442778216,92.3441199684294,95.3038674033149,84.7474348855564,88.9897395422257,89.2857142857143,47.3164956590371,69.475138121547,69.9756851196289,1.15478122234344,27.9983787536621,70.6847686767578,,,,,,733.63525390625,202.229446411133,134.327590942383,6.1032862663269,378.315155029297,81.1832733154297,87.0066299438477,423.749969482422,92.1101455688477,95.5953903198242,23625,4002,5812.25146484375,984.576904296875,0,386,94.9641952514648,0,230,509,,,1.25224804878235,0.565848827362061,1.19769287109375,0.542784333229065,89,0,21.8958892822266,0,16.6312808990479,21.4734367836852,465.571448128888,344.611504623151,,,,596.637094579451,441.625034574906,,,16494,97.8250292114448
2016,RS,43007,Região 07 - Vale dos Sinos,68.108748132827,41.0204683199361,45.7286669659948,89.3728385830452,91.4477988597065,97.1773062903075,97.2520796336106,91.8497055799607,93.0367324048976,93.8685858491448,58.9494345265913,77.3062903075054,76.2385787963867,0.817700803279877,22.068302154541,77.0370407104492,,,,,,652.702880859375,175.656585693359,136.580703735352,4.43814897537231,366.327575683594,82.5500640869141,96.4452743530273,410.519805908203,93.8613052368164,104.961769104004,47920,7349,5906.9921875,905.894897460938,65,885,109.091987609863,8.01240539550781,635,1269,,,1.56426811218262,0.782750427722931,1.74614977836609,0.804722845554352,376,74,46.3486862182617,9.12181568145752,26.7090454101562,28.9935601031001,736.921595113049,417.776391846834,,,,944.376553175969,535.386982206813,,,18195,53.769677296408
2016,RS,43016,Região 16 - Alto Uruguai Gaúcho,84.6965278506242,78.4177069128291,77.9997902024546,93.2153392330383,98.0825958702065,99.7418879056047,100,95.2802359882006,100,98.4513274336283,96.2758112094395,94.76401179941,78.4632873535156,0.681302070617676,24.186222076416,74.8296737670898,,,,,,753.696838378906,208.31462097168,110.35969543457,6.01589107513428,297.520233154297,55.9884300231934,62.0024795532227,331.010375976562,63.2612380981445,66.6089782714844,18891,3236,8080.6396484375,1384.20141601562,30,596,254.939453125,12.8325223922729,264,377,,,1.61262035369873,1.12926197052002,1.51306140422821,1.14423322677612,254,10,108.64868927002,4.27750778198242,15.2446088790894,20.3635608133285,704.698807632294,525.323482894869,,,,903.082546898233,673.21026194455,,,5349,57.9138825307272
2016,RS,43004,Região 04 - Belas Praias,87.934169425148,58.9198297622933,68.612589331504,100,100,100,100,100,100,100,96.011673151751,80.5933852140078,74.9675216674805,1.03941094875336,30.8358592987061,67.9948043823242,,,,,,745.075439453125,191.609329223633,140.470352172852,8.34057331085205,382.302520751953,73.3980102539062,91.1901092529297,426.104125976562,81.7816314697266,98.2589569091797,10787,1538,6982.73583984375,995.591674804688,15,138,89.3313751220703,9.70993232727051,145,221,,,1.43059659004211,0.938626766204834,1.63013577461243,1.0197046995163,21,0,13.5939044952393,0,8.00033664703369,22.5013091220296,807.379951737388,583.823592230446,,,,1034.67003950151,748.179067284383,,,5333,89.5293154822354
2016,RS,43027,Região 27 - Jacuí Centro,65.4593571318189,75.1970329160872,47.2212563745943,100,99.9113867966327,100,100,97.0314576871954,100,98.8037217545414,53.9654408506868,85.9991138679663,68.9273071289062,1.06382977962494,29.2996444702148,69.5922012329102,,,,,,988.492980957031,293.942718505859,199.566452026367,3.08304333686829,410.486328125,86.3964691162109,105.434829711914,458.425903320312,99.6567611694336,114.209678649902,16870,4675,8292.330078125,2297.96362304688,15,412,202.515716552734,7.37314510345459,187,307,,,1.50903701782227,0.919185400009155,1.64937257766724,0.909108757972717,213,4,104.698661804199,1.96617197990417,6.10447263717651,20.0916480962542,614.253337290843,317.189892326774,,,,787.175261648524,406.483809409688,,,10621,123.130711153422
2016,RS,43005,Região 05 - Bons Ventos,70.7980803654375,62.8974880702597,62.0156162906098,88.8462879051934,90.728476821192,94.6322760543743,96.5841756709655,79.5399093760892,95.6779365632625,90.4147786685256,67.8633670268386,72.1854304635762,72.470588684082,1.44537818431854,24.0672264099121,74.2857131958008,,,,,,877.795715332031,237.396820068359,180.580139160156,3.66281986236572,412.57275390625,83.2683334350586,101.329643249512,458.469909667969,94.3940200805664,109.531700134277,14884,2873,6555.5,1265.38232421875,19,331,145.785430908203,8.36834812164307,188,243,,,1.07026767730713,0.828026056289673,1.45367014408112,0.881759643554688,38,0,16.7366962432861,0,8.63393306732178,28.6154306723081,731.296380380776,527.113495583968,,,,937.167752490838,675.504191210136,,,9856,106.964461159849
2016,RS,43008,Região 08 - Vale do Caí e Metropolitana,77.8246969722873,56.6835742343923,60.7995171019806,87.5684056913535,87.9970813571689,90.815395840934,94.5275446917183,87.0302809193725,93.2141554177308,89.1827800072966,53.1649033199562,72.7106895293688,68.1541595458984,1.52129817008972,22.4506721496582,75.6961059570312,,,,,,741.019897460938,202.429412841797,150.349960327148,3.7435986995697,399.254272460938,89.6126937866211,100.87483215332,446.856994628906,102.268501281738,109.762535095215,56444,10119,7385.8603515625,1324.10034179688,120,1294,169.323638916016,15.7023458480835,866,1840,,,2.4076931476593,1.13318598270416,2.36441349983215,1.20054244995117,301,19,39.38671875,2.4862048625946,29.6054649353027,18.6949772239674,1023.97364089191,395.426345886237,,,,1312.23824073198,506.745048644864,,,20215,65.218536072935
2016,RS,43020,Região 20 - Rota da Produção,88.6026480936483,90.886913574327,85.3210019360214,96.5953307392996,98.0544747081712,100,100,94.8443579766537,100,96.8385214007782,46.9844357976654,80.7392996108949,83.3076553344727,0.616332828998566,14.5351819992065,84.591682434082,,,,,,739.627807617188,217.429809570312,163.072357177734,3.38563179969788,311.049163818359,67.8015518188477,87.2974243164062,348.044647216797,77.1490325927734,94.3899078369141,12938,3332,7901.9853515625,2035.04528808594,0,461,281.559387207031,0,177,150,,,0.916136860847473,1.08104145526886,1.14242267608643,1.12242031097412,119,0,72.6801910400391,0,4.51655435562134,20.7076349365309,752.67971876554,507.176139047494,,,,964.570835170347,649.9541568914,,,9208,153.028501377496
2016,RS,43025,Região 25 - Vinhedos e Basalto,69.7828326465506,47.3188887411937,53.224112720989,100,100,100,100,100,100,100,87.9154078549849,80.417467728646,82.9945068359375,0.686813175678253,14.6978025436401,84.5604400634766,,,,,,627.862243652344,154.60578918457,101.55158996582,1.50336956977844,261.136871337891,41.589038848877,57.6921119689941,292.328674316406,47.7938079833984,61.7724342346191,17317,2757,5636.43896484375,897.364562988281,23,425,138.331497192383,7.48617506027222,259,650,,,2.11565804481506,0.843008399009705,2.11931991577148,0.871895253658295,325,16,105.782905578613,5.20777368545532,36.259895324707,21.313068310012,817.348514083253,491.447755454827,,,,1047.44490810454,629.797987248967,,,2932,22.4311183094263
2016,RS,43012,Região 12 - Portal das Missões,91.117929050815,84.8897411313519,78.1361457334612,97.3460190285428,97.4461692538808,98.3975963945919,100,98.0971457185779,98.4977466199299,98.2473710565849,85.378067100651,74.1612418627942,71.5909118652344,0.757575750350952,21.753246307373,77.4891738891602,,,,,,878.816223144531,257.629150390625,169.355209350586,3.94345235824585,374.882232666016,78.9992904663086,98.677604675293,418.725433349609,89.3943710327148,106.330619812012,9866,2276,6451.19091796875,1488.2333984375,8,328,214.473007202148,5.23104906082153,189,243,,,1.5889310836792,1.235835313797,1.47989642620087,1.1894097328186,236,6,154.315948486328,3.92328667640686,11.6887788772583,20.7691023443187,727.604305306028,469.222724558364,,,,932.436300520534,601.316262447549,,,6656,109.452813877031
2016,RS,43024,Região 24 - Campos de Cima da Serra,98.5450560057916,83.9302592153156,78.2230981157118,100,100,100,100,97.060984570169,100,100,62.8949301983835,91.1094783247612,63.3067436218262,3.19071793556213,29.5866565704346,66.4249420166016,,,,,,762.478759765625,223.485153198242,135.5068359375,9.01856803894043,379.919616699219,80.304557800293,91.8143692016602,423.717651367188,93.1162948608398,98.7308578491211,6814,1292,6890.62353515625,1306.52856445312,8,163,164.832946777344,8.0899600982666,85,131,,,1.3247309923172,0.859558284282684,1.45366477966309,0.923013925552368,48,2,48.5397605895996,2.02249002456665,12.8003396987915,22.4665634198005,893.526845192732,523.038337611809,,,,1145.06863122102,670.281812513519,,,4189,112.415234543154
2016,RS,43030,Região 30 - Vale da Luz,71.9976394216583,53.6880049125549,45.8925139361846,99.6767937944409,98.7071751777634,100,100,96.7032967032967,100,98.5132514544279,68.5197155785391,100,84.3729019165039,0.536552667617798,13.4138164520264,86.0496292114258,,,,,,714.516418457031,210.337249755859,139.437057495117,2.31532526016235,313.891174316406,63.796272277832,75.5171279907227,349.210662841797,72.4239273071289,81.625846862793,9356,1581,7370.46923828125,1245.48010253906,14,223,175.674926757812,11.0289192199707,120,216,,,1.70160472393036,0.945335924625397,1.71932971477509,0.877389907836914,85,6,66.961296081543,4.72667980194092,23.7011470794678,22.3559414137421,687.556004979108,460.717335146321,,,,881.113777101349,590.41647285035,,,2704,51.6888072285466
2016,RS,43011,Região 11 - Sete Povos das Missões,90.5521992870875,82.3171023734102,77.9961822921299,100,100,100,100,98.145896656535,100,99.8480243161094,83.2218844984803,78.7234042553192,74.2401885986328,0.7671879529953,30.6875190734863,68.545295715332,,,,,,865.236145019531,225.299865722656,155.488647460938,6.39771795272827,356.007659912109,65.3232955932617,88.3035049438477,398.010345458984,74.8517227172852,95.5001449584961,20941,5004,7383.4189453125,1764.32006835938,25,499,175.938400268555,8.81454849243164,288,353,,,1.24461436271667,1.01543605327606,1.71178543567657,1.00027501583099,213,9,75.0999603271484,3.17323756217957,9.15196990966797,19.652335677209,603.534565135465,370.407707890806,,,,773.438987437667,474.683272640515,,,13884,114.192251538589
2016,RS,43002,Região 02 - Entre Rios,85.8028759031324,88.1739662516768,81.3356553936912,87.8691141260974,100,100,100,95.9297685554669,100,100,83.6392657621708,89.9441340782123,77.9984741210938,0.763941943645477,15.6608095169067,83.4224624633789,,,,,,853.916687011719,213.277954101562,133.600540161133,10.2733268737793,326.096435546875,55.0276336669922,70.5286254882812,365.236785888672,63.1782035827637,76.9171752929688,8489,2194,6832.13818359375,1765.78051757812,7,261,210.058670043945,5.63375759124756,84,147,,,1.18308901786804,0.676050901412964,1.07966935634613,0.703817248344421,122,3,98.188346862793,2.41446757316589,5.63536691665649,20.629938264474,604.922317862078,399.249279299083,,,,775.217414268025,511.644197622702,,,6854,129.663286964217
2016,RS,43006,Região 06 - Vale do Paranhana e Costa Serra,78.3586105890968,56.7154566228175,70.4181113963809,73.1666103413315,72.1865495099696,76.1067928354174,79.3849273403177,69.6519094288611,72.8286583305171,74.6535991889152,59.3105778979385,62.1831699898614,73.6240921020508,0.969193518161774,23.3644866943359,75.5970916748047,,,,,,666.369934082031,181.975280761719,138.336120605469,7.26915502548218,361.143768310547,76.9211959838867,87.357536315918,404.006896972656,88.0121994018555,95.9645843505859,17492,3075,7633.361328125,1341.90405273438,8,404,176.302185058594,3.49113249778748,140,276,,,1.20444071292877,0.610948204994202,1.49605941772461,0.676734209060669,51,2,22.2559700012207,0.872783124446869,11.5927419662476,19.9944936231673,462.456636722519,283.615781208878,,,,592.645415031386,363.45806074968,,,6082,65.6247388930565
2016,RS,43028,Região 28 - Vinte e Oito,75.4298224529925,67.6500143346548,53.2756858191169,80.4040404040404,88.459595959596,87.5252525252525,90.7070707070707,85.2525252525252,89.9494949494949,87.8535353535353,42.7020202020202,69.6717171717172,77.2580261230469,0.547399878501892,18.1637229919434,80.6170654296875,,,,,,834.075378417969,245.452331542969,175.488296508789,2.84228777885437,371.399291992188,81.4559097290039,96.8589782714844,415.250793457031,93.2443313598633,106.354583740234,25719,4954,7435.55810546875,1432.23901367188,33,533,154.094345092773,9.54055023193359,344,598,,,1.72886335849762,0.994530081748962,2.71175694465637,1.04866552352905,225,6,65.0492095947266,1.73464548587799,18.456916809082,22.5841217843521,880.828679975079,368.885188809858,,,,1128.79573383352,472.732140618674,,,12476,84.0330657732616
2016,RS,43023,Região 23 - Caxias e Hortênsias,55.9934946162341,25.4129279403644,32.9636595803424,98.9171493326618,94.8627549735583,98.9297406194913,99.8363132712163,95.5300931755225,99.2445227902292,98.1364895492319,87.383530596827,77.1216318307731,80.8730163574219,0.198412701487541,13.2539682388306,86.5476226806641,,,,,,587.573425292969,142.868881225586,96.7550964355469,1.51255702972412,311.159698486328,57.6228179931641,64.5442504882812,347.844940185547,65.534309387207,70.1439590454102,27972,3757,4690.5263671875,629.998107910156,69,611,102.456436157227,11.570366859436,733,1785,,,2.99320363998413,1.2291419506073,2.68541526794434,1.24087989330292,626,109,104.971733093262,18.2778263092041,46.3383140563965,24.3300675279966,844.612397705231,483.491746237817,,,,1082.38400150588,619.602236966681,,,9958,35.8369259000422
2016,SC,42008,Meio Oeste,96.3930948529607,89.3288430431439,88.5969610988836,100,100,100,100,100,100,100,91.8852459016394,90.2049180327869,73.2924041748047,1.26630854606628,28.2425174713135,70.2225646972656,,,,,,586.752075195312,167.567932128906,94.0917739868164,5.58558559417725,295.845794677734,63.263355255127,63.4263076782227,328.57958984375,71.7233047485352,67.3940811157227,15744,3503,8322.365234375,1851.70495605469,10,379,200.34147644043,5.28605508804321,194,288,,,1.52238380908966,1.02549469470978,1.61105740070343,1.11588621139526,145,6,76.6477966308594,3.17163300514221,20.2159881591797,20.5567455026463,743.99316487595,488.546968716062,,,,953.438880460878,626.080583660823,,,3604,47.6724470209193
2016,SC,42003,Xanxerê,96.4424517226023,90.2382494635845,94.5437431682928,100,100,100,100,100,100,100,100,100,73.3099822998047,0.84063047170639,26.9001750946045,72.2591934204102,,,,,,579.414611816406,172.108352661133,88.3254013061523,3.39721250534058,327.757202148438,75.7124099731445,64.0867462158203,365.571472167969,85.60595703125,69.0539703369141,18909,4547,9543.685546875,2294.9462890625,20,371,187.249847412109,10.094331741333,171,241,,,1.21636700630188,0.863065361976624,1.30620646476746,0.945207953453064,108,3,54.509391784668,1.51414978504181,10.3981704711914,21.9345876111232,723.596722957668,469.156947450546,,,,927.300521043027,601.231968054807,,,7306,95.5983466568947
2016,SC,42004,Alto Vale do Itajaí,96.811212524451,94.951723467016,95.0809704642816,94.4993324432577,100,100,100,100,100,100,82.2696929238985,92.283044058745,80.782096862793,0.51453560590744,22.6910209655762,76.7429885864258,,,,,,707.888916015625,213.539581298828,151.789047241211,0.974658846855164,369.026428222656,86.3103713989258,101.368629455566,413.527313232422,99.2305603027344,110.125267028809,21145,3791,7294.49853515625,1307.80053710938,35,686,236.652908325195,12.0741281509399,276,391,,,1.34885263442993,0.952131271362305,1.4180201292038,1.05829739570618,145,1,50.0213890075684,0.344975084066391,7.44939231872559,21.2901315763667,747.850557222903,393.79349160896,,,,958.382189101879,504.652520342749,,,4298,37.5408229975243
2016,SC,42002,Oeste,97.276880936451,90.936565393171,91.1009704185323,63.76,100,100,100,97.94,97.74,100,55.24,87.68,84.3299789428711,0.493388593196869,18.472469329834,81.0341415405273,,,,,,574.308837890625,174.247619628906,92.0820770263672,1.57868766784668,315.850250244141,73.1414260864258,63.8132781982422,352.575256347656,83.5814895629883,69.152702331543,28604,5177,8104.35595703125,1466.79663085938,28,535,151.581268310547,7.93322467803955,428,717,,,2.03147220611572,1.21265006065369,2.10903358459473,1.25628280639648,226,10,64.0324554443359,2.83329463005066,16.2104110717773,25.41409447102,978.588648471418,506.713006257914,,,,1254.07666290305,649.360644975905,,,7198,46.2402590451459
2016,SC,42007,Grande Florianópolis,94.649910201673,63.7293382132739,86.7387350141036,100,97.6228525769077,100,100,91.3636968970569,100,96.6240511386336,86.4695698495139,82.6008789452657,68.8368225097656,1.1074835062027,27.0533256530762,69.9763107299805,,,,,,537.852355957031,104.038719177246,122.393379211426,1.37473714351654,293.645263671875,40.9310455322266,77.8678741455078,327.762481689453,46.4612693786621,84.8709411621094,70764,10901,6155.68212890625,948.265991210938,134,1891,164.496002197266,11.656512260437,1641,3167,,,2.75493836402893,1.42748785018921,2.68375968933105,1.42898833751678,832,173,72.3747634887695,15.0490789413452,27.7320594787598,20.9553080590719,598.595336715519,372.440689323548,,,,767.109288943947,477.288570152293,,,16546,34.4217410689444
2016,SC,42010,Alto Uruguai Catarinense,93.72333857207,76.8698080377189,77.2423664122137,95.0747094631987,93.0824571112341,95.7387935805202,94.9086884338683,88.1571665744328,97.5650249031544,96.1261759822911,91.31156613171,78.3619258439402,84.6418304443359,0.458452731370926,18.7965621948242,80.744987487793,,,,,,601.108215332031,165.53271484375,87.6762313842773,2.10035014152527,267.284057617188,52.298152923584,55.2699928283691,297.175964355469,59.8997497558594,58.9770889282227,11405,2129,7999.5791015625,1493.30151367188,20,347,243.389205932617,14.0281963348389,164,179,,,1.25552356243134,1.15031218528748,1.51276564598083,1.20923054218292,151,2,105.912887573242,1.40281963348389,27.9083957672119,21.032846589473,910.956775287814,498.874482143607,,,,1167.40535932676,639.315453690771,,,1975,35.0691335948012
2016,SC,42001,Extremo Oeste,99.3710228356423,100,94.7869887122224,100,100,100,100,94.6564885496183,100,100,95.6974323386537,92.0541290770298,76.0524520874023,0.621118009090424,21.8771572113037,77.3637008666992,,,,,,668.420776367188,204.167449951172,114.004325866699,3.30739307403564,298.014892578125,64.3655471801758,70.6498107910156,334.156921386719,73.966796875,76.0641021728516,19841,4380,8600.607421875,1898.62719726562,20,526,228.008651733398,8.66953086853027,257,239,,,1.03600895404816,1.11403465270996,1.22760558128357,1.1970454454422,193,0,83.6609725952148,0,7.88233709335327,21.1564881882092,794.873624964882,474.959222916171,,,,1018.64298608275,608.66767483982,,,4558,48.9459727717005
2016,SC,42013,Serra Catarinense,94.16344692335,92.5990135694517,89.1868324274395,100,94.0905788326471,95.2288689755389,97.9413901671107,88.4960038750303,94.2116735286994,91.886655364495,80.1404698474207,78.7115524340034,67.4840850830078,1.60339546203613,32.8460273742676,65.5505752563477,,,,,,769.233459472656,227.242065429688,153.224105834961,4.00179862976074,416.009613037109,94.2428970336914,107.336669921875,462.040710449219,106.561317443848,115.470054626465,23604,5787,8164.1123046875,2001.59790039062,36,752,260.100524902344,12.4516201019287,309,455,,,1.5737464427948,1.06876409053802,1.8824428319931,1.12730395793915,172,2,59.4910736083984,0.691756665706635,14.1505746841431,21.0573416386097,698.923242821032,332.553608502685,,,,895.681070234671,426.172652052377,,,12472,106.454993420404
2016,SC,42006,Médio Vale do Itajaí,92.0965516130418,59.0471830834658,76.3826839640878,99.224887399183,97.8946265842673,97.7689326489997,99.8114590970986,88.6980203205195,91.9974861212946,94.1866554938724,79.868021367969,90.667225306379,76.6076431274414,0.455628037452698,21.1245727539062,78.3265991210938,,,,,,532.510681152344,155.640686035156,95.4737243652344,4.17184019088745,296.924133300781,68.2135543823242,70.891471862793,332.580322265625,78.1780776977539,76.5290985107422,46070,7261,6092.06982421875,960.158874511719,60,939,124.168739318848,7.93410444259644,1006,1624,,,2.14749765396118,1.33028483390808,2.25698828697205,1.44156074523926,575,43,76.0351715087891,5.68610811233521,26.7879180908203,24.5461133805097,793.944361728512,417.44570866578,,,,1017.45212070715,534.963206536798,,,7022,24.5201378983653
2016,SC,42011,Nordeste,68.8264858117598,53.2698037973773,53.7120359955006,100,100,100,100,100,100,100,100,90.4991023339318,78.9473648071289,0.499215513467789,23.4203395843506,76.0590515136719,,,,,,517.524291992188,125.104637145996,107.79647064209,3.59867000579834,319.920867919922,61.3625144958496,83.6269683837891,357.350128173828,70.2200241088867,90.7206192016602,54822,7905,5548.93701171875,800.123107910156,105,1212,122.675415039062,10.6278209686279,908,1981,,,2.0051155090332,0.919053435325623,2.10395431518555,0.939954817295074,495,53,50.1025848388672,5.3645191192627,31.5488376617432,34.6783933663011,967.28573207203,620.707727674437,,,,1239.59179870464,795.446663903163,,,12827,33.9274480790965
2016,SC,42014,Extremo Sul Catarinense,82.8464677404434,86.8263626925963,80.3713677805302,94.3485086342229,96.0753532182104,99.607535321821,100,85.3218210361068,97.1742543171115,93.2496075353218,81.5934065934066,78.2574568288854,70.0417175292969,0.568828225135803,38.4527854919434,60.4474792480469,,,,,,649.360595703125,177.88606262207,158.007675170898,2.66875982284546,344.611999511719,68.7020034790039,98.1155624389648,385.562774658203,78.5097885131836,105.919975280762,14798,3456,7542.57275390625,1761.53076171875,10,334,170.240524291992,5.09702157974243,177,256,,,1.30483758449554,0.902172863483429,1.05941593647003,0.929314494132996,83,0,42.3052825927734,0,7.99569797515869,23.0265797134583,528.695913089016,345.644173038986,,,,677.532083999563,442.948415305757,,,5209,66.3903068955736
2016,SC,42016,Laguna,97.3082608257466,98.9703362784291,96.1422604450118,100,96.4689904934359,92.3947487550928,99.1625169760072,84.8121321865097,94.9977365323676,91.2403802625622,86.4191942055229,78.5423268447261,74.8694534301758,0.652741491794586,33.7467346191406,65.5134887695312,,,,,,673.485900878906,211.142425537109,144.378021240234,1.11524164676666,331.933074951172,77.1318588256836,89.553352355957,371.214447021484,87.7754440307617,98.1223678588867,29813,7294,8293.529296875,2029.08142089844,37,640,178.03840637207,10.2928457260132,412,522,,,1.45212578773499,1.14612221717834,1.52660977840424,1.19181406497955,262,16,72.8844757080078,4.45096015930176,18.8651332855225,19.6991289860079,529.682523432428,300.449218280901,,,,678.79644059003,385.030373714321,,,5925,38.6078615162962
2016,SC,42009,Alto Vale do Rio do Peixe,73.4724653758819,72.5364441594009,67.7131614983273,99.6511627906977,99.6744186046512,100,100,98.4418604651163,100,98.3023255813954,90.0930232558139,82.8139534883721,75.0797271728516,0.865603625774384,27.5626430511475,71.5261993408203,,,,,,628.883056640625,193.050857543945,120.181930541992,6.47995615005493,381.095977783203,94.7150268554688,92.2548980712891,424.897979736328,108.151145935059,100.033210754395,24688,5326,8526.009765625,1839.33605957031,36,482,166.458877563477,12.4326133728027,237,330,,,1.13965618610382,0.818480372428894,1.28168153762817,0.878312349319458,184,0,63.5444679260254,0,17.5313663482666,22.6163315565932,601.131069140582,405.858119006944,,,,770.358869717856,520.113529102728,,,8378,69.8886721679696
2016,SC,42005,Foz do Rio Itajaí,88.5551271122545,68.3057956787065,72.1431670816036,100,92.1202106785087,93.5866983372922,96.4886915212228,83.8996178870185,91.9343178766911,88.9600330476092,92.5229784157802,78.5500361458226,81.1192245483398,0.311435520648956,23.4257907867432,76.1849136352539,,,,,,537.699890136719,143.857635498047,100.114097595215,3.85798144340515,341.877014160156,72.5576095581055,80.0939636230469,380.977020263672,82.1242141723633,86.6871719360352,32946,4458,4952.49072265625,670.133056640625,59,686,103.12052154541,8.8689661026001,644,1351,,,2.03084301948547,0.968070209026337,2.35027599334717,1.0418404340744,300,37,45.0964393615723,5.56189393997192,23.1095199584961,24.512623309423,878.574251766969,538.846192154374,,,,1125.9066488146,690.539825421561,,,8517,30.1281844794382
2016,SC,42015,Carbonífera,85.5801391079607,84.6418255069269,80.270946960339,91.4993890731367,89.0731366730669,91.9532204573224,97.5039273869785,80.7994414382964,90.5219060918136,85.7741316111014,77.7098970151859,71.2340722639204,77.5162506103516,0.40400493144989,28.0519943237305,71.4913024902344,,,,,,584.623168945312,147.686828613281,125.54557800293,0.362610787153244,334.928436279297,66.2304611206055,84.9053649902344,375.526275634766,75.5662155151367,92.4699859619141,27481,6188,6473.01708984375,1457.55358886719,28,616,145.095825195312,6.59526491165161,432,738,,,1.7383234500885,1.01755523681641,1.80239176750183,1.04841160774231,258,18,60.7706565856934,4.23981332778931,21.7897815704346,28.5244935198627,880.389604208617,418.343146171432,,,,1128.23305136952,536.11328674058,,,7176,43.7451497706434
2016,SC,42012,Planalto Norte,78.1793957337999,71.5289684408855,68.3625597200727,90.5467847516365,86.6191759722757,90.5660377358491,89.8921832884097,80.2849441663458,93.1266846361186,89.8151713515595,71.3900654601463,73.1035810550635,75.8102340698242,0.54666143655777,17.3369770050049,81.8235092163086,,,,,,643.314575195312,204.690994262695,118.575912475586,3.16930770874023,359.749664306641,91.3876647949219,84.6364822387695,401.61962890625,103.957878112793,92.5207748413086,28695,5593,7698.04443359375,1500.44128417969,47,601,161.231048583984,12.6087503433228,298,618,,,1.65791654586792,0.799448430538177,1.37569510936737,0.824934184551239,183,1,49.0936470031738,0.268271297216415,11.5284223556519,27.3354932830719,669.500896119775,388.540280174547,,,,857.975872628379,497.920447703768,,,9583,61.3662019486715
2016,SE,28007,Propriá,97.5334050842444,92.6109149499947,92.7229470742622,100,95.5592105263158,94.1200657894737,97.7384868421053,88.0756578947368,100,90.3371710526316,100,72.9851973684211,52.2093505859375,4.63320446014404,40.2831420898438,55.0407562255859,,,,,,665.470947265625,229.42903137207,119.150985717773,8.2857141494751,438.890014648438,123.151382446289,103.247482299805,488.731994628906,139.275192260742,111.519157409668,7267,1054,4605.69287109375,668.006042480469,0,129,81.7578582763672,0,111,137,,,0.868281126022339,0.70349782705307,0.945285618305206,0.761805772781372,5,0,3.16890931129456,0,3.06560277938843,17.2907900656166,570.823779245768,248.651718237827,,,,731.519603564204,318.651067044246,,,25302,432.383685589433
2016,SE,28001,Aracaju,79.773841334582,79.2302602319199,72.5027510507025,89.3399030189269,73.4788049429063,73.8698576568121,77.6317847645863,67.8320037541061,83.2942280619427,70.1626779289848,89.5510714844361,53.6446112936024,62.4612808227539,0.803683578968048,44.1188774108887,54.9853477478027,,,,,,591.463500976562,146.570129394531,102.454444885254,3.95353579521179,398.729888916016,79.2032775878906,87.2571105957031,444.033752441406,89.3440704345703,93.9479293823242,32903,5124,3965.95141601562,617.619506835938,265,1644,198.158950805664,31.9416809082031,1073,2647,,,3.19055199623108,1.29333674907684,3.10638880729675,1.35489976406097,734,85,88.4724273681641,10.2454442977905,29.823766708374,21.3815615696294,726.208345685148,326.017079545846,,,,930.647356426777,417.795987931078,,,58725,161.282506027995
2016,SE,28002,Estância,94.4122008223151,98.9320583753322,94.4122008223151,100,92.6874833199893,90.7392580731252,95.0360288230584,92.2070990125434,95.7566052842274,90.5791299706432,100,75.3135842006939,58.7418518066406,1.1901388168335,42.9016723632812,55.8515167236328,,,,,,603.675720214844,165.577270507812,124.699089050293,5.60875511169434,425.518096923828,95.4246063232422,108.193397521973,472.302978515625,107.50040435791,116.715461730957,10605,1250,4378.919921875,516.138610839844,0,218,90.0145721435547,0,134,131,,,0.540913283824921,0.553300619125366,0.875061452388763,0.665715575218201,11,0,4.54201984405518,0,2.4857234954834,16.8066155027708,436.153017768383,190.919465193722,,,,558.936915825102,244.666281554942,,,36683,396.887426628242
2016,SE,28003,Itabaiana,89.2489724347064,100,85.9551330003298,97.1058434399118,88.561190738699,90.077177508269,90.077177508269,82.9658213891951,100,89.1124586549063,91.5380374862183,84.3991179713341,68.8435821533203,0.669002890586853,35.9031524658203,63.4278450012207,,,,,,702.713195800781,186.475296020508,119.069725036621,8.50086116790771,431.182830810547,85.8253479003906,94.8199462890625,480.211486816406,97.066291809082,102.332717895508,9733,945,3928.49365234375,381.426727294922,0,139,56.1040382385254,0,122,118,,,0.476278901100159,0.492423921823502,0.876474261283875,0.61008095741272,56,0,22.6030654907227,0,3.24999809265137,15.7233982708814,457.822513270169,179.471325420455,,,,586.706713326965,229.995311330903,,,32589,303.811966860256
2016,SE,28005,Nossa Senhora da Glória,92.2862426079199,100,92.2862426079199,100,91.5644741731698,96.2095875139353,94.3887030843553,84.6897064288369,92.827945001858,88.5916016350799,92.4191750278707,82.0884429580082,62.4950637817383,1.26332414150238,35.8862991333008,62.4161071777344,,,,,,485.912109375,121.033050537109,104.420669555664,10.5006103515625,350.078277587891,80.1653823852539,90.135383605957,388.812805175781,89.7152252197266,97.1111679077148,4978,412,2953.44384765625,244.439300537109,0,116,68.8227157592773,0,118,77,,,0.456840455532074,0.700093150138855,0.585883021354675,0.725011706352234,0,0,0,0,1.43875074386597,18.8057948992526,471.583551771938,221.196754303361,,,,604.341699456566,283.467101233035,,,30976,556.109269624961
2016,SE,28006,Nossa Senhora do Socorro,99.1471952863158,98.0412328097232,99.1471952863158,100,87.882096069869,88.9374090247453,93.5589519650655,78.693595342067,96.306404657933,84.7343522561863,100,73.8901018922853,56.3680572509766,1.1595287322998,46.2315330505371,51.991771697998,,,,,,540.537292480469,136.478210449219,114.378890991211,4.91712713241577,439.697143554688,100.597343444824,108.140785217285,489.362548828125,114.263336181641,116.058700561523,15721,2606,4694.91015625,778.254272460938,0,132,39.4204025268555,0,166,167,,,0.498727798461914,0.49574139714241,0.830068230628967,0.665592551231384,0,0,0,0,10.3051500320435,18.3507693681105,447.089880125328,233.841167444314,,,,572.952676041258,299.671114493298,,,45076,321.221124314442
2016,SE,28004,Lagarto,75.2063982486716,100,75.2065923231884,95.3151143335192,91.0206358059119,91.9408812046849,92.8053541550474,84.2442833240379,97.2113775794757,91.1879531511433,93.5025097601785,76.4919129949805,69.505012512207,1.03123164176941,38.4796714782715,60.4596328735352,,,,,,662.424865722656,190.491058349609,118.276214599609,9.72304058074951,402.776763916016,95.0707702636719,96.799690246582,447.723968505859,107.217826843262,103.498252868652,11087,2116,4327.81640625,825.981750488281,10,172,67.1402893066406,3.90350532531738,135,141,,,0.550394237041473,0.526973247528076,0.752790987491608,0.639589369297028,21,0,8.19736099243164,0,3.95893502235413,15.9736119801208,391.433501463313,138.424822416645,,,,501.628156049377,177.393575564538,,,38011,381.029227853017
2016,SP,35091,Adamantina,77.7056882787875,86.834624561817,65.6442395498866,91.1260253542133,84.1909023117077,87.6211782252051,89.5600298284862,79.6420581655481,91.1260253542133,88.3668903803132,83.3706189410887,51.8269947800149,85.5003967285156,1.1820330619812,10.8747043609619,87.7068557739258,,,,,,811.939758300781,211.427352905273,116.725517272949,13.5623865127563,328.548828125,72.393196105957,73.3703765869141,366.185302734375,81.3554153442383,79.1208953857422,10022,2773,7357.37841796875,2035.72241210938,4,237,173.987091064453,2.93649101257324,167,175,,,1.28471481800079,1.22598505020142,1.2113025188446,1.15550923347473,103,1,75.6146469116211,0.734122753143311,12.7465734481812,24.8578408988401,717.934734813512,445.086877262402,,,,920.044594655253,570.38579653571,,,4278,82.3436340827624
2016,SP,35156,José Bonifácio,78.5269420566699,70.5726679401464,56.9931948424069,64.43172526574,97.2199509403107,100,98.4464431725266,97.4652493867539,100,100,52.5756336876533,80.130825838103,79.3245468139648,1.07084023952484,20.0164737701416,78.4184494018555,,,,,,735.063171386719,183.520446777344,139.357772827148,6.00801086425781,346.036102294922,64.9758987426758,87.8290786743164,389.269409179688,73.7822494506836,96.8196868896484,9993,2094,9807.05859375,2055.03662109375,0,208,204.129699707031,0,96,115,,,1.1286016702652,0.942137062549591,0.846942007541656,0.922999918460846,124,0,121.69270324707,0,28.0933494567871,24.1867311172788,767.984829686332,619.047931540005,,,,984.18457426173,793.319609189604,,,2126,54.1544998117404
2016,SP,35142,Mantiqueira,76.5383446278184,50.9950471149892,59.220054714181,93.8484848484848,95.3939393939394,94.6060606060606,100,92.2424242424242,96.5454545454545,95.5757575757576,94.0909090909091,70.3939393939394,76.5712509155273,0.591163635253906,14.8102054595947,83.8207855224609,,,,,,775.544189453125,206.788055419922,124.57112121582,12.6663608551025,360.326782226562,83.5006484985352,82.5199661254883,404.565765380859,94.503288269043,89.6543960571289,17278,3390,6149.54248046875,1206.56030273438,8,244,86.843864440918,2.84733986854553,248,484,,,1.72264063358307,0.882675349712372,1.74764382839203,0.938732385635376,219,12,77.945930480957,4.27100992202759,32.7226982116699,29.0469562649412,686.89965613591,462.576891856823,,,,880.272655790302,592.799523867372,,,5351,43.0813737654205
2016,SP,35074,Circuito das Águas,98.5885647254702,64.6013546751428,85.750179740417,93.9844760672704,91.267787839586,92.5614489003881,93.4670116429495,76.8434670116429,91.3971539456662,87.3221216041397,100,58.6028460543338,75.2542343139648,0.474576264619827,17.0847454071045,81.4915237426758,,,,,,878.669921875,254.806747436523,162.354751586914,3.8494439125061,350.694091796875,73.6793823242188,87.5550003051758,389.365600585938,82.9743499755859,94.8774948120117,8341,1650,6269.44873046875,1240.20983886719,7,135,101.471717834473,5.26149654388428,154,366,,,2.75101089477539,1.15752923488617,2.08317685127258,1.13667106628418,69,1,51.8633232116699,0.751642346382141,30.9315853118896,27.5829573876512,939.14142768047,621.190755167828,,,,1203.52443231302,796.065671192843,,,2654,48.0862540752725
2016,SP,35061,Vale do Jurumirim,78.7477572755502,60.2013130285819,58.4524103163635,89.5739348370927,94.7117794486216,94.3358395989975,96.390977443609,83.2832080200501,97.6190476190476,93.859649122807,77.6441102756892,69.6240601503759,77.5468826293945,1.44450080394745,18.4237194061279,79.6249389648438,,,,,,793.960144042969,175.390258789062,128.014724731445,20.9902667999268,399.210632324219,72.8795776367188,87.528938293457,445.555358886719,82.4637908935547,94.2858352661133,21787,4437,7320.359375,1490.81726074219,9,389,130.702697753906,3.02396988868713,243,292,,,0.981110274791718,0.816471874713898,1.03663372993469,0.808743953704834,158,1,53.087474822998,0.33599665760994,10.0580606460571,29.0835320792435,796.568699936214,552.348761070266,,,,1020.81525117773,707.843578733139,,,11866,100.866629748718
2016,SP,35103,Piracicaba,59.0755808288208,38.6188524019656,38.1786196528251,97.8948727883249,93.6071290197598,95.3893839597055,96.6162985922769,90.8304274828878,99.4188299108873,95.3764690688364,94.7565543071161,73.1628567738603,81.4226531982422,0.345303863286972,17.9419898986816,81.5193405151367,,,,,,661.86572265625,135.510940551758,107.753601074219,15.6030216217041,327.94580078125,53.1851043701172,74.7767333984375,366.348815917969,60.3044357299805,81.1260375976562,30251,4206,5215.44677734375,725.138671875,61,549,94.650764465332,10.516752243042,723,1058,,,1.82405304908752,1.24649369716644,2.00283789634705,1.09098362922668,564,71,97.2368545532227,12.2408094406128,44.6518859863281,28.0261973607161,843.995839017994,582.969053223608,,,,1081.59387190221,747.083962177973,,,15279,69.7145310611648
2016,SP,35062,Bauru,57.7330932057971,34.4843817398122,33.9037936582402,93.4241706161137,98.7559241706161,99.3720379146919,100,94.1469194312796,100,96.4810426540284,84.1350710900474,74.739336492891,79.4004135131836,0.83633553981781,18.3093147277832,79.5290756225586,,,,,,712.483947753906,202.04768371582,142.62190246582,6.01404762268066,342.899688720703,80.5835647583008,95.9702606201172,383.287445068359,91.3483810424805,103.898994445801,41007,6318,6412.82470703125,988.031982421875,75,1306,204.237060546875,11.7287740707397,946,1276,,,1.99545550346375,1.47938942909241,1.9335275888443,1.53181707859039,695,81,108.686645507812,12.6670761108398,34.5801811218262,26.0731580171099,663.105914154986,480.964141573304,,,,849.780603191874,616.363072045075,,,19021,74.6502337791328
2016,SP,35161,Itapetininga,74.8266823448715,43.1207793374325,49.0086801727869,100,95.3992282576432,95.8741466310478,98.3526268922529,86.9545859305432,91.9263876521223,94.0783615316117,83.9121401009202,59.2905906797269,83.0482559204102,0.519242525100708,13.7599267959595,84.9725112915039,,,,,,714.144348144531,206.205139160156,149.655242919922,9.55882358551025,394.154724121094,92.8316497802734,108.15697479248,440.897918701172,106.400947570801,116.72925567627,24178,3847,4883.0830078125,776.955139160156,16,403,81.3914489746094,3.23142242431641,409,572,,,1.155233502388,0.826032340526581,1.30630254745483,0.855014145374298,167,11,33.727970123291,2.22160291671753,18.3080272674561,30.981908905576,692.700109932111,490.237993415398,,,,887.706028077448,628.247658268875,,,17939,87.7317005230501
2016,SP,35112,Alta Sorocabana,73.5058262135057,59.8647150253938,56.5914918472611,98.7751876728566,100,100,100,91.7423943105492,99.1900434610826,99.1505333860134,100,70.8020545239036,72.379035949707,1.65322577953339,15.8266124725342,82.2580642700195,,,,,,804.744689941406,187.510940551758,142.41960144043,6.39926528930664,356.928894042969,62.4584350585938,90.1916961669922,396.627960205078,71.2495193481445,97.2057418823242,31789,5827,7832.83203125,1435.77685546875,55,724,178.394104003906,13.552038192749,577,1033,,,2.54531931877136,1.42173206806183,2.32275772094727,1.42253279685974,454,39,111.865921020508,9.60962772369385,29.3086242675781,23.103300472637,615.534940954715,432.859841479589,,,,788.817656794292,554.716658889716,,,12479,73.3018941027824
2016,SP,35051,Norte - Barretos,66.983855896465,59.4252097193593,48.0483938139351,93.1149361465852,94.1699056079956,94.447529150472,96.5574680732926,91.0605219322599,100,96.0022209883398,91.3103831204886,71.9044975013881,83.0647583007812,0.668896317481995,15.2021894454956,83.703254699707,,,,,,810.524658203125,220.830520629883,178.336318969727,3.43790292739868,400.800628662109,91.0222854614258,116.440864562988,448.647430419922,103.723358154297,126.795310974121,18589,3186,6474.79248046875,1109.7255859375,51,704,245.212432861328,17.7639694213867,611,864,,,3.00942540168762,2.12819314002991,2.99357724189758,2.25942015647888,199,10,69.3143081665039,3.48313117027283,30.5202407836914,24.7876403185636,850.15423793852,534.958021492882,,,,1089.48595646618,685.557073888956,,,8804,75.5560061032443
2016,SP,35133,Vale das Cachoeiras,82.8061999649389,88.5876234441653,78.4235668789809,94.0217391304348,82.3671497584541,87.1980676328502,88.707729468599,75.4227053140097,84.963768115942,85.3260869565217,42.0893719806763,58.1521739130435,67.4801712036133,0.7321537733078,18.7309341430664,78.6455154418945,,,,,,758.223754882812,185.569107055664,140.626586914062,5.83173990249634,336.88916015625,65.7627410888672,86.1396408081055,375.524505615234,74.6233139038086,92.5922393798828,13326,2500,9659.7412109375,1812.1982421875,7,193,139.901702880859,5.07415533065796,132,232,,,1.68172001838684,0.956840693950653,1.7808473110199,0.980036795139313,70,1,50.7415504455566,0.724879324436188,20.4568195343018,30.8905607867107,907.627304154313,565.217456090118,,,,1163.13858998006,724.335012730071,,,4080,72.0498390270274
2016,SP,35023,Consórcios do DRS II,82.1501801052923,75.6131892490995,73.0979957513623,100,100,100,100,100,100,100,89.7383122610997,79.4766245221994,80.1139984130859,0.443318545818329,18.904369354248,79.57568359375,,,,,,723.871276855469,155.167556762695,114.179901123047,14.9140548706055,342.395965576172,55.7914848327637,77.1188812255859,380.672637939453,63.3364868164062,82.3073806762695,15444,2563,5651.90478515625,937.958618164062,14,246,90.0264587402344,5.12345695495605,230,274,,,1.00273370742798,0.841710805892944,1.22597002983093,0.832012832164764,209,6,76.4858932495117,2.19576740264893,22.7426605224609,30.6027205711229,810.995524285997,580.824960005567,,,,1039.3034522877,744.336273175005,,,6628,60.251096824361
2016,SP,35163,Sorocaba,58.0988450992882,18.6250167075877,23.2330597102092,88.7730484232294,92.4607961399276,91.7154919869033,94.8001033947958,75.1981733586076,94.2615888333621,91.3794589005687,79.6872307427193,49.3537825262795,78.9709396362305,0.719992995262146,15.9188690185547,82.8650436401367,,,,,,664.302185058594,171.572769165039,129.437301635742,10.484881401062,371.123382568359,79.4609375,94.3981246948242,415.630218505859,90.8555297851562,102.903823852539,65848,8990,3913.30908203125,534.270568847656,142,1815,107.864418029785,8.43897914886475,1360,2977,,,1.76921415328979,0.808240234851837,2.02958941459656,0.780694723129272,1354,120,80.4674453735352,7.13153171539307,36.4387397766113,28.9518533690465,739.376208418536,542.637220014022,,,,947.522178529043,695.398086933817,,,43009,57.5710158077122
2016,SP,35157,Votuporanga,88.2339757956073,87.796442687747,74.1203496190049,100,90.6654756587762,89.6828941491737,92.4966502903082,80.9736489504243,89.7722197409558,88.1196962929879,94.7297900848593,71.5944618133095,83.131950378418,0.386660218238831,9.47317504882812,89.4151763916016,,,,,,731.491088867188,170.715026855469,127.656341552734,10.3185596466064,306.084533691406,54.8539543151855,78.5406494140625,342.331024169922,62.0625648498535,84.7454071044922,14495,3334,7342.7724609375,1688.91369628906,17,210,106.38028717041,8.61173725128174,352,346,,,1.75274181365967,1.78313624858856,1.77819716930389,1.84392488002777,268,11,135.761505126953,5.57230043411255,25.5829391479492,24.7624819362418,738.273601036532,558.667176210384,,,,946.109169918861,715.94072658595,,,5307,61.9546808819444
2016,SP,35093,Marília,74.5964045331195,75.5536460060961,69.6490462845188,85.2511125238398,87.3490146217419,85.5477855477856,89.0019071837254,75.4397118033482,86.4801864801865,82.5386734477644,57.1307480398389,55.7109557109557,75.2133178710938,0.811654508113861,19.4172744750977,78.6680526733398,,,,,,758.313354492188,215.284973144531,136.668212890625,3.39855813980103,333.975311279297,71.2773590087891,89.3827438354492,371.163787841797,80.6710205078125,96.4781036376953,22083,3208,5748.6552734375,835.107849121094,68,648,168.687622070312,17.7017879486084,606,1090,,,2.8374924659729,1.57754158973694,3.69563865661621,1.63995349407196,243,30,63.2578582763672,7.80961227416992,27.049633026123,24.6121399187228,764.93396696255,456.399651981623,,,,980.27484595087,584.883294325221,,,12258,79.4608555819604
2016,SP,35072,Região Metropolitana de Campinas,59.5758672376177,25.4635726060535,36.2016796886431,100,100,100,100,99.8033455534245,100,100,95.6080506931462,83.2115370608658,78.0863342285156,0.684880137443542,17.2019901275635,80.5584030151367,,,,,,576.975341796875,130.736251831055,123.081672668457,5.70080471038818,303.39453125,55.3782081604004,84.6870346069336,341.616119384766,63.9760246276855,92.2896270751953,139994,18845,4483.65771484375,603.558166503906,338,2833,90.7339019775391,10.8252944946289,3803,8490,,,2.71913456916809,1.21800577640533,2.88493299484253,1.20513868331909,2763,453,88.4919738769531,14.5084562301636,43.3448295593262,29.4449471096366,962.972255534111,743.715085152655,,,,1234.06401103754,953.082516944956,,,72880,57.5451245165745
2016,SP,35031,Central do DRS III,68.7298594114266,41.4142164301997,46.9841587611157,92.4932316022643,97.2680285503323,95.6436130937731,100,86.9308392813192,100,92.4193945360571,85.9217327098203,73.9601279842481,74.9865951538086,0.589812338352203,15.0134048461914,75.5764083862305,,,,,,716.431274414062,186.936798095703,150.508087158203,4.28189134597778,339.544677734375,66.2127532958984,95.2734680175781,380.428192138672,74.9160385131836,103.867469787598,13166,1843,4207.1962890625,588.930786132812,34,425,135.808776855469,10.8647022247314,417,776,,,2.47970867156982,1.33252382278442,2.16159653663635,1.29258000850677,378,43,120.789924621582,13.7406530380249,44.214225769043,29.4419856833095,826.472167944255,529.705076271403,,,,1059.13701326575,678.825342406014,,,5674,46.8881569871933
2016,SP,35104,Rio Claro,49.8631275263164,33.0435390368061,32.1504704141897,78.7000305157156,100,100,100,95.3921269453769,99.8169057064388,100,79.0051876716509,67.5923100396704,77.9170684814453,0.482160091400146,16.0720024108887,81.9672164916992,,,,,,706.682556152344,188.679244995117,128.732269287109,8.64600372314453,354.495941162109,82.2155227661133,91.2118453979492,398.148498535156,93.4146499633789,98.6021728515625,7697,614,2957.76806640625,235.945129394531,21,126,48.4187049865723,8.06978416442871,229,358,,,1.37570607662201,0.879990756511688,1.61193943023682,0.870960295200348,245,33,94.1474838256836,12.6810894012451,39.6341705322266,27.3781640925866,875.634346518007,608.701560731447,,,,1122.13911424364,780.060573130866,,,4254,40.8337086581911
2016,SP,35022,Lagos do DRS II,88.3561711796632,96.4145738864689,80.4912534852108,100,100,100,100,97.0008568980291,100,100,84.4044558697515,77.5064267352185,74.5537719726562,0.778032064437866,18.8100681304932,79.3592681884766,,,,,,785.937194824219,211.198989868164,136.018081665039,6.48206424713135,353.430389404297,69.4628677368164,87.5773315429688,392.796997070312,78.6861343383789,94.2250061035156,14850,3566,7344.9765625,1763.78356933594,14,423,209.22053527832,6.92455673217773,232,288,,,1.42448031902313,1.14749801158905,1.30602085590363,1.13859498500824,114,1,56.3856773376465,0.494611203670502,19.348201751709,25.3958876480508,834.701265106038,623.319186840962,,,,1069.68273002168,798.79328968099,,,5888,70.7334848071842
2016,SP,35063,Polo Cuesta,64.216201262667,31.7435277612196,38.4135316802956,86.6350237322008,90.6570072445666,91.2065950537097,93.1801149138146,80.2398201348988,92.0559580314764,89.5328503622283,38.5211091681239,64.9263052710467,80.8646697998047,0.306983888149261,16.2957286834717,82.9112319946289,,,,,,751.593200683594,195.062545776367,171.615951538086,3.76949739456177,370.386505126953,73.9955520629883,113.938285827637,413.935363769531,83.5324172973633,123.476608276367,20884,3499,6800.8115234375,1139.43872070312,52,581,189.200897216797,16.9336433410645,514,1271,,,4.13897323608398,1.67382550239563,5.43846750259399,1.62611818313599,273,16,88.9016265869141,5.21035146713257,22.0935192108154,24.5884655598813,606.431951579867,446.491221103168,,,,777.152033495388,572.185485138421,,,8387,69.1371390933428
2016,SP,35172,Circuito da Fé e Vale Histórico,65.3415608518313,49.0652294722714,49.3957282612115,91.9660678642715,75.1663339986693,75.6986027944112,77.977378576181,62.3918829008649,77.7944111776447,73.3200266134398,92.831004657352,53.0605455755156,72.7491836547852,2.27233600616455,24.7202625274658,72.4221038818359,,,,,,759.363525390625,197.52229309082,154.673538208008,12.1662540435791,390.545501708984,82.4724578857422,104.370964050293,436.432830810547,93.3146514892578,114.444946289062,24544,4396,5130.14501953125,918.844482421875,63,542,113.28791809082,13.1681528091431,472,850,,,1.77665555477142,0.986566364765167,1.87186348438263,0.96012556552887,323,24,67.5129089355469,5.01643943786621,22.6093006134033,25.9266351207311,682.068687911671,393.750739124176,,,,874.081694431095,504.597732364642,,,19611,102.004257244997
2016,SP,35153,Jales,89.6054059765434,81.8772993170488,82.4632349409742,100,100,100,100,100,100,100,83.4760273972603,71.6609589041096,74.0331497192383,0.736648261547089,13.5359115600586,84.9907913208008,,,,,,870.177612304688,245.038925170898,139.884429931641,8.86917972564697,338.915466308594,72.8310546875,84.4601364135742,376.291931152344,82.0854263305664,90.4308853149414,9559,1949,9221.759765625,1880.23962402344,23,188,181.367401123047,22.1885643005371,130,150,,,1.44708025455475,1.25413620471954,1.89085161685944,1.54282879829407,71,2,68.4951324462891,1.92944037914276,16.0413665771484,23.338230431152,801.101157504727,562.056884652672,,,,1026.62366646147,720.284690986272,,,3319,80.4083472230953
2016,SP,35162,Itapeva,79.2798058699541,84.9056804293533,72.8161255468764,62.2781774580336,100,100,100,97.3381294964029,100,100,59.568345323741,76.4508393285372,81.7094421386719,0.498380273580551,12.8332920074463,86.4689788818359,,,,,,751.425170898438,239.687911987305,161.807113647461,6.81495523452759,430.463256835938,118.797050476074,124.721038818359,478.383605957031,133.786407470703,133.598571777344,17353,3508,6171.07470703125,1247.51513671875,18,356,126.600738525391,6.4011607170105,261,267,,,0.949505507946014,0.928168296813965,1.11220169067383,1.00178170204163,66,2,23.4709224700928,0.71124005317688,9.12449932098389,25.1227805720138,699.048881669286,406.471729024221,,,,895.842078384311,520.899879939715,,,20627,171.917097242184
2016,SP,35021,Central do DRS II,88.2308466893205,73.7317846113433,71.1958589984946,96.3698093496997,97.4144685296422,95.6646644032384,98.4330112300862,87.3335074431967,99.2687385740402,96.0041786367198,100,70.0443980151476,78.6885223388672,0.690250217914581,16.9974117279053,82.0822525024414,,,,,,784.698547363281,139.9931640625,114.204956054688,17.9684162139893,352.092987060547,53.5744171142578,76.1618118286133,393.700866699219,60.8332748413086,82.5418014526367,15926,3056,5333.806640625,1023.49072265625,33,506,169.465408325195,11.0520925521851,348,603,,,2.01951861381531,1.16549336910248,1.86018431186676,1.098259806633,255,18,85.4025268554688,6.02841377258301,28.4457416534424,26.3587861564772,699.16868543894,500.794173802473,,,,895.995608789437,641.775568584924,,,7972,58.941861106621
2016,SP,35083,Alta Mogiana,76.1053973098684,66.9984008572055,63.2643618446153,100,99.4358251057828,99.7884344146685,100,100,100,100,78.0677009873061,94.7813822284908,75.4244155883789,2.10185933113098,14.4704933166504,83.0234451293945,,,,,,698.735168457031,185.197158813477,145.56982421875,7.29166650772095,352.870208740234,80.5512084960938,95.8699798583984,396.860198974609,91.2975387573242,103.644790649414,6728,1244,5441.07666015625,1006.04925537109,9,165,133.439010620117,7.27849102020264,115,191,,,1.54465758800507,0.930029451847076,1.54829680919647,0.937105774879456,124,1,100.281433105469,0.808721244335175,30.3197689056396,23.4133679582923,728.999848933817,473.471714290328,,,,934.224711512636,606.76140926393,,,4387,90.9585815313428
2016,SP,35101,Araras,58.6299927617293,44.7157632786375,47.4675025573229,100,87.6476145488899,89.5843174303259,90.434577231932,76.7831837505905,90.0566839867737,88.072744449693,100,67.0524326877657,77.0012359619141,0.594795525074005,15.2912015914917,83.8166046142578,,,,,,674.389770507812,134.877960205078,118.574028015137,12.5714282989502,341.770416259766,54.9214057922363,81.4709396362305,382.809997558594,62.8795852661133,88.556396484375,15718,2597,4659.36669921875,769.841857910156,33,435,128.949249267578,9.78235721588135,390,588,,,1.74303817749023,1.15609681606293,1.7442239522934,1.14312767982483,302,24,89.5233917236328,7.11444187164307,38.2546501159668,27.9355809731641,685.9738565738,452.081883529241,,,,879.086229167448,579.35000650259,,,7240,55.4929339519685
2016,SP,35095,Tupã,78.459817961542,69.6864030319033,69.5831132925352,89.4179894179894,93.7830687830688,97.6851851851852,95.3703703703704,90.0132275132275,97.0899470899471,95.8333333333333,94.0476190476191,73.015873015873,85.0171813964844,0.412371128797531,15.4639177322388,84.1237106323242,,,,,,918.762084960938,262.837707519531,161.446304321289,7.72495746612549,366.840515136719,72.733154296875,98.5619506835938,408.267120361328,82.5746383666992,105.734603881836,12208,3365,9521.4326171875,2624.4775390625,16,536,418.044555664062,12.4789419174194,125,174,,,1.35708487033844,0.974917352199554,1.47446501255035,1.08020842075348,89,2,69.4141159057617,1.55986773967743,15.0098276138306,25.1087535962585,674.862659765173,459.661393439443,,,,864.847056624023,589.06326703292,,,3712,72.6411755028841
2016,SP,35151,Catanduva,83.5903490002214,47.9268187053083,56.9474430496697,93.4503901895206,89.2697881828317,89.1025641025641,91.5273132664437,84.1415830546265,92.3076923076923,87.2073578595318,83.974358974359,65.7190635451505,84.4155807495117,0.826446294784546,15.495867729187,83.5891418457031,,,,,,768.980651855469,211.055206298828,126.569366455078,7.54560518264771,337.664642333984,68.9236831665039,79.4822006225586,376.6943359375,77.871826171875,86.0010223388672,20989,4555,6691.59814453125,1452.2001953125,39,367,117.004928588867,12.4337663650513,381,677,,,2.15837430953979,1.21468329429626,2.41677355766296,1.25381779670715,363,27,115.729667663574,8.60799217224121,31.3442497253418,27.5557657704733,729.189714762748,553.272157887358,,,,934.468027542837,709.026926200661,,,6225,48.5679484066901
2016,SP,35011,Alto do Tietê,45.1451426262899,26.3810291677855,24.0223947042495,99.3791507127869,99.7014731650334,100,100,92.3616068531378,100,97.3348908646462,91.1523568477297,71.0645293875873,73.129508972168,1.69025850296021,27.7299098968506,69.8544921875,,,,,,587.324157714844,129.926010131836,145.051116943359,6.77454900741577,403.489898681641,78.5524139404297,117.063407897949,452.49609375,90.0020523071289,127.519981384277,138539,20213,4719.4072265625,688.566955566406,268,3043,103.661468505859,9.12956714630127,2548,4417,,,1.50467526912689,0.86799019575119,1.35623466968536,0.840831458568573,1061,215,36.1435470581055,7.32409334182739,31.7474575042725,26.0058300753642,588.275574541405,416.546766049747,,,,753.884352266538,533.811197510516,,,124635,102.328605389412
2016,SP,35092,Assis,71.4532230697,46.1604039339077,52.7535706637234,85.6490541422048,89.2041748206132,96.4774951076321,100,84.703196347032,100,94.8140900195695,60.5675146771037,68.2974559686889,82.5501022338867,0.34554249048233,15.4457502365112,83.9668273925781,,,,,,781.352661132812,190.103134155273,128.5146484375,13.1371517181396,356.884002685547,68.0414581298828,84.7333602905273,397.662414550781,77.5624694824219,92.2080764770508,15976,2721,6559.5849609375,1117.21520996094,40,386,158.487716674805,16.4235973358154,321,486,,,1.99546706676483,1.31799364089966,1.69973969459534,1.29079210758209,187,11,76.7803192138672,4.51648950576782,16.201057434082,28.1002841017009,840.417462739168,535.478373595932,,,,1077.00812671768,686.223913249852,,,9310,106.254659327819
2016,SP,35071,Bragança,51.7453130122353,33.7786549263701,34.9172612722028,100,100,100,100,100,100,100,100,87.466577540107,75.5559234619141,0.510624289512634,20.243782043457,78.8832168579102,,,,,,770.447814941406,190.384292602539,178.430938720703,1.74894213676453,353.121795654297,64.9732284545898,110.411460876465,393.139099121094,73.8349380493164,119.715812683105,23867,3485,5187.1025390625,757.407836914062,24,434,94.3228073120117,5.21600770950317,457,1098,,,2.38632369041443,0.993214845657349,2.17328238487244,0.948552787303925,397,58,86.2814636230469,12.6053524017334,33.4109230041504,27.9227377423058,683.586513710324,538.758353454583,,,,876.026811938248,690.427258753555,,,13789,74.0751815389751
2016,SP,35155,São José do Rio Preto,60.8203984833208,44.7457290143005,38.9572120368661,100,94.8761071869044,94.887319206189,97.2082071981164,93.4970288148896,98.3069850880144,96.6139701760287,100,75.7259782486826,84.8761444091797,0.367429167032242,15.7401924133301,83.6908874511719,,,,,,713.999572753906,159.103851318359,143.924331665039,1.79133856296539,307.112213134766,52.6736450195312,86.4656753540039,343.610443115234,59.7453842163086,93.994255065918,55866,10141,7852.02783203125,1425.32873535156,192,1121,157.55778503418,26.9858112335205,1175,2414,,,3.39290356636047,1.65147542953491,3.90285801887512,1.67073094844818,1363,133,191.571151733398,18.6932964324951,39.7649993896484,25.5812218549445,715.037307542393,487.855473846253,,,,916.331496277457,625.19442216682,,,14572,48.6970991791605
2016,SP,35064,Jaú,63.5845737876497,48.3123037562507,36.9615652982905,100,96.7797869705227,97.1265791429279,99.950458261085,91.5531335149864,100,93.0393856824375,69.6556849145405,75.3529848897696,81.4242248535156,0.988342642784119,15.8895082473755,82.7927017211914,,,,,,765.4892578125,147.908096313477,137.240264892578,11.9020719528198,357.829650878906,57.2515525817871,90.0952072143555,400.664489746094,65.3863906860352,98.0186614990234,26697,5105,7697.27587890625,1471.87292480469,49,822,236.998931884766,14.1276741027832,503,518,,,1.49349689483643,1.4502489566803,1.70123147964478,1.52557253837585,318,15,91.6857223510742,4.32479810714722,13.8243608474731,28.8921471274989,736.514096131883,504.713016248861,,,,943.854336856338,646.79762648973,,,7770,57.8285648238476
2016,SP,35121,Vale do Ribeira,92.9129214768811,96.908083976749,89.5602944748989,100,100,100,100,100,100,100,100,97.4945268791048,74.6461410522461,0.695306658744812,19.5679168701172,79.3146286010742,,,,,,744.326599121094,232.690338134766,138.413681030273,9.48766613006592,376.598907470703,88.920654296875,95.3520584106445,418.838226318359,100.844528198242,102.72038269043,16467,2179,5814.43408203125,769.396423339844,16,272,96.0421447753906,5.64953804016113,364,352,,,1.24289834499359,1.28526985645294,1.46684956550598,1.40196812152863,52,0,18.3609981536865,0,9.35139751434326,31.7506929116514,795.141337509535,584.326495751734,,,,1018.98606389705,748.823546014771,,,20173,175.753678933979
2016,SP,35131,Horizonte Verde,52.0974090554655,32.8887467373896,26.0156698681882,76.6654854712969,84.727143869596,85.0283486888731,87.5088589652729,74.7696669029057,85.0815024805103,83.4514528703047,42.3812898653437,59.9220411055989,74.2817764282227,0.787091672420502,19.8150329589844,78.0794982910156,,,,,,616.77685546875,154.136535644531,127.13956451416,4.71380472183228,351.913452148438,71.1652450561523,94.8855438232422,392.923217773438,80.5866165161133,103.046745300293,23957,4073,5527.91748046875,939.817504882812,25,337,77.760498046875,5.76858282089233,309,619,,,1.42830109596252,0.71299684047699,1.43626177310944,0.7057284116745,286,29,65.9925918579102,6.69155597686768,40.9250946044922,28.0423102601332,692.990692269465,490.139501565985,,,,888.078413888888,628.12143942296,,,13104,70.5843838152966
2016,SP,35014,Rota dos Bandeirantes,44.7679001061623,13.3111349448136,15.4095962184666,90.7205480312981,100,100,100,81.8558903937404,100,100,75.5648430380542,68.9187065958583,66.2093276977539,2.1670138835907,28.0750122070312,68.4468688964844,,,,,,578.662292480469,111.060768127441,158.426498413086,2.02765846252441,394.931457519531,67.3888244628906,122.942390441895,441.033020019531,76.6844940185547,134.025085449219,102661,14248,5550.9296875,770.396179199219,141,1562,84.4580917358398,7.62393760681152,1774,3729,,,2.01628828048706,0.959210336208344,1.65704393386841,0.899029850959778,907,144,49.0419235229492,7.78614902496338,41.6091270446777,30.3855424661711,904.318037652038,763.480010488635,,,,1158.89771318437,978.411577982596,,,63175,79.7054769840335
2016,SP,35052,Sul - Barretos,70.7113283613545,66.9517509568906,65.388093085233,100,100,100,100,100,100,100,89.778534923339,78.8756388415673,73.1459350585938,0.538277506828308,24.9401912689209,74.0430603027344,,,,,,768.8330078125,183.023071289062,139.478561401367,6.90265464782715,337.341949462891,65.5362396240234,85.1953811645508,375.402770996094,73.7156982421875,91.8926773071289,9361,1845,6369.06689453125,1255.30700683594,0,199,135.396255493164,0,132,193,,,1.31313955783844,0.898105800151825,1.6259458065033,0.97822093963623,95,6,64.6364059448242,4.08229923248291,32.067138671875,30.1711872280845,783.289639784399,514.221729346757,,,,1003.79792784409,658.983191087214,,,4278,73.399214875136
2016,SP,35094,Ourinhos,64.0660477742495,47.1663887795028,38.7711243119151,93.1938911022576,90.6042496679947,89.6746347941567,93.5922974767596,81.5405046480744,94.7211155378486,88.9774236387782,82.4701195219124,63.6454183266932,83.7070770263672,0.875963568687439,15.0315351486206,83.9523468017578,,,,,,786.623229980469,195.196014404297,122.206047058105,13.1495227813721,372.468688964844,75.2426376342773,79.9101104736328,416.560913085938,85.0403289794922,87.0887603759766,15427,3099,6434.3779296875,1292.54797363281,34,297,123.874389648438,14.1809062957764,262,340,,,1.41809070110321,1.09276401996613,1.5560417175293,1.09109568595886,230,11,95.9296646118164,4.58794021606445,18.5586357116699,25.8836940754285,774.926526465737,467.354648706286,,,,993.080467286444,598.922294017317,,,6675,69.0451075791661
2016,SP,35041,Baixada Santista,65.7388038942976,48.7830319888734,45.4305980528512,100,81.416522150402,82.7486993536182,84.8060854485259,75.0039413526722,84.640548636292,80.135582531925,96.5473750591203,63.7237900047296,77.2789993286133,1.43364679813385,20.6269588470459,77.650993347168,,,,,,771.236572265625,205.472015380859,196.873931884766,1.60794687271118,384.648101806641,84.2927017211914,121.291580200195,429.841552734375,95.7495498657227,132.279907226562,69725,9791,3842.955078125,539.6396484375,195,1870,103.066703796387,10.747597694397,1709,3910,,,2.15503096580505,0.9419304728508,2.1296226978302,0.987525045871735,1335,248,73.579704284668,13.6687393188477,38.1455383300781,24.2137850838603,918.998645783061,594.732192453199,,,,1177.7111421804,762.158609133414,,,52719,72.9161105713603
2016,SP,35032,Centro Oeste do DRS III,48.4233265905935,25.937229086347,23.9517623924275,82.8554710356934,92.6272674078408,91.2229373902867,95.3774136922177,86.7758923346987,86.7173785839672,91.1059098888239,80.163838502048,42.2469280280866,78.998779296875,1.15995121002197,17.5824184417725,79.9755783081055,,,,,,789.723815917969,232.025054931641,120.205749511719,5.13274335861206,366.274871826172,83.2336730957031,80.8705139160156,410.627227783203,95.3066558837891,88.4205703735352,11115,2088,7767.94677734375,1459.24182128906,8,145,101.336242675781,5.59096479415894,92,156,,,1.09023821353912,0.642960965633392,1.09443140029907,0.732591092586517,115,4,80.3701248168945,2.79548239707947,19.3824787139893,26.9579288878451,586.536600715904,445.366659582203,,,,751.655830103148,570.744341955692,,,3544,63.3350918508742
2016,SP,35073,Jundiaí,56.6855516733974,23.6311071065101,21.4022441610973,93.1558255897069,96.6761972837741,99.4281629735525,100,95.0053609721229,100,97.5875625446748,100,80.2448177269478,81.2883682250977,0.311415612697601,15.490701675415,83.6195373535156,,,,,,595.858703613281,117.538208007812,149.060394287109,0.963803827762604,318.827545166016,46.1865615844727,97.3415756225586,356.319000244141,52.8322677612305,106.727958679199,38379,6225,4897.935546875,794.435729980469,53,644,82.1874084472656,6.76387071609497,696,1652,,,2.10828566551208,0.888236582279205,1.85103535652161,0.893469035625458,548,92,69.9358673095703,11.7410583496094,51.0082626342773,27.4335468961539,1018.4940499176,821.502900732079,,,,1305.21605917094,1052.76881958983,,,14907,46.8885947054543
2016,SP,35171,Alto Vale do Paraíba,58.5007531649455,25.7068653699952,34.5433081648747,100,95.2193328079853,95.4360388757552,99.2842132913055,87.1092723929603,94.057000262674,94.1489361702128,100,65.281061203047,76.1123809814453,1.19022905826569,19.2443428039551,79.3993530273438,,,,,,584.528747558594,143.679901123047,108.367156982422,8.9020299911499,325.318969726562,64.4621124267578,79.2548828125,363.963775634766,73.755744934082,85.4839324951172,44865,6436,4191.28662109375,601.250915527344,136,1043,97.4370269775391,12.7051153182983,1323,2547,,,2.37940645217896,1.23594617843628,2.59394550323486,1.30909395217896,1191,209,111.263175964355,19.524772644043,41.5450744628906,28.9509587067083,879.062255805164,621.816120797559,,,,1126.53203362431,796.867087031104,,,33945,80.061701481715
2016,SP,35143,Rio Pardo,57.9361784567696,48.4967157459685,43.5583416362227,86.5748031496063,87.9527559055118,88.3858267716535,91.1811023622047,84.7244094488189,92.4803149606299,88.4645669291339,80.1574803149606,65.4330708661417,78.753662109375,0.66917610168457,12.0451698303223,86.5746536254883,,,,,,816.760681152344,205.346405029297,163.722137451172,7.30464315414429,363.878570556641,73.9871292114258,98.8606338500977,406.75146484375,84.5252532958984,107.745834350586,17574,3441,8127.83251953125,1591.43469238281,13,511,236.333358764648,6.01239490509033,211,449,,,2.07658863067627,0.97585791349411,2.11578488349915,0.958514451980591,134,4,61.9739151000977,1.8499675989151,28.2767543792725,25.6443996636934,674.64750294719,438.441612573449,,,,864.571329795679,561.869785872551,,,7949,99.4029343904051
2016,SP,35065,Lins,69.4321930471138,57.6017738680716,36.1776043114178,100,100,100,100,100,100,100,100,84.8275862068966,77.0381851196289,0.412796705961227,23.2714138031006,72.807014465332,,,,,,809.261779785156,190.44987487793,142.987594604492,18.9309577941895,372.609100341797,72.2279281616211,97.2961578369141,415.575653076172,81.0602035522461,104.810134887695,8845,1440,5313.97216796875,865.135070800781,20,394,236.710571289062,12.0157642364502,222,241,,,1.44789969921112,1.33374989032745,1.91456186771393,1.31046938896179,142,16,85.3119277954102,9.61261177062988,35.3383636474609,22.4120799239476,627.54540527886,435.574356290031,,,,804.209254727772,558.195352087514,,,4743,67.0124708750529
2016,SP,35012,Franco da Rocha,53.0261053203835,40.3768212912916,42.0800618916687,90.7849829351536,82.736981173621,87.2288891335462,86.9316305185511,76.9679621270505,86.7444676868876,83.0122206319498,59.220521854013,56.4681272707255,71.5755310058594,1.14055681228638,25.9756240844727,72.0675354003906,,,,,,548.491455078125,117.338119506836,149.713165283203,0.999375402927399,407.966339111328,77.7851486206055,125.03702545166,457.263244628906,88.636360168457,137.383483886719,27680,3739,4741.48779296875,640.477722167969,46,484,82.9075164794922,7.87964010238647,541,874,,,1.49713158607483,0.926714181900024,1.0930860042572,0.858538210391998,299,30,51.2176628112793,5.13889598846436,27.3205966949463,23.3388546477455,510.37597705103,332.379638206321,,,,654.054799353965,425.949706395844,,,28388,127.039910586603
2016,SP,35114,Extremo Oeste Paulista,91.260653991149,84.5394197672513,74.8801425995738,53.5224153705398,59.5608417200366,68.5269899359561,63.5864592863678,50.0457456541629,72.5526075022873,65.1418115279048,20.3110704483074,44.5562671546203,72.5939483642578,1.28322637081146,34.005500793457,62.9697532653809,,,,,,808.843078613281,252.571731567383,132.932495117188,11.8836917877197,348.959594726562,87.7484130859375,76.5248107910156,390.582061767578,99.09765625,83.6444320678711,9149,2051,9355.3798828125,2097.265625,8,129,131.909927368164,8.18046092987061,65,87,,,0.889625132083893,0.664662480354309,1.03815162181854,0.788647592067719,54,2,55.2181129455566,2.04511523246765,15.5745754241943,26.3915100252821,636.728040843806,449.026894483434,,,,815.976945865341,575.434990245499,,,3816,88.666064354685
2016,SP,35174,Vale do Paraíba/Região Serrana,61.3676521092808,38.4496823677168,40.3576328804578,98.4507210106066,91.8841616017161,93.4930282445477,93.6241210821118,86.1756644023358,96.1268025265165,89.9535216303182,100,68.084852818496,78.9599914550781,0.694181501865387,17.7584247589111,79.944465637207,,,,,,662.101501464844,164.950347900391,155.421340942383,3.995037317276,355.637847900391,73.4538803100586,105.686317443848,396.802795410156,83.6449813842773,114.605590820312,27714,3849,4553.22119140625,632.364440917969,73,819,134.556106567383,11.9934015274048,630,1215,,,1.99616205692291,1.03504705429077,2.5435049533844,1.09259068965912,318,41,52.245231628418,6.7360200881958,27.9556350708008,28.2073632942778,697.182495638118,530.171545989288,,,,893.450275486012,679.423130647339,,,17693,63.1093882189659
2016,SP,35033,Norte do DRS III,78.2781679015212,41.7922478220778,47.3771432624662,87.319587628866,84.2268041237113,89.3814432989691,91.5463917525773,81.2886597938144,96.5979381443299,86.0309278350515,84.6907216494845,66.9072164948454,77.3286437988281,1.9917985200882,19.9179840087891,77.1529006958008,,,,,,696.182556152344,161.498916625977,137.048873901367,3.23475050926208,325.819000244141,56.3346405029297,90.2355880737305,364.433044433594,65.3926315307617,97.3879241943359,12139,2235,7810.49951171875,1438.04809570312,28,209,134.475189208984,18.0158157348633,149,189,,,1.21606755256653,0.958698749542236,1.62383615970612,0.997786641120911,125,8,80.4277496337891,5.14737558364868,35.1778106689453,28.4785052110847,737.864182094803,519.771201404581,,,,945.584493139732,666.094926350053,,,4750,74.8310098353864
2016,SP,35173,Litoral Norte,91.6910639324794,85.8128576236957,86.0319567136407,100,100,100,100,100,100,100,100,100,78.832275390625,1.33757960796356,20.0212306976318,78.4076461791992,,,,,,611.332214355469,125.816719055176,102.459655761719,14.1110544204712,386.390411376953,66.6939468383789,80.281623840332,431.466979980469,75.7147598266602,85.9912872314453,22433,3278,6986.25341796875,1020.85943603516,23,350,108.999633789062,7.16283321380615,375,510,,,1.58828032016754,1.16785323619843,1.66131007671356,1.1943244934082,79,1,24.6027736663818,0.311427533626556,17.1942253112793,33.2118548926318,1313.13224186335,895.183385548541,,,,1682.79951172404,1147.19151360334,,,12792,92.2199574037608
2016,SP,35102,Limeira,54.7009494460179,43.343069820032,50.6731478043022,100,88.1596752368065,89.2647722147045,90.7081641858367,79.8376184032476,92.1515561569689,85.9043752819125,100,63.5994587280108,80.2435760498047,1.17275595664978,25.2368068695068,73.4325637817383,,,,,,633.798400878906,136.852172851562,120.397010803223,6.36088275909424,335.043975830078,59.2184104919434,83.1335830688477,374.112701416016,67.1041946411133,90.6511077880859,14821,1965,4064.70166015625,538.906860351562,52,263,72.1285018920898,14.2611494064331,336,705,,,1.93348276615143,0.921489655971527,2.23824620246887,0.932939648628235,244,40,66.9177017211914,10.9701147079468,43.8075065612793,26.0618630482503,745.347727538572,466.443629633901,,,,955.174773704977,597.754808823286,,,11598,91.3216623435492
2016,SP,35013,Mananciais,51.9076001050727,27.2765214717132,29.6032224731072,100,100,100,100,96.1812194603782,100,100,79.6685787125558,77.6503080518377,72.1519012451172,1.46099364757538,25.3276081085205,72.6704940795898,,,,,,567.562438964844,112.882362365723,170.493774414062,2.07771611213684,406.646636962891,71.0768585205078,136.392013549805,454.448028564453,80.6787414550781,149.479522705078,69603,9913,6265.51123046875,892.346801757812,75,825,74.2647094726562,6.75133752822876,889,1269,,,1.14232623577118,0.80025851726532,1.20797181129456,0.864486217498779,364,29,32.7664909362793,2.6105170249939,26.9435081481934,27.1805843334399,544.884075324053,418.310220261411,,,,698.27746716537,536.071091671767,,,39043,84.2095182267477
2016,SP,35132,Aquífero Guarani,56.2138803238487,28.1885616141945,24.086696238595,58.9373680506685,66.6608022519353,66.6959887403237,70.6544686840253,65.0070372976777,68.5784658691063,67.2941590429275,94.0798733286418,56.368754398311,70.5362167358398,0.6867356300354,15.4938850402832,81.6462860107422,,,,,,663.047485351562,152.934066772461,137.496276855469,2.37855935096741,324.962707519531,59.14794921875,90.2690811157227,362.643493652344,67.7294540405273,98.2956314086914,57281,8875,6361.81298828125,985.686157226562,137,1435,159.375732421875,15.2156629562378,1342,3093,,,3.43518567085266,1.49046850204468,4.0847110748291,1.33353614807129,970,143,107.731330871582,15.8820419311523,39.2458572387695,27.3399284722196,790.187235041521,560.52116864108,,,,1012.63730407803,718.316646891348,,,16031,42.1474365135434
2016,SP,35081,Três Colinas,35.6653911718398,20.8527731765126,26.65591296737,37.1988988300069,40.7777013076394,38.9022711631108,41.1218169304886,36.1149346180317,38.799036476256,36.9236063317275,5.57467309015829,25.4645560908465,77.4111709594727,2.18274116516113,25.0084609985352,72.1996612548828,,,,,,652.820251464844,222.394577026367,133.580383300781,3.30032992362976,347.660614013672,100.868186950684,95.3020248413086,388.559234619141,113.54899597168,103.353828430176,23121,3124,5534.9677734375,747.858642578125,45,389,93.1232452392578,10.772611618042,254,768,,,1.83852577209473,0.608054101467133,1.87497305870056,0.601650357246399,286,28,68.465934753418,6.70295858383179,32.0334396362305,30.4325887488644,584.053638493832,455.422750178314,,,,748.473875169955,583.631379380784,,,9177,58.1410529386753
2016,SP,35034,Coração do DRS III,66.7634229889901,38.3571192625712,42.4625004226587,79.518316130338,73.0014167172637,73.1835660797409,75.3086419753086,61.8295891519935,73.5883424408015,70.6941914592188,69.1155636510828,47.257640153815,79.2967910766602,0.268872797489166,14.9741468429565,84.0951385498047,,,,,,659.120361328125,157.95182800293,148.675704956055,4.4566068649292,315.020477294922,58.9786796569824,88.0676193237305,351.924072265625,66.4472351074219,97.4486465454102,19247,3219,4959.37841796875,829.440368652344,25,352,90.6999130249023,6.44175481796265,344,712,,,1.83461177349091,0.886385500431061,1.96988868713379,0.957180380821228,308,35,79.362419128418,9.01845645904541,36.6481742858887,26.6535939784372,744.175387890243,489.113204358914,,,,953.672402104549,626.806223495818,,,9888,63.6199229574291
2016,SP,35015,Grande ABC,57.7284983550714,40.4889227014114,46.9819688472925,94.3968232233329,86.167328495139,87.2874161303574,90.2259345474463,82.3825825003423,91.0694235245789,86.1262494865124,92.7892646857456,68.4732301793783,80.885986328125,0.71276444196701,19.5172519683838,79.372428894043,,,,,,620.767456054688,127.833038330078,156.874359130859,1.12538301944733,332.558227539062,54.4245376586914,102.799903869629,373.73291015625,62.6445617675781,112.666770935059,130068,18362,4757.3642578125,671.608093261719,357,2688,98.3162231445312,13.0576238632202,2716,6758,,,2.47180438041687,0.993403494358063,2.27825355529785,0.995387732982635,2486,438,90.9278793334961,16.0202770233154,50.5035247802734,28.19283683849,913.429673104265,599.422315741356,,,,1170.5744165667,768.169075503531,,,72780,64.1391588021789
2016,SP,35111,Alta Paulista,85.2405975527363,69.6366639141206,55.2653704676826,100,100,100,100,98.4912492456246,100,100,62.9450814725407,91.3095956547978,77.0063705444336,0.764331221580505,23.3121013641357,75.8598709106445,,,,,,864.003601074219,221.424301147461,148.86296081543,10.6493511199951,369.427795410156,75.26025390625,90.7601547241211,411.0244140625,84.6651840209961,99.0907745361328,11419,2709,8542.041015625,2026.48120117188,10,204,152.603225708008,7.48055076599121,153,179,,,1.33901858329773,1.14452421665192,1.26383900642395,1.12021243572235,80,0,59.8444061279297,0,13.1799821853638,27.1424059708903,793.115672850016,519.924652671984,,,,1016.39014294463,666.291576549954,,,4075,80.1660317639921
2016,SP,35141,Baixa Mogiana,46.2245315542107,53.3008221828148,40.644105209638,86.1454725383473,84.8589807026225,86.5660564077189,86.5413161801089,79.3666501731816,87.3824839188521,80.0593765462642,97.7733795150915,61.9000494804552,67.873420715332,1.92405068874359,18.6835441589355,79.1645584106445,,,,,,731.596801757812,201.011840820312,134.110656738281,6.61609792709351,357.8388671875,79.4689102172852,85.6322479248047,401.254608154297,89.9278335571289,92.2832183837891,20094,3376,6194.98779296875,1040.82202148438,27,394,121.470344543457,8.32411003112793,340,510,,,1.57233190536499,1.0482212305069,1.93766784667969,1.04459869861603,384,37,118.387344360352,11.4071140289307,35.3198165893555,29.7255913235452,878.459593761648,587.766962422644,,,,1125.75971278698,753.232557879178,,,6192,43.7111494475201
2016,SP,35154,Fernandópolis,94.3793688964739,81.3082339961558,94.1242382713176,79.2664670658683,87.0508982035928,82.0359281437126,88.248502994012,80.3892215568862,89.4461077844311,82.185628742515,28.2185628742515,72.0808383233533,85.1535873413086,0.255972683429718,12.3720140457153,87.2013626098633,,,,,,793.643981933594,224.047149658203,128.396255493164,6.40608024597168,310.396301269531,69.6662750244141,75.7805328369141,348.06982421875,79.4026336669922,82.9024429321289,8698,1405,7495.23876953125,1210.71630859375,9,163,140.460327148438,7.7554783821106,210,217,,,1.86993205547333,1.80961167812347,1.75403070449829,1.79840922355652,114,1,98.2360610961914,0.861719846725464,17.7574596405029,25.5477590556035,852.111095858639,671.181452268256,,,,1091.99370050559,860.129531624731,,,3065,66.2315559953512
2016,SP,35115,Pontal do Paranapanema,100,100,100,64.2935377875137,78.5323110624315,78.5323110624315,79.5180722891566,72.9463307776561,73.3844468784228,74.5892661555312,32.7491785323111,46.8784227820372,73.9373626708984,1.11856818199158,15.4362411499023,83.109619140625,,,,,,769.886291503906,210.102554321289,177.779083251953,4.58015251159668,404.639007568359,84.7083206176758,120.090240478516,451.372528076172,97.2656478881836,132.103988647461,7900,1790,11607.064453125,2629.955078125,0,111,163.08659362793,0,84,70,,,1.02847409248352,1.23416888713837,1.24114775657654,1.29550993442535,6,0,8.81549167633057,0,14.7145252227783,23.159745001503,850.572811666059,576.14458169887,,,,1090.02236524655,738.338295151088,,,3963,156.189063929096
2016,SP,35113,Alto Capivari,98.0716674305308,89.4705572813227,94.3745650218126,100,100,100,100,100,100,100,47.0664928292047,85.2672750977836,83.0674819946289,0.613496959209442,13.2515335083008,86.0122680664062,,,,,,780.256103515625,212.026123046875,142.481552124023,6.30434799194336,382.460754394531,81.0303955078125,98.6749038696289,422.222534179688,90.9727630615234,105.515327453613,5734,1311,9726.0625,2223.72998046875,5,97,164.532272338867,8.48104476928711,72,57,,,0.966839134693146,1.22127044200897,1.14875757694244,1.11610543727875,30,0,50.8862686157227,0,19.3418712615967,26.7120149023316,859.036617729141,656.057490824214,,,,1100.86886513149,840.747938421862,,,2401,98.1285363646569
2016,SP,35082,Alta Anhanguera,77.9867396072302,67.0034285426173,68.5525751884438,100,100,100,100,100,100,100,92.6595744680851,95.2659574468085,77.894157409668,0.66152149438858,16.5380382537842,82.6350631713867,,,,,,671.907897949219,197.326110839844,123.641044616699,6.50557613372803,364.450225830078,92.9378356933594,88.0889892578125,405.697937011719,104.182456970215,94.6804656982422,10537,2591,6579.82666015625,1617.94921875,8,224,139.876739501953,4.99559783935547,126,233,,,1.45496785640717,0.786806643009186,1.54551303386688,0.787118852138519,120,0,74.933967590332,0,39.8617477416992,24.9594531928217,705.661743974605,517.908599646319,,,,904.316564885913,663.707973056688,,,3495,57.0200959731114
2016,SP,35152,Santa Fé do Sul,99.3640631668801,100,99.3640631668801,75.5208333333333,90.1041666666667,91.8402777777778,92.3611111111111,89.7569444444444,100,91.4930555555556,49.3055555555556,78.8194444444444,80.3212814331055,0.200803220272064,15.4618473052979,84.3373489379883,,,,,,933.903442382812,263.790496826172,119.131195068359,10.0227794647217,338.948760986328,78.8372039794922,71.8428497314453,379.263519287109,88.6445388793945,77.7770004272461,3961,626,8426.404296875,1331.71655273438,6,39,82.9663696289062,12.7640562057495,61,69,,,1.46786653995514,1.29767906665802,1.48967170715332,1.38011360168457,36,1,76.5843353271484,2.12734270095825,14.9339456558228,24.7581558086858,1004.60960167314,618.617122109689,,,,1287.42292152535,792.767520164697,,,1295,79.546661563553
2016,SP,35016,São Paulo,60.8185071222215,35.0059430180505,34.1963807124519,88.5226510162532,78.6126181458355,78.5398255251874,82.0065740835523,76.9383878709296,79.9137862399199,76.2548196676562,94.7492635434083,48.867733533513,77.464241027832,0.992809474468231,20.967945098877,77.9334487915039,,,,,,644.319580078125,138.452270507812,156.767288208008,1.92213356494904,325.130432128906,55.7312202453613,101.971038818359,374.844512939453,66.579231262207,112.564010620117,600209,82835,4992.2080078125,688.975952148438,1909,16815,139.857925415039,15.8780117034912,20450,38898,,,3.23532152175903,1.70091843605042,3.42068219184875,1.67350625991821,16704,2904,138.934677124023,24.1538734436035,49.8134727478027,22.3998835226824,844.823032527771,627.216456347412,,,,1082.65393332632,803.787701525759,,,479696,85.2543338608378
2016,TO,17007,Cantão,100,100,100,100,97.0031545741325,97.0031545741325,100,86.8559411146162,91.5878023133544,93.7960042060988,82.3869610935857,74.5531019978969,68.0084762573242,0.688559293746948,32.3622894287109,66.9491500854492,,,,,,537.134582519531,143.818588256836,119.981246948242,2.51479291915894,361.036926269531,69.2429504394531,100.93147277832,398.123291015625,78.0256729125977,108.230819702148,5615,890,4461.55419921875,707.174255371094,0,187,148.586044311523,0,119,114,,,0.905818700790405,0.945547580718994,1.118368268013,1.03632807731628,13,0,10.3295116424561,0,3.14255523681641,20.0816385567149,556.63193281947,307.066212071058,,,,713.332530339387,393.51015477838,,,10106,226.891544058738
2016,TO,17002,Bico do Papagaio,99.1078309903125,99.291728046984,99.1078309903125,100,93.3114362496268,88.5936100328456,99.5819647656017,86.1749776052553,90.2956106300388,86.9214690952523,71.9020603165124,80.0238877276799,47.6129837036133,1.90961170196533,42.1387634277344,55.9197959899902,,,,,,525.36328125,189.267364501953,128.779861450195,2.87836575508118,363.894226074219,106.431442260742,105.083641052246,407.292205810547,122.658012390137,114.415344238281,9058,1730,4418.51513671875,843.898315429688,0,212,103.414131164551,0,202,156,,,0.760971903800964,0.985361039638519,0.887800574302673,0.957312405109406,9,0,4.39022254943848,0,1.97364890575409,19.6717611596637,487.197892302575,230.598772320037,,,,624.351721130822,295.515934414703,,,23881,352.853459472662
2016,TO,17005,Ilha do Bananal,97.1144426465894,99.2509548811765,94.6378055894947,92.0610687022901,94.5038167938931,97.0610687022901,100,87.0610687022901,95.2290076335878,93.3587786259542,73.0534351145038,74.4656488549618,64.6035614013672,1.01132690906525,32.2006454467773,66.1003265380859,,,,,,530.084045410156,165.478897094727,103.148513793945,1.24869930744171,335.468109130859,85.5066909790039,79.518928527832,374.150482177734,98.1528549194336,85.0817337036133,10163,2274,5605.87353515625,1254.330078125,20,259,142.86344909668,11.0319261550903,265,223,,,1.23005974292755,1.46173024177551,1.60473155975342,1.30493903160095,121,4,66.7431564331055,2.20638537406921,6.97548723220825,19.0154489250985,601.496889657361,302.868236192123,,,,770.82767443332,388.130383012761,,,13187,178.774705309837
2016,TO,17003,Sudeste,96.7912683106971,100,96.7912683106971,96.4523281596452,94.8263118994826,95.6393200295639,97.1175166297118,89.8743532889874,100,94.6784922394678,75.9793052475979,86.1788617886179,58.4786071777344,1.98098254203796,43.1854209899902,54.6751174926758,,,,,,539.06689453125,166.658096313477,109.047889709473,4.19847345352173,336.215393066406,71.9519882202148,94.301628112793,371.491516113281,82.3854598999023,102.201316833496,2879,407,2961.78173828125,418.702728271484,0,160,164.6005859375,0,94,63,,,0.648114800453186,0.967028439044952,0.822745740413666,0.969600319862366,2,0,2.05750727653503,0,2.60789060592651,19.6259334728819,578.399282689227,314.14843904032,,,,741.227729744722,402.586139439972,,,12344,373.589278590235
2016,TO,17006,Capim Dourado,99.614015869511,100,99.614015869511,95.0314465408805,88.0188679245283,91.2893081761006,93.5534591194968,81.7452830188679,88.7264150943396,86.8238993710692,78.6477987421384,72.688679245283,72.112678527832,0.579950273036957,29.9751453399658,69.4449081420898,,,,,,368.209381103516,88.370246887207,79.5898742675781,1.53846156597137,317.774475097656,65.5245590209961,81.4516983032227,352.393280029297,73.5900268554688,87.704704284668,18189,2654,5151.8154296875,751.713562011719,60,616,174.474594116211,16.9942779541016,793,792,,,2.24324488639832,2.24607706069946,3.06923747062683,2.06501722335815,160,63,45.3180770874023,17.8439922332764,15.5916843414307,15.8342266782645,666.378102644337,331.837251450818,,,,853.973963933925,425.254629283101,,,19545,144.168520950309
2016,TO,17001,Médio Norte Araguaia,85.1003934220116,99.6086504485149,81.6497473325711,100,84.3524125805821,86.2668489939441,92.1664387575698,78.8239890603633,86.4621996483688,78.2379370970893,77.0853682359836,69.1150615354561,72.4901657104492,0.64168906211853,36.0794868469238,63.2374267578125,,,,,,520.89599609375,143.375335693359,113.118675231934,1.58415842056274,379.650421142578,82.4928588867188,99.0138092041016,421.082305908203,92.9752655029297,107.41431427002,16970,3361,5834.72314453125,1155.59838867188,54,545,187.385040283203,18.5665912628174,462,435,,,1.49564206600189,1.58847498893738,1.76614689826965,1.61976313591003,147,2,50.5423851013184,0.687651515007019,5.62223863601685,19.6774156274418,481.576404723905,235.039475568833,,,,617.147696851343,301.206765102237,,,24755,224.795971136927
2016,TO,17004,Cerrado Tocantins Araguaia,100,100,100,100,93.9355918025931,96.905060644082,100,89.8368883312422,96.3195315767461,92.4717691342534,83.5633626097867,80.7193642827269,66.7811126708984,0.815450668334961,35.2789688110352,63.9055786132812,,,,,,505.992004394531,131.887634277344,116.035758972168,3.13283205032349,351.810913085938,69.5577087402344,98.1504058837891,392.64013671875,79.0129547119141,107.006324768066,8625,2115,5468.8984375,1341.06909179688,0,235,149.007675170898,0,157,120,,,0.760890245437622,0.995498061180115,1.01293516159058,0.986303985118866,15,0,9.51112842559814,0,3.90780544281006,17.5583572695597,569.029797732033,275.97185833695,,,,729.220588187754,353.662254001166,,,15279,268.436013025367
2016,TO,17008,Amor Perfeito,98.6069833166196,100,98.2131461391193,100,97.7248104008667,100,100,93.4452871072589,100,98.6998916576381,78.5482123510292,84.3445287107259,62.9125213623047,1.78103721141815,32.8968048095703,65.269775390625,,,,,,559.909362792969,156.190063476562,97.7329635620117,1.46818923950195,379.357482910156,77.5863494873047,80.5438537597656,423.395141601562,87.58740234375,88.4934463500977,6399,1121,5844.79638671875,1023.91259765625,0,205,187.245391845703,0,201,119,,,1.08693671226501,1.83591818809509,1.28422939777374,1.71398043632507,0,0,0,0,3.42522048950195,20.828878266978,597.587263361995,311.136987469308,,,,765.817427170235,398.726917137967,,,10716,295.218248601275
2017,AC,12002,Baixo Acre e Purus,84.7764037821761,91.6159388490693,68.7816697234631,99.7026093630084,79.0867229470453,80.4777436684574,85.4566385264774,76.0072908672295,75.6523407521105,74.270913277053,91.1166538756715,67.1527244819647,32.4108657836914,2.03009796142578,47.1770515441895,50.7221488952637,,,,,,468.008392333984,125.685493469238,83.2532119750977,4.55241012573242,387.428161621094,92.4563064575195,82.337890625,432.661529541016,104.590316772461,88.3478927612305,28983,4039,5189.09228515625,723.139221191406,59,955,170.982406616211,10.5633106231689,676,753,,,1.34816491603851,1.21030473709106,1.61238205432892,1.29163336753845,162,4,29.0043449401855,0.716156661510468,7.22799015045166,15.7264313806476,331.7317178645,196.632334580622,,,,412.948066972893,244.772923711207,,,45499,272.587041620484
2017,AC,12001,Alto Acre,100,100,100,78.2874617737003,86.5443425076453,96.6360856269113,100,86.7737003058104,83.4097859327217,80.8868501529052,68.0428134556575,69.4189602446483,44.2715682983398,4.31400299072266,45.8274383544922,49.5049514770508,,,,,,455.241790771484,135.84992980957,96.8292083740234,3.17460322380066,348.25439453125,89.8190231323242,91.1364898681641,386.131256103516,100.55216217041,98.4511108398438,4385,1116,6337.2548828125,1612.85656738281,0,83,119.952598571777,0,72,48,,,0.69370174407959,1.04055261611938,0.850868582725525,1.08968985080719,0,0,0,0,1.01598405838013,16.1589420493665,370.732205902029,180.386044897049,,,,461.496864928582,224.549129726414,,,8380,382.620222793109
2017,AC,12003,Juruá e Tarauacá/Envira,95.4679929880419,98.0689509208946,95.4679929880419,95.7669975650871,67.746769057876,70.6124742461135,79.2283199100955,66.9788349878254,72.1108821876756,67.2223262783293,69.3950177935943,62.1839295748267,38.8657531738281,11.3821134567261,50.981559753418,37.5768394470215,,,,,,393.483917236328,114.110336303711,90.064094543457,0.888888895511627,369.759674072266,94.5925064086914,96.1391830444336,410.405426025391,107.063034057617,102.780128479004,11264,1999,4924.669921875,873.971496582031,0,301,131.598510742188,0,202,175,,,0.765107572078705,0.883152782917023,1.03519058227539,1.03311383724213,20,10,8.74408721923828,4.37204360961914,0.835497498512268,15.9290632745944,316.739251059693,120.563833974676,,,,394.285063549358,150.080922340442,,,32197,638.285296549925
2017,AL,27010,10ª Região de Saúde,78.9353579336249,100,78.9353579336249,88.4600540331918,82.7479737553068,89.1547664994211,92.7055191045928,89.1161713624083,100,82.5164029332304,65.4959475106137,87.842531840988,60.0156784057617,2.23441791534424,39.2395133972168,58.2908668518066,,,,,,599.139770507812,203.469619750977,167.7841796875,5.22466039657593,380.138427734375,108.282455444336,128.743530273438,422.430206298828,120.012451171875,140.822280883789,7588,1673,4750.54638671875,1047.39904785156,0,146,91.4048156738281,0,119,107,,,0.669884622097015,0.745011866092682,0.637955546379089,0.739533841609955,0,0,0,0,1.79554116725922,17.1680571346965,506.155147346171,203.137168839787,,,,630.074781605166,252.870306592149,,,23849,456.251400532955
2017,AL,27005,5ª Região de Saúde,100,99.7256550090892,100,100,98.0265095729013,100,100,99.3814432989691,100,100,95.8468335787923,100,68.461540222168,0.702341139316559,24.2809371948242,74.7491607666016,,,,,,548.503356933594,173.23388671875,118.595321655273,1.85328185558319,418.496246337891,110.596870422363,107.164260864258,468.0615234375,125.028564453125,116.733428955078,12538,2023,5310.529296875,856.851196289062,15,300,127.066413879395,6.35332107543945,172,139,,,0.588741064071655,0.728514134883881,0.876970052719116,0.72406679391861,8,0,3.38843774795532,0,2.66119432449341,21.0621626778429,629.506224203948,224.649605537967,,,,783.62533467061,279.649534118468,,,30841,323.663397452522
2017,AL,27007,7ª Região de Saúde,100,100,97.7700258106692,92.6375404530744,89.6786870087841,90.9963014331946,95.1109570041609,86.1534905224226,96.1974110032362,83.9459084604716,84.7549699491447,89.3781784558484,39.782958984375,1.91145646572113,23.0361328125,74.2261657714844,,,,,,644.922424316406,212.81103515625,132.458160400391,9.49985218048096,421.152984619141,113.009941101074,107.355094909668,469.590026855469,128.25146484375,115.271583557129,27677,3727,5282.4853515625,711.342346191406,66,721,137.611434936523,12.5968866348267,458,635,,,1.21197319030762,0.874147534370422,1.27094948291779,0.916041731834412,274,30,52.2961654663086,5.72585725784302,4.60454368591309,22.0746315008307,699.602823148962,219.170180926033,,,,870.883361192936,272.828607207445,,,70554,414.073084107673
2017,AL,27004,4ª Região de Saúde,98.6101869319156,100,98.6101869319156,99.0200445434298,94.6547884187082,98.5746102449889,98.7973273942093,93.630289532294,100,94.1202672605791,88.641425389755,98.8418708240535,59.0952377319336,1.38095235824585,41.7142868041992,56.6190490722656,,,,,,649.269287109375,220.59846496582,149.617263793945,2.35798501968384,456.886322021484,127.598861694336,125.792846679688,508.929931640625,144.196990966797,135.483215332031,7332,1331,5102.29638671875,926.235229492188,0,192,133.611694335938,0,82,76,,,0.528879582881927,0.570633292198181,0.721990287303925,0.638482928276062,0,0,0,0,2.50591516494751,18.6256362105461,568.401690941118,218.98123398743,,,,707.5608598697,272.593401259823,,,23590,453.644979416776
2017,AL,27001,1ª Região de Saúde,55.4760645135578,39.7209747208067,42.2821839084951,100,74.1513530688979,82.4604141291108,83.7155113064661,73.2510723931579,90.0280675740084,72.6208759201398,100,79.8654874755071,60.9535255432129,1.815993309021,44.7508888244629,52.6795043945312,,,,,,627.799438476562,175.923553466797,135.118179321289,1.55538690090179,432.925262451172,103.380813598633,113.473968505859,484.769927978516,117.85717010498,122.750633239746,66634,8418,5289.9326171875,668.287231445312,149,1909,151.551483154297,11.8287954330444,1326,2568,,,2.03868103027344,1.05268335342407,2.3844747543335,1.08449804782867,1181,163,93.7570953369141,12.9402256011963,24.572774887085,23.6199611007607,665.926269245332,301.2658945646,,,,828.961931652416,375.023436426802,,,95467,170.003223348916
2017,AL,27008,8ª Região de Saúde,100,100,100,94.9836867862969,98.0424143556281,95.3915171288744,99.9592169657423,89.4371941272431,100,93.8417618270799,76.9168026101142,100,63.0637969970703,1.05648112297058,37.7895164489746,60.9508323669434,,,,,,763.198303222656,259.283569335938,171.369232177734,6.2604341506958,439.960754394531,119.465408325195,133.085876464844,488.713775634766,134.186096191406,142.048538208008,9274,1405,5908.09765625,895.069763183594,24,154,98.107292175293,15.2894487380981,104,97,,,0.617948532104492,0.662542760372162,0.985213816165924,0.770843029022217,16,0,10.1929655075073,0,9.92348861694336,18.2915261913526,712.243239077456,193.944738838781,,,,886.618471953546,241.427336278259,,,23388,450.906724532499
2017,AL,27003,3ª Região de Saúde,98.4289792563393,100,95.1145895017809,100,90.6889128094726,95.8019375672766,98.4660925726588,89.3433799784715,100,84.2303552206674,81.0279870828848,88.9666307857912,55.1329727172852,2.68801832199097,42.6937370300293,54.5610542297363,,,,,,642.727722167969,201.833541870117,131.416061401367,3.62875080108643,470.830261230469,124.60831451416,118.340446472168,522.966613769531,139.687286376953,128.656188964844,11607,1744,5205.9599609375,782.217102050781,0,248,111.232711791992,0,141,119,,,0.533737599849701,0.632411777973175,0.740616977214813,0.641157925128937,4,0,1.79407596588135,0,2.02282071113586,18.0554567765819,507.541784049555,181.010674426596,,,,631.800902188215,225.326684427729,,,35762,417.000550566264
2017,AL,27009,9ª Região de Saúde,95.168119968535,100,95.168119968535,100,88.8378033205619,91.4176245210728,97.6245210727969,87.6117496807152,98.6206896551724,84.6743295019157,99.0549169859515,88.8122605363985,65.8820419311523,0.634752690792084,30.7590579986572,68.4475021362305,,,,,,601.060424804688,196.394485473633,136.161193847656,5.50458717346191,379.362915039062,99.2532501220703,108.491775512695,421.739349365234,112.992279052734,117.578201293945,11954,1432,5070.62548828125,607.423095703125,10,238,100.954399108887,4.24178171157837,179,114,,,0.483563095331192,0.759278893470764,0.718451738357544,0.77571576833725,13,0,5.51431608200073,0,1.6547189950943,18.3696831538223,704.298022301915,198.892733424901,,,,876.728064336628,247.586725597086,,,42533,579.983762829311
2017,AL,27006,6ª Região de Saúde,99.0967040996846,100,99.0967040996846,89.2740740740741,90.6666666666667,92.4148148148148,96.0888888888889,90.3111111111111,96.7703703703704,84.9777777777778,74.7259259259259,86.7851851851852,30.4151916503906,1.73801100254059,38.8799476623535,59.2532997131348,,,,,,590.006469726562,220.093399047852,113.218780517578,2.81224155426025,408.069610595703,121.085342407227,97.1293792724609,458.117340087891,138.265274047852,105.214309692383,12956,2994,6322.68310546875,1461.10791015625,28,584,284.998992919922,13.6643352508545,131,195,,,0.951623380184174,0.639295697212219,1.00115656852722,0.681508719921112,59,37,28.7927074432373,18.0564441680908,2.63233661651611,18.7488816487465,666.146957885412,218.237952546269,,,,829.236650476141,271.668145645677,,,31132,392.640776292099
2017,AL,27002,2ª Região de Saúde,100,100,99.0897752620344,100,100,100,100,92.8880157170923,100,91.1591355599214,92.7308447937132,99.3320235756385,52.43994140625,1.91441440582275,45.0450439453125,52.2897911071777,,,,,,573.4287109375,213.666107177734,126.61695098877,4.35244178771973,469.188262939453,165.401657104492,122.667861938477,524.350280761719,186.687194824219,132.775512695312,7919,1033,4820.5751953125,628.823608398438,0,98,59.656063079834,0,102,78,,,0.474813580513,0.620910048484802,0.698371648788452,0.650433719158173,0,0,0,0,2.01369643211365,18.8517676935484,506.2987245745,215.701660853986,,,,630.253510185241,268.510905336099,,,27989,420.028602359885
2017,AM,13008,Triângulo,98.0391237407486,100,95.6945128289294,100,73.90560875513,87.2093023255814,98.6662106703146,88.0984952120383,90.3556771545828,82.5581395348837,92.5102599179207,79.3091655266758,38.9005699157715,2.22288966178894,57.0741958618164,38.9005699157715,,,,,,343.423034667969,84.6577758789062,89.4497222900391,7.44186067581177,328.252136230469,76.629753112793,97.0971527099609,360.12646484375,88.2678298950195,102.704582214355,6471,1281,5168.11767578125,1023.08123779297,0,203,162.127624511719,0,88,61,,,0.487181544303894,0.702819287776947,0.556065797805786,0.787676692008972,17,0,13.5771903991699,0,1.47831642627716,24.7524382867483,505.562490687159,272.596823794016,,,,629.337027545068,339.335449059078,,,18703,607.527077581266
2017,AM,13009,Alto Solimões,87.1692098114607,100,85.5613055078632,100,64.654919236417,81.1747430249633,86.4904552129222,77.870778267254,87.2540381791483,77.8854625550661,82.7900146842878,80.6020558002937,44.7732887268066,1.95363759994507,53.3168106079102,44.2338523864746,,,,,,332.6728515625,81.040885925293,91.5762023925781,9.98781967163086,302.731018066406,70.6891708374023,88.2092361450195,333.983337402344,78.2175750732422,94.7543106079102,7594,1510,3077.12255859375,611.858703613281,0,305,123.587356567383,0,225,121,,,0.490297377109528,0.911710023880005,0.632726728916168,1.08625185489655,34,0,13.7769508361816,0,0.344018578529358,18.3025327463572,368.297383875176,169.481484658318,,,,458.465936635428,210.974856211776,,,33900,537.73283356247
2017,AM,13002,Rio Negro e Solimões,91.2434356117628,100,90.2028456666366,68.3693171844831,59.3470247498684,66.2102861154994,70.9671757065122,59.2768123573811,69.7033526417413,58.7502194137265,61.892223977532,60.8390380902229,39.2578125,3.99502849578857,53.2848014831543,42.0454559326172,,,,,,367.423187255859,88.2230834960938,88.9150314331055,6.96798515319824,329.244781494141,73.2946853637695,97.1113510131836,366.775024414062,82.0975646972656,105.525573730469,11846,2728,4098.39453125,943.814025878906,0,326,112.787155151367,0,195,119,,,0.411707729101181,0.674647092819214,0.489465117454529,0.690215885639191,5,0,1.72986435890198,0,0.602338790893555,20.2641850893487,418.172410482678,207.45404853775,,,,520.551636370061,258.244068070562,,,43605,502.560143029836
2017,AM,13003,Rio Madeira,81.0832925087816,100,81.0832925087816,96.4561855670103,71.3595360824742,90.0451030927835,98.8079896907217,88.5631443298969,89.0463917525773,85.6958762886598,84.9871134020619,80.6056701030928,54.5534133911133,2.0723876953125,38.6164627075195,59.1068305969238,,,,,,306.84228515625,77.2288818359375,59.6061859130859,12.5,251.894149780273,54.6797218322754,60.8465881347656,282.908142089844,62.2934417724609,65.5972137451172,7019,1959,3638.05053710938,1015.37841796875,0,218,112.99259185791,0,114,79,,,0.409468561410904,0.59087872505188,0.428646206855774,0.596580147743225,0,0,0,0,0.540602207183838,21.4243924749981,406.571060782374,178.364003578148,,,,506.109981638168,222.032041341394,,,21486,388.502229281962
2017,AM,13001,Manaus,47.901903461192,37.3464950651606,36.0852839395766,95.079086115993,78.7611885396657,82.116728654923,87.2236073078023,77.4594351575592,78.3463440552581,77.5718314464381,90.479012547513,76.9587607798259,50.1709976196289,3.7352876663208,48.2589378356934,47.8547630310059,,,,,,480.076477050781,105.114784240723,91.5580749511719,13.331657409668,406.578704833984,81.2660903930664,93.3242034912109,454.925018310547,92.2907485961914,100.057815551758,118932,20212,4784.3515625,813.080749511719,321,3490,140.394409179688,12.9130668640137,2560,3482,,,1.40072584152222,1.02982711791992,1.75916409492493,1.06816411018372,968,180,38.9403381347656,7.2409725189209,20.8890781402588,22.3616101744305,382.232151725137,290.603369856644,,,,475.812289538915,361.750454887546,,,169162,183.594070918022
2017,AM,13005,Baixo Amazonas,84.9312931982729,100,82.4686838173729,100,74.9533485382542,84.8434584283641,88.077959776073,79.6806966618287,81.7748289446403,76.7157370930956,86.6473149492017,71.822517105536,39.8740234375,4.10383653640747,56.5184211730957,39.377742767334,,,,,,361.025634765625,101.743591308594,80.8205108642578,13.1818180084229,268.926971435547,66.0196304321289,71.8750152587891,297.737640380859,73.6627502441406,77.2917633056641,11955,1895,4904.615234375,777.435913085938,0,313,128.410263061523,0,160,97,,,0.397948712110519,0.656410276889801,0.480615377426147,0.661333322525024,0,0,0,0,0.530051290988922,23.8553656747799,361.609423171142,178.109246186799,,,,450.14059330528,221.714912870889,,,35791,567.448281559577
2017,AM,13006,Regional Purus,81.3315487571702,100,78.2799235181644,80.643829962856,67.5608749484111,78.1262897234833,83.9867932315312,66.7354519191085,81.4692529921585,71.2752785802724,70.491126702435,68.9640940982253,42.2655296325684,1.62403571605682,45.3511962890625,52.9435653686523,,,,,,353.867919921875,84.6205902099609,93.082649230957,13.9130430221558,298.363647460938,66.6537017822266,84.6936721801758,329.219390869141,73.9303970336914,89.8484725952148,3256,851,2504.76953125,654.655700683594,0,188,144.624282836914,0,71,60,,,0.461566865444183,0.546187460422516,0.500992357730865,0.548495292663574,0,0,0,0,0.34694442152977,20.4624078610794,366.277436351795,215.577049994699,,,,455.951454660245,268.355786573872,,,20766,587.523131736098
2017,AM,13007,Regional Juruá,86.4692227048075,100,78.9883181069343,69.8749131341209,56.2195969423211,68.9367616400278,77.7275886031967,59.6594857539958,76.2334954829743,55.1424600416956,58.2001389854065,65.0104239054899,45.6310691833496,5.96393918991089,48.4049949645996,45.4923706054688,,,,,,343.04931640625,84.4544067382812,76.2331848144531,8.2788667678833,322.015441894531,72.5494537353516,71.4728546142578,358.494689941406,82.5251846313477,76.2011489868164,4995,1185,3733.18383789062,885.650207519531,0,208,155.455902099609,0,83,57,,,0.426008969545364,0.620328843593597,0.466554552316666,0.599402070045471,0,0,0,0,0.476083695888519,17.5446718981202,324.859787722445,179.91393038241,,,,404.393713814256,223.96142958889,,,21211,685.038840135115
2017,AM,13004,Médio Amazonas,100,100,98.8706901667557,90.5534351145038,82.2519083969466,86.9592875318066,93.1615776081425,83.2697201017812,85.4007633587786,83.6195928753181,84.1603053435115,79.0712468193384,47.7565116882324,2.79259490966797,44.9639167785645,51.9610900878906,,,,,,374.011535644531,106.860443115234,77.1769866943359,11.4285717010498,278.635192871094,66.857780456543,68.7114791870117,313.518585205078,77.3125610351562,74.9560775756836,6446,1659,3826.791015625,984.897033691406,0,239,141.886917114258,0,120,94,,,0.558048963546753,0.712402939796448,0.576452732086182,0.71804279088974,0,0,0,0,1.89380443096161,21.3525226899219,433.915936846544,223.116574004112,,,,540.149577806433,277.741177532642,,,22208,430.720657364396
2017,AP,16002,Área Norte,85.2024219029682,82.4318645228571,85.2024219029682,100,87.3158756137479,89.1162029459902,93.3715220949263,77.0867430441899,86.8248772504092,76.9230769230769,85.3518821603928,80.9328968903437,33.7732925415039,9.2391300201416,58.4627342224121,31.9875774383545,,,,,,257.050201416016,50.8122482299805,73.2294158935547,5.23255825042725,253.283020019531,60.0225944519043,74.296012878418,282.696929931641,69.3836669921875,79.5057601928711,2443,643,3651.00952148438,960.949279785156,0,120,179.337341308594,0,42,33,,,0.493177711963654,0.627680718898773,0.554077684879303,0.597791135311127,0,0,0,0,1.88752555847168,15.8092712591182,334.79828565774,109.843794814804,,,,416.765408439702,136.736345350817,,,7477,376.658458242972
2017,AP,16001,Área Central,45.3392083290304,29.9976668311359,28.0928830699912,95.4753199268739,69.7257769652651,69.3784277879342,70.4936014625228,61.72760511883,71.1151736745887,58.6837294332724,87.2029250457038,62.8336380255941,43.1831321716309,3.1677258014679,57.5101089477539,39.2066230773926,,,,,,413.010375976562,89.5530090332031,93.2307510375977,7.61353540420532,381.364410400391,79.2771072387695,102.222526550293,423.023162841797,89.3343276977539,109.411056518555,21152,2464,3889.57958984375,453.097747802734,14,546,100.40234375,2.57441902160645,496,515,,,0.947018444538116,0.912079930305481,0.854753136634827,0.833238303661346,68,19,12.5043210983276,3.49385452270508,11.2858858108521,16.2289878113085,303.677224248171,166.062303647457,,,,378.025120854432,206.718572856797,,,37484,194.580368187907
2017,AP,16003,Área Sudoeste,100,96.5381186140176,94.6944464371727,86.7831651489047,68.5946345065223,70.194437607679,72.2126507506768,62.9091804085651,69.8498646320453,59.3157765198129,71.8188530642383,65.591927147428,42.4161071777344,3.03355693817139,54.2818794250488,41.9865760803223,,,,,,365.686737060547,81.0440826416016,83.0207672119141,8.10810852050781,329.817413330078,68.9231948852539,87.7807464599609,367.283416748047,78.9482040405273,95.3462677001953,9337,1542,4614.0771484375,762.012084960938,0,164,81.0440826416016,0,154,125,,,0.617714047431946,0.761023700237274,0.837620258331299,0.806734561920166,51,0,25.2027339935303,0,4.04578018188477,15.6921765492552,305.113086999693,86.125548404006,,,,379.812519272335,107.211269876044,,,24743,380.200300833692
2017,BA,29023,Seabra,88.8886553849225,99.9453600718725,84.1602000661984,92.0967741935484,76.1290322580645,83.4677419354839,90.3225806451613,80.8870967741936,81.8951612903226,78.1451612903226,79.1532258064516,77.258064516129,61.5613059997559,2.24862122535706,30.9715747833252,65.9736938476562,,,,,,639.660034179688,137.848373413086,99.7085037231445,25.9795570373535,322.915100097656,56.2562942504883,75.5456237792969,358.124176025391,64.6975936889648,81.3020935058594,10983,4388,5984.14453125,2390.82470703125,0,355,193.423599243164,0,130,95,,,0.517612457275391,0.70831173658371,0.848203361034393,0.83512681722641,41,10,22.3390636444092,5.44855213165283,1.65635979175568,19.6199526475152,419.309569054411,217.124918893454,,,,521.967200239148,270.282613088332,,,30754,504.537740469516
2017,BA,29017,Paulo Afonso,85.5642012849121,89.2358742528124,85.5642012849121,73.4796404019038,70.2802749867795,74.0877842411423,78.7942887361185,76.2823902696986,75.7800105764146,74.9603384452671,67.3453199365415,64.8863035430989,56.9038848876953,3.65749931335449,33.711368560791,62.6311302185059,,,,,,593.70654296875,169.402145385742,136.240875244141,4.71063280105591,355.270080566406,79.2832412719727,105.760200500488,392.156341552734,88.7636184692383,113.501800537109,10741,1886,4291.3876953125,753.519897460938,0,239,95.4884719848633,0,195,219,,,0.874978005886078,0.779090046882629,0.758014619350433,0.732144832611084,26,0,10.387866973877,0,4.97618770599365,19.2941883780552,554.3885242746,264.045672330293,,,,690.116914128367,328.690758554145,,,38223,435.604120304941
2017,BA,29001,Alagoinhas,79.8436623567145,92.0766874253908,77.1037984150498,47.5164145018556,65.1869825863546,74.964316300314,77.9617470739366,69.4404795889238,72.2095346845561,70.1684270625178,41.2789037967456,62.517841849843,53.7476615905762,3.02114796638489,36.4983444213867,58.7397499084473,,,,,,644.750793457031,196.897689819336,103.047500610352,12.4890832901001,401.098297119141,96.6171340942383,85.155387878418,445.937072753906,109.019668579102,91.0898971557617,22672,3879,4255.54296875,728.089721679688,10,603,113.183326721191,1.87700366973877,421,493,,,0.925362825393677,0.790218532085419,0.860324680805206,0.746015131473541,155,23,29.0935573577881,4.31710863113403,6.73168611526489,22.004404417439,452.087767042289,240.405224780288,,,,562.770333521319,299.262529077047,,,75924,347.633466699476
2017,BA,29019,Ribeira do Pombal,93.7906932642206,99.6724972984037,90.1092980063875,84.1068187710656,78.5325382421571,74.358309567021,80.7622504537205,77.6769509981851,82.862328234379,71.3248638838476,71.5841327456572,68.4469795177599,56.2716369628906,4.02130508422852,34.1145133972168,61.6777610778809,,,,,,591.564270019531,129.433639526367,84.0237503051758,29.6083545684814,312.006439208984,57.0990867614746,63.9424362182617,346.435607910156,64.7164688110352,67.6852874755859,13873,3868,4285.52001953125,1194.8671875,7,416,128.506912231445,2.16237592697144,236,164,,,0.506613790988922,0.729029595851898,0.665162265300751,0.743393957614899,21,0,6.48712778091431,0,0.940633535385132,20.3498801317674,353.718031701055,197.123216225345,,,,440.317188795526,245.383985648865,,,55365,467.826885664228
2017,BA,29025,Serrinha,87.6649922637046,99.9612416215767,85.0486479170448,92.5094966761633,73.6823361823362,78.9055080721747,80.982905982906,80.7217473884141,74.3945868945869,74.6913580246914,74.2402659069326,66.9278252611586,60.2586708068848,1.56378602981567,38.3421516418457,59.412109375,,,,,,582.466735839844,139.20588684082,92.5384674072266,25.8408527374268,317.043701171875,59.2177314758301,70.1943588256836,352.900665283203,67.2776641845703,75.8028945922852,37632,10055,5993.81689453125,1601.5048828125,0,922,146.851058959961,0,441,356,,,0.567017138004303,0.70240044593811,0.804097175598145,0.769813358783722,157,0,25.0060920715332,0,2.36745572090149,21.0882827337428,396.160286571618,180.589503075717,,,,493.150385511218,224.802399634192,,,112168,506.119338346432
2017,BA,29015,Jequié,86.9121001702184,100,81.0760424426526,100,71.479424747259,78.057810052684,84.3656557026912,72.3052826427453,77.5594475295458,71.8781147657696,93.8914993592482,68.8452228392425,48.8816070556641,3.90369009971619,40.2763938903809,55.5777168273926,,,,,,732.645202636719,204.412063598633,113.944541931152,20.7734813690186,395.680572509766,83.8036956787109,85.2796096801758,438.775909423828,94.195068359375,91.3921813964844,34524,10274,6987.24951171875,2079.33618164062,24,1073,217.162521362305,4.85731649398804,610,392,,,0.793361663818359,1.23456788063049,1.12087631225586,1.26856911182404,240,7,48.5731620788574,1.4167172908783,3.50516080856323,20.9292014607481,483.099875115115,249.306237975839,,,,601.374993226059,310.342736350759,,,71545,383.524317803054
2017,BA,29026,Teixeira de Freitas,95.5312289283058,97.140645631289,95.5312289283058,99.4503110082453,64.42933603356,79.7193693042095,82.3810212642847,75.6979603645306,74.396065384059,78.2438883263417,87.63199768552,69.9551569506726,53.7885589599609,1.5573525428772,40.5660362243652,57.3075752258301,,,,,,660.384338378906,191.334671020508,112.562965393066,10.4032535552979,424.194274902344,100.239570617676,89.5390167236328,471.725708007812,112.915069580078,96.4754867553711,25939,5114,5804.71337890625,1144.42749023438,22,770,172.313095092773,4.92323112487793,402,429,,,0.960030078887939,0.899608612060547,1.05692827701569,0.925567448139191,150,22,33.5674858093262,4.92323112487793,8.54382038116455,22.6968745196269,602.512427466213,255.795098252123,,,,750.022770963814,318.420234412138,,,49272,264.805150184189
2017,BA,29012,Itabuna,91.5770206420042,99.3313549383063,86.6310330744184,100,74.3421052631579,83.8386727688787,89.6596109839817,79.6338672768879,82.9519450800915,80.7637299771167,90.8323798627002,73.5983981693364,51.0958518981934,2.63004088401794,44.9590873718262,51.227352142334,,,,,,743.410583496094,241.985931396484,146.878005981445,10.6304407119751,430.090026855469,108.528312683105,113.557121276855,478.205505371094,122.911155700684,121.341133117676,29112,6518,5708.82861328125,1278.17199707031,52,1106,216.885284423828,10.1971378326416,612,538,,,1.05501163005829,1.20012474060059,1.43255090713501,1.24135446548462,144,11,28.2382278442383,2.15708684921265,9.99594116210938,17.6470214083654,637.165585714044,190.517237218081,,,,793.159902393594,237.160695216844,,,63829,305.50766366422
2017,BA,29022,Santo Antônio de Jesus,90.8301240361482,99.1715337465038,89.172341384206,78.3783783783784,71.2767940354147,81.1369990680335,85.4613233923579,78.3224603914259,82.497670083877,80.3914259086673,70.0093196644921,73.4016775396086,61.5411758422852,1.67518961429596,39.1994361877441,59.0195732116699,,,,,,666.4541015625,218.340133666992,102.463745117188,12.7680635452271,379.108276367188,94.3553314208984,79.4186248779297,424.419769287109,107.859420776367,86.0332565307617,31867,7969,7006.89306640625,1752.21801757812,30,790,173.704635620117,6.59637880325317,434,324,,,0.712408900260925,0.954276084899902,1.0219988822937,0.95163756608963,141,22,31.0029792785645,4.8373441696167,3.38877964019775,19.849533715322,434.111070479244,209.738228576987,,,,540.392485107982,261.087473391866,,,68516,379.150435123974
2017,BA,29006,Feira de Santana,81.5293278901403,87.5056652775774,75.6730859000365,99.3610223642172,74.4095721355635,81.0812503915304,84.4515441959531,76.4267368289169,83.1046795715091,75.4118899956149,82.7413393472405,73.6327757940237,66.1129989624023,1.98209321498871,21.6239585876465,76.2828063964844,,,,,,657.334533691406,160.471084594727,96.8269195556641,18.990385055542,393.509429931641,73.9147720336914,77.7864532470703,437.395233154297,83.7605438232422,82.8155746459961,50490,6836,4432.267578125,600.098693847656,79,1595,140.017166137695,6.93501996994019,1171,1241,,,1.08941256999969,1.02796304225922,1.37120270729065,1.00362467765808,547,32,48.0184288024902,2.80912184715271,12.3791856765747,24.3413324826804,506.47598798674,238.95255738552,,,,630.474172182535,297.454211812465,,,117453,259.375322269067
2017,BA,29010,Irecê,91.1400182447945,97.5008383694125,89.7329646853007,100,86.3397835355854,90.8166612003936,92.850114791735,81.420137750082,82.879632666448,83.9619547392588,81.0101672679567,71.3020662512299,61.7755661010742,1.1398298740387,36.4103393554688,62.0805892944336,,,,,,619.633361816406,194.929870605469,109.404388427734,4.75815963745117,369.174346923828,84.0340194702148,86.4438400268555,410.55908203125,94.2182312011719,92.8610610961914,24499,6768,5969.48388671875,1649.10668945312,20,728,177.386184692383,4.87324666976929,340,264,,,0.643268585205078,0.828451991081238,0.920921862125397,0.852879106998444,54,6,13.1577663421631,1.46197402477264,1.36621475219727,23.3058553152765,464.949732374027,242.729068064344,,,,578.781234605499,302.155308212779,,,70595,476.309420163715
2017,BA,29028,Vitória da Conquista,77.9233281195897,94.0048416176137,71.4462467016107,29.1491879100785,60.4173389265354,67.7207701409057,70.7755189846187,65.5050016134237,65.5910508766269,65.9137356136388,21.4692911691944,58.0724965042487,57.2492256164551,0.734229564666748,39.5346450805664,52.2647361755371,,,,,,683.557861328125,175.3271484375,111.486885070801,15.7858772277832,371.915771484375,69.8605880737305,84.1177139282227,413.863220214844,79.1707077026367,90.3411712646484,41101,10069,6399.751953125,1567.8232421875,55,1224,190.586517333984,8.56393718719482,656,814,,,1.26746261119843,1.02144408226013,1.67424964904785,1.062628865242,384,35,59.7918510437012,5.44977807998657,8.0968132019043,21.5598383515386,532.824526969871,206.997025175858,,,,663.273502649596,257.675153783229,,,76375,340.767282899299
2017,BA,29011,Itaberaba,95.1768956384624,99.45078917959,95.1768956384624,84.8744292237443,73.0593607305936,77.8253424657534,79.3093607305936,73.8584474885845,74.1723744292238,71.2614155251142,74.7716894977169,65.7534246575343,59.9137916564941,1.20689654350281,31.4367809295654,67.3275833129883,,,,,,619.02978515625,173.280532836914,105.960052490234,14.9935646057129,342.717590332031,68.5365295410156,79.8482284545898,381.119842529297,77.4310073852539,86.8329620361328,15069,4833,6002.6767578125,1925.20654296875,0,446,177.662353515625,0,172,139,,,0.553701043128967,0.685155212879181,0.860228359699249,0.72359561920166,41,0,16.3321895599365,0,1.80968618392944,22.0133069712105,486.204472756171,236.446012898838,,,,605.239675213227,294.334001579871,,,45058,527.4801853114
2017,BA,29024,Senhor do Bonfim,90.677337738782,100,88.2480536458774,92.6328217237308,75.3010625737898,87.9811097992916,92.6328217237308,74.5926800472255,83.7072018890201,63.8961038961039,81.5584415584416,79.4332939787485,58.4011154174805,1.4873343706131,32.3495254516602,66.0469436645508,,,,,,611.042663574219,141.451309204102,112.755935668945,25.2486190795898,356.949462890625,66.0342636108398,85.3485870361328,395.392395019531,75.4064483642578,91.7907791137695,19117,3481,6453.75830078125,1175.15991210938,0,376,126.934829711914,0,137,167,,,0.563779711723328,0.462501913309097,0.72033828496933,0.714008390903473,45,0,15.191668510437,0,5.40755891799927,21.1521259913596,431.075990968357,191.096156137854,,,,536.614341054715,237.881348190256,,,48289,410.70386883184
2017,BA,29002,Barreiras,80.6135702184962,91.3465965857261,78.4438121714956,93.7018516015678,75.5642654412759,82.4300581159616,86.2684146506285,79.1998918772807,81.9029598594405,74.8074064062711,84.9979726990134,72.9828355183133,63.2410545349121,2.17420673370361,24.5509796142578,72.8966903686523,,,,,,461.525115966797,93.5944519042969,94.2613906860352,10.067437171936,332.525787353516,51.8040580749512,88.6649322509766,368.380645751953,58.2024383544922,94.5480880737305,23841,5101,5300.20263671875,1134.02685546875,24,690,153.397079467773,5.3355507850647,476,409,,,0.909266710281372,1.05821752548218,1.00575125217438,1.08978617191315,191,1,42.4620895385742,0.222314611077309,4.91337490081787,20.7953254573929,664.81904708814,392.179674679384,,,,827.583633392408,488.195218737149,,,56889,373.449976573681
2017,BA,29003,Brumado,94.4683118605532,97.4767904509284,94.4683118605532,91.810430299425,82.5698988697204,87.4082887170335,90.8189569700575,84.3347213959944,83.9183025976601,83.0854650009915,82.2526274043228,79.1394011501091,67.8966064453125,1.14443564414978,26.5390682220459,71.1917953491211,,,,,,614.159423828125,181.708358764648,110.701560974121,8.91208362579346,282.207366943359,62.5197296142578,74.6298294067383,313.2734375,70.5181884765625,80.3215179443359,23536,5504,5802.8330078125,1357.01867675781,0,636,156.806671142578,0,381,296,,,0.729792058467865,0.939360678195953,0.923581421375275,0.984294652938843,96,0,23.6689300537109,0,2.2211811542511,22.7168096976075,522.587236173181,245.378846137476,,,,650.529863082217,305.453819251311,,,54866,328.466876068171
2017,BA,29009,Ilhéus,62.9732190978869,79.7585196473817,55.5764119910049,46.4856230031949,43.9297124600639,48.8817891373802,55.5454130534003,43.4961204929256,42.1268827019626,40.6435417617526,42.1040620721132,41.2825193975354,40.4396629333496,5.44996547698975,51.9120674133301,42.0654907226562,,,,,,722.615295410156,182.783020019531,116.286689758301,17.0897560119629,443.566284179688,90.5158538818359,92.2391738891602,493.632965087891,103.200546264648,97.9982299804688,18913,3655,6195.2958984375,1197.26147460938,14,686,224.71174621582,4.58595371246338,351,336,,,1.10062897205353,1.14976418018341,1.30273842811584,1.17056477069855,230,46,75.3406677246094,15.0681343078613,9.34388065338135,19.8715903607188,475.631200920906,218.260894981813,,,,592.077797916539,271.696704972083,,,40704,322.107917126668
2017,BA,29008,Ibotirama,94.1910898910457,99.4127495938433,92.7006066266886,100,100,100,100,100,100,100,98.9388043862752,98.9741775733994,54.1709594726562,1.06419503688812,40.4050788879395,58.3934097290039,,,,,,609.809326171875,177.091079711914,108.821189880371,16.1616153717041,361.333740234375,78.3661499023438,81.7033081054688,398.975067138672,87.821403503418,87.7689056396484,12610,3628,6472.8076171875,1862.27954101562,0,247,126.786949157715,0,149,97,,,0.497908264398575,0.764828145503998,0.701178073883057,0.798706471920013,29,0,14.8859176635742,0,0.731463193893433,21.2134750601964,414.227786845491,216.155016133822,,,,515.641268689823,269.075253501734,,,35635,546.693198766071
2017,BA,29018,Porto Seguro,96.3209861178093,94.8246446480707,93.8629516119832,100,78.5134911438504,87.9986757159411,92.7660983280914,82.7180930309551,78.3810627379573,77.1560999834465,97.1362357225625,76.411190200298,59.2948226928711,2.48701405525208,38.9894523620605,58.4133491516113,,,,,,638.488525390625,192.560028076172,128.817855834961,6.51629066467285,465.669189453125,113.799476623535,115.395660400391,519.73046875,128.626235961914,125.013900756836,20723,3781,5526.89990234375,1008.40649414062,5,490,130.684783935547,1.33351826667786,394,357,,,0.952132046222687,1.05081236362457,1.17416286468506,1.12335574626923,159,19,42.4058799743652,5.06736946105957,9.03751945495605,18.5516811954083,539.930388735741,238.449297153849,,,,672.119059834427,296.82774069541,,,39360,274.823841066222
2017,BA,29021,Santa Maria da Vitória,95.9034433340584,100,94.5950787577894,99.977497749775,81.5256525652565,91.0666066606661,92.7317731773177,85.4410441044104,83.3258325832583,80.1755175517552,90.1215121512151,75.5850585058506,61.1481056213379,2.38805961608887,30.1722164154053,66.8886337280273,,,,,,516.0380859375,125.684532165527,85.1196823120117,16.9458770751953,305.483856201172,57.453857421875,66.7956085205078,339.208557128906,65.7055969238281,71.4711608886719,17422,5179,5792.79345703125,1722.01110839844,0,473,157.271911621094,0,251,185,,,0.615122735500336,0.834571897983551,0.873391151428223,0.874305486679077,34,0,11.3049583435059,0,1.6292439699173,22.3694263629353,578.019050652098,288.082874880733,,,,719.532793477974,358.612878731676,,,47235,456.523142253187
2017,BA,29013,Itapetinga,82.7918348913175,97.6032610600002,82.7918348913175,53.1027795733678,46.0245636716225,58.338720103426,59.1790562378798,56.819650937298,49.4182288299935,52.3917259211377,44.2792501616031,49.0950226244344,47.6107444763184,18.0676670074463,38.7164268493652,41.6811981201172,,,,,,664.276916503906,186.726608276367,118.27368927002,19.2682933807373,365.744262695312,88.2745513916016,88.0286178588867,406.790679931641,99.6574783325195,94.1691131591797,16863,6262,6830.3056640625,2536.40356445312,9,388,157.158187866211,3.64542198181152,190,147,,,0.595418930053711,0.769589066505432,0.741337060928345,0.799765050411224,65,0,26.3280467987061,0,2.59675550460815,20.0006798065824,426.641760132116,196.071758422382,,,,531.094497899153,244.075104273179,,,32190,332.77458950028
2017,BA,29005,Cruz das Almas,92.3254664298662,99.6374755112877,91.541827636084,88.4300126103405,77.9319041614124,85.4981084489281,86.3808322824716,80.0441361916772,83.1336696090794,72.7616645649433,81.1790668348045,78.1525851197982,59.4321784973145,2.23974752426147,34.1324920654297,63.5015754699707,,,,,,669.102294921875,234.565979003906,96.5636291503906,7.67045450210571,415.838989257812,118.591079711914,81.1688690185547,463.610748291016,134.31608581543,87.0606689453125,13852,1821,5266.13916015625,692.292785644531,9,451,171.457458496094,3.42154574394226,224,222,,,0.843981325626373,0.851584732532501,1.03691852092743,0.88237863779068,17,0,6.46291971206665,0,3.13527655601501,18.9253000022272,449.668905574782,176.204955272649,,,,559.75927333777,219.344403180062,,,40859,406.721718876464
2017,BA,29007,Guanambi,88.4118784254259,100,84.8238078932873,90.7639484978541,83.793991416309,86.4549356223176,89.6824034334764,83.519313304721,87.6738197424893,83.519313304721,85.4248927038627,86.8497854077253,65.6740646362305,1.85887026786804,25.4466705322266,72.5861740112305,,,,,,558.591430664062,136.118057250977,90.2306060791016,13.5071086883545,276.108581542969,45.9505271911621,63.3225784301758,305.863250732422,51.5249404907227,67.9969482421875,25916,5763,5717.3994140625,1271.39111328125,20,849,187.300201416016,4.41225481033325,423,353,,,0.778762936592102,0.93319183588028,0.876880466938019,0.942236959934235,85,0,18.752082824707,0,1.65680158138275,22.121608776216,486.722315745305,235.486473295837,,,,605.88429931711,293.139542313829,,,65829,396.980053867666
2017,BA,29014,Jacobina,95.7942118702706,98.1263558618788,94.0729906157737,100,87.6585464062815,91.6448560499295,97.0404670827461,90.557680692571,89.2087779343668,90.4771491846185,96.35594926515,85.0010066438494,58.5871543884277,3.15596342086792,32.4954147338867,64.0917434692383,,,,,,628.8857421875,194.703857421875,109.249069213867,10.6997556686401,357.629211425781,87.0378265380859,78.8304977416992,398.025909423828,98.1886825561523,84.8014221191406,27060,5749,6923.3720703125,1470.89672851562,0,662,169.374435424805,0,288,226,,,0.578226923942566,0.736855566501617,0.819112181663513,0.790520668029785,199,0,50.9146728515625,0,2.77395415306091,22.9756427325781,469.3172483533,228.882868745364,,,,584.218029412834,284.919207665922,,,63778,421.196776805331
2017,BA,29027,Valença,78.1558452115569,99.818035723777,77.9260449658113,97.9151689432063,66.8344116942248,80.110232446681,85.3342918763479,74.5267193865325,76.4677689911335,72.0105439731608,86.0771627126767,67.6252096812844,55.8736228942871,2.67175579071045,46.7557258605957,49.6607284545898,,,,,,541.621398925781,171.157531738281,98.6825103759766,13.6200714111328,381.02880859375,106.155792236328,86.9414901733398,423.412109375,120.14818572998,92.919059753418,18948,4934,6130.6103515625,1596.39172363281,0,361,116.801261901855,0,213,160,,,0.517678737640381,0.68915981054306,0.737853944301605,0.723456025123596,13,0,4.20613956451416,0,1.80572807788849,18.8649095448975,358.022092652801,195.771719832615,,,,445.674993173107,243.701608616933,,,42608,373.84783956215
2017,BA,29004,Camaçari,78.4067001001709,82.6404579979447,66.6098815779663,100,77.7815391559467,87.4633265628526,92.744301512074,79.395170390431,85.1275107199278,82.013089596028,91.4014895057549,78.7519747235387,49.6166229248047,12.7125234603882,35.7261924743652,49.9166564941406,,,,,,549.358215332031,129.638656616211,91.4224319458008,6.11694145202637,455.181457519531,97.9696578979492,89.0579528808594,508.547546386719,110.389266967773,96.0560455322266,25412,3096,4185.99462890625,509.988922119141,8,488,80.3858489990234,1.31780087947845,458,689,,,1.13495600223541,0.75444096326828,1.21843039989471,0.74875795841217,141,0,23.2262401580811,0,17.2608852386475,21.6350313959051,616.620701610214,458.416350315229,,,,767.585108908442,570.648314698582,,,63050,237.783577011711
2017,BA,29016,Juazeiro,89.4606020887144,99.8995845701687,85.7156756379684,82.4464409122322,67.8645473393227,71.8037318590187,76.43400138217,68.6592950932965,76.43400138217,62.082469477079,72.6099976963833,67.9106196728864,55.779109954834,2.19392132759094,42.9152412414551,54.7945213317871,,,,,,549.950012207031,110.824981689453,101.526313781738,18.2884750366211,359.586791992188,57.1341285705566,85.8040618896484,400.129028320312,64.7784042358398,92.0120391845703,25956,4314,4925.63916015625,818.66259765625,31,672,127.524635314941,5.8828330039978,416,601,,,1.14051055908203,0.789438247680664,0.946282148361206,0.79181033372879,119,8,22.5824871063232,1.51815044879913,7.11253499984741,21.5869922402499,499.421705796668,210.37701118226,,,,621.692822563558,261.882646201272,,,85236,464.605839663144
2017,BA,29020,Salvador,44.2600129865786,33.1179956380781,35.3063667681988,83.1493845664714,84.430213017214,88.3362855974928,90.2484443838852,85.3113503202071,81.7459236044874,85.8472998137803,75.3304264886224,77.2244174955716,60.9269485473633,3.8957359790802,35.1914825439453,60.3059921264648,,,,,,582.348388671875,123.436424255371,103.012550354004,5.40388536453247,369.562622070312,61.5204124450684,81.7811126708984,413.465637207031,70.4189834594727,87.8862533569336,168030,23486,5002.65869140625,699.234924316406,587,6618,197.033828735352,17.4764060974121,5843,8705,,,2.59168863296509,1.73960208892822,2.9708776473999,1.79200160503387,3531,674,105.126396179199,20.0666065216064,26.8846683502197,19.4378574110549,502.624903012986,276.259390636329,,,,625.68024380602,343.894705278014,,,242388,169.287007358921
2017,CE,23019,19ª Região Brejo Santo,100,100,100,100,100,100,100,100,100,100,100,100,69.6405258178711,0.947712421417236,21.5359477996826,77.4836578369141,,,,,,655.749938964844,196.538681030273,119.227256774902,5.82386350631714,312.810333251953,64.0062713623047,82.6447143554688,350.970458984375,73.8863983154297,90.2226791381836,15338,5015,7143.3896484375,2335.64331054688,8,544,253.357925415039,3.7258517742157,193,156,,,0.726541101932526,0.898861765861511,0.932510852813721,0.934955954551697,40,0,18.6292591094971,0,2.39432549476624,22.3272634070898,635.308833425288,218.374775381767,,,,790.848569990936,271.838466186023,,,33964,418.69313402708
2017,CE,23003,3ª Região Maracanaú,95.8526753336319,78.855953088192,91.3520878115881,100,100,100,100,100,100,100,90.8838444820092,96.0516783385656,67.8327560424805,2.02467942237854,23.697135925293,74.0864944458008,,,,,,638.158996582031,154.784332275391,99.5841369628906,3.0683810710907,429.017639160156,83.9266967773438,86.1358795166016,481.400054931641,95.793212890625,93.2845077514648,28480,4231,5311.15380859375,789.027099609375,0,468,87.2759857177734,0,326,263,,,0.49046117067337,0.607948064804077,0.849262475967407,0.723010659217834,140,10,26.1082000732422,1.86487138271332,12.8323669433594,23.0395462008448,614.751635608075,268.26692128151,,,,765.258448082651,333.945476450397,,,53130,227.374714013823
2017,CE,23012,12ª Região Acaraú,97.3482408379735,100,97.3482408379735,100,100,100,100,100,100,100,100,100,72.4333038330078,0.592832148075104,19.4826183319092,79.8437042236328,,,,,,564.332092285156,165.437942504883,109.268035888672,3.03265929222107,346.644897460938,75.9859085083008,84.1871795654297,387.704986572266,86.8308563232422,90.8904876708984,11106,2317,4873.61767578125,1016.76318359375,0,237,104.002105712891,0,165,141,,,0.618746697902679,0.72406530380249,0.725930333137512,0.832345962524414,20,0,8.77654933929443,0,1.24802529811859,26.6319995919891,510.135125446931,247.420363802663,,,,635.029159419513,307.995152286804,,,34203,444.669018930291
2017,CE,23018,18ª Região Iguatú,100,100,98.2064409061732,96.9315499606609,99.1607658012064,91.5027537372148,100,86.8607395751377,100,91.2142669813795,86.2575399947548,95.3842119066352,79.4921340942383,0.469224393367767,20.5630683898926,78.9677047729492,,,,,,723.854187011719,197.556411743164,143.025848388672,4.86439943313599,333.371063232422,59.6621589660645,93.4785690307617,371.358825683594,67.4933395385742,100.863700866699,14753,2827,4597.08154296875,880.902160644531,0,552,172.004943847656,0,256,226,,,0.704223155975342,0.797704100608826,0.958647131919861,0.88043475151062,46,0,14.3337459564209,0,2.83216118812561,23.7949798147562,482.05797387721,210.526696936328,,,,600.078008105254,262.068978829317,,,42703,347.417012931559
2017,CE,23014,14ª Região Tauá,100,100,100,100,100,100,100,100,100,100,100,100,73.1393737792969,0.811908006668091,17.1177272796631,82.0027084350586,,,,,,674.871643066406,193.689041137695,117.255699157715,4.50450468063354,317.271484375,57.75390625,74.6746444702148,354.170166015625,65.0808944702148,80.3494110107422,8213,1486,7133.4892578125,1290.68115234375,0,151,131.15266418457,0,105,79,,,0.686162948608398,0.911988735198975,0.958891034126282,1.0500899553299,2,0,1.73712146282196,0,1.53040397167206,23.2670845083097,572.12123307099,228.797378203052,,,,712.191040373521,284.812786867755,,,12833,281.780937600434
2017,CE,23011,11ª Região Sobral,99.8809746370038,100,99.8809746370038,100,100,100,100,100,100,100,95.670014037361,98.7798293920743,77.1999969482422,0.75428569316864,18.6285705566406,80.457145690918,,,,,,642.4208984375,171.084533691406,125.596542358398,3.84243607521057,354.935607910156,67.3563919067383,91.2244033813477,396.555877685547,76.7562713623047,98.7478103637695,32612,5210,5062.984375,808.847961425781,130,1367,212.225555419922,20.1823863983154,725,550,,,0.853870213031769,1.12555623054504,1.3555189371109,1.21703672409058,202,0,31.3603248596191,0,4.1883111000061,21.5821580780919,688.80789671315,254.742334580864,,,,857.445562620404,317.109727458434,,,83209,330.609448251746
2017,CE,23020,20ª Região Crato,100,93.561887256684,100,100,100,100,100,100,100,100,93.6576718534568,100,71.799919128418,0.393855839967728,25.7778644561768,73.5919647216797,,,,,,646.030334472656,174.876220703125,130.651321411133,4.78747224807739,331.766754150391,64.0321273803711,90.7405090332031,371.916595458984,73.2860946655273,98.4485321044922,21040,3934,6081.6455078125,1137.12890625,21,601,173.720001220703,6.07008361816406,267,232,,,0.670599699020386,0.771767735481262,0.824808716773987,0.801395535469055,214,4,61.8570404052734,1.15620636940002,5.80126523971558,21.6919074691783,577.513005978489,210.192163865607,,,,718.902856216882,261.652543567166,,,48853,404.362746729611
2017,CE,23010,10ª Região Limoeiro do Norte,98.5080074421586,100,98.5080074421586,100,100,100,100,100,100,100,96.639231824417,100,73.0545425415039,1.16363632678986,22.7272720336914,75.6727294921875,,,,,,709.973266601562,171.296539306641,135.00114440918,3.11720705032349,367.256286621094,56.5013999938965,88.0841979980469,408.687164306641,64.6253280639648,95.0009460449219,11564,2422,5118.53564453125,1072.04187011719,0,373,165.099761962891,0,197,143,,,0.632956206798553,0.871974647045135,0.871089398860931,0.931065320968628,53,0,23.4592170715332,0,3.78003215789795,25.1379321191999,591.641617818629,283.779674573143,,,,736.490511042156,353.256145705797,,,28871,309.854548252883
2017,CE,23006,6ª Região Itapipoca,97.2748000680619,97.2761613067892,97.2748000680619,97.9600694444444,91.9053819444444,100,100,93.5980902777778,100,91.8185763888889,93.9887152777778,100,15.7883367538452,3.43412518501282,35.8963279724121,60.64794921875,,,,,,547.633605957031,161.446990966797,141.477661132812,2.28677368164062,319.854125976562,69.9319229125977,103.544075012207,353.92822265625,78.5112686157227,111.540390014648,14021,1804,4745.59423828125,610.587829589844,0,245,82.9235076904297,0,204,142,,,0.48061791062355,0.690465152263641,0.787011802196503,0.764419376850128,24,0,8.12311935424805,0,1.81111717224121,24.0918407605952,491.324743453484,193.964651577878,,,,611.613518210346,241.452124161586,,,50293,497.516026854334
2017,CE,23002,2ª Região Caucaia,82.3534878412639,84.8634944443992,81.5415467640561,100,100,100,100,100,100,100,91.3098236775819,100,63.296443939209,2.58944869041443,32.3734817504883,64.8651580810547,,,,,,615.31005859375,152.108306884766,106.426696777344,3.48589682579041,395.148010253906,75.279296875,88.5198135375977,441.115417480469,85.3601531982422,95.9891815185547,28200,4623,4617.28125,756.939453125,0,394,64.5109558105469,0,338,420,,,0.687680184841156,0.553418815135956,0.736636519432068,0.655179142951965,2,0,0.327466756105423,0,9.53190231323242,25.5173086185395,514.396065111067,266.257984227634,,,,640.33328532318,331.444700587271,,,62506,261.045573478434
2017,CE,23001,1ª Região Fortaleza,62.3542101475351,49.8797409139978,53.3369557394746,100,100,98.2833460038747,100,87.3384505971504,84.8713735684332,85.4991784584447,100,75.2115162959511,61.555908203125,4.73778390884399,30.5057830810547,64.2776107788086,,,,,,667.529907226562,126.631881713867,107.215950012207,3.64647388458252,399.192749023438,58.8738708496094,83.7919082641602,449.122253417969,67.9451217651367,90.431022644043,144965,28603,5173.95458984375,1020.87139892578,418,5458,194.801803588867,14.9188632965088,3243,6453,,,2.30314421653748,1.15746116638184,2.45633029937744,1.09536755084991,3252,390,116.067329406738,13.9195137023926,35.0143928527832,25.7180506954726,735.568939261134,360.893489253684,,,,915.654895915796,449.249380583152,,,211072,175.266411845112
2017,CE,23007,7ª Região Aracati,99.366822530136,95.5471665737206,99.366822530136,100,89.4882434301521,91.8395573997234,100,83.402489626556,83.402489626556,75.1728907330567,100,67.9806362378976,72.0854949951172,1.61917102336884,22.0854930877686,76.0362701416016,,,,,,595.3447265625,154.380218505859,99.7927398681641,2.7220630645752,309.503326416016,58.7620086669922,71.9931106567383,347.607788085938,66.8357925415039,77.5288391113281,5447,715,4645.90625,609.844482421875,0,141,120.263046264648,0,146,116,,,0.989398062229156,1.245276927948,1.01136100292206,1.2405858039856,19,0,16.2056579589844,0,3.95503354072571,28.9751031432708,676.306329651222,370.93586921687,,,,841.883294455068,461.750390195077,,,13310,285.424544788418
2017,CE,23004,4ª Região Baturité,100,100,100,80.7444168734491,89.8263027295285,99.5037220843672,98.9081885856079,93.151364764268,100,88.3374689826303,64.1687344913151,92.4069478908189,72.6734771728516,2.20548677444458,29.1016674041748,68.1549224853516,,,,,,659.658996582031,159.178573608398,132.648818969727,4.89130449295044,358.782653808594,66.8201141357422,98.4417877197266,399.604522705078,75.9655380249023,106.081901550293,7960,1537,5707.484375,1102.06066894531,0,199,142.687103271484,0,131,118,,,0.846084356307983,0.939297020435333,1.05742621421814,0.953637421131134,14,0,10.0382890701294,0,1.36807537078857,28.852795418811,717.901427810259,329.859934261686,,,,893.661928982075,410.618023208765,,,22727,438.533842850658
2017,CE,23015,15ª Região Crateús,98.1950432852236,100,98.1950432852236,100,100,100,100,99.1858887381275,100,100,100,94.4640434192673,72.1992874145508,0.908340215682983,27.6355628967285,71.3459930419922,,,,,,757.092102050781,210.916168212891,153.089706420898,4.45916128158569,353.730682373047,65.2391891479492,94.4734420776367,394.91650390625,74.2358169555664,102.354888916016,15028,3618,5023.21435546875,1209.341796875,2,377,126.01488494873,0.668514013290405,217,155,,,0.5180983543396,0.72533768415451,0.618041217327118,0.830461502075195,28,0,9.35919570922852,0,2.04364728927612,20.9989569534424,521.880465811606,204.933880909443,,,,649.650057387166,255.106899405304,,,44669,414.83124027109
2017,CE,23017,17ª Região Icó,98.5037333691394,100,98.5037333691394,100,100,100,100,100,100,100,93.6296975252062,100,77.5248947143555,0.806069254875183,18.8240871429443,80.3698425292969,,,,,,737.231628417969,221.806533813477,159.26057434082,2.6708562374115,331.467590332031,70.3128509521484,98.4401702880859,371.529235839844,80.6386871337891,106.917190551758,10773,2839,6238.96044921875,1644.14819335938,0,251,145.361465454102,0,107,89,,,0.515425086021423,0.619668364524841,0.710591673851013,0.626183569431305,14,0,8.10781097412109,0,1.67542111873627,25.053889791916,557.057119598189,229.941589159044,,,,693.438849358146,286.237129723868,,,30110,532.637229504252
2017,CE,23008,8ª Região Quixadá,89.78287599807,100,89.78287599807,100,100,100,100,100,100,100,98.5594795539033,100,68.565544128418,1.09814691543579,29.2152824401855,69.5950546264648,,,,,,677.4033203125,164.481307983398,125.525215148926,7.75901412963867,346.368560791016,59.7322273254395,84.3877868652344,383.622680664062,67.0350570678711,91.4420318603516,17929,3462,5543.20556640625,1070.365234375,10,558,172.519866943359,3.09175395965576,307,143,,,0.44212082028389,0.94916844367981,0.795199155807495,1.06897389888763,43,20,13.2945423126221,6.18350791931152,2.07085680961609,25.6638297683146,570.007282048423,232.03356912745,,,,709.559540455261,288.841279515936,,,47546,402.315486085992
2017,CE,23021,21ª Região Juazeiro do Norte,98.6926987653266,100,97.7456886116689,100,90.8058005680969,94.2592315742263,98.445208551353,94.3190312453281,100,95.6346240095679,92.1363432501121,93.586485274331,72.7018280029297,0.780789613723755,31.8650550842285,67.2362976074219,,,,,,663.449645996094,163.916641235352,123.821922302246,2.275151014328,387.728790283203,66.5566558837891,96.2754211425781,432.464813232422,75.7761383056641,104.759422302246,25190,4929,5941.09375,1162.51098632812,101,1044,246.228744506836,23.8209800720215,425,723,,,1.7052047252655,1.00236797332764,1.52790355682373,0.928487539291382,191,14,45.0475959777832,3.30191802978516,10.3208522796631,24.4898102465766,654.849416409589,208.035001179256,,,,815.173183937518,258.967252672437,,,44736,248.213646715685
2017,CE,23016,16ª Região Camocim,100,100,97.37624875526,100,100,100,100,100,100,100,100,100,64.6808547973633,1.4893616437912,30.7659568786621,67.6595764160156,,,,,,558.502136230469,167.422836303711,114.384307861328,7.09382152557373,337.541290283203,84.2964477539062,87.5184936523438,376.820587158203,96.9439010620117,94.36328125,7553,1710,4826.50634765625,1092.72155761719,0,173,110.550193786621,0,118,98,,,0.626238107681274,0.754041790962219,0.724646925926208,0.771774530410767,1,0,0.639018476009369,0,1.249920129776,26.0723095184137,490.045505426714,240.046998732914,,,,610.021090227416,298.816600195857,,,23090,429.355154215536
2017,CE,23022,22ª Região Cascavel,97.2899779380779,91.2864703403485,97.2899779380779,94.011590470058,100,100,100,100,100,100,80.4035200686843,100,69.0932846069336,2.28857898712158,23.4742813110352,73.9973831176758,,,,,,679.458435058594,181.579406738281,109.749183654785,3.17604351043701,396.73876953125,66.8670501708984,87.8675842285156,443.597259521484,76.5921478271484,94.1972198486328,13712,2370,4227.193359375,730.633605957031,0,250,77.0710525512695,0,206,204,,,0.628899812698364,0.635065495967865,0.764621913433075,0.699882209300995,35,0,10.7899475097656,0,4.83019685745239,26.2674507838168,541.237815964421,257.883920855261,,,,673.746578451781,321.020453835737,,,43247,328.761508521075
2017,CE,23005,5ª Região Canindé,94.8173811208432,98.6698221387269,87.4979871666626,100,98.1180811808118,96.7158671586716,100,91.9557195571956,100,93.2841328413284,100,98.0811808118081,59.0717315673828,1.64940547943115,31.5688533782959,66.7433853149414,,,,,,636.316772460938,201.889495849609,109.944641113281,1.29969418048859,318.178619384766,63.3176803588867,73.9753494262695,355.957183837891,71.8461532592773,80.6004409790039,9750,1374,4743.18701171875,668.424499511719,0,246,119.674255371094,0,145,130,,,0.632424890995026,0.705397009849548,0.735072374343872,0.723640024662018,14,0,6.81072998046875,0,1.34706509113312,26.3509722647433,486.563259799161,227.842822915857,,,,605.686302436005,283.62453220461,,,34224,521.485837661225
2017,CE,23013,13ª Região Tianguá,97.5317976054896,97.3700580922394,97.5317976054896,100,100,100,100,99.6106557377049,100,100,100,100,72.4583740234375,1.096963763237,20.2546520233154,78.5700302124023,,,,,,644.358764648438,228.572143554688,126.598663330078,0.832925021648407,360.758728027344,83.0639801025391,97.9894027709961,402.142913818359,94.0309448242188,106.317184448242,15972,2561,5042.478515625,808.526611328125,0,382,120.600219726562,0,258,167,,,0.527231335639954,0.814525067806244,0.731099367141724,0.861723303794861,29,0,9.15551471710205,0,1.74523043632507,27.6425210848628,501.697167674578,243.727167959836,,,,624.525375296237,303.397768310181,,,47280,431.150266335195
2017,CE,23009,9ª Região Russas,100,100,100,100,100,100,100,100,100,100,100,100,74.0527191162109,1.27677094936371,19.934103012085,78.7067565917969,,,,,,700.801330566406,170.073135375977,130.055923461914,2.42683792114258,364.427215576172,56.5335540771484,80.7475204467773,406.981414794922,65.2336120605469,87.6174774169922,13096,3720,6550.81689453125,1860.80017089844,0,374,187.080444335938,0,148,98,,,0.490210801362991,0.740318357944489,0.911016762256622,0.803595542907715,85,0,42.5182838439941,0,2.64763855934143,22.1270043481259,513.030245369486,201.467396259409,,,,638.633078222847,250.791731278971,,,28801,375.433184784073
2017,DF,53001,Distrito Federal,58.3340274941422,17.9807242739526,33.6052204475591,93.6063958435974,85.8064227168899,84.2612084023828,89.3066690554038,84.4090115107269,78.5036055000672,84.6934205222376,100,81.358892820352,66.6554489135742,2.57359552383423,23.3508338928223,73.3441009521484,,,,,,426.58984375,96.4377975463867,89.4154663085938,2.10963726043701,278.999084472656,52.5138092041016,71.513557434082,312.704681396484,60.2118492126465,77.68896484375,154491,25046,5266.44482421875,853.793273925781,272,4362,148.696243286133,9.27221012115479,4648,9160,,,3.12255311012268,1.58445703983307,3.67049980163574,1.50025725364685,2883,758,98.2786102294922,25.8394680023193,29.4405269622803,,,,,,,,,,,79206,64.3866669144378
2017,ES,32002,Metropolitana,55.574719099088,36.8078025414241,39.7489283915547,89.4345671815797,80.8598076362577,79.5832118915768,86.7997668318275,79.1926552025649,80.0845234625474,78.1142524045468,78.8487321480618,66.1789565724279,68.3728713989258,1.71243536472321,30.8705406188965,67.1928482055664,,,,,,593.853210449219,142.868240356445,127.704467773438,0.692201197147369,340.552947998047,64.5605087280273,88.4997100830078,381.424041748047,73.4843368530273,96.3321380615234,121469,19025,5547.9736328125,868.947631835938,314,3068,140.127792358398,14.3416318893433,2689,5648,,,2.57966685295105,1.22817349433899,2.40523791313171,1.26663100719452,1825,370,83.3550262451172,16.8993759155273,35.2387619018555,19.6826200083129,434.328517838762,287.137643605166,,,,540.663169103349,357.436230834995,,,80311,96.1934735186489
2017,ES,32003,Norte,90.5411348590443,93.900568942047,81.4799474106738,,,,,,,,,,74.7517471313477,0.813934564590454,25.2808074951172,73.8889770507812,,,,,,638.881591796875,178.953125,146.997207641602,0.741015195846558,373.05224609375,77.0188522338867,105.522850036621,417.208435058594,87.3304443359375,114.999435424805,31123,7759,7367.14013671875,1836.63659667969,10,594,140.606033325195,2.36710476875305,330,490,,,1.1598813533783,0.781144618988037,1.1963939666748,0.824344277381897,213,58,50.4193344116211,13.7292079925537,13.1220455169678,22.6696771417433,480.02344834343,303.716963724216,,,,597.545379052507,378.074589563426,,,29357,160.786536224042
2017,ES,32001,Central,84.0678448163209,95.899639483131,77.4583945084595,,,,,,,,,,77.3155136108398,0.290528774261475,24.474142074585,75.0029067993164,,,,,,580.65087890625,143.106155395508,121.842002868652,0.828655421733856,336.974700927734,65.3637008666992,85.0079803466797,375.083587646484,73.6106796264648,92.4098129272461,36389,6119,5648.03662109375,949.746765136719,83,862,133.793380737305,12.8826580047607,571,1101,,,1.70889234542847,0.886264741420746,1.62787127494812,0.923981428146362,364,55,56.4974365234375,8.53670120239258,23.5367698669434,25.0277310068795,681.700369145369,385.487844179493,,,,848.597931803051,479.865058186842,,,26674,85.9189239662813
2017,ES,32004,Sul,91.5482912072765,92.2250696833873,84.1950347213613,94.2372512775905,95.5963901272154,90.4860280526259,98.0537131673372,92.8128737631836,93.0955746439056,92.6280308796347,89.5835598564749,82.9618353811025,69.354118347168,0.601336300373077,36.9933166503906,62.3385314941406,,,,,,696.377807617188,190.233673095703,165.42707824707,0.815450668334961,346.093322753906,74.1715621948242,104.883239746094,387.43017578125,84.6170883178711,114.684448242188,50707,10727,7577.51708984375,1603.01379394531,77,1158,173.048385620117,11.5066719055176,730,1079,,,1.61242842674255,1.0908921957016,1.53543090820312,1.11962151527405,375,69,56.0389862060547,10.3111734390259,16.3766841888428,20.5092826906183,697.771869228206,355.136946566987,,,,868.604143253935,442.083490055043,,,31448,102.722999023662
2017,GO,52001,Central,67.5694064326845,48.9784993322094,55.6886453703501,80.5266316049557,80.3925029120045,80.0360029649501,83.9610320849952,77.3993152377255,76.1074441424588,75.6026966926688,73.1107267657336,74.30376619251,68.1037368774414,7.52253103256226,23.6527500152588,68.5929718017578,,,,,,607.770141601562,138.215148925781,119.499626159668,1.13264310359955,363.872436523438,61.5546112060547,90.9565124511719,407.770599365234,70.6136169433594,98.2714233398438,100316,14911,5395.015625,801.916748046875,498,4208,226.30712890625,26.7825450897217,2270,5786,,,3.11172294616699,1.22081077098846,3.21909523010254,1.23162066936493,3559,454,191.403778076172,24.4162158966064,28.7754249572754,20.4158753026513,813.889569187847,334.42762022627,,,,1013.15040505956,416.303994697282,,,45965,49.012656478812
2017,GO,52011,Pirineus,63.3875426443917,60.0984316451347,53.3931752994096,99.8710841820291,91.3239654505608,91.1692664689957,93.3479437927034,88.681191182158,87.9592626015212,85.548536805466,92.999871084182,85.239138842336,69.601806640625,1.33149099349976,38.8142204284668,59.7663612365723,,,,,,675.190612792969,176.025527954102,123.70955657959,1.0195164680481,408.720733642578,86.2626037597656,95.3879699707031,456.763336181641,97.6486968994141,102.647087097168,30401,4075,5979.1640625,801.456970214844,81,652,128.233123779297,15.9308013916016,446,921,,,1.8113911151886,0.877177476882935,1.53678154945374,0.838825523853302,454,29,89.2911605834961,5.70362043380737,14.2505931854248,22.7498652749319,708.247671503958,342.546870704501,,,,881.644687967627,426.411043887025,,,21026,86.4451593582361
2017,GO,52015,Sudoeste I,64.8730374281664,57.4000418191803,58.4967613112841,89.2211932594504,86.7921663883407,87.9459541521178,91.3617731896159,84.1505996660088,86.837710642174,79.8542583877334,86.0482769090633,81.6760285410657,72.4260559082031,1.74559557437897,31.5823497772217,66.5427474975586,,,,,,558.323425292969,143.365341186523,118.209625244141,1.11642742156982,368.622253417969,77.1822128295898,96.4314880371094,412.971588134766,88.6151809692383,104.624229431152,23732,4720,5283.146484375,1050.75219726562,38,680,151.37956237793,8.45944595336914,327,436,,,0.970610082149506,0.727957606315613,1.44255816936493,0.873660385608673,359,32,79.9195022583008,7.12374401092529,21.4983463287354,22.5762390128584,749.955223443604,479.681186175119,,,,933.563307816585,597.11932241339,,,16438,82.3067044567261
2017,GO,52010,Oeste II,95.4352627703958,100,93.064369105634,97.573919636088,89.2342683851403,91.1296436694466,96.5125094768764,93.1008339651251,95.9818043972707,85.7467778620167,86.0500379075057,91.281273692191,78.8896484375,1.78204250335693,23.5777931213379,74.6401672363281,,,,,,708.760620117188,206.50309753418,147.877212524414,0.246913582086563,348.731842041016,70.8831558227539,96.7942047119141,389.049468994141,81.759635925293,104.696075439453,7272,2213,6363.09521484375,1936.40405273438,0,186,162.75244140625,0,99,83,,,0.726260900497437,0.866262972354889,1.0309841632843,0.903013527393341,96,9,84.0012588500977,7.87511825561523,7.77274179458618,20.1566622501888,773.141688092399,440.519401356044,,,,962.426407849021,548.36973812778,,,5774,106.752186607087
2017,GO,52003,Entorno Norte,83.3746364801901,86.891397479596,83.3746364801901,100,100,100,100,95.9257349149046,94.9716348633316,88.0092831356369,76.1474987106756,84.192882929345,67.40576171875,1.23183047771454,31.5841331481934,66.986946105957,,,,,,517.448608398438,118.263023376465,89.9411392211914,6.43491125106812,404.710723876953,83.921028137207,80.0234680175781,453.127807617188,95.7889785766602,87.4338073730469,15226,3611,5827.42041015625,1382.03161621094,0,229,87.6447677612305,0,172,252,,,0.964475154876709,0.658292591571808,0.82171756029129,0.682021737098694,80,0,30.6182594299316,0,5.44009923934937,21.4859060632252,482.416706044391,218.999321718062,,,,600.524567017232,272.615917326265,,,19086,185.956990782027
2017,GO,52017,Sul,79.1622838304578,90.406525690473,76.4419027352928,99.0359333917616,87.1457785568215,85.3637160385627,90.2424773590418,86.7367806018113,85.1007887817704,85.130002921414,91.9368974583699,77.2421852176453,71.6651840209961,1.41969835758209,30.878438949585,67.7018661499023,,,,,,707.569885253906,233.851043701172,122.741714477539,1.75736963748932,364.809509277344,93.1105346679688,81.4896087646484,406.676239013672,105.114654541016,88.5801010131836,16325,4128,6548.23046875,1655.80981445312,10,394,158.039978027344,4.01116704940796,168,328,,,1.31566286087036,0.673876047134399,1.59363675117493,0.732238531112671,246,0,98.6747131347656,0,20.2419528961182,24.4086976604642,659.068714881435,417.409779303286,,,,820.425473827514,519.602293710365,,,9815,81.4635371528797
2017,GO,52004,Entorno Sul,60.8176076038005,55.6606109722879,50.6837093408878,87.6638680218,76.911179849757,84.1655619384298,85.690086905288,78.2810428634556,78.1632051848579,76.2115186330829,22.1903078509353,76.0789512446605,54.7500190734863,2.74938583374023,41.2249412536621,54.7104034423828,,,,,,401.362609863281,101.142463684082,76.9736557006836,4.79452037811279,371.145935058594,90.1686706542969,82.8816528320312,416.204345703125,102.499633789062,90.6377639770508,38913,4601,4457.25537109375,527.017517089844,0,201,23.0233688354492,0,426,594,,,0.68039208650589,0.487957984209061,0.56770932674408,0.455169707536697,218,5,24.9706192016602,0.572720646858215,7.75062847137451,19.3898225858925,316.083662482888,148.369423676883,,,,393.468970239789,184.694026545502,,,61896,170.494832408255
2017,GO,52014,Serra da Mesa,95.283691555465,93.569240172072,95.283691555465,92.4493554327808,82.1976672805402,86.8017188459177,90.7918968692449,83.4254143646409,80.049109883364,82.9957028852056,74.647022713321,78.146101903008,79.098876953125,1.00125157833099,23.9674587249756,74.9687118530273,,,,,,615.70556640625,172.554428100586,126.278472900391,4.71337556838989,341.558166503906,67.4474487304688,87.1171722412109,380.7646484375,77.4865264892578,94.6967620849609,6158,1355,4829.95556640625,1062.77844238281,0,176,138.043548583984,0,95,90,,,0.705904483795166,0.745121419429779,0.807868480682373,0.731395483016968,125,0,98.0422897338867,0,7.57827711105347,22.1218141782255,637.212574440914,364.939391546751,,,,793.218395154115,454.285822506278,,,7827,137.163422084402
2017,GO,52007,Nordeste II,96.7781119285287,100,92.8695277372334,87.7397260273973,84.5890410958904,85,91.9178082191781,83.6986301369863,77.3972602739726,81.5753424657534,77.4657534246575,71.8493150684932,66.4657135009766,2.11002254486084,34.2125091552734,63.6774673461914,,,,,,548.730163574219,127.227699279785,122.371681213379,5.6637167930603,385.702392578125,78.4442596435547,98.8739318847656,429.242584228516,88.7395553588867,109.050788879395,5126,1474,4978.390625,1431.55444335938,0,167,162.191040039062,0,65,55,,,0.534162104129791,0.631282448768616,0.725003659725189,0.736658096313477,2,0,1.94240760803223,0,3.01947259902954,23.5721868611624,572.080952436431,361.717501140788,,,,712.140898016665,450.275131506617,,,11854,310.65770210283
2017,GO,52012,Rio Vermelho,92.9242791216897,96.2926970267819,92.9242791216897,99.8400639744102,92.1631347461016,96.0815673730508,100,91.5633746501399,91.6833266693323,84.3662534986006,89.0843662534986,85.8056777289084,78.1238250732422,3.45215749740601,19.4371490478516,76.9981231689453,,,,,,694.06640625,195.064422607422,126.010604858398,5.15613651275635,395.035217285156,87.6681594848633,85.7704315185547,440.073883056641,100.581817626953,92.5848770141602,15393,4617,7758.72509765625,2327.16381835938,10,485,244.460571289062,5.04042434692383,151,138,,,0.695578515529633,0.761104047298431,1.02207207679749,0.781769812107086,150,0,75.6063613891602,0,4.56360006332397,21.299383229413,748.008891207257,395.228393569509,,,,931.140464020216,491.990341436073,,,14877,167.049631226656
2017,GO,52009,Oeste I,93.0447362563988,100,93.0447362563988,100,86.8100358422939,86.2365591397849,91.5412186379928,85.5913978494624,85.7347670250896,80.9318996415771,89.3189964157706,81.1469534050179,79.8682250976562,1.17130303382874,18.5944366455078,80.1610565185547,,,,,,775.058166503906,219.570663452148,193.3271484375,4.40180587768555,366.899658203125,76.6550750732422,110.350379943848,409.131469726562,86.7473754882812,120.581336975098,6476,1860,5665.09765625,1627.09729003906,0,291,254.561996459961,0,99,102,,,0.892279148101807,0.866035640239716,1.16302466392517,0.914586126804352,97,0,84.8539962768555,0,4.18059015274048,23.7924601607769,792.142037507811,448.131390237013,,,,986.078525329414,557.845335198963,,,8497,168.73830712404
2017,GO,52005,Estrada de Ferro,68.9306197025834,61.2671505185336,59.8558595137796,97.2313944627889,90.9321818643637,90.6273812547625,93.1419862839726,89.001778003556,89.001778003556,84.1503683007366,90.6781813563627,87.1729743459487,81.2125778198242,1.42215573787689,19.2614765167236,79.2664642333984,,,,,,625.848205566406,154.156295776367,128.134185791016,3.31578946113586,358.607482910156,72.2408599853516,94.2397613525391,401.177856445312,82.3784713745117,101.929763793945,14220,2907,4683.9794921875,957.547729492188,15,601,197.965667724609,4.9409065246582,241,405,,,1.3340448141098,0.793839037418365,1.54790377616882,0.804214954376221,225,33,74.1136016845703,10.8699951171875,18.2998008728027,20.3957233370234,730.300479392907,436.103851514232,,,,909.096583275346,542.873149548501,,,9934,70.5664793869576
2017,GO,52002,Centro Sul,67.1365410332687,59.1696005385588,65.0384814824923,81.2634388670572,77.9787943946022,76.2586194112849,79.7137984726032,72.262178394009,73.5004078001038,70.5864906947431,62.6529250389264,69.1406539630756,68.3020248413086,4.0721263885498,29.3087902069092,66.363639831543,,,,,,546.58642578125,134.06005859375,116.889808654785,0.986709654331207,400.835815429688,82.9636459350586,102.126258850098,449.133666992188,94.7660827636719,110.747772216797,48837,8784,5375.2802734375,966.8173828125,69,914,100.600074768066,7.59453535079956,712,1115,,,1.22723293304443,0.783667981624603,1.1583868265152,0.792996048927307,232,30,25.535249710083,3.30197191238403,13.8055448532104,21.0885832304234,626.158304772473,295.384912370978,,,,779.457759539391,367.702640440239,,,30096,69.2299093599769
2017,GO,52016,Sudoeste II,94.0644449767902,59.7013238836935,87.176091446961,94.9868842902944,83.2118915767998,84.6109006120665,91.6350918099679,83.5033517924803,81.9877586709414,76.6540367239872,92.1597201981929,75.3716117749927,82.1154403686523,0.938299715518951,16.7756614685059,82.2576065063477,,,,,,577.673889160156,159.358322143555,120.846725463867,1.83908045291901,348.273468017578,76.0773162841797,92.770133972168,386.834899902344,85.9270782470703,99.6256942749023,12217,2549,5408.00146484375,1128.34545898438,6,374,165.555587768555,2.65597200393677,207,278,,,1.23060035705566,0.91631031036377,1.38276541233063,0.976954996585846,191,20,84.5484390258789,8.85324001312256,18.3350601196289,23.0633990666199,899.67674105111,554.867812508367,,,,1119.94045522436,690.713544293643,,,8136,80.2693949234538
2017,GO,52018,São Patrício II,94.2010242316819,85.4887040062817,75.6395674439819,96.2612806188225,92.049849591749,94.1125913192952,96.4331757627847,93.2531155994843,89.9871078642028,89.0416845724108,75.9776536312849,88.4830253545337,65.6892776489258,2.53829312324524,38.6433258056641,58.6870880126953,,,,,,544.331359863281,159.233871459961,95.4273910522461,6.95020723342896,347.700622558594,82.1922149658203,74.7164459228516,386.910491943359,91.5450057983398,81.2299652099609,10001,3122,5647.15576171875,1762.86572265625,0,336,189.725463867188,0,148,162,,,0.914747774600983,0.835695505142212,1.14371705055237,0.86364609003067,104,16,58.7245483398438,9.0345458984375,6.05314588546753,23.5183504890861,592.318273974008,335.507040845977,,,,737.332829808561,417.647684897388,,,9146,122.511300100289
2017,GO,52008,Norte,82.5498666894792,92.253731981693,82.5498666894792,96.842678279804,90.4735982580294,90.6913445835602,94.229722373435,85.0843767011432,81.9270549809472,83.0702231899837,86.1186717474143,75.6124115405553,71.1484603881836,1.68067228794098,30.4201679229736,67.7871170043945,,,,,,654.042724609375,182.286163330078,148.016357421875,3.23299884796143,350.075134277344,75.0948944091797,101.349395751953,393.588989257812,84.8700180053711,109.936500549316,8162,2062,5951.2783203125,1503.49621582031,0,286,208.535369873047,0,111,99,,,0.721853196620941,0.809350550174713,1.05871796607971,0.957366943359375,143,0,104.267684936523,0,4.55642509460449,22.0051591321407,758.014940892108,393.008151684111,,,,943.596248779037,489.226527952427,,,10919,193.635959080423
2017,GO,52006,Nordeste I,94.7720483179634,100,94.7720483179634,98.1792717086835,93.2773109243697,96.6386554621849,99.859943977591,92.5770308123249,86.9747899159664,94.2577030812325,87.5350140056022,86.9747899159664,61.4243316650391,1.33531153202057,45.4005928039551,52.967357635498,,,,,,626.877380371094,213.312438964844,87.0662994384766,9.72222232818604,391.879852294922,102.640640258789,75.6013412475586,432.694946289062,116.638664245605,79.5825042724609,1619,380,3524.00854492188,827.1298828125,0,90,195.899169921875,0,35,32,,,0.696530401706696,0.761830151081085,0.902768731117249,0.792303323745728,14,0,30.4732055664062,0,4.15741586685181,20.7612906891061,717.168176454121,321.922948941577,,,,892.749159072487,400.737862316613,,,5312,290.976405355543
2017,GO,52013,São Patrício I,98.6482384243138,100,97.8542049844348,96.952648851383,85.5133614627286,91.9831223628692,92.6394749179559,87.2480075011721,84.8101265822785,83.3098921706517,94.8898265353962,81.3408345053915,75.6464538574219,0.7522332072258,25.8580150604248,73.0136337280273,,,,,,733.86962890625,241.404495239258,153.895370483398,1.1513158082962,355.536560058594,93.9340896606445,97.1640396118164,400.308044433594,107.099212646484,105.556938171387,11176,3031,6744.84130859375,1829.24255371094,4,529,319.257446289062,2.41404485702515,228,212,,,1.27944386005402,1.37600564956665,1.51843428611755,1.43545150756836,219,16,132.168960571289,9.65617942810059,7.43043041229248,21.0624304947145,841.541411512517,377.929893116717,,,,1047.57212062453,470.456728764077,,,11728,164.239421576861
2017,MA,21001,Açailândia,85.2595072949055,99.9993166364848,85.2595072949055,83.309730932632,83.3299615618046,84.8877200080922,89.8846854137164,80.0930608941938,82.2779688448311,80.6392878818531,74.7521747926361,78.0093060894194,47.1401634216309,2.03226470947266,56.2748794555664,41.6300010681152,,,,,,476.210021972656,132.641403198242,118.283317565918,7.53768825531006,406.034057617188,105.671905517578,118.364303588867,452.863464355469,121.129051208496,127.984298706055,18898,4891,6460.45703125,1672.03381347656,0,399,136.40185546875,0,159,135,,,0.461510062217712,0.543556272983551,0.484243720769882,0.65859192609787,122,0,41.7068367004395,0,4.46092224121094,26.2110106848753,528.259990626787,220.882608697123,,,,657.59145188991,274.960280785283,,,33440,300.807355774869
2017,MA,21005,Caxias,99.9181503305595,100,99.9181503305595,99.8639455782313,59.6307094266278,72.7113702623907,79.0281827016521,67.9689018464529,75.4130223517979,68.2410106899903,89.1739552964043,61.6715257531584,40.8280372619629,16.9911861419678,40.7460556030273,42.2422637939453,,,,,,534.161254882812,175.854202270508,118.115951538086,6.05311918258667,374.791107177734,108.994071960449,104.264724731445,416.320556640625,122.620040893555,112.149223327637,17724,4070,5847.7294921875,1342.82666015625,21,561,185.092315673828,6.92858934402466,324,262,,,0.864423990249634,1.06898236274719,0.788456976413727,1.06345593929291,53,16,17.4864406585693,5.27892541885376,4.14461612701416,18.203519117539,531.272756656572,148.364523622764,,,,661.341819555233,184.687926833694,,,43675,400.444565167128
2017,MA,21006,Chapadinha,99.6510278425515,100,98.9933805435262,100,67.0205815093107,76.1025808559294,84.5802025481869,72.1332897745835,73.1786997713166,71.9699444625939,100,62.8062724599804,39.5422668457031,4.56064128875732,57.7514190673828,37.587703704834,,,,,,439.411193847656,142.265075683594,107.101440429688,7.51374483108521,302.806060791016,78.2770385742188,89.4981842041016,336.983612060547,88.7327423095703,96.9021759033203,19366,6781,5198.31201171875,1820.18762207031,0,463,124.280624389648,0,225,162,,,0.434847950935364,0.603955507278442,0.576643288135529,0.631603240966797,36,0,9.66328811645508,0,0.95908135175705,21.1492284264427,379.278395199442,144.869180561361,,,,472.135378402873,180.336835024008,,,67762,699.243736704798
2017,MA,21016,São Luís,52.2397155774729,52.7219534968889,43.8990962581832,100,71.3246776424397,79.6992816668897,84.0449738990764,74.93418997903,84.3617543389997,77.057957435417,100,79.1906482844778,58.1128158569336,1.31839156150818,48.1636695861816,50.0282516479492,,,,,,532.0166015625,127.056022644043,120.636940002441,1.92786884307861,385.225067138672,77.9785842895508,108.804809570312,430.015167236328,89.0925979614258,117.404197692871,73150,6370,5103.87060546875,444.451873779297,256,3057,213.295043945312,17.8618030548096,2111,2265,,,1.58035087585449,1.47290098667145,1.71740186214447,1.46117913722992,1070,214,74.6567535400391,14.9313507080078,22.6090660095215,26.9450124834812,647.006238704251,371.740115316766,,,,805.409797146547,462.75153616466,,,128336,214.147295650679
2017,MA,21002,Bacabal,98.4076005961252,100,98.4076005961252,100,52.7961652590733,55.8776535037663,64.2775622004109,52.5679068705775,59.1645742981055,44.6701666286236,87.8794795708742,47.295138096325,48.2837524414062,5.26315784454346,56.3691825866699,38.3422317504883,,,,,,492.74853515625,152.446411132812,122.255310058594,9.00151252746582,350.477325439453,92.0269927978516,101.502075195312,391.163879394531,103.681129455566,110.840873718262,18982,6478,7075.1533203125,2414.54248046875,0,405,150.955490112305,0,210,154,,,0.574003577232361,0.78273218870163,0.779191255569458,0.881319165229797,54,10,20.1273994445801,3.7272961139679,1.79804766178131,20.4754475018657,502.38334004654,167.693050473507,,,,625.379540090717,208.7485679199,,,44073,509.167401962824
2017,MA,21007,Codó,88.8768065798058,100,86.5734791118844,100,65.7029273581496,69.3350198771232,74.3043006866643,64.7813516443802,63.4260932417781,63.9681966028189,92.898445970365,50.7047343693531,43.7087364196777,2.31067967414856,60.4077682495117,37.262134552002,,,,,,546.508544921875,184.231002807617,136.383010864258,4.05002975463867,377.445159912109,107.172561645508,116.845436096191,421.400390625,121.250434875488,126.755851745605,17628,3313,5737.8515625,1078.36975097656,20,423,137.684997558594,6.50992918014526,292,228,,,0.742131948471069,0.950449645519257,0.849952638149261,1.03849649429321,22,10,7.16092205047607,3.25496459007263,1.02954530715942,18.40649203914,403.130329142752,112.504685345436,,,,501.826871513213,140.048689458654,,,48033,464.91447535271
2017,MA,21014,Santa Inês,99.5216758558455,100,99.2715597957342,100,84.4932482564179,88.5442944056982,99.2728891526933,84.8048671909779,77.7711826680516,78.3202255527526,100,72.1323638522036,40.6962432861328,2.63401103019714,65.6962432861328,31.60813331604,,,,,,525.073913574219,175.10986328125,120.659637451172,6.08568668365479,399.421142578125,110.814903259277,107.347496032715,445.383697509766,125.042572021484,117.08113861084,25804,8430,6596.4013671875,2155.00170898438,0,789,201.695877075195,0,303,172,,,0.43969190120697,0.774573564529419,0.581441402435303,0.854842841625214,66,10,16.871898651123,2.55634832382202,1.00438928604126,19.5188341292009,432.431717021309,152.749993056306,,,,538.301983275108,190.147070556844,,,56043,459.406999608326
2017,MA,21003,Balsas,99.2751246686733,100,97.5906374949459,98.7390882638215,83.5838991270611,86.2027158098933,91.1008729388943,85.0872938894277,78.564500484966,85.4752667313288,90.7613967022308,79.8739088263821,71.9082107543945,1.03864729404449,49.3961334228516,49.5410614013672,,,,,,537.571838378906,159.346862792969,121.748161315918,8.74271392822266,399.917022705078,99.0743789672852,108.447616577148,441.978118896484,110.818031311035,115.930938720703,15191,4949,6799.54541015625,2215.18994140625,0,414,185.307861328125,0,196,138,,,0.617692887783051,0.877302944660187,0.695128262042999,0.955521643161774,62,0,27.7514190673828,0,3.45326113700867,23.0763804167725,583.721732726,328.057262366904,,,,726.631636947445,408.37401145394,,,27916,383.862893373771
2017,MA,21019,Zé Doca,100,100,100,84.5666394112837,64.125102207686,74.2027800490597,78.5159443990188,70.6050695012265,73.9165985282093,70.0327064595258,72.4039247751431,64.4930498773508,32.2963905334473,3.80211710929871,56.0596237182617,40.0302429199219,,,,,,369.154083251953,110.476768493652,102.393104553223,5.29197072982788,306.176055908203,85.5845489501953,96.4613418579102,339.100036621094,96.1599578857422,104.094505310059,14795,3810,4983.2431640625,1283.28198242188,0,535,180.198379516602,0,155,104,,,0.350292176008224,0.522070109844208,0.560635924339294,0.641725182533264,4,0,1.34727764129639,0,0.475589007139206,20.1237335199316,446.037467072648,175.978524399067,,,,555.238766467216,219.062536278246,,,46367,530.485829770796
2017,MA,21008,Imperatriz,89.4852232362219,85.3858387627953,80.0610275280288,100,90.2890879478827,98.4425895765472,100,97.1091205211726,93.0578175895765,97.1192996742671,100,85.453990228013,60.515022277832,2.43204569816589,45.9329643249512,51.4919281005859,,,,,,611.805358886719,167.666229248047,158.011032104492,6.31259489059448,417.004821777344,95.4902877807617,136.530731201172,463.987945556641,108.407859802246,147.850662231445,36415,8063,6761.423828125,1497.11267089844,115,1227,227.825531005859,21.3528423309326,631,565,,,1.04907441139221,1.17162120342255,1.23762929439545,1.17728424072266,332,55,61.6447257995605,10.2122287750244,8.48951816558838,25.1083349254063,658.278611190989,280.804741512274,,,,819.441932688373,349.552873480976,,,53072,288.051135801016
2017,MA,21009,Itapecuru Mirim,94.6847807485223,99.4407803799218,94.6847807485223,100,77.6465028355388,75.8191556395715,82.0258349086326,72.3377441713926,73.9130434782609,73.4404536862004,100,62.9647132955262,51.5215606689453,1.75752639770508,42.9617576599121,55.1830749511719,,,,,,425.013427734375,140.349578857422,113.654083251953,4.47761201858521,325.348083496094,88.3866424560547,99.8112945556641,361.982452392578,99.9254760742188,108.773109436035,19822,5881,5239.18896484375,1554.41784667969,0,485,128.19123840332,0,233,168,,,0.444043874740601,0.615846574306488,0.552279591560364,0.662497580051422,21,0,5.55054807662964,0,0.858749091625214,24.4791572819331,422.423354632671,196.431217321028,,,,525.84331960388,244.522567838942,,,61173,570.539032009368
2017,MA,21011,Pinheiro,93.506264021061,100,93.506264021061,99.8688954441167,51.7862995739102,62.4549328089151,68.6004588659456,55.9816453621763,58.9642740085218,56.4405113077679,83.677482792527,44.9196984595215,31.6790199279785,3.49661612510681,72.0592956542969,23.4611663818359,,,,,,429.952972412109,130.28108215332,101.07576751709,7.56054353713989,299.42919921875,72.1666259765625,85.8662490844727,332.754425048828,81.4835891723633,92.4155654907227,27675,9707,7028.3212890625,2465.18212890625,0,665,168.882888793945,0,258,174,,,0.441889047622681,0.655214786529541,0.601883351802826,0.720355331897736,32,10,8.12669563293457,2.53959226608276,0.664865255355835,20.9093886457381,452.291790255856,160.309962273667,,,,563.02430679889,199.557912229691,,,74579,601.317829004146
2017,MA,21004,Barra do Corda,91.0350838962737,100,91.0350838962737,88.8840830449827,47.2318339100346,56.098615916955,57.9152249134948,51.9247404844291,56.401384083045,49.6539792387543,80.9039792387543,47.5562283737024,39.4009208679199,4.50356101989746,59.2794303894043,36.1332206726074,,,,,,506.109344482422,142.804443359375,118.06324005127,9.00514602661133,379.594299316406,89.9761505126953,105.549827575684,420.064239501953,100.921195983887,113.08137512207,16848,4256,7312.97607421875,1847.34252929688,0,440,190.984649658203,0,164,109,,,0.473121076822281,0.711851894855499,0.567528247833252,0.752219140529633,34,0,14.7579050064087,0,0.722703278064728,20.8883604005888,377.630403169989,138.416129438331,,,,470.083916072619,172.303913105998,,,32744,398.118789927801
2017,MA,21013,Rosário,100,100,100,91.5861513687601,79.0056360708535,80.3743961352657,87.0772946859903,78.6634460547504,70.2697262479871,77.2745571658615,78.4621578099839,69.182769726248,31.2512969970703,1.8053537607193,63.8514213562012,34.0734596252441,,,,,,405.002136230469,126.880363464355,95.7523803710938,4.84544706344604,315.096923828125,84.1061553955078,87.4046096801758,350.920806884766,94.6250305175781,94.5749893188477,17899,6180,6056.08447265625,2090.98852539062,0,346,117.068283081055,0,191,139,,,0.470303237438202,0.646243989467621,0.661977171897888,0.718904137611389,22,0,7.44364833831787,0,1.28504431247711,24.8297202739248,379.058167573333,199.763817253708,,,,471.861233461046,248.67107286901,,,50956,584.010992249355
2017,MA,21018,Viana,96.8085661468738,100,96.8085661468738,92.8239665582908,70.157919182536,76.2656758012076,84.6261031119368,74.6864839758477,85.0209010682768,75.2206223873665,79.9349744542499,68.6019507663725,29.7644538879395,4.44920301437378,64.6680908203125,28.0275993347168,,,,,,465.460754394531,144.415023803711,115.161727905273,9.62609386444092,316.993408203125,79.0301666259766,95.8674163818359,350.097503662109,89.0963821411133,102.810836791992,17794,6712,6589.0283203125,2485.41967773438,0,427,158.115936279297,0,149,82,,,0.303641855716705,0.551739454269409,0.539519727230072,0.603858470916748,0,0,0,0,0.488419026136398,20.7402754339371,394.756180239707,146.640650713344,,,,491.402518290926,182.542006057006,,,55383,659.577660596772
2017,MA,21015,São João dos Patos,97.4399397535523,100,97.4399397535523,92.3693803159174,79.6354799513973,84.0340218712029,88.7484811664642,77.5698663426489,88.6026731470231,71.4459295261239,80.7776427703524,74.3863912515188,59.2650909423828,2.57217836380005,42.9396324157715,54.3569564819336,,,,,,525.343872070312,161.738754272461,114.650253295898,7.4045205116272,333.75927734375,75.9633407592773,90.5201721191406,371.022521972656,86.0687637329102,97.7763595581055,21716,9354,8891.9462890625,3830.13745117188,0,637,260.829345703125,0,188,116,,,0.474979639053345,0.769794583320618,0.694350600242615,0.830600142478943,6,5,2.45679116249084,2.04732608795166,1.06829464435577,22.2336089179917,539.315370876235,206.44717678372,,,,671.353469984074,256.990688540885,,,43341,582.495421220316
2017,MA,21010,Pedreiras,100,100,100,96.9342251950948,88.7123745819398,92.056856187291,93.5340022296544,85.8416945373467,83.7792642140468,84.8383500557414,92.0289855072464,70.7636566332219,65.3480072021484,0.832837581634521,34.5627593994141,64.5746612548828,,,,,,561.880004882812,184.395477294922,150.078704833984,3.90879487991333,355.436096191406,89.3842010498047,105.730880737305,395.264251708984,100.8916015625,115.491752624512,20214,7868,9249.0576171875,3600.05859375,0,472,215.966903686523,0,196,103,,,0.471283733844757,0.896811723709106,0.759087085723877,1.05855810642242,72,0,32.9441032409668,0,1.33515131473541,19.3751554958555,532.330096372304,179.360090738947,,,,662.65802288531,223.271995935536,,,35872,485.32497974499
2017,MA,21012,Presidente Dutra,96.5782585385853,99.9404305121925,96.5782585385853,81.3392107472712,72.0822837951301,70.6339210747271,79.4500419815281,69.080604534005,66.7926112510495,68.0100755667506,72.9848866498741,56.0873215785055,57.4125709533691,1.71636986732483,40.8496017456055,57.3911170959473,,,,,,505.590209960938,166.339859008789,115.85001373291,3.83036947250366,341.339172363281,88.3091812133789,90.3320083618164,380.749664306641,101.054618835449,97.6272735595703,24899,8547,8610.595703125,2955.7314453125,10,571,197.463745117188,3.45820927619934,239,141,,,0.487607508897781,0.826512038707733,0.735215306282043,0.958096861839294,10,2,3.45820927619934,0.691641867160797,0.876310229301453,20.1183742802651,543.31503333147,219.751788649132,,,,676.332351382772,273.552607271522,,,44954,454.050251437061
2017,MA,21017,Timon,100,100,100,91.7285531370038,70.6530089628681,79.5134443021767,82.4583866837388,74.0588988476312,82.8681177976953,74.8527528809219,85.2240717029449,71.0371318822023,42.7534408569336,4.35544443130493,55.9449310302734,39.5494384765625,,,,,,568.064575195312,174.384490966797,141.611541748047,1.92307686805725,392.819091796875,103.8603515625,124.107894897461,436.271270751953,117.617401123047,133.941619873047,13488,2273,5457.30419921875,919.665771484375,0,259,104.792541503906,0,200,238,,,0.962958455085754,0.809208810329437,0.701078295707703,0.743662893772125,23,0,9.30590152740479,0,7.73765468597412,21.3241574597099,429.805960443754,157.657647082606,,,,535.033374804315,196.256242922328,,,34731,382.373251770206
2017,MG,31074,Patrocínio / Monte Carmelo,82.3474154304194,93.0552846363123,79.6375956059751,100,94.4512443900449,95.2264381884945,95.9608323133415,94.6144430844553,94.9000407996736,94.7368421052632,100,91.2280701754386,81.4829788208008,0.972447335720062,18.8006477355957,80.145866394043,,,,,,674.606872558594,162.836135864258,127.167274475098,8.81226062774658,365.342437744141,71.4386520385742,88.7862091064453,404.465637207031,81.1969604492188,95.394905090332,12571,2433,6498.45458984375,1257.71533203125,23,249,128.71809387207,11.8896226882935,177,225,,,1.16311526298523,0.914984047412872,1.49447393417358,1.00971329212189,120,12,62.0328140258789,6.20328140258789,12.4019107818604,23.8678691487076,792.140969347093,451.986646520895,,,,986.077195655826,562.644456128257,,,7759,86.0196832358946
2017,MG,31024,Sete Lagoas,88.745881290905,79.0972692394493,78.5556307831189,90.7321594068582,88.0630213160334,88.1000926784059,90.4911955514365,86.3206672845227,89.1380908248378,86.9323447636701,85.2826691380908,88.1742354031511,64.239616394043,0.363049626350403,22.5695838928223,74.1831359863281,,,,,,630.814270019531,150.075485229492,102.611854553223,10.2113933563232,331.786865234375,62.6869735717773,74.1842193603516,370.516174316406,71.3390502929688,79.5238952636719,25437,4502,5749.2021484375,1017.52990722656,32,391,88.3727645874023,7.23255395889282,394,463,,,1.04646015167236,0.89050817489624,1.47176814079285,0.978315889835358,137,10,30.9643707275391,2.26017308235168,20.753360748291,26.3922516285948,743.481433025857,436.741342240056,,,,925.504569097822,543.66671419356,,,18284,95.4488084110024
2017,MG,31059,Manhuaçu,94.5814295086536,100,93.5102559785417,77.7015793848712,89.9833748960931,90.8561928512053,92.9966749792186,89.2560266001663,91.0016625103907,89.0689941812136,75.1454696591854,82.4605153782211,82.9196472167969,0.757257044315338,19.7517871856689,79.4488830566406,,,,,,709.277893066406,223.767242431641,132.916564941406,4.36573314666748,362.409851074219,85.6761016845703,91.5686340332031,404.470703125,97.9599761962891,98.2777862548828,21555,4438,6296.73974609375,1296.44775390625,20,500,146.062164306641,5.84248638153076,291,326,,,0.952325284481049,0.85008180141449,1.14125669002533,0.849205434322357,121,1,35.3470420837402,0.292124330997467,7.42287921905518,25.6407546512375,658.75378246139,325.652620711168,,,,820.033437953097,405.380652453206,,,29675,190.741774969315
2017,MG,31060,Ponte Nova,96.7345133558772,96.6423720848805,92.0588045591501,100,100,100,100,100,97.6744186046512,100,59.8731501057082,95.8985200845666,78.4003448486328,0.513259172439575,23.267749786377,76.218994140625,,,,,,806.800842285156,212.291244506836,120.502342224121,8.10968494415283,351.715026855469,57.1368179321289,83.4788131713867,391.207122802734,65.3969039916992,89.2089157104492,12797,2868,6023.705078125,1350.00280761719,34,318,149.686508178711,16.0042171478271,177,280,,,1.3179943561554,0.833160758018494,1.35435688495636,1.091228723526,110,2,51.7783508300781,0.941424548625946,12.0629434585571,22.4309494854484,816.927124364991,381.575434940948,,,,1016.93163088506,474.994791808141,,,15549,182.908289793907
2017,MG,31037,Ipatinga,83.2949174698512,74.2335601973692,72.5252715312456,96.8013468013468,90.2169846614291,87.8226711560045,91.2457912457913,84.3808454919566,85.9521137298915,84.7923681257015,14.838587879932,88.4960718294052,76.8406448364258,0.49613019824028,24.0325469970703,75.3919448852539,,,,,,557.295837402344,170.884201049805,101.191230773926,1.95816648006439,294.882171630859,66.9815444946289,74.1097564697266,327.753021240234,76.1702117919922,79.4019012451172,19115,2841,4740.85888671875,704.618347167969,33,416,103.175369262695,8.18458461761475,354,623,,,1.54515039920807,0.87798273563385,1.54756855964661,0.78063577413559,255,17,63.2445182800293,4.21630144119263,30.1825160980225,25.0413981685071,866.814177185928,384.271613068231,,,,1079.03230115559,478.351062812444,,,24840,155.373457398277
2017,MG,31081,Santa Maria do Suaçuí,89.4078007854338,100,89.4078007854338,100,100,100,100,100,100,100,97.9550102249489,100,48.1765823364258,1.91938579082489,49.1362762451172,48.9443359375,,,,,,747.152648925781,189.066055297852,125.284736633301,18.5975608825684,404.832611083984,67.3762512207031,95.471061706543,446.106567382812,76.4470825195312,100.4169921875,3521,1876,8020.5009765625,4273.3486328125,0,53,120.728927612305,0,35,22,,,0.501138925552368,0.79726654291153,0.714123010635376,0.878132104873657,3,0,6.83371305465698,0,2.11617302894592,18.9176955843904,491.402047861028,251.808542678695,,,,611.709748700061,313.457668792774,,,5567,320.805767517879
2017,MG,31072,Uberaba,73.0022678516702,60.1306772908367,59.836469506589,88.7349953831948,82.3084025854109,86.5927977839335,88.9012003693444,81.0341643582641,88.1440443213296,77.2483841181902,67.1652816251154,85.6325023084026,64.9073028564453,2.5160801410675,24.3284149169922,69.6746139526367,,,,,,714.606018066406,182.794860839844,147.941970825195,3.99045014381409,356.341918945312,71.9343109130859,99.7428665161133,397.304962158203,82.0891036987305,107.76872253418,22459,3486,5473.85302734375,849.630493164062,65,651,158.665939331055,15.8422212600708,697,1289,,,3.14163422584534,1.69877362251282,3.41686248779297,1.73679482936859,391,46,95.2970504760742,11.2114181518555,35.0676078796387,22.5987409032862,730.856529029375,417.061655387111,,,,909.788767984119,519.168940218643,,,8243,46.0309365915907
2017,MG,31089,Campo Belo,100,100,100,100,97.4137931034483,95.4980842911877,99.3295019157088,94.7318007662835,94.3486590038314,95.4980842911877,9.3812375249501,97.7969348659004,83.2214736938477,0.671140968799591,18.8878231048584,80.441032409668,,,,,,787.743957519531,254.828598022461,138.53776550293,4.2362003326416,324.932983398438,70.689697265625,81.7349243164062,363.830108642578,80.0261459350586,88.6523513793945,6040,1194,6107.79638671875,1207.40222167969,10,94,95.0551147460938,10.1122455596924,103,130,,,1.31459200382233,1.04156136512756,1.29638993740082,1.11285269260406,33,1,33.3704109191895,1.01122462749481,12.4946908950806,26.593146613401,823.322746112956,366.782010292314,,,,1024.89306325852,456.579561115435,,,4445,96.1331989492437
2017,MG,31062,Águas Formosas,97.8597321768494,79.133630178935,97.8597321768494,100,99.2990654205608,100,100,89.3691588785047,87.1495327102804,88.2009345794392,100,83.0607476635514,67.2932357788086,1.00250625610352,24.9373435974121,74.0601501464844,,,,,,751.008056640625,272.177429199219,139.448928833008,9.17225933074951,355.576995849609,96.7013626098633,90.5221099853516,396.163238525391,109.322685241699,97.5707855224609,3731,1815,6268.48095703125,3049.39526367188,0,102,171.370971679688,0,36,32,,,0.537634432315826,0.604838728904724,0.661542356014252,0.904737889766693,7,0,11.7607526779175,0,2.97379040718079,20.8323639135164,684.983619120004,327.969038712556,,,,852.685004752066,408.264188408501,,,8937,451.264285244836
2017,MG,31068,Pedra azul,99.9504720631481,100,99.9504720631481,100,98.5488126649077,100,100,100,100,100,90.2374670184697,100,28.471248626709,0.841514706611633,19.074333190918,79.6633911132812,,,,,,566.017211914062,139.949310302734,79.3046112060547,20.8791217803955,315.481079101562,57.5731582641602,58.0012512207031,347.665252685547,64.7893600463867,63.6862831115723,4197,1225,6526.302734375,1904.86560058594,0,136,211.478958129883,0,49,38,,,0.590897083282471,0.761946201324463,0.748728811740875,0.782549858093262,10,0,15.5499229431152,0,3.31213355064392,18.5532783272687,524.384015852251,224.835132281647,,,,652.766540057288,279.880482520591,,,10140,482.695221319996
2017,MG,31040,Resplendor,95.716673631425,98.4934128048914,95.716673631425,92.7158273381295,98.8309352517986,100,100,95.3237410071942,93.2553956834532,96.4028776978417,81.0251798561151,83.273381294964,67.9362258911133,0.62001770734787,31.0894603729248,66.7847671508789,,,,,,832.764343261719,230.577224731445,167.896041870117,6.85483884811401,381.869659423828,86.3772354125977,95.1626205444336,427.027252197266,97.7426681518555,103.954139709473,9731,3141,10891.9755859375,3515.7431640625,0,131,146.629211425781,0,99,84,,,0.940217792987823,1.10811388492584,0.843397796154022,1.09748041629791,25,0,27.9826736450195,0,8.07132244110107,21.9958874438998,591.980658081246,348.794706561034,,,,736.912556971244,434.188508629702,,,8362,224.909397208542
2017,MG,31008,São Lourenço,94.2730493769211,91.5115909331799,91.0024529473222,100,100,100,100,97.1327433628319,98.5486725663717,96.7787610619469,66.0176991150443,96.0353982300885,83.1381759643555,0.936768174171448,15.8246908187866,83.2050857543945,,,,,,829.672424316406,248.519393920898,169.757858276367,2.90322589874268,354.369140625,80.2631607055664,99.1415863037109,395.427917480469,90.6022109985352,107.151626586914,21713,5347,8301.6953125,2044.35876464844,30,622,237.813949584961,11.4701261520386,261,390,,,1.49111640453339,0.99790096282959,1.66393291950226,1.09061777591705,127,2,48.5568656921387,0.764675080776215,26.7682151794434,24.4529895381174,636.333027845771,393.951907754046,,,,792.123513215737,490.401339475673,,,13169,114.57305853474
2017,MG,31006,Poços de Caldas,78.5263989064311,61.3757062986343,66.7459107909271,99.3745401030169,81.2729948491538,83.4805003679176,86.019131714496,80.3532008830022,83.149374540103,79.1022810890361,95.8793230316409,80.0220750551876,83.7012481689453,0.404709339141846,14.3487854003906,83.922004699707,,,,,,769.29296875,191.897750854492,128.499160766602,7.96460199356079,340.539398193359,66.6149444580078,85.9365234375,380.019714355469,75.0134124755859,91.970085144043,12164,1675,5175.70751953125,712.702270507812,42,308,131.052124023438,17.8707427978516,411,541,,,2.30192184448242,1.74877989292145,2.23309826850891,1.71314477920532,399,33,169.772064208984,14.041298866272,36.7992630004883,30.7687076844428,1006.86731531,566.499787642345,,,,1253.37400424665,705.193322343131,,,4454,40.2026785640759
2017,MG,31041,Além  Paraíba,99.6314665564511,79.9459254666942,79.5773920231453,74.3519781718963,85.675306957708,79.5361527967258,90.3137789904502,82.537517053206,92.2237380627558,82.537517053206,74.2155525238745,86.493860845839,75,5.20231199264526,23.4104042053223,71.3872833251953,,,,,,854.835327148438,274.456329345703,176.561080932617,2.86298561096191,379.371887207031,113.942565917969,119.574996948242,421.571746826172,126.869804382324,127.76416015625,3940,1082,6887.63037109375,1891.47607421875,5,98,171.316696166992,8.740647315979,59,100,,,1.74812948703766,1.03139638900757,1.42341446876526,1.02309274673462,30,0,52.4438858032227,0,17.8641357421875,27.6092209140528,679.104534749798,479.679956337132,,,,845.366571224288,597.117791479831,,,3250,140.608951837502
2017,MG,31001,Alfenas / Machado,83.0048673884971,76.7534187609682,75.6660375484255,100,100,99.4145199063232,100,99.1510538641686,100,100,100,96.9555035128806,78.6003494262695,1.50375938415527,20.9080390930176,77.5303649902344,,,,,,760.163024902344,201.975692749023,133.203796386719,5.97277116775513,365.324096679688,70.9382858276367,88.9717102050781,403.565307617188,80.1123352050781,94.9823760986328,21752,4370,7261.77734375,1458.89880371094,44,579,193.295745849609,14.6891412734985,275,469,,,1.56572890281677,0.918071329593658,1.47275328636169,0.887941896915436,141,12,47.072021484375,4.00612926483154,16.4848880767822,28.1139169559216,801.214877009861,407.704800489257,,,,997.372626353114,507.521289617464,,,10354,77.648212075373
2017,MG,31013,Barbacena,81.4216742244537,83.7296631266607,78.6690192199693,100,100,100,100,100,100,100,100,100,69.3427658081055,2.62063217163086,29.2845249176025,67.8036575317383,,,,,,781.372131347656,218.057342529297,147.907119750977,6.92266082763672,363.098999023438,78.0726165771484,98.8568801879883,402.498992919922,88.6521759033203,106.314231872559,12897,2881,5450.166015625,1217.48681640625,38,467,197.350357055664,16.0584869384766,337,638,,,2.69613528251648,1.42413425445557,2.95465588569641,1.48762857913971,133,2,56.204704284668,0.845183491706848,17.0380535125732,21.3909304304063,795.594897154375,289.532773263893,,,,990.376732705411,360.417749060288,,,13744,131.754711322691
2017,MG,31094,Almenara/Jacinto,99.8748117849993,99.9573090879721,99.7871223440772,98.1725888324873,90.3553299492386,100,100,96.2944162436548,100,95.4822335025381,90.5583756345178,93.4010152284264,55.549976348877,0.502260148525238,27.0215969085693,72.1245574951172,,,,,,669.743408203125,193.611404418945,93.5885925292969,18.9519653320312,315.781158447266,63.2697525024414,62.549633026123,350.227111816406,71.9626693725586,67.2121429443359,11714,3495,6851.85498046875,2044.32592773438,0,325,190.101837158203,0,149,127,,,0.742859482765198,0.871543824672699,0.977269649505615,0.91044157743454,116,0,67.8517303466797,0,3.73652482032776,21.3813846885528,624.288560804471,272.434699848615,,,,777.130254764475,339.133633054583,,,23491,388.834257977138
2017,MG,31036,Governador Valadares,92.3845242612422,79.9947710845604,83.0448946350402,100,87.3779756807672,89.6386367528686,92.0534338071588,85.9736256208255,86.2818975852029,86.196266483987,100,81.9318376434321,66.0124893188477,0.214094564318657,32.5780563354492,63.0151634216309,,,,,,780.492126464844,230.711517333984,141.185165405273,6.49895191192627,401.996978759766,93.1039047241211,102.322937011719,446.423492431641,104.872261047363,109.497802734375,25882,5149,6049.92431640625,1203.580078125,42,486,113.602630615234,9.81751155853271,491,717,,,1.67598938941956,1.14771378040314,1.94369196891785,1.15180444717407,236,36,55.1650619506836,8.41500949859619,18.5971717834473,21.0358246502539,810.420916380403,279.747533994236,,,,1008.83253795582,348.236834713947,,,30886,188.809896575314
2017,MG,31092,Passos,83.6393055245814,77.8637146558228,73.0769778267038,90.1210464662241,83.4830144474815,82.0382663022257,82.1163607965638,78.7582975400234,81.4135103475205,78.9144865286997,82.5068332682546,76.2983209683717,82.1789855957031,1.75097274780273,14.5136184692383,83.7354049682617,,,,,,656.266235351562,168.8359375,113.988105773926,7.84883737564087,313.094940185547,62.7408027648926,77.6344680786133,348.078399658203,70.9752883911133,82.9528579711914,13057,2440,6227.37548828125,1163.72790527344,48,321,153.09700012207,22.893009185791,291,374,,,1.78374695777893,1.38788866996765,2.11283397674561,1.36749958992004,228,23,108.741790771484,10.9695663452148,15.916841506958,27.7241286946418,643.229835208396,438.645678609182,,,,800.708834170316,546.037280467895,,,6428,58.9567916488719
2017,MG,31095,Serro,100,100,100,100,100,100,100,100,100,100,100,100,74.5125350952148,1.11420607566833,18.6629524230957,80.2228393554688,,,,,,714.116149902344,174.078170776367,81.104606628418,12.4653739929199,385.058959960938,60.3464317321777,59.4035263061523,428.972778320312,70.9702682495117,63.4459762573242,3330,621,6587.2763671875,1228.43798828125,0,79,156.27473449707,0,53,36,,,0.712137997150421,1.0484254360199,1.12507915496826,1.063756108284,19,0,37.5850601196289,0,8.53972148895264,24.1622866272842,782.947892770011,483.613040893777,,,,974.633420467617,602.013795019567,,,5081,270.092710238843
2017,MG,31090,Lima Duarte,97.3906211231494,97.3906211231494,97.1176908444297,91.4074074074074,100,100,100,100,100,100,84.7560975609756,95.1111111111111,75.4658355712891,1.70807456970215,20.3416156768799,77.950309753418,,,,,,822.981567382812,239.157043457031,151.93505859375,8.71794891357422,346.310302734375,77.74609375,90.8127136230469,383.802856445312,87.0410537719727,98.0314178466797,4703,1242,6616.208984375,1747.25317382812,0,101,142.087417602539,0,82,90,,,1.26612555980682,1.15358102321625,1.1690559387207,1.16237354278564,26,0,36.5769577026367,0,7.09170961380005,23.9791461977703,781.293399649805,506.986795577064,,,,972.573865414494,631.11003844331,,,5841,194.650637808309
2017,MG,31099,Teófilo Otoni / Malacacheta,97.6908513797884,100,92.697431855131,100,87.4468085106383,87.8457446808511,91.3829787234042,84.2021276595745,85,83.75,100,79.6542553191489,56.0463829040527,2.1535062789917,35.891773223877,61.8166770935059,,,,,,753.390441894531,203.426116943359,97.4304046630859,17.3377552032471,413.363677978516,91.6962661743164,75.7065658569336,455.147796630859,101.706871032715,80.3282089233398,15132,3195,5400.42822265625,1140.25695800781,42,443,158.101348876953,14.9892930984497,325,317,,,1.13133478164673,1.15988576412201,1.40078520774841,1.43165600299835,68,0,24.2683792114258,0,12.286937713623,23.4671194308709,796.9865212689,236.691296114221,,,,992.109061744508,294.63933635553,,,25461,253.797054180969
2017,MG,31035,Coronel Fabriciano/Timóteo,94.5808036254822,70.7734419594209,72.513967446768,100,100,93.5811995790951,100,84.7071203086636,88.8109435285865,89.5475271834444,26.7383512544803,90.6699403717994,76.4015121459961,0.416666656732559,24.8484840393066,74.3939361572266,,,,,,608.677490234375,189.530914306641,109.361518859863,4.29491758346558,312.765686035156,78.7427215576172,80.7198028564453,347.541412353516,88.5890884399414,87.0946197509766,10737,1935,4678.14599609375,843.085815429688,18,110,47.927360534668,7.84265899658203,169,306,,,1.333251953125,0.736338496208191,1.43498873710632,0.816834688186646,112,10,48.7987670898438,4.35703277587891,30.1406440734863,20.9205180013542,457.703775542269,277.600168997594,,,,569.761283524832,345.563740232186,,,10249,99.796239742423
2017,MG,31045,Muriaé,100,92.5700770948502,98.5545433149063,81.9959879638917,69.5586760280842,71.1634904714142,74.3229689067202,67.8034102306921,71.765295887663,68.4553660982949,79.9398194583751,66.098294884654,46.7177238464355,2.95404815673828,24.3435440063477,72.7024078369141,,,,,,792.264709472656,218.017364501953,149.778518676758,8.97810173034668,369.262725830078,79.7619171142578,93.8623886108398,409.100250244141,88.2156295776367,101.037773132324,12245,3223,7081.2275390625,1863.84606933594,53,462,267.172485351562,30.6496562957764,238,293,,,1.6944055557251,1.37634313106537,1.71869397163391,1.40930593013763,169,15,97.7319259643555,8.67443084716797,11.731879234314,26.7757680801053,670.57826814621,336.850840871041,,,,834.752858025221,419.320481295394,,,8247,110.93833074809
2017,MG,31046,Santos Dumont,82.6242912793613,92.5560226790604,68.160604774945,99.0228013029316,100,99.3485342019544,100,100,98.371335504886,93.485342019544,94.9511400651466,89.0879478827362,65.625,2.734375,33.203125,64.0625,,,,,,810.465209960938,269.499359130859,194.747711181641,4.12621355056763,369.870147705078,87.4501342773438,127.146797180176,410.460418701172,97.6782379150391,136.337860107422,3181,801,6257.49951171875,1575.68603515625,6,62,121.96321105957,11.8028917312622,39,54,,,1.06226027011871,0.7671879529953,1.32438278198242,0.788334786891937,19,0,37.3758239746094,0,23.4425106048584,27.2323493187996,644.109445172986,357.458919080495,,,,801.80379499259,444.973940408087,,,2792,127.682329767841
2017,MG,31064,Araçuaí,100,100,100,91.7262512768131,72.829417773238,76.7109295199183,80.8988764044944,74.4637385086823,77.732379979571,73.953013278856,90.8069458631256,74.9744637385087,69.8092041015625,1.90796852111816,24.8035907745361,73.1762084960938,,,,,,618.570495605469,157.150344848633,74.6742782592773,18.3783779144287,304.4091796875,63.6437683105469,52.9269714355469,336.131134033203,71.5427780151367,55.2603187561035,4180,884,4658.783203125,985.254638671875,0,149,166.066665649414,0,73,87,,,0.96965104341507,0.813615262508392,0.784079909324646,0.822252929210663,16,0,17.8326625823975,0,2.62028694152832,22.6201766432171,569.130045840445,240.123516366899,,,,708.4675345455,298.911851289864,,,9510,263.371051109102
2017,MG,31075,Uberlândia / Araguari,55.828957592597,44.4370067130198,47.4994085321618,100,84.2646327308904,84.3143757254187,87.6305753606367,83.0293483667717,82.8469573868347,83.6096833029348,100,82.167136461615,85.287467956543,0.403746783733368,12.3304262161255,87.1689300537109,,,,,,605.251770019531,119.95679473877,119.064094543457,4.68289089202881,317.036560058594,49.2519874572754,80.0117568969727,354.191650390625,56.0034675598145,86.7925262451172,50026,7076,5582.287109375,789.594665527344,167,1198,133.682083129883,18.6351490020752,957,2342,,,2.61338424682617,1.06789445877075,2.97743916511536,1.04861760139465,642,93,71.6393127441406,10.3776578903198,31.7172451019287,28.7428347058381,823.491446384289,513.792267340835,,,,1025.10306564055,639.581662524899,,,20611,50.217339885242
2017,MG,31061,Viçosa,90.7655685871602,76.9461186157397,88.5949743508114,100,95.4427083333333,95.5729166666667,97.1354166666667,93.9453125,91.2760416666667,94.7916666666667,100,85.546875,79.7026519775391,0.581771194934845,23.3354873657227,75.7595367431641,,,,,,685.510925292969,175.024063110352,104.285171508789,5.31914901733398,328.031768798828,52.2108154296875,70.7658615112305,365.6455078125,59.709400177002,75.9530944824219,7540,1116,5498.6728515625,813.861877441406,19,155,113.036376953125,13.856071472168,98,186,,,1.35643649101257,0.714681625366211,1.5006490945816,0.901191651821136,88,6,64.1754913330078,4.37560176849365,22.9930572509766,24.0825901632138,719.099396366675,336.321836687652,,,,895.153190664409,418.661963453455,,,9375,177.494922037091
2017,MG,31082,São Gotardo,99.7597951937968,97.3366765347296,99.7597951937968,100,84.7790507364975,96.9721767594108,99.7545008183306,93.7806873977087,96.2356792144026,94.1080196399345,53.7643207855974,87.8887070376432,77.0250396728516,0.294550806283951,22.9013252258301,76.8041229248047,,,,,,721.791076660156,213.982299804688,120.29850769043,2.35988211631775,358.786224365234,73.7470169067383,84.6977462768555,396.189300537109,82.5694732666016,90.5496139526367,5325,1117,5668.93408203125,1189.1455078125,0,103,109.652626037598,0,89,95,,,1.01135921478271,0.947483837604523,1.15534472465515,0.984744429588318,31,0,33.0022468566895,0,9.71437072753906,25.8148205021016,772.858512635303,497.688356308203,,,,962.073903848576,619.53510510061,,,3700,84.8754960922579
2017,MG,31086,Divinópolis,77.6858925759608,45.3248381641103,62.0446725374701,91.3713028599364,93.0334881447079,88.0224883891469,94.3290149107798,87.3869469567343,89.5868980689318,87.8024932779272,51.5766316304082,86.5069665118553,82.9177093505859,0.922693252563477,20.0498752593994,78.8778076171875,,,,,,620.074829101562,173.179290771484,121.167388916016,2.81162142753601,310.951721191406,67.73095703125,76.6615142822266,346.222503662109,76.5182037353516,83.5425415039062,13239,2071,3846.8466796875,601.768981933594,42,297,86.2990798950195,12.2039098739624,661,706,,,2.05141925811768,1.92066299915314,2.30552196502686,2.10575556755066,341,27,99.0841293334961,7.84537076950073,48.3449172973633,27.5236901451735,810.697346141171,361.468339741107,,,,1009.17664474217,449.964969068653,,,5585,31.8041473108445
2017,MG,31070,Araxá,84.3070644800677,69.8888611524143,64.7324093469507,100,96.4927288280582,96.6638152266895,100,94.7390932420873,100,91.6167664670659,100,98.502994011976,73.4312973022461,1.70770454406738,21.1278800964355,76.9658432006836,,,,,,674.077209472656,211.189254760742,114.506706237793,4.96794891357422,367.622314453125,97.9895935058594,86.8410263061523,409.865814208984,111.932426452637,93.453857421875,10519,2167,5681.5849609375,1170.45300292969,17,409,220.911514282227,9.18214130401611,219,285,,,1.53935897350311,1.18287587165833,1.64873445034027,1.16937267780304,207,12,111.806076049805,6.48151159286499,24.2759609222412,22.6280155983483,813.285516330942,566.616139724466,,,,1012.39846472291,705.338160369803,,,6718,80.6503535652466
2017,MG,31002,Guaxupé,81.9641009122124,57.9566716240945,60.0572959858542,100,100,99.5630461922597,100,97.6903870162297,94.2571785268414,95.0686641697878,96.6916354556804,91.9475655430712,86.6818466186523,0.682982385158539,8.36653423309326,90.8935699462891,,,,,,775.102355957031,229.685653686523,151.273330688477,4.83437776565552,355.713470458984,78.6359100341797,103.233283996582,394.177764892578,89.5258712768555,111.1884765625,10331,2444,7168.82958984375,1695.9267578125,7,194,134.619384765625,4.85740041732788,134,180,,,1.24904584884644,0.92984527349472,1.2951911687851,0.985531866550446,93,3,64.5340347290039,2.08174300193787,15.8254108428955,28.3688334092004,631.887509483224,457.543336591234,,,,786.589619060774,569.561565044116,,,5240,85.1302754024055
2017,MG,31087,Lagoa da Prata/Sto Ant do Monte,86.9145874837934,88.2000442715745,86.9145874837934,100,100,100,100,100,98.2444294395679,100,89.6016205266712,93.3153274814315,83.8999328613281,0.577293157577515,16.4207820892334,82.8736343383789,,,,,,616.084533691406,152.441436767578,125.586463928223,2.69230771064758,316.357727050781,61.5533294677734,82.5007247924805,353.030456542969,69.5755081176758,90.7553558349609,7100,1483,5607.94921875,1171.35046386719,10,148,116.898094177246,7.89851999282837,132,126,,,0.995213508605957,1.04260456562042,1.32082998752594,1.14725995063782,29,0,22.9057083129883,0,28.1542739868164,28.7912421339786,676.251358808209,419.961914851889,,,,841.81486535366,522.779256854658,,,3952,72.1753414196398
2017,MG,31044,Leopoldina / Cataguases,91.2219246388172,82.544555856768,91.2221968187608,100,91.9794344473008,92.4421593830334,96.5038560411311,89.1516709511568,88.4318766066838,88.3804627249357,100,83.547557840617,74.4499969482422,0.75,27,71.9499969482422,,,,,,828.003784179688,247.796752929688,172.523681640625,3.38420701026917,342.154602050781,88.2927017211914,101.345375061035,379.78271484375,99.6219177246094,110.008262634277,12394,3439,6809.740234375,1889.51892089844,16,239,131.315795898438,8.791015625,167,290,,,1.59337162971497,0.917562246322632,1.56988310813904,0.982945442199707,88,2,48.3505859375,1.098876953125,15.2771368026733,26.5515087755568,614.103824522972,343.57275925454,,,,764.452036392267,427.68809600732,,,8366,108.217440733572
2017,MG,31027,Turmalina/Minas Novas/Capelinha,100,100,100,100,75.9510869565217,85.3940217391304,91.2364130434783,85.8695652173913,89.6739130434783,85.054347826087,84.375,83.491847826087,73.1593017578125,1.20481932163239,17.7376174926758,80.8567581176758,,,,,,491.243927001953,133.095642089844,73.4042663574219,14.7783250808716,315.850372314453,68.8317489624023,60.7898330688477,352.589202880859,77.1730346679688,65.1894683837891,10189,2521,8218.857421875,2033.54016113281,0,148,119.382759094238,0,113,83,,,0.669511437416077,0.911503493785858,0.957481980323792,0.936509370803833,26,0,20.9726467132568,0,4.38973617553711,23.2548303231888,533.741466426325,286.185850538386,,,,664.414932171354,356.25141465397,,,10984,201.577106430498
2017,MG,31058,Unaí,75.5903161618395,81.2174810229199,72.3181516692461,81.2416376772812,95.4241370082954,96.012844527696,98.9028632592989,91.4369815359914,91.3031843724913,89.0553920256891,59.96788868076,88.1455713138881,73.4832611083984,0.549163162708282,26.8828449249268,72.5156936645508,,,,,,555.810119628906,124.909461975098,71.3240432739258,18.2180843353271,355.935272216797,64.7677536010742,60.8127403259277,395.367767333984,73.0823822021484,64.5513153076172,13251,2104,4896.96826171875,777.542907714844,8,214,79.0846862792969,2.9564368724823,206,256,,,0.946059823036194,0.761282503604889,1.00805258750916,0.706218838691711,95,0,35.1076889038086,0,11.3734130859375,27.8305387307653,763.669983522218,522.079659056372,,,,950.635789459035,649.898018196913,,,18056,177.722751453649
2017,MG,31019,Curvelo,91.3771069914911,88.5006524528994,84.5023563794796,91.7355371900826,82.4706394084385,85.4284471509352,87.994780339278,82.166159199652,84.9499782514137,81.9921705089169,69.7259678120922,82.1226620269682,39.7890701293945,0.76701819896698,34.2761268615723,63.5186958312988,,,,,,710.179443359375,148.882293701172,107.043113708496,12.2417755126953,354.478363037109,59.592155456543,77.2715301513672,394.599914550781,67.9585571289062,82.6577377319336,9572,1327,5201.099609375,721.046752929688,20,137,74.4411468505859,10.8673210144043,129,197,,,1.0704311132431,0.70094221830368,1.27405750751495,0.694285988807678,77,0,41.839183807373,0,12.3273458480835,24.6584011461527,721.815962210473,370.829255428219,,,,898.534840815991,461.617674643428,,,11543,143.424504841301
2017,MG,31030,Formiga,95.0519720342878,99.2774717964019,95.0519720342878,92.5407925407925,94.4832944832945,95.8818958818959,96.6588966588967,93.8616938616939,95.6487956487957,93.8616938616939,89.7435897435897,91.2198912198912,78.3955535888672,0.31771245598793,18.2684669494629,81.3343887329102,,,,,,816.613159179688,233.551376342773,155.156509399414,3.20000004768372,343.227722167969,71.8408966064453,89.6851577758789,383.692474365234,81.1591796875,96.8791351318359,7070,1628,5773.455078125,1329.4462890625,35,211,172.305374145508,28.5814609527588,153,163,,,1.33107948303223,1.2494181394577,1.73999857902527,1.36394822597504,126,1,102.893257141113,0.81661319732666,17.4632720947266,26.1465913344749,663.338260953484,435.875983963842,,,,825.740313206317,542.589494234909,,,3069,55.5049790457628
2017,MG,31021,Itabira,94.5698716282716,96.7883634628412,94.5698716282716,83.1176833025262,78.0961182994455,75.6623536660505,79.882932840419,74.060382008626,79.8213185459027,75.385089340727,45.9642637091805,79.3900184842884,63.0526313781738,1.5087718963623,17.61403465271,80.807014465332,,,,,,572.764587402344,158.578857421875,102.157272338867,7.16417932510376,293.947021484375,58.9032135009766,72.3211898803711,329.635498046875,67.2598419189453,78.4709548950195,12805,2566,5473.32177734375,1096.80151367188,12,309,132.07780456543,5.12923526763916,268,376,,,1.60716044902802,1.14552927017212,2.01440024375916,1.22204029560089,98,14,41.8887557983398,5.98410797119141,32.231689453125,21.4928187939177,1024.53992560192,538.741978938187,,,,1275.3733183472,670.639697137875,,,11244,118.182170346155
2017,MG,31015,São João Del Rei,85.2256295188232,76.8307986370814,75.8140114684617,97.0247295208655,91.6151468315301,90.0309119010819,93.8948995363215,89.1808346213292,93.8176197836167,88.7944358578053,75.1545595054096,86.8238021638331,75.4724426269531,2.28346467018127,36.7322845458984,60.9055099487305,,,,,,801.578857421875,225.430953979492,165.511581420898,9.35703086853027,378.925994873047,78.6902542114258,105.907150268555,419.968139648438,89.6460571289062,114.42317199707,14284,3606,5985.23388671875,1510.97399902344,26,443,185.624374389648,10.8944330215454,189,295,,,1.23609912395477,0.791941463947296,1.41543829441071,0.800531327724457,152,0,63.6905326843262,0,16.7791023254395,22.2262345895261,634.895037425057,330.340134349541,,,,790.333466221189,411.215788473167,,,10103,90.5451777825076
2017,MG,31023,João Monlevade,78.0493209435311,60.0185847033595,62.0736240171551,98.9783653846154,90.9254807692308,90.9254807692308,91.1057692307692,86.1778846153846,92.3076923076923,85.7572115384615,15.8653846153846,88.28125,81.2459869384766,1.60565185546875,17.0199108123779,81.1817626953125,,,,,,659.17724609375,209.377212524414,88.0828247070312,12.9244251251221,282.224212646484,62.1724433898926,62.6768836975098,315.04052734375,69.6730270385742,67.2208404541016,9011,2443,6505.85546875,1763.82250976562,8,164,118.406425476074,5.77592325210571,95,156,,,1.12630498409271,0.685890853404999,1.71960055828094,0.793286919593811,81,2,58.4812202453613,1.44398081302643,25.7461776733398,28.2787740636117,724.422739956271,456.194082586122,,,,901.779823955032,567.881979393238,,,6030,98.9967649344241
2017,MG,31097,Juiz de Fora,79.0597398190414,51.0062679661576,61.4272103472016,100,92.7399507793273,88.2417281925075,98.5917418649166,84.8099535138091,98.7284659557014,87.940935192781,100,84.0989882417282,75.9110717773438,1.51962852478027,20.4305610656738,77.9231719970703,,,,,,767.247131347656,185.19758605957,130.160919189453,7.5989785194397,347.49169921875,66.8278884887695,83.7602005004883,387.781402587891,75.6412658691406,89.8649063110352,39940,7126,6522.74365234375,1163.7724609375,189,1605,262.118286132812,30.8662643432617,1003,2599,,,4.24451971054077,1.63803505897522,4.26093244552612,1.82645809650421,861,100,140.612976074219,16.331356048584,35.1787223815918,28.8815342118498,1006.41078583151,429.94106093572,,,,1252.80570475793,535.201551327692,,,16296,64.0278264664925
2017,MG,31016,Belo Horizonte/ Nova Lima/ Caeté ,93.1476853890228,52.0782389607406,73.8147751653294,94.8181387692516,82.3505535887433,82.0483910974812,85.2481565833089,81.3944573477349,84.0891153854827,82.4046722438947,90.0060883487045,86.7995580309829,79.2900924682617,0.425850540399551,22.527961730957,76.7864685058594,,,,,,611.050598144531,141.697616577148,97.3782272338867,5.80820322036743,300.285064697266,51.8087615966797,66.1783142089844,337.109985351562,59.7765350341797,71.3531799316406,183195,30678,5427.19921875,908.843688964844,812,6445,190.934783935547,24.0557098388672,6128,15871,,,4.70182466506958,1.81543576717377,4.55406141281128,1.8816704750061,4589,884,135.950317382812,26.1887283325195,40.9484481811523,24.2019404709395,1221.3248293552,453.734247294027,,,,1520.33616403914,564.81991395228,,,93521,60.4062721559036
2017,MG,31085,Taiobeiras,100,100,100,78.7162162162162,86.204954954955,91.1036036036036,90.4842342342342,90.7657657657658,88.6824324324324,90.5968468468468,74.7184684684685,85.8671171171171,83.3842391967773,0.427611470222473,10.8735494613647,88.6377487182617,,,,,,568.874450683594,122.62727355957,81.2677764892578,16.7091827392578,307.691314697266,52.624324798584,66.2763748168945,341.619689941406,60.2561531066895,71.1194458007812,9274,1858,6729.26220703125,1348.17431640625,10,173,125.529693603516,7.25605154037476,119,86,,,0.624020457267761,0.863470137119293,0.79671448469162,0.899206161499023,9,0,6.53044652938843,0,1.09638941287994,22.3625330640048,600.957116684607,261.455822461428,,,,748.086680604589,325.466847666208,,,16394,310.007336468726
2017,MG,31017,Betim,94.2190836051002,70.2195952222391,81.3825667174473,72.7463112803427,81.3993336506425,79.1432651118515,80.8281770585435,78.277010947168,80.3998096144693,78.0961446930033,68.567348881485,81.132793907663,72.4190292358398,1.0425101518631,23.248987197876,75.2024307250977,,,,,,529.761474609375,135.510528564453,92.7400207519531,8.31334972381592,349.746276855469,75.3791046142578,76.4183120727539,391.173614501953,85.8208770751953,82.3074493408203,34520,4545,4872.73291015625,641.557678222656,46,564,79.6124420166016,6.49321317672729,669,852,,,1.20265603065491,0.944339036941528,1.85303604602814,0.954467058181763,129,30,18.209228515625,4.23470401763916,27.5728645324707,31.6683237246882,931.93921851188,633.059776729786,,,,1160.10160649728,788.048887099898,,,40840,130.584435281989
2017,MG,31047,São João Nepomuceno / bicas,82.7303036099801,89.801328122865,82.7303036099801,74.3489583333333,100,100,100,99.125,98.875,99.625,64.453125,94.5,76.0842590332031,1.36307311058044,18.2156143188477,79.925651550293,,,,,,852.131713867188,249.572555541992,148.916213989258,9.22330093383789,340.661499023438,66.8874588012695,87.8877334594727,380.775421142578,77.2432632446289,95.186393737793,6112,1922,8427.5546875,2650.1572265625,0,94,129.612258911133,0,61,92,,,1.26854562759399,0.841100871562958,1.0944652557373,0.95968234539032,19,0,26.1982231140137,0,16.5476264953613,24.9336165149477,673.910036745193,450.330159773541,,,,838.900328189991,560.58241935743,,,3411,120.285296062344
2017,MG,31011,Três Pontas,75.3082414016872,64.5249362941391,58.1543502002184,100,100,99.5498392282958,100,97.6205787781351,98.1350482315112,97.6205787781351,100,93.1189710610932,82.0038299560547,0.510529696941376,14.6139116287231,84.8117446899414,,,,,,724.678283691406,207.394119262695,127.31916809082,2.87292814254761,347.520080566406,77.1751937866211,84.5822830200195,389.775512695312,87.9340362548828,90.5258026123047,7743,1102,6200.20361328125,882.425964355469,10,160,128.119918823242,8.00749492645264,104,161,,,1.28920674324036,0.832779467105865,1.36067354679108,0.803552091121674,62,0,49.6464691162109,0,20.7946643829346,33.6814584548108,715.010478148005,447.390554288735,,,,890.063201424671,556.923123796463,,,5088,92.2195596060936
2017,MG,31083,Bocaiúva,93.5327850975663,100,93.5327850975663,69.7058823529412,98.4313725490196,99.2156862745098,100,94.0196078431373,96.8627450980392,94.2156862745098,67.4509803921569,95.4901960784314,69.0126037597656,2.62605047225952,25.2100849151611,72.0588226318359,,,,,,639.027221679688,165.577911376953,130.651321411133,15.182186126709,366.383117675781,78.1239852905273,103.279441833496,406.784210205078,87.0259857177734,112.161026000977,5125,1141,6629.583984375,1475.97180175781,0,64,82.7889556884766,0,57,64,,,0.827889502048492,0.73733913898468,0.767738163471222,0.717288672924042,0,0,0,0,6.73436403274536,22.7803097751383,614.125653094816,302.293102726704,,,,764.479209152851,376.302131233709,,,9649,332.568811965462
2017,MG,31028,Bom Despacho,98.7017347509793,95.5232232792389,98.7017347509793,100,100,100,100,100,100,100,96.4316057774002,100,80.0650939941406,0.406834810972214,21.1554107666016,78.275016784668,,,,,,721.384155273438,198.192779541016,119.291389465332,5.078125,330.302032470703,65.8194580078125,75.0829620361328,367.018157958984,74.4421005249023,80.9672088623047,7547,1529,7088.91455078125,1436.19323730469,0,144,135.259536743164,0,111,132,,,1.23987901210785,1.04262554645538,1.44605588912964,1.07925832271576,46,0,43.2079048156738,0,18.0233325958252,28.9945110938211,775.136092844943,481.889516467399,,,,964.909093534388,599.86830804342,,,3807,77.6606671344163
2017,MG,31034,Caratinga,98.1753654676118,81.0890787365192,94.1053293878233,100,100,100,100,100,100,100,84.4727694090382,86.9061413673233,77.0841903686523,0.739219725131989,25.667350769043,73.3470230102539,,,,,,749.173217773438,266.251495361328,144.777359008789,4.63269376754761,356.27490234375,100.485794067383,101.004516601562,398.432830810547,114.463996887207,108.762153625488,9002,1365,4463.30712890625,676.784545898438,16,203,100.650009155273,7.93300580978394,178,239,,,1.18499279022217,0.882546901702881,1.14136123657227,0.887381076812744,109,10,54.0436019897461,4.95812845230103,8.42881870269775,24.237173235533,603.886207112612,288.615802726583,,,,751.732886755813,359.276280848292,,,18373,218.384544017101
2017,MG,31007,Pouso Alegre,86.8539842019414,74.4061778704425,75.07481479966,100,98.4365129500948,98.3575489576753,100,93.4301958307012,93.7618445988629,91.9930511686671,91.8509159823121,89.0871762476311,66.8122253417969,2.99653673171997,18.3556690216064,78.6327362060547,,,,,,691.004333496094,189.501861572266,125.282814025879,5.64061260223389,322.794769287109,70.8869705200195,83.5514373779297,361.070037841797,80.9084777832031,90.104118347168,26429,5496,4905.33251953125,1020.08050537109,52,532,98.7414169311523,9.65141677856445,532,923,,,1.71312654018402,0.987414181232452,1.79302906990051,0.960826396942139,245,17,45.4730224609375,3.15527081489563,23.1708240509033,22.2415235131755,718.819216345702,447.949722891989,,,,894.80441545892,557.619191074298,,,17111,71.5177062983501
2017,MG,31053,Januária,97.5373051081612,99.4945897939746,97.5373051081612,54.4357272178636,84.9728424864212,92.7579963789982,98.8533494266747,85.3349426674713,100,89.6801448400724,51.3578756789378,94.2063971031986,61.1144752502441,2.36220479011536,40.0969123840332,57.540885925293,,,,,,585.269165039062,131.879501342773,79.3000869750977,21.944034576416,339.236297607422,54.171142578125,66.9218826293945,372.814117431641,60.3817939758301,71.5404891967773,4835,731,4167.564453125,630.090942382812,0,97,83.6098785400391,0,95,85,,,0.732663869857788,0.8188596367836,0.720165491104126,0.856354773044586,0,0,0,0,4.03137540817261,24.9312182299135,525.513288603224,246.217507820647,,,,654.172287456425,306.497806612962,,,14130,416.096561060482
2017,MG,31051,Francisco Sá,100,97.0918183155277,100,10.6487148102815,67.5642594859241,73.8066095471236,75.8873929008568,68.7882496940024,66.9522643818849,68.6658506731946,7.95593635250918,64.3818849449204,75.5735473632812,3.6437246799469,16.4642372131348,79.8920364379883,,,,,,526.856140136719,144.547714233398,90.5111846923828,12.307692527771,318.519104003906,73.2460708618164,76.5502548217773,354.541137695312,82.6832504272461,82.7170867919922,4408,963,5954.82568359375,1300.92944335938,0,119,160.758666992188,0,59,39,,,0.526856184005737,0.797038793563843,0.68727707862854,0.780152380466461,0,0,0,0,3.2557008266449,20.7170599338649,560.289924188928,300.458813403504,,,,697.463126612189,374.01876130104,,,9393,367.99293119754
2017,MG,31048,Ubá,82.5714878076009,75.633701736759,81.4171570738242,100,89.0633923472301,90.862364363221,94.1747572815534,90.2627070245574,89.0062821245003,90.3483723586522,97.2301541976014,87.0359794403198,82.1949157714844,0.743069469928741,22.5778789520264,76.6218948364258,,,,,,738.846923828125,224.629943847656,123.834449768066,5.54352521896362,361.076690673828,85.5613174438477,83.6937789916992,403.819763183594,97.4250411987305,90.0117111206055,23235,6507,7434.86669921875,2082.14672851562,40,455,145.593475341797,12.7994270324707,267,387,,,1.23834455013275,0.854361712932587,1.32434070110321,0.860441446304321,177,3,56.6374626159668,0.959957003593445,22.3170795440674,24.5905765865756,536.269794138625,325.775820323025,,,,667.562258716398,405.534014458792,,,15191,105.442180836368
2017,MG,31077,João Pinheiro,89.0011116835227,97.4282150700903,78.1825330115778,100,86.9215291750503,89.6378269617706,91.851106639839,83.8028169014084,90.0402414486922,83.5010060362173,65.2917505030181,81.2877263581489,73.5829925537109,0.708501994609833,27.7327938079834,71.558708190918,,,,,,633.06884765625,168.634063720703,117.490943908691,2.40174674987793,411.652954101562,88.7928009033203,97.6679534912109,457.801910400391,98.8365097045898,105.759307861328,3499,491,4836.48046875,678.682983398438,0,50,69.1123199462891,0,55,78,,,1.07815217971802,0.760235548019409,1.19667983055115,0.763000011444092,17,0,23.4981899261475,0,10.4221382141113,33.2766821315398,685.203680413481,509.65146441262,,,,852.958942638807,634.427085881069,,,5809,220.512251713274
2017,MG,31049,Brasília de Minas/São Francisco,99.3950349379048,98.1693305309112,99.3950349379048,75.8992805755396,83.943754087639,89.3394375408764,96.2393721386527,86.8214519293656,87.8678875081753,87.8351863963375,69.4571615434925,89.0124264224984,67.9561767578125,1.33515918254852,25.4364948272705,73.0914077758789,,,,,,595.681945800781,147.411880493164,82.3265228271484,17.5832118988037,336.956115722656,65.6744003295898,65.9233856201172,373.572662353516,73.8820037841797,71.1610565185547,14152,2967,6099.9208984375,1278.86279296875,10,281,121.119125366211,4.31028890609741,183,121,,,0.521544992923737,0.788782894611359,0.720680356025696,0.829299628734589,5,0,2.15514445304871,0,1.15860569477081,24.5436383370966,629.926264004993,266.45923249031,,,,784.148210882175,331.695219535501,,,32398,382.238778562406
2017,MG,31003,Itajubá,82.602624152678,77.4832959978278,74.6952549966543,92.2712933753943,94.7555205047319,94.5977917981073,98.2649842271293,91.0488958990536,88.9195583596214,87.7760252365931,81.3091482649842,85.3312302839117,79.9594345092773,1.095334649086,17.8093299865723,81.0953369140625,,,,,,692.687805175781,213.247833251953,131.380279541016,2.40622782707214,308.435363769531,76.0116195678711,83.9547271728516,344.650238037109,86.8961410522461,90.9922790527344,12717,3037,6234.1904296875,1488.81311035156,33,256,125.497581481934,16.1774215698242,236,449,,,2.20110988616943,1.15693080425262,2.05134606361389,1.18119692802429,81,3,39.7082176208496,1.47067475318909,24.8686199188232,25.5250152050643,749.049077117878,404.543194904237,,,,932.435313858057,503.585642693892,,,8339,99.3801046789543
2017,MG,31055,Pirapora,96.3389548823016,100,96.3389548823016,80.204280155642,88.375486381323,83.8035019455253,89.9805447470817,83.1712062256809,89.7859922178988,85.5058365758755,80.3501945525292,77.2859922178988,80.2455978393555,0.80085426568985,17.0848903656006,82.1142578125,,,,,,565.615539550781,131.793914794922,92.6675872802734,11.1650485992432,341.374603271484,58.2466583251953,75.1913833618164,381.004028320312,65.3920516967773,81.7245788574219,7887,1227,5413.8466796875,842.245422363281,18,166,113.946815490723,12.3556785583496,111,127,,,0.871761798858643,0.761933505535126,1.10995185375214,0.850310981273651,72,0,49.4227142333984,0,9.34363842010498,20.7734517687146,728.140446374689,290.540232917675,,,,906.407719318614,361.671860422508,,,14351,235.549390049297
2017,MG,31073,Ituiutaba,66.6164951620335,63.3072236727589,62.8782061127323,100,100,100,100,97.8329571106095,97.020316027088,97.6523702031603,100,93.9954853273138,83.3256759643555,0.780891120433807,18.7873210906982,80.3858489990234,,,,,,728.841918945312,198.211959838867,125.431007385254,4.46175622940063,321.630981445312,68.813591003418,78.7288970947266,354.768371582031,77.5743942260742,83.8317642211914,10658,2125,5501.41455078125,1096.87609863281,10,216,111.494232177734,5.16176986694336,111,256,,,1.32141304016113,0.572956442832947,1.6152468919754,0.681611716747284,97,5,50.0691680908203,2.58088493347168,17.1375923156738,22.7375692977367,725.08270773544,471.930993653626,,,,902.601368606917,587.471685940697,,,7582,80.0998223146743
2017,MG,31042,Carangola,94.3015442468329,96.1347594242209,92.1254199673273,91.6026020106446,88.9414547604968,88.9414547604968,94.1454760496748,86.3985807214666,90.0059136605559,87.1673565937315,89.3554109994086,82.5547013601419,86.122688293457,0.416914820671082,15.8427639007568,83.7403182983398,,,,,,804.500854492188,230.191802978516,148.259124755859,7.85645008087158,396.11474609375,93.9268112182617,99.2708969116211,442.1572265625,105.658905029297,107.519386291504,10117,2782,7894.408203125,2170.82568359375,25,282,220.047760009766,19.5077800750732,136,163,,,1.27190721035004,1.06122326850891,1.37412798404694,1.00757682323456,89,2,69.4476928710938,1.56062233448029,5.55347490310669,25.8217219208848,654.191687671949,364.590671733551,,,,814.35442650139,453.851727226805,,,12722,232.55696638979
2017,MG,31010,Três Corações,86.1513274536579,75.9338197016907,72.5712388813025,100,100,100,100,96.2515114873035,97.279322853688,96.5538089480048,72.3095525997582,91.596130592503,72.9390716552734,0.537634432315826,26.5232982635498,72.2222213745117,,,,,,713.284057617188,226.643920898438,129.619094848633,4.03825712203979,384.731353759766,95.6680450439453,93.3130798339844,426.728332519531,108.52906036377,100.397514343262,8430,1682,6389.994140625,1274.966796875,15,228,172.825469970703,11.370096206665,94,146,,,1.106689453125,0.712526082992554,1.44798183441162,0.800833821296692,49,3,37.1423149108887,2.27401924133301,18.1034679412842,25.0177586100341,547.047846789803,344.585564691584,,,,680.979052373295,428.948861936304,,,4870,82.9688086214522
2017,MG,31096,Itambacuri,100,100,100,83.4179357021997,100,100,100,100,100,100,75.1269035532995,100,59.7972984313965,3.71621632575989,36.4864883422852,59.2905387878418,,,,,,852.304565429688,275.877532958984,116.631156921387,17.1052627563477,435.414825439453,103.980880737305,89.2320404052734,481.731018066406,118.24006652832,95.1728439331055,3556,909,7975.7763671875,2038.80224609375,0,81,181.675445556641,0,43,34,,,0.762588322162628,0.964449942111969,0.810810804367065,1.10014581680298,11,0,24.6719741821289,0,4.86262178421021,21.5035090640632,770.607227284733,352.525188853671,,,,959.27144667111,438.832307725966,,,5650,337.012666885554
2017,MG,31080,Peçanha/São João Evangelista,93.0574595921131,100,89.2155369383092,100,100,100,100,100,97.3926380368098,100,100,100,78.4900283813477,0.712250709533691,20.9401702880859,78.2051315307617,,,,,,645.139038085938,224.246185302734,112.123092651367,8.02138996124268,309.297332763672,72.8351821899414,74.5955352783203,342.322662353516,82.6167449951172,81.9281463623047,3475,1237,5994.27294921875,2133.78881835938,0,84,144.897537231445,0,43,25,,,0.431242674589157,0.741737365722656,0.78744912147522,0.792624056339264,2,0,3.44994139671326,0,5.08176374435425,20.5295727335269,591.373688564806,331.230226030758,,,,736.156985902734,412.323797202491,,,6732,329.770485120279
2017,MG,31091,Cassia,88.0324663783399,71.4556549558623,82.1079447834587,100,100,100,100,100,100,100,82.7380952380952,100,81.437126159668,0.399201601743698,17.5648708343506,82.0359268188477,,,,,,614.537414550781,117.719825744629,127.696083068848,15.2597398757935,286.1328125,49.2263832092285,81.2187118530273,321.197418212891,55.4757919311523,88.9124374389648,4158,1097,8296.2548828125,2188.79077148438,0,61,121.710327148438,0,39,63,,,1.25700831413269,0.778147995471954,1.11734068393707,0.769668161869049,21,0,41.900276184082,0,10.7184896469116,29.3354765536828,836.373417753901,626.923362260661,,,,1041.13887074874,780.410122529894,,,2089,93.1218015844681
2017,MG,31093,Piumhi,99.786674991545,100,99.786674991545,100,100,100,100,100,100,100,78.7061994609164,100,82.1301803588867,0.82840234041214,21.6568050384521,77.5147933959961,,,,,,740.692199707031,195.332977294922,106.187728881836,8.14159297943115,329.070526123047,59.6437759399414,70.9608535766602,364.771606445312,68.3690338134766,76.1215667724609,6325,1611,8291.8193359375,2111.9560546875,10,129,169.113784790039,13.1095962524414,84,88,,,1.15364444255829,1.10120606422424,1.3063713312149,1.11595439910889,50,0,65.547981262207,0,8.3953857421875,26.4865986174326,774.470176765388,518.557793734865,,,,964.080144287121,645.513910804296,,,3164,100.539396888217
2017,MG,31067,Padre Paraíso,100,100,100,74.6341463414634,94.1463414634146,93.4146341463415,100,90.4878048780488,100,91.0975609756098,61.0975609756098,100,56.9067306518555,1.77095627784729,37.780403137207,59.8583221435547,,,,,,768.553344726562,233.768310546875,112.080696105957,9.58333301544189,456.183990478516,91.1620712280273,93.5423583984375,507.369293212891,104.871566772461,101.378883361816,4367,1441,6992.234375,2307.26123046875,0,108,172.924499511719,0,33,33,,,0.528380453586578,0.528380453586578,0.567608654499054,0.71931791305542,0,0,0,0,1.89256262779236,22.6658770263599,523.438679990521,239.704939252706,,,,651.589761969094,298.390795868038,,,9266,458.329662388897
2017,MG,31079,Conselheiro Lafaiete,84.1459669990465,74.3334895572399,78.3602954247943,100,100,100,100,100,100,100,80.2212389380531,100,75.4812088012695,0.366636127233505,22.6856098175049,76.7644348144531,,,,,,731.625305175781,251.106384277344,139.383026123047,5.04077100753784,368.185180664062,101.860649108887,102.267364501953,408.356903076172,114.737548828125,109.000190734863,10732,3399,5820.46142578125,1843.43542480469,9,237,128.536102294922,4.88111782073975,159,288,,,1.56195759773254,0.862330794334412,1.63571679592133,0.888363420963287,69,1,37.4219017028809,0.5423464179039,26.8569946289062,29.2724107457844,694.534060020586,382.604623289874,,,,864.573636125702,476.275951601894,,,6387,81.6818772605435
2017,MG,31026,Diamantina,96.1773403118102,100,96.1773403118102,86.0779220779221,87.5844155844156,89.6623376623377,91.6883116883117,83.7402597402597,86.7012987012987,83.6883116883117,72.3116883116883,81.5064935064935,74.2305679321289,0.834637463092804,18.8836727142334,79.7600402832031,,,,,,628.510314941406,154.136337280273,98.5346527099609,13.6618137359619,332.713531494141,56.6739768981934,74.992919921875,367.910797119141,62.9781303405762,80.8686828613281,10506,2309,7394.32177734375,1625.11791992188,30,387,272.3779296875,21.1145668029785,180,175,,,1.23168313503265,1.26687407493591,1.56019055843353,1.28341376781464,13,0,9.14964580535889,0,7.71948575973511,23.2504007603367,669.318915238742,327.289583466083,,,,833.185183543796,407.418385262417,,,12181,211.886267044842
2017,MG,31066,Nanuque,99.8892894654668,96.972492690266,94.5240866380901,84.3853820598007,79.4019933554817,85.4928017718715,83.8316722037652,82.3920265780731,84.9390919158361,81.6168327796235,82.281284606866,82.0598006644518,73.5924911499023,1.60857903957367,18.4986591339111,79.8927612304688,,,,,,862.144165039062,238.434478759766,146.840744018555,17.3693084716797,409.318511962891,86.7929458618164,97.2075347900391,452.970672607422,97.2654266357422,104.118179321289,4233,1150,6154.2265625,1671.94909667969,0,81,117.763366699219,0,48,58,,,0.843243896961212,0.697857022285461,0.858509480953217,0.773458182811737,24,0,34.8928489685059,0,9.74382877349854,25.7958696207239,588.413465300088,321.732146248543,,,,732.472024805729,400.500346278747,,,5052,164.244939790011
2017,MG,31020,Guanhães,97.0857004331924,99.6679911885915,97.0857004331924,100,100,100,100,100,100,100,57.2898799313894,96.8267581475129,73.7821044921875,1.41718339920044,18.6891059875488,79.8051376342773,,,,,,711.347290039062,213.189926147461,136.055877685547,9.33734893798828,343.423095703125,71.1876678466797,93.6724548339844,380.376342773438,82.0364303588867,101.741638183594,7685,2377,8232.9873046875,2546.49462890625,0,213,228.188201904297,0,82,78,,,0.835618793964386,0.87847101688385,1.0421130657196,1.02149045467377,13,0,13.9269800186157,0,7.20774745941162,24.5080574374199,641.362946296998,380.874447496947,,,,798.384883442367,474.122184835749,,,6931,176.440010497797
2017,MG,31088,Oliveira/Santo Antônio do Amparo,98.519964373022,100,98.1987530557714,100,99.6289424860854,100,100,100,100,100,100,92.9499072356215,77.4407577514648,0.853080570697784,17.725118637085,81.0426559448242,,,,,,755.361999511719,223.457290649414,132.737442016602,2.14917826652527,340.545593261719,74.0788650512695,72.7462692260742,382.902801513672,84.1371307373047,80.7636413574219,6718,1630,6415.3251953125,1556.56140136719,18,213,203.403427124023,17.189022064209,92,115,,,1.09818756580353,0.878549993038177,1.46035063266754,0.948499798774719,37,1,35.3329887390137,0.954945683479309,17.0648784637451,25.0378819256669,706.421930365717,356.021755761195,,,,879.371959032683,443.184923010384,,,4930,113.495592566225
2017,MG,31071,Frutal / Iturama,81.3556635073773,79.555208297947,68.0022873707692,85.5153203342618,86.4902506963788,95.2181987000929,99.1179201485608,89.9721448467967,95.4967502321263,84.4011142061281,75.1624883936862,87.7901578458682,78.7295455932617,1.15495669841766,20.6448516845703,77.8152084350586,,,,,,611.787719726562,157.027404785156,107.499046325684,7.17571306228638,343.29638671875,73.2636260986328,74.7139053344727,381.329254150391,82.0014724731445,80.3208847045898,7498,1508,4220.041015625,848.735900878906,0,167,93.9913101196289,0,167,202,,,1.13690090179443,0.939913094043732,1.15280055999756,0.911772012710571,83,0,46.7142448425293,0,25.4091720581055,26.8938937441559,863.761066585916,638.986808373429,,,,1075.23171154467,795.427006611307,,,8009,114.733035071206
2017,MG,31004,Lavras,82.3445004901719,70.1049898953387,68.7982299043206,88.6277801091062,87.872429710449,88.4179605539236,89.6768778850189,84.3894250944188,84.8090642047839,83.4242551405791,82.2492656315569,81.4519513218632,82.7632141113281,0.755219876766205,22.523323059082,76.7214584350586,,,,,,711.814147949219,193.332229614258,141.154495239258,5.24691343307495,332.802001953125,74.2083587646484,95.6567306518555,367.230682373047,83.9714736938477,101.225997924805,9067,1879,4979.95263671875,1032.02062988281,33,217,119.184928894043,18.1248970031738,183,339,,,1.86192119121552,1.00510787963867,2.57153844833374,0.986296474933624,110,6,60.4163246154785,3.29543590545654,22.0470142364502,29.8044344335477,853.972328553158,460.726063239816,,,,1063.04644184916,573.523504003996,,,7367,97.7079089502585
2017,MG,31052,Janaúba/Monte Azul,98.6066130473637,98.7742627345845,98.6066130473637,96.1548255665903,81.8436465495289,86.1217214158391,86.5291571173924,84.593837535014,87.0893812070283,84.9248790425261,89.9923605805959,84.4665138782786,76.1353988647461,1.43864595890045,18.6459808349609,79.8307495117188,,,,,,621.522033691406,125.388450622559,87.0853500366211,17.1511631011963,374.471221923828,57.4272346496582,67.3815689086914,413.963653564453,63.3211631774902,72.4672012329102,16462,3278,5948.5439453125,1184.50537109375,20,284,102.623397827148,7.22700023651123,258,270,,,0.975645005702972,0.932282984256744,1.01530313491821,0.971670150756836,33,0,11.9245500564575,0,3.46570777893066,20.2751959822121,681.524539709005,232.936298612002,,,,848.379054855345,289.965020103797,,,33858,324.00337351635
2017,MG,31038,Mantena,100,100,99.2994178260808,100,100,100,100,100,100,100,100,100,76.2180938720703,1.04408347606659,19.7215785980225,77.7262191772461,,,,,,791.186767578125,257.529144287109,171.686096191406,3.2549729347229,360.052917480469,81.3916473388672,98.4296951293945,404.3369140625,92.9657287597656,109.401206970215,5122,2108,7328.13525390625,3015.95239257812,0,145,207.454040527344,0,75,58,,,0.829816162586212,1.07303810119629,0.904213488101959,1.08770298957825,19,0,27.1836318969727,0,5.05329418182373,20.2994750440999,624.414727748544,302.278494526831,,,,777.287310580561,376.283946575521,,,6557,224.50949179154
2017,MG,31084,Montes Claros ,100,98.8470863968676,100,82.4049116501947,79.7244684037137,79.7993411200958,84.2168313866427,76.3402216232405,77.3584905660377,76.8493560946391,80.8176100628931,72.0724767894579,72.3525848388672,3.91095066070557,24.2478942871094,71.8411560058594,,,,,,525.626586914062,96.656379699707,78.2456436157227,17.3380031585693,321.870910644531,51.3378257751465,63.5039482116699,359.059722900391,58.4922294616699,68.0214233398438,26997,4737,6212.93408203125,1090.14587402344,93,889,204.589340209961,21.4024848937988,508,1222,,,2.81224036216736,1.16908192634583,2.84192776679993,1.15314519405365,229,20,52.700740814209,4.60268497467041,19.7264156341553,17.6978644099757,365.565809688772,172.667910938817,,,,455.065603717822,214.941400567421,,,21437,112.786150083837
2017,MG,31065,Itaobim,100,100,100,100,95.2380952380952,94.7204968944099,100,93.2712215320911,99.2753623188406,92.5465838509317,95.8592132505176,95.7556935817805,55.3980369567871,0.763358771800995,24.3184299468994,74.7001113891602,,,,,,808.618713378906,221.877075195312,93.6814346313477,17.3780479431152,391.622772216797,69.3989028930664,67.5348052978516,439.837005615234,80.2860336303711,73.4666213989258,5794,1438,7141.9765625,1772.55139160156,0,113,139.289505004883,0,67,61,,,0.751916766166687,0.825875818729401,0.965781629085541,0.840975761413574,8,0,9.86120319366455,0,2.80674505233765,22.3016082707114,536.623573102382,271.080270691405,,,,668.002651754964,337.447605242946,,,9783,361.548385458975
2017,MG,31032,Pará de Minas,80.4794964826602,82.0822818977314,79.2240509878264,67.251645252272,73.3625822626136,72.6104669382639,78.0006267627703,72.5477906612347,68.1917894077092,72.8611720463804,61.4227514885616,65.716076465058,76.6318893432617,0.625931441783905,27.0938892364502,72.1907577514648,,,,,,524.395874023438,112.429168701172,98.0677795410156,5.16431903839111,354.871398925781,69.3401718139648,85.1045684814453,395.890197753906,77.8724670410156,92.0718307495117,10963,1254,4498.3974609375,514.548095703125,6,169,69.3450012207031,2.46195268630981,183,192,,,0.787824809551239,0.75089555978775,1.16860687732697,0.749869704246521,62,0,25.4401760101318,0,24.7065143585205,29.4995975139028,656.537067674444,399.216871026003,,,,817.274015091176,496.955299464286,,,4855,42.3570651783198
2017,MG,31025,Vespasiano,90.1142276938698,67.5266531285696,75.8674958751111,76.0231412041997,85.4938932933362,88.9007928005143,92.0719948575102,86.843796871652,90.9149346475252,89.7793014784658,66.2738375830298,87.1437754446111,74.8341445922852,0.928792595863342,29.6771335601807,69.1287078857422,,,,,,555.611206054688,129.277420043945,100.479545593262,5.63380289077759,351.272399902344,63.4645500183105,81.3667907714844,390.22509765625,71.1766586303711,86.6880569458008,16683,2496,5222.119140625,781.298889160156,0,190,59.473876953125,0,231,374,,,1.17069625854492,0.723077118396759,1.85284602642059,0.815496385097504,73,0,22.8504886627197,0,22.8213787078857,30.3896499686883,710.705850644121,481.8295433023,,,,884.704691788601,599.793651924441,,,13126,97.7648469780037
2017,MG,31078,Congonhas,92.7415435458787,85.3923665111457,92.4037713841369,100,100,100,100,100,100,100,100,100,78.5234909057617,0.427089691162109,13.6058568954468,85.6619873046875,,,,,,677.296020507812,212.262619018555,142.588638305664,3.82775115966797,375.28466796875,91.5029449462891,102.918014526367,416.801696777344,103.784812927246,111.420028686523,6864,1693,5560.95654296875,1371.60546875,0,137,110.992286682129,0,112,192,,,1.5555123090744,0.907382190227509,2.01446962356567,0.867076635360718,78,4,63.1926879882812,3.24065065383911,34.4019393920898,29.2842375437017,1209.81935268575,929.637526937922,,,,1506.01385449082,1157.23640237284,,,3860,59.4547234191939
2017,MG,31018,Contagem,72.2780491605223,50.5469192406038,61.317861997514,86.7424242424242,84.7908432147563,84.3461791831357,87.4917654808959,81.6864295125165,84.8978919631094,83.2921607378129,77.2644927536232,80.2124505928854,74.2419052124023,1.18883526325226,25.6547203063965,73.0272216796875,,,,,,507.881988525391,122.932769775391,93.6520004272461,9.99771213531494,321.412719726562,63.7435607910156,74.6891708374023,358.384918212891,72.318977355957,80.3604354858398,36571,5246,4249.31396484375,609.551330566406,49,516,59.9558715820312,5.69348382949829,517,1070,,,1.24327099323273,0.600720643997192,2.04294395446777,0.688446760177612,285,50,33.115161895752,5.80967712402344,35.279613494873,29.945918409304,705.206346604513,434.102471271791,,,,877.858769496076,540.381780596162,,,34711,95.2110344852054
2017,MG,31050,Coração de Jesus,98.1050374249954,96.9193970761078,98.1050374249954,50.0986193293886,90.9270216962525,93.0966469428008,100,98.2248520710059,91.3214990138067,96.2524654832347,38.6587771203156,87.3767258382643,66.7377395629883,4.47761201858521,34.1151390075684,61.4072494506836,,,,,,676.072875976562,155.370788574219,71.3865814208984,18.0124225616455,364.33056640625,58.3317680358887,58.6734924316406,401.679565429688,68.0141754150391,61.9646797180176,3013,667,6326.11083984375,1400.43676757812,0,30,62.9881591796875,0,48,38,,,0.797850012779236,1.00781047344208,1.06135046482086,1.00781047344208,3,0,6.29881572723389,0,1.23456788063049,22.9800443517712,604.409581272667,325.444631346851,,,,752.384396201728,405.121742010458,,,7466,400.37568440346
2017,MG,31012,Varginha,74.9505135011257,56.2740821702537,58.301391666121,86.290967226219,93.2054356514788,93.0055955235811,96.6027178257394,90.8073541167066,88.0895283772982,90.9672262190248,76.4988009592326,79.8161470823341,80.4672546386719,0.497893542051315,17.6943702697754,81.1566467285156,,,,,,719.711120605469,170.471160888672,122.053321838379,7.91871070861816,362.932861328125,66.1160125732422,86.3559951782227,404.688568115234,74.9069442749023,92.7522201538086,11858,2060,5980.61279296875,1038.96630859375,44,316,159.375411987305,22.1915130615234,192,382,,,1.92662680149078,0.968356907367706,2.43539237976074,1.04728806018829,241,10,121.548965454102,5.04352569580078,28.7985305786133,29.7617380208264,885.68060852688,432.585112626245,,,,1102.51771401594,538.492934019728,,,4320,53.6416128359293
2017,MG,31057,Patos de Minas,96.0329033176486,97.8719802395417,92.4409321580683,100,96.3746223564955,98.9929506545821,100,95.9382343068144,95.0990265189661,96.2739174219537,60.0201409869084,89.0231621349446,78.6753311157227,0.680903732776642,22.1293716430664,77.1897277832031,,,,,,642.427062988281,171.365112304688,115.268020629883,3.0502393245697,317.723266601562,65.4304428100586,78.544319152832,353.169250488281,74.3245239257812,83.8645706176758,12508,2350,4805.90771484375,902.932800292969,81,382,146.774612426758,31.1223640441895,341,459,,,1.76360070705414,1.31021308898926,2.41688227653503,1.37101697921753,179,21,68.7765808105469,8.06876087188721,16.5517196655273,27.178461408262,883.217414782289,460.762858579909,,,,1099.45146788803,573.569307777788,,,8977,74.9605831917869
2017,MG,31098,salinas,100,100,100,42.4749163879599,79.4871794871795,80.0445930880714,81.7168338907469,77.4804905239688,76.4771460423634,78.7068004459309,41.1371237458194,69.5652173913043,75.8212890625,0.78843629360199,17.6084098815918,81.603157043457,,,,,,720.595092773438,148.186889648438,116.22501373291,22.7822589874268,366.684875488281,60.3866577148438,81.4257202148438,406.757415771484,67.7087554931641,88.9106979370117,4917,1049,7143.47998046875,1524.00048828125,0,52,75.546257019043,0,62,48,,,0.697350084781647,0.900743842124939,1.17096698284149,0.943238615989685,26,0,37.7731285095215,0,4.43398427963257,19.5507071620021,623.354745221568,256.540443991505,,,,775.967817411932,319.348059717134,,,7122,272.756124530592
2017,MG,31022,Ouro Preto,100,83.7481793874046,86.24812504076,100,89.5990922844176,90.2042360060514,91.3767019667171,87.9727685325265,93.3812405446293,88.124054462935,95.2344931921331,90.393343419062,73.3744888305664,0.781893014907837,16.9547328948975,82.2633743286133,,,,,,602.995971679688,173.993423461914,102.221138000488,8.29576206207275,340.620056152344,83.2135391235352,76.2805862426758,378.995910644531,94.71435546875,82.8792495727539,11525,2179,6266.48193359375,1184.78649902344,10,182,98.9587554931641,5.43729448318481,163,261,,,1.41913378238678,0.886278986930847,2.01193499565125,0.905717313289642,75,0,40.7797088623047,0,32.3959426879883,30.6593548369853,1163.56730677919,876.840377646602,,,,1448.43813314102,1091.5131701119,,,9270,141.594446949938
2017,MG,31031,Itaúna,89.5019300617294,89.6240858673877,84.0049188071078,93.0200414651002,93.4346924671735,94.6786454733932,97.0283344851417,89.8410504492053,92.8818244644091,89.9101589495508,88.666205943331,88.5970974429855,81.5209655761719,0.639658868312836,18.692253112793,80.5970153808594,,,,,,742.404418945312,187.847106933594,147.010787963867,2.09020900726318,377.276000976562,66.9832077026367,96.3321685791016,421.715057373047,75.1722030639648,104.433753967285,6563,1666,5360.17626953125,1360.66650390625,10,106,86.5730133056641,8.16726589202881,112,169,,,1.38026785850525,0.91473376750946,1.60323429107666,1.01866221427917,41,0,33.4857902526855,0,22.8854942321777,31.9543160173951,833.887847293032,529.811054058428,,,,1038.04476951613,659.522255040033,,,3412,61.02655851141
2017,MG,31009,São Sebastião do Paraíso,99.2906399266125,100,92.9910163540316,100,96.5469613259668,93.7154696132597,97.0994475138122,95.0966850828729,94.4060773480663,94.3370165745856,90.0552486187845,88.3977900552486,86.0699844360352,1.0767160654068,10.834454536438,88.0888290405273,,,,,,765.401916503906,186.956207275391,123.838516235352,10.542797088623,319.035583496094,57.1349601745605,70.043083190918,355.931671142578,65.4140319824219,75.5123748779297,8947,1292,7148.27880859375,1032.25390625,30,200,159.791625976562,23.9687442779541,180,217,,,1.73373925685883,1.43812465667725,2.2754328250885,1.69419074058533,91,7,72.705192565918,5.59270715713501,18.2090549468994,29.6673115511333,943.89221309021,447.092886827838,,,,1174.98099770363,556.552579781651,,,4418,79.8838399906075
2017,MG,31076,Manga,100,100,100,100,89.5477386934673,88.8442211055276,93.2663316582915,85.5276381909548,80.7035175879397,86.3316582914573,97.3869346733668,72.8643216080402,66.7792816162109,2.25225234031677,24.2117118835449,73.5360336303711,,,,,,640.544555664062,190.243469238281,108.211883544922,16.8937320709229,384.591278076172,84.5977401733398,88.0793609619141,422.388122558594,94.8959350585938,94.5196304321289,3954,1210,6901.1259765625,2111.87719726562,0,59,102.975830078125,0,53,32,,,0.558512985706329,0.925037086009979,0.700322926044464,0.994851231575012,0,0,0,0,0.935509204864502,18.1732942968826,519.377023488444,246.098375098153,,,,646.533708806503,306.349507174537,,,8582,517.324753058334
2017,MS,50004,Três Lagoas,77.535013188088,88.7487185848069,73.0076501855088,97.1341320178529,96.1475217289171,97.9563072586328,100,92.8353300446324,86.8686868686869,93.5635424007517,91.5668311017148,85.2948085506225,75.7823104858398,0.680272102355957,25.0113372802734,74.2176895141602,,,,,,620.186889648438,177.299209594727,144.866424560547,1.1621150970459,377.20751953125,88.7907180786133,102.905059814453,421.089294433594,101.165840148926,112.113677978516,16391,3118,5906.73046875,1123.61572265625,10,377,135.857330322266,3.60364246368408,297,391,,,1.40902423858643,1.07028186321259,1.32361793518066,1.1369491815567,254,14,91.5325241088867,5.04509973526001,22.4117736816406,25.6176744900882,1058.83008685486,654.125714847598,,,,1318.05858189916,814.272301854209,,,13887,119.986787233379
2017,MS,50001,Campo Grande,65.2634513996773,86.7078438171478,58.9342903869624,100,91.9594997022037,92.1934825151025,98.7620182081171,89.9770271420063,94.9672424061942,92.7465328001361,100,87.9477580192291,70.7723236083984,1.19236886501312,31.0559787750244,67.7014465332031,,,,,,574.7919921875,143.832748413086,140.329559326172,1.34786689281464,340.158081054688,67.6173629760742,103.57071685791,379.896392822266,77.2138519287109,112.434852600098,89603,14552,6036.46142578125,980.353210449219,183,2130,143.495895385742,12.3285207748413,1596,3308,,,2.22856545448303,1.07520866394043,2.73854851722717,1.22148358821869,1223,159,82.3922424316406,10.7116651535034,22.8406162261963,30.6009159893365,1219.01812544936,615.703527161428,,,,1517.46472043668,766.443386862263,,,62440,103.32801774287
2017,MS,50003,Dourados,84.7445056738873,85.6378149096773,80.3322898456451,100,100,100,100,99.6388587937884,92.7771758757674,98.8876850848682,100,87.5334055615746,66.3250122070312,1.18753087520599,31.9290313720703,66.2613983154297,,,,,,592.148620605469,169.845794677734,134.562652587891,1.74645566940308,375.883544921875,83.860595703125,103.145278930664,418.799957275391,95.2779083251953,111.974021911621,53847,12337,6551.3515625,1500.99401855469,54,1145,139.3076171875,6.56996631622314,881,1103,,,1.34197652339935,1.07187783718109,1.49685740470886,1.14417791366577,627,61,76.2846145629883,7.42162895202637,20.1711349487305,24.9001223726346,818.232885896147,471.821314365768,,,,1018.55707599983,587.335154377784,,,42172,137.912355778482
2017,MS,50002,Corumbá,87.4758595520141,92.5343288575295,81.3171940815985,90.961380443714,61.9145439605588,60.7230895645029,65.2423993426459,57.3130649137223,53.0813475760066,57.189811010682,88.2087099424815,47.2884141331142,55.3758735656738,5.41958045959473,31.2937068939209,63.2867126464844,,,,,,625.979248046875,177.021820068359,170.995544433594,3.97111916542053,435.648834228516,113.699012756348,149.316909790039,480.477111816406,127.153450012207,159.852752685547,9001,2007,6780.31201171875,1511.84167480469,7,143,107.719657897949,5.27299022674561,91,148,,,1.11486077308655,0.685488760471344,0.997160136699677,0.790195226669312,60,3,45.1970596313477,2.25985288619995,15.4717063903809,19.2193829577082,894.476534202839,444.683943270762,,,,1113.46710567649,553.553865664879,,,7764,149.569252069201
2017,MT,51002,Baixada Cuiabana,54.0089213636646,55.1338204549688,42.2128500755521,92.3497582316371,77.3773889016809,80.6873129173382,84.2044669583237,75.6332028551692,86.7948422749252,79.720239465807,81.3435413308773,78.2293345613631,68.045539855957,0.673541128635406,28.85498046875,70.0780868530273,,,,,,579.270812988281,164.240798950195,130.527145385742,2.18902015686035,393.920288085938,96.3918533325195,105.973030090332,439.061218261719,108.730209350586,114.590049743652,55600,6763,5595.45849609375,680.613037109375,187,1908,192.016815185547,18.8192577362061,1295,2253,,,2.26736831665039,1.30325877666473,2.4823305606842,1.36962938308716,1131,332,113.8212890625,33.4117317199707,27.5925540924072,27.006232139965,950.390587175841,431.141705143937,,,,1183.07033879649,536.696143729338,,,47760,105.596487183081
2017,MT,51006,Médio Araguaia,93.2446871660928,99.7118280034106,93.2446871660928,93.3484934621944,77.4303581580443,87.4360432063673,86.9812393405344,83.4565093803297,87.1517907902217,82.6606026151222,82.0920977828312,89.6532120523025,61.9205284118652,4.63576173782349,33.1125831604004,62.0309066772461,,,,,,424.897979736328,86.0287246704102,75.5374145507812,7.90123462677002,325.605499267578,58.4072341918945,62.6197395324707,359.798645019531,65.474365234375,67.4149627685547,4312,932,4523.85205078125,977.789916992188,0,168,176.253967285156,0,110,80,,,0.839304625988007,1.15404391288757,0.994575977325439,1.2190899848938,75,0,78.6848068237305,0,6.58014822006226,25.1469327164982,1010.22311006916,642.200770675097,,,,1257.55138278578,799.4278285054,,,4945,161.349271883169
2017,MT,51001,Alto Tapajós,96.3742023920997,99.9449759148961,96.3742023920997,86.2327909887359,93.0538172715895,91.6145181476846,97.9974968710889,86.2953692115144,83.1664580725907,87.0463078848561,74.2177722152691,76.2202753441802,81.812614440918,0.55113285779953,19.7183094024658,79.669319152832,,,,,,542.845336914062,154.964492797852,102.370491027832,5.53633213043213,362.164245605469,86.8871917724609,84.137077331543,402.822631835938,98.2734375,91.008544921875,6489,1183,6094.3310546875,1111.04846191406,0,150,140.876815795898,0,89,96,,,0.901611626148224,0.835869133472443,0.801589071750641,0.824129402637482,58,0,54.4723701477051,0,3.849693775177,25.2606893651357,664.461948022035,411.5039647594,,,,827.139107406123,512.250585783557,,,4800,103.041171534871
2017,MT,51013,Sul Matogrossense,78.975777356468,88.2332589374995,73.4200884750454,99.0770282588879,82.7142206016408,86.5998176845943,91.1121239744758,83.8195077484047,81.802643573382,84.1613491340018,93.1745670009116,79.7174111212397,72.2312316894531,0.834105670452118,28.2900829315186,70.7483749389648,,,,,,558.211242675781,148.31135559082,97.9010620117188,7.25244092941284,384.067596435547,88.5080490112305,84.5068588256836,431.119079589844,101.509384155273,91.3212890625,32801,5881,6384.2001953125,1144.64440917969,54,813,158.237701416016,10.5102529525757,474,600,,,1.16780591011047,0.922566652297974,1.35674715042114,0.956335723400116,298,27,58.0010261535645,5.25512647628784,15.8080053329468,28.3849744907926,972.770971895662,611.48399380237,,,,1210.93001006234,761.190804578701,,,24042,101.445884883946
2017,MT,51009,Norte Araguaia Karajá,100,100,100,94.5812807881773,89.6551724137931,91.1330049261084,100,100,100,100,55.1724137931034,100,60.5633811950684,1.05633807182312,35.2112693786621,63.3802833557129,,,,,,404.4072265625,86.65869140625,45.3926467895508,39.7959175109863,246.825393676758,45.6253051757812,36.3394813537598,269.054962158203,51.3768310546875,37.3316688537598,1364,327,5628.68798828125,1349.39953613281,0,40,165.064163208008,0,28,20,,,0.825320839881897,1.1554491519928,0.897536396980286,1.1265629529953,0,0,0,0,2.612140417099,19.5456207497015,1042.87295869638,612.291719168901,,,,1298.19474352428,762.196281627748,,,1587,171.098638531056
2017,MT,51004,Centro Norte,90.3966532701539,98.3410251929817,90.3966532701539,64.6243617797228,77.5346462436178,76.6593727206419,81.5463165572575,75.200583515682,69.7301239970824,77.2428884026258,59.0080233406273,52.3705324580598,74.1477279663086,0.710227251052856,17.96875,81.25,,,,,,557.847900390625,138.210083007812,114.173545837402,11.8491916656494,366.448547363281,78.0144195556641,84.0136566162109,410.698211669922,89.8182067871094,91.7097091674805,6325,1680,6334.62841796875,1682.55749511719,0,200,200.304458618164,0,88,55,,,0.550837278366089,0.881339609622955,0.729358613491058,0.883843421936035,32,0,32.048713684082,0,7.06574010848999,26.2709383864384,867.298401042465,529.889506566508,,,,1079.63507530943,659.619914714451,,,6884,179.342414162184
2017,MT,51005,Garças Araguaia,90.4263441787148,97.5156605338128,90.4263441787148,81.0089020771513,66.2215628090999,66.9139465875371,72.4530168150346,62.9574678536103,62.6607319485658,64.4411473788328,73.6399604352127,57.4678536102868,47.0802917480469,4.4251823425293,41.6514587402344,50.8667869567871,,,,,,627.645141601562,159.706146240234,146.929656982422,9.54198455810547,390.382751464844,81.8239059448242,113.67798614502,430.215637207031,90.8874359130859,120.808670043945,7002,1665,5591.31201171875,1329.55358886719,10,236,188.453247070312,7.98530721664429,157,156,,,1.24570786952972,1.25369322299957,1.40162098407745,1.28603374958038,37,0,29.5456352233887,0,11.208176612854,27.5440839527213,959.122589775673,532.808949352699,,,,1193.9401573885,663.254111236135,,,7427,158.019117839195
2017,MT,51011,Oeste Matogrossense,77.0823418664854,63.5169835002484,63.7465679993724,98.778071334214,78.2364597093791,81.5389696169088,85.336856010568,72.5231175693527,75.2642007926024,68.7912813738441,85.997357992074,74.8018494055482,68.4193420410156,0.551768898963928,37.974681854248,61.0516052246094,,,,,,601.183044433594,166.457962036133,124.207160949707,3.72565627098083,365.203704833984,84.9553909301758,96.2941207885742,405.384399414062,96.1981582641602,103.956924438477,13167,2127,6702.60546875,1082.740234375,16,333,169.512237548828,8.14473152160645,206,232,,,1.18098616600037,1.0486341714859,1.33993566036224,1.09203040599823,111,19,56.504077911377,9.6718692779541,11.4616737365723,26.4077522268412,598.503074313232,381.681980383266,,,,745.031826338459,475.127422280541,,,13259,160.202430628801
2017,MT,51007,Médio Norte Matogrossense,84.800633520964,68.7806861716927,78.3798129400937,100,91.5836392239119,98.977451494494,100,98.4268484530676,94.7823807026744,99.6067121132669,99.7378080755113,89.8531725222863,73.1046447753906,0.869997501373291,23.7882175445557,75.1180725097656,,,,,,445.245239257812,116.928886413574,77.8138885498047,6.355140209198,363.737701416016,89.1739654541016,76.9944305419922,407.07470703125,100.990600585938,82.5550994873047,12730,2874,5297.169921875,1195.92041015625,0,346,143.976501464844,0,184,254,,,1.05693733692169,0.765655338764191,1.28829836845398,0.801441431045532,156,65,64.9142608642578,27.047607421875,19.3415355682373,26.2303796679751,721.855469153213,479.129684144057,,,,898.584020061622,596.432798679317,,,8389,82.8392485060021
2017,MT,51008,Noroeste Matogrossense,74.4592013216655,89.8777717545626,74.4592013216655,100,83.5940992400536,85.5610192221725,90.5230219043362,80.0625838176129,73.1336611533304,81.6718819848011,90.3442109968708,70.7644166294144,75.8285446166992,0.707026064395905,28.413610458374,70.8793640136719,,,,,,370.663055419922,84.0420455932617,73.379997253418,0.846023678779602,316.042633056641,69.7616806030273,72.7822494506836,353.243865966797,79.6051864624023,79.6771926879883,7584,1978,4756.52880859375,1240.56091308594,0,227,142.369735717773,0,115,75,,,0.47038459777832,0.721256375312805,0.634392023086548,0.727214574813843,91,10,57.0733299255371,6.27179431915283,2.09164357185364,28.4340155429652,672.763421960124,405.396918521143,,,,837.472992986398,504.648379533167,,,7416,115.177461153581
2017,MT,51012,Sudoeste Matogrossense,91.667905260673,100,89.0450003060056,95.1646090534979,90.4320987654321,93.0041152263374,95.6275720164609,89.40329218107,84.7222222222222,88.8888888888889,85.4938271604938,83.3847736625514,69.1442565917969,0.684596598148346,33.1540336608887,65.9657669067383,,,,,,512.994995117188,125.058486938477,123.357009887695,9.95024871826172,376.185394287109,77.6730346679688,97.5589904785156,418.846221923828,89.0183944702148,105.098731994629,8255,2068,7022.84228515625,1759.326171875,0,177,150.580627441406,0,83,67,,,0.569994449615479,0.706112563610077,0.638478875160217,0.697179794311523,55,0,46.7905921936035,0,10.7150449752808,23.7416834119692,785.335803531875,519.668838720325,,,,977.605952426765,646.896967818016,,,6675,143.964499159244
2017,MT,51003,Araguaia Xingu,88.8647207409486,99.7169987837964,88.8647207409486,91.4623069936421,95.3678474114441,97.5476839237057,100,97.7293369663942,96.5485921889192,98.4559491371481,76.3851044504995,86.1943687556767,66.1317596435547,1.01351356506348,33.6148643493652,65.2871627807617,,,,,,351.308013916016,65.9413146972656,47.7506065368652,22.9773464202881,278.941619873047,48.6165466308594,41.139217376709,309.774475097656,55.9087409973145,44.7644119262695,3608,461,4102.00439453125,524.119750976562,0,123,139.841064453125,0,62,44,,,0.500244438648224,0.704889893531799,0.589208364486694,0.729049444198608,15,0,17.0537872314453,0,2.04076981544495,23.1881645027329,689.232445258417,389.284163009549,,,,857.974051431281,484.590812276853,,,5831,195.348411230388
2017,MT,51014,Teles Pires,90.8670419011882,83.1369606003752,83.8984365228268,100,88.4221580467314,96.1538461538462,100,95.6156471514833,88.8159621948018,94.0798109740089,100,83.7621422945655,74.7829208374023,0.34973469376564,22.5518569946289,77.0622253417969,,,,,,423.541412353516,84.0764923095703,81.6465377807617,4.36029815673828,382.651611328125,69.5717544555664,85.5917816162109,428.120391845703,79.2040252685547,92.3872222900391,19566,2863,4754.453125,695.696533203125,22,392,95.2542953491211,5.34590435028076,639,607,,,1.4749835729599,1.55274224281311,1.69234323501587,1.56240129470825,324,77,78.7305908203125,18.7106647491455,19.4858207702637,29.82209752288,849.599700364672,637.514098729499,,,,1057.60328323397,793.593740245981,,,11574,64.6487620422875
2017,MT,51010,Norte Matogrossense,89.6011799234242,100,89.6011799234242,91.8744228993536,84.5798707294552,89.7506925207756,93.2594644506002,85.6879039704525,89.3813481071099,86.0572483841182,81.9021237303786,84.118190212373,84.9705276489258,1.08055007457733,16.9941062927246,81.8271102905273,,,,,,562.914367675781,139.277786254883,108.810768127441,9.53608226776123,346.309020996094,65.3885498046875,83.2177810668945,384.459686279297,73.9941482543945,89.9345703125,4039,1029,5859.82275390625,1492.8837890625,8,129,187.154525756836,11.6064825057983,78,66,,,0.957534790039062,1.13163197040558,1.1185747385025,1.27997732162476,39,10,56.581600189209,14.5081024169922,3.48919868469238,25.8356250487854,753.131074207374,509.471548363973,,,,937.516687500432,634.203121814611,,,3253,112.869075529381
2017,MT,51015,Vale do Peixoto,91.269833453163,92.4024701328632,91.269833453163,100,100,100,100,100,100,100,100,100,73.3446502685547,0.679117143154144,28.7492923736572,70.4584045410156,,,,,,466.662841796875,113.072311401367,79.5339126586914,8.21355247497559,335.447875976562,66.0256195068359,64.3009185791016,372.483489990234,75.6055526733398,68.3639602661133,6299,999,6035.953125,957.281677246094,0,161,154.276626586914,0,69,63,,,0.603691160678864,0.661185562610626,0.731855750083923,0.663581132888794,33,0,31.6219177246094,0,2.52304577827454,31.5015965034214,742.161272768136,445.716874804565,,,,923.861200082554,554.839685070226,,,5776,144.564966364792
2017,MT,51016,Vale dos Arinos,81.680338056177,100,81.680338056177,90.158371040724,71.2669683257919,76.3574660633484,77.6018099547511,73.868778280543,73.7556561085973,74.6606334841629,48.6425339366516,67.8733031674208,74.6791152954102,0.816802799701691,21.5869312286377,77.5962677001953,,,,,,513.813415527344,96.805419921875,111.69856262207,19.2028980255127,347.163330078125,43.0233192443848,83.1018905639648,384.784912109375,48.2619781494141,88.8729095458984,2977,576,5542.1103515625,1072.30615234375,0,88,163.824554443359,0,45,34,,,0.6329585313797,0.837739229202271,0.907085418701172,0.870317995548248,35,0,65.1574935913086,0,4.8756422996521,25.7242547549729,1020.60102066171,561.127865211491,,,,1270.47006944619,698.506216877215,,,1859,78.9479222745846
2017,PA,15011,Tocantins,57.5898264924738,95.7144484099457,51.5375479397553,71.9496855345912,73.9706498951782,78.3731656184486,81.4423480083857,73.4675052410902,75.5136268343816,71.6142557651992,63.1781970649895,69.5849056603774,46.5669593811035,2.95717191696167,52.0734176635742,44.7484703063965,,,,,,400.898712158203,101.279670715332,86.7279968261719,10.1270418167114,330.370880126953,74.2228088378906,85.8970489501953,365.707427978516,82.9735641479492,91.8031997680664,46338,12030,6742.9560546875,1750.56677246094,0,733,106.663795471191,0,279,284,,,0.413267642259598,0.405991792678833,0.45259353518486,0.444299101829529,125,0,18.1895961761475,0,3.36434769630432,20.2885412002806,349.168983829541,167.462305577474,,,,434.654418478592,208.461330813378,,,110302,503.20731327676
2017,PA,15003,Carajás,63.4177026236282,85.4737935728872,59.0470390140795,81.4251352976548,59.0619362597715,61.8641010222489,70.6674684305472,61.4972940469032,57.8773301262778,54.4558027660854,73.4215273601924,58.3223090799759,50.7632102966309,1.55903458595276,51.3698616027832,46.8493156433105,,,,,,463.874725341797,111.056991577148,94.8219680786133,9.00329685211182,416.299926757812,99.0920104980469,98.2375640869141,464.700897216797,112.181121826172,106.612953186035,43899,10183,5164.5029296875,1197.98022460938,38,1070,125.880279541016,4.47051477432251,541,574,,,0.675283014774323,0.63646012544632,0.732282042503357,0.634548366069794,369,4,43.4110488891602,0.470580488443375,13.9745931625366,28.1621171289819,728.075593999894,411.238923130255,,,,906.326989435495,511.920655232667,,,64460,196.860981986836
2017,PA,15007,Metropolitana II,72.7603672048116,100,67.7381517659295,76.9394087865425,72.7747836028091,85.3993140617344,85.2359954270782,81.3816756491916,77.739670096358,75.7635146170178,64.9028254123796,67.7119059284664,42.0331039428711,2.24042797088623,59.9063720703125,37.3850517272949,,,,,,480.563812255859,141.782974243164,89.6201553344727,10.5080833435059,376.214477539062,98.6157531738281,86.9397277832031,421.55224609375,112.506439208984,94.3214111328125,21977,7628,6097.77734375,2116.478515625,0,458,127.077491760254,0,148,98,,,0.271912544965744,0.410643428564072,0.438389599323273,0.458574950695038,38,0,10.5435476303101,0,1.52049052715302,19.5047164736282,307.833977724074,122.205669340673,,,,383.199553145101,152.124720699672,,,52614,435.487514923309
2017,PA,15013,Marajó I,54.4522947066261,97.9005057581246,52.7479239995899,92.2689965581149,76.0391845379931,81.0961080222399,85.8617950754567,73.6298649722002,84.1673285676463,67.4344718030183,72.0677786603124,78.9780248874768,33.5943412780762,4.95074510574341,63.8545074462891,29.8055057525635,,,,,,309.646942138672,90.3311996459961,88.6506195068359,6.78426074981689,256.696624755859,65.831901550293,88.5010223388672,283.852783203125,74.973747253418,95.3680191040039,13797,4738,5796.7421875,1990.64758300781,0,221,92.8520736694336,0,83,61,,,0.256288528442383,0.348720461130142,0.272148996591568,0.356598168611526,0,0,0,0,0.477705001831055,19.3861787900053,314.156397931706,137.05091518224,,,,391.069862382152,170.604459729379,,,40513,582.663127456444
2017,PA,15001,Araguaia,70.0341924865197,98.1316974140431,68.1887957262163,100,75.9296549872466,83.6219626795543,87.5151026983488,78.1849912739965,79.3797825211438,74.0502080816217,95.7578198415895,72.0767888307155,55.4147453308105,2.35535073280334,49.6543769836426,47.9134674072266,,,,,,419.30859375,91.0748443603516,80.3280181884766,14.5960035324097,367.569122314453,75.145751953125,85.0752105712891,409.670715332031,85.0344696044922,91.353271484375,37106,13323,6758.8466796875,2426.7802734375,19,938,170.856414794922,3.46084427833557,332,274,,,0.499090164899826,0.604736983776093,0.63356214761734,0.670493006706238,312,7,56.8307037353516,1.27504789829254,2.83115267753601,21.3215336211726,442.671891818799,213.875708290831,,,,551.049212919923,266.237913214051,,,42415,208.121811891547
2017,PA,15002,Baixo Amazonas,63.6919356418835,100,55.5793988536429,94.8697762907564,62.0743948041724,72.1380305714098,79.170766909401,68.4904546349144,64.6919897657941,48.5009512563144,75.1164468936561,67.8606573509152,44.4494895935059,2.15276885032654,47.5230178833008,50.1621055603027,,,,,,453.137847900391,110.325782775879,98.6225738525391,11.08531665802,334.819458007812,71.31787109375,91.3158950805664,370.473602294922,81.0350494384766,97.3710327148438,40951,7328,5384.923828125,963.608276367188,47,1022,134.389694213867,6.18034791946411,567,411,,,0.54045170545578,0.745586633682251,0.719681799411774,0.86699104309082,179,0,23.5379199981689,0,5.25331878662109,24.913880253721,432.122875743334,200.314498529318,,,,537.917529809029,249.356574905852,,,96201,393.933336925148
2017,PA,15012,Xingu,73.1524131110735,86.9316916278365,71.3705330494204,86.7991693859389,63.6754672204094,75.0667457727677,80.8365470186888,72.9308810442005,73.8653218629487,55.339661821418,75.4968851972708,70.7653515277366,49.0360565185547,4.85651206970215,51.6850624084473,42.1927871704102,,,,,,487.811981201172,108.532333374023,92.1941299438477,5.80143547058105,423.172271728516,87.4035720825195,93.928955078125,471.585357666016,99.2584838867188,100.292762756348,26200,7179,7643.94384765625,2094.4990234375,19,522,152.295364379883,5.54331827163696,265,206,,,0.601012408733368,0.773146986961365,0.698676884174347,0.870592713356018,119,0,34.718677520752,0,1.97604703903198,21.2663446823848,475.275866362937,256.875459527849,,,,591.635468434793,319.765095564746,,,45293,426.441977325713
2017,PA,15014,Marajó II,54.7454740263335,94.3506339131313,54.7454740263335,87.4646940147949,43.9004707464694,48.8903833221251,56.3954270342972,42.649630127774,61.8560860793544,36.3281775386685,64.8150638870208,49.0921318090114,24.6512832641602,19.4498767852783,56.0552749633789,24.1819839477539,,,,,,276.166107177734,50.2993927001953,78.4926834106445,12.9930391311646,246.517272949219,40.6055946350098,76.0239562988281,274.659759521484,46.3730621337891,81.8985290527344,18953,4165,6072.1298828125,1334.37561035156,0,294,94.1912231445312,0,141,94,,,0.301155596971512,0.451733410358429,0.377165347337723,0.496025711297989,17,17,5.44643115997314,5.44643115997314,0.436034858226776,21.9961592646377,326.664931408731,137.447286027681,,,,406.640802517919,171.097872223918,,,46625,575.32821050999
2017,PA,15006,Metropolitana I,60.1557932943118,47.5211171460496,42.6280070889973,79.1525526252117,63.9759254778611,66.2714735059279,69.3715218969272,60.9666102105008,58.7557464311638,60.0683522864747,77.6584805226228,57.5762158238568,59.078254699707,3.56382465362549,37.1253547668457,58.9930877685547,,,,,,593.95166015625,152.735595703125,130.217178344727,1.52566933631897,395.921630859375,83.4567031860352,109.234558105469,443.655303955078,95.0736083984375,118.040969848633,114301,23350,5178.8291015625,1057.9580078125,293,3722,168.638946533203,13.2754468917847,2010,4136,,,1.8739675283432,0.910704731941223,2.08542323112488,0.936995089054108,2938,436,133.116943359375,19.7545890808105,24.5496082305908,21.4126916736594,503.7063753816,199.73601450999,,,,627.026488075272,248.636463307559,,,173616,183.938393518159
2017,PA,15009,Rio Caetés,95.0179709589304,100,95.0179709589304,98.8228882833787,71.3024523160763,77.9727520435967,81.5040871934605,70.4632152588556,69.5803814713896,65.2534059945504,81.983651226158,62.6811989100817,37.1976165771484,20.6731338500977,43.3796882629395,35.8186264038086,,,,,,463.853454589844,150.230606079102,91.9433898925781,10.9039316177368,345.018463134766,95.5825119018555,86.9247436523438,384.11865234375,108.555122375488,92.6390228271484,36928,7973,6943.32421875,1499.10974121094,36,720,135.376770019531,6.76883840560913,305,248,,,0.466297775506973,0.573471069335938,0.662688076496124,0.711339116096497,204,4,38.3567504882812,0.752093195915222,1.41449928283691,18.924691442736,372.628925931765,125.255501351513,,,,463.857950190221,155.921229039531,,,74679,448.508744087055
2017,PA,15008,Metropolitana III,80.1418518276466,96.7425919915638,78.6032590695557,81.0191350669377,66.9517067358239,79.8486016681853,82.6662928436251,76.0916801009322,76.5823228429242,75.5379547206841,67.0988995584215,68.3044788673162,50.1139297485352,1.63910329341888,45.1084175109863,53.0760765075684,,,,,,453.758819580078,137.031036376953,94.9095001220703,5.13312530517578,359.182586669922,94.7943344116211,90.2026519775391,402.071258544922,107.626319885254,97.9999237060547,56015,13854,6096.73779296875,1507.88549804688,26,1207,131.371292114258,2.8298704624176,514,397,,,0.432099431753159,0.559443593025208,0.657645523548126,0.587334156036377,256,4,27.863338470459,0.435364663600922,2.9794180393219,22.5872994414427,433.12381964238,169.088195132203,,,,539.163530194281,210.485279421787,,,117108,340.852599337913
2017,PA,15010,Tapajós,61.3090688504701,88.8031543827722,57.0627843494086,100,61.0007543374403,79.9597686698516,87.2768418405834,72.5924063364345,70.5808398290169,66.7085743022379,80.6889615287905,72.7935629871763,45.6792907714844,2.49489688873291,46.8133354187012,49.8752555847168,,,,,,500.172943115234,110.138175964355,101.946075439453,10.3730659484863,432.774139404297,87.5710296630859,98.0256118774414,478.989135742188,99.5994415283203,104.697380065918,12836,2804,5841.87451171875,1276.146484375,0,244,111.048408508301,0,164,72,,,0.327683836221695,0.74639093875885,0.382183998823166,0.906591892242432,320,0,145.637252807617,0,1.37308621406555,18.890663093337,501.653270326545,237.730218951302,,,,624.4707307626,295.932613887351,,,24646,340.249088991886
2017,PA,15004,Lago de Tucuruí,55.7595962949739,79.7672192064622,51.7821284569744,95.4401432704229,70.3540432566469,72.68218762915,83.1932773109244,72.7510676401708,70.5606832897093,65.1467144234743,87.3949579831933,69.6239151398264,54.6902389526367,2.06019878387451,47.5599060058594,50.0438346862793,,,,,,368.593414306641,83.1075973510742,77.9414443969727,5.17976856231689,345.721588134766,76.9726791381836,83.4825820922852,385.950042724609,87.9084777832031,90.5926513671875,16504,3102,3707.0478515625,696.756103515625,15,417,93.6645050048828,3.36922693252563,278,173,,,0.388584166765213,0.624430060386658,0.509370923042297,0.650709986686707,247,15,55.4799346923828,3.36922693252563,1.78074872493744,19.8464704238761,400.467956256923,183.071248063899,,,,498.512682131981,227.891738821252,,,42537,277.219433150702
2017,PB,25011,11ª Região,99.1215745539984,100,99.1215745539984,69.8578199052133,95.7345971563981,100,100,96.5876777251185,100,98.4834123222749,64.3601895734597,100,77.9787216186523,2.23404264450073,17.2340431213379,80.1063842773438,,,,,,643.608947753906,171.866104125977,174.236679077148,6.62983417510986,352.455261230469,67.9214859008789,109.377960205078,394.492614746094,77.9924774169922,118.804138183594,2080,297,2465.3896484375,352.029205322266,0,124,146.975158691406,0,93,75,,,0.888962626457214,1.10231363773346,0.928076982498169,1.22795379161835,4,0,4.74113416671753,0,0.805992782115936,22.7245517820959,551.199898790422,233.995896721562,,,,686.147632148133,291.284034739864,,,13376,534.739456981434
2017,PB,25007,7ª Região,100,100,100,84.0020576131687,92.1296296296296,96.1934156378601,96.9650205761317,91.9753086419753,93.2098765432099,91.7181069958848,74.3312757201646,93.8271604938272,64.9168395996094,3.79417872428894,27.8586273193359,68.2952194213867,,,,,,648.395141601562,174.697128295898,137.741973876953,14.6113986968994,324.936920166016,63.5500221252441,90.1095733642578,363.801055908203,73.9007034301758,97.6467361450195,5915,1431,3974.35986328125,961.506164550781,10,361,242.560256958008,6.71912050247192,226,117,,,0.786137104034424,1.51852130889893,0.998461365699768,1.53229546546936,21,10,14.1101531982422,6.71912050247192,1.08446609973907,21.925426177268,749.653534705234,303.733456678943,,,,933.18775801345,378.095120412322,,,24795,527.836003395095
2017,PB,25003,3ª Região,100,100,100,70.8120965001699,88.4471627590894,89.9082568807339,92.0489296636086,86.5783214407068,88.0054366292898,86.4084267753992,59.8029221882433,82.12708120965,74.0208435058594,1.11390590667725,25.3683071136475,72.0445556640625,,,,,,765.076965332031,219.468368530273,155.66943359375,12.474983215332,375.8544921875,83.1233139038086,105.611946105957,415.098541259766,92.6242065429688,113.717826843262,8398,1550,4286.2685546875,791.10693359375,0,188,95.95361328125,0,163,118,,,0.602262079715729,0.83193826675415,0.70740270614624,0.843422055244446,2,0,1.02078318595886,0,3.12614846229553,23.5356018983627,503.023249791145,238.69954325207,,,,626.176115991787,297.139253393663,,,29498,438.187904338637
2017,PB,25002,2ª Região,100,100,100,89.4700932453946,87.1048442119627,82.4425744826018,90.7664316579486,83.784398453491,79.2813281783034,85.5810780077325,79.9408687741642,79.9408687741642,70.1308135986328,1.28391468524933,25.9205417633057,72.5290679931641,,,,,,697.752624511719,235.740478515625,141.052474975586,5.1474027633667,332.693481445312,80.0924835205078,90.4336395263672,370.725250244141,90.151741027832,97.8602676391602,14332,3264,4679.54638671875,1065.72985839844,6,285,93.0554504394531,1.95906209945679,290,239,,,0.780359745025635,0.946880042552948,0.855538785457611,0.960430204868317,90,0,29.3859329223633,0,2.28524589538574,21.0484402341531,509.888305788353,237.818602043408,,,,634.721912040345,296.042635404959,,,46732,447.069752114849
2017,PB,25015,15ª Região,100,100,100,47.6623376623377,78.6147186147186,74.7186147186147,84.5021645021645,79.4372294372294,79.3939393939394,74.5021645021645,40.1731601731602,70.4329004329004,76.0149307250977,0.466635555028915,23.4717693328857,74.4750366210938,,,,,,685.25048828125,196.926345825195,122.413681030273,12.5242719650269,344.386749267578,72.5081405639648,88.0940170288086,379.713012695312,81.7290954589844,93.6326751708984,6474,1162,4307.0986328125,773.068969726562,0,128,85.157341003418,0,127,81,,,0.538886308670044,0.844920516014099,0.814649760723114,0.917104661464691,0,0,0,0,2.77493190765381,23.7282085325901,573.611210663036,274.559060010972,,,,714.045802319195,341.778090534402,,,24414,489.982630147088
2017,PB,25001,1ª Região Mata Atlântica,93.477858595693,99.8112684556492,87.6085993401306,100,76.2317300026575,78.7137921870848,87.4568163699176,72.2614934892373,93.6433696518735,73.7602976348658,100,78.8519798033484,65.715705871582,2.81312131881714,32.2365798950195,64.3936386108398,,,,,,642.19091796875,162.760848999023,134.961044311523,2.29746079444885,383.791839599609,79.0417861938477,103.899887084961,428.261779785156,89.7164611816406,112.470108032227,67583,9784,5248.02783203125,759.757690429688,208,2461,191.104217529297,16.1518402099609,2108,2927,,,2.27290558815002,1.63692688941956,2.25191974639893,1.55741012096405,1068,118,82.9334869384766,9.16306304931641,21.0661926269531,22.7623646130193,698.381132768021,304.576362695119,,,,869.362569980999,379.144391227487,,,124948,259.7934464718
2017,PB,25005,5ª Região,100,100,100,91.1917098445596,89.2045454545455,87.8156565656566,89.5833333333333,86.489898989899,85.9848484848485,86.5530303030303,84.9116161616162,86.6161616161616,66.882698059082,1.10174989700317,25.9235248565674,72.2618255615234,,,,,,795.534362792969,249.771118164062,163.551193237305,5.69832420349121,381.851898193359,77.6511077880859,98.7621078491211,425.961456298828,88.424560546875,107.275520324707,4535,1088,4031.00366210938,967.085327148438,0,164,145.773895263672,0,133,81,,,0.719980776309967,1.18219065666199,0.83020007610321,1.24041140079498,0,0,0,0,2.00350213050842,22.4112713228842,824.24075422581,381.187630204211,,,,1026.03582307091,474.51204262326,,,19237,460.578337071935
2017,PB,25010,10ª Região,100,100,100,81.7897371714643,73.153942428035,71.1514392991239,76.2828535669587,71.6520650813517,77.5969962453066,68.4605757196496,37.4843554443054,57.1339173967459,59.4910583496094,0.687757909297943,28.0605220794678,71.1829452514648,,,,,,718.357543945312,150.872222900391,142.299942016602,7.51789999008179,322.710266113281,45.2226333618164,95.179084777832,360.842498779297,52.08935546875,101.727592468262,2708,484,2321.375,414.898620605469,14,172,147.443313598633,12.00119972229,143,99,,,0.848656296730042,1.2258368730545,1.05396258831024,1.23869526386261,96,2,82.2939453125,1.71445715427399,4.38215255737305,19.9633682884799,631.772732900242,221.363350566307,,,,786.44674225544,275.558720472842,,,18663,526.431895260815
2017,PB,25006,6ª Região,99.6853180821721,99.6680000168957,99.6853180821721,100,81.0617357590218,83.5967790038771,88.1896808827915,81.8968088279153,97.7930211750671,81.8371607515658,100,88.6370414554131,84.7819366455078,2.66006803512573,22.208475112915,75.0695953369141,,,,,,670.496887207031,225.480575561523,139.704544067383,5.38315391540527,339.229156494141,79.9016189575195,94.2721633911133,379.846771240234,91.2003173828125,103.111015319824,7516,1342,3191.54809570312,569.858642578125,17,404,171.55207824707,7.21877574920654,352,215,,,0.912962794303894,1.49471116065979,1.22740423679352,1.52231240272522,52,6,22.080961227417,2.54780316352844,3.19452047348022,22.9212893262663,667.437825672309,306.68374106704,,,,830.843555479824,381.767709343304,,,32900,410.701002377144
2017,PB,25016,16ª Região,99.1226773128296,83.0011883834152,88.4436558397818,91.609977324263,95,94.3877551020408,95.7256235827664,93.6734693877551,92.3242630385488,93.1746031746032,34.1383219954648,90.6462585034014,76.6759643554688,0.606134057044983,23.7483329772949,73.3058547973633,,,,,,700.2685546875,215.495483398438,135.648345947266,6.18610763549805,370.446655273438,84.9944610595703,98.2894592285156,412.830627441406,96.8571624755859,106.232070922852,28658,6004,5260.36572265625,1102.07397460938,138,1776,325.99658203125,25.3308143615723,783,1184,,,2.17331051826477,1.43724846839905,2.08947110176086,1.36598253250122,352,24,64.611930847168,4.40535926818848,16.012378692627,22.1981962278608,689.314110950065,234.487409048774,,,,858.075710958206,291.895881767101,,,49202,227.798758552846
2017,PB,25014,14ª Região,98.0260683055601,97.7455865368751,98.0260683055601,91.8095238095238,98.5238095238095,100,100,99.8571428571429,95.2380952380952,94.4285714285714,83.9047619047619,85.7142857142857,65.0059814453125,2.15225195884705,33.2403335571289,64.527702331543,,,,,,640.5869140625,201.346298217773,148.185562133789,4.14937782287598,378.785797119141,94.0987396240234,110.78751373291,422.408843994141,106.125923156738,120.925758361816,5109,473,3394.9775390625,314.312866210938,0,128,85.0571823120117,0,169,95,,,0.631283760070801,1.1230206489563,0.825154364109039,1.31406700611115,10,10,6.64509248733521,6.64509248733521,1.88787066936493,19.8636864888401,469.057330472103,228.938737476657,,,,583.894477033511,284.988754481464,,,26414,453.958448856953
2017,PB,25004,4ª Região,98.9773835920177,98.4674057649667,98.9773835920177,97.4657534246575,88.2876712328767,87.5342465753425,91.986301369863,84.041095890411,84.041095890411,82.4657534246575,86.986301369863,83.5616438356164,78.1294937133789,0.503597140312195,18.1294956207275,80.5755386352539,,,,,,668.693542480469,179.209869384766,138.196670532227,8.53333377838135,301.431091308594,55.4921951293945,86.6185531616211,335.256072998047,63.1697731018066,94.6312408447266,5330,1362,4752.18212890625,1214.34753417969,0,280,249.645599365234,0,123,64,,,0.570618510246277,1.09665739536285,0.807113111019135,1.10780227184296,0,0,0,0,1.25981867313385,22.0258583328649,569.711602328864,278.124911520819,,,,709.191470831346,346.216953051325,,,19867,559.746711983469
2017,PB,25008,8ª Região,100,100,100,100,100,98.2421875,100,91.3411458333333,98.7630208333333,95.0520833333333,97.7864583333333,100,76.5625,1.27840912342072,25.4971599578857,73.082389831543,,,,,,648.325866699219,156.110046386719,133.077407836914,4.34210538864136,344.264190673828,50.9196891784668,94.4013442993164,379.907897949219,57.2934989929199,103.026817321777,5836,1832,4978.46044921875,1562.80651855469,0,214,182.554916381836,0,138,89,,,0.759223699569702,1.1772233247757,0.809554278850555,1.02324593067169,3,0,2.55918097496033,0,1.57048416137695,22.8502423893121,652.6520899043,260.785586753606,,,,812.437896100984,324.632521235973,,,16678,359.864340988553
2017,PB,25009,9ª Região,100,100,100,100,82.7811682650392,82.3888404533566,84.3940714908457,81.0374891020052,90.2353966870096,81.9965126416739,98.5834440017707,88.0122057541412,75.434684753418,2.85332155227661,25.6798934936523,71.3330383300781,,,,,,720.193237304688,195.537872314453,133.01123046875,6.7087607383728,341.156066894531,66.2239761352539,81.2465438842773,380.970520019531,75.2795639038086,88.2038803100586,8800,2518,5002.13134765625,1431.29174804688,7,274,155.748184204102,3.97896838188171,230,199,,,1.13116383552551,1.3073753118515,1.02557909488678,1.15475344657898,67,0,38.0844116210938,0,2.34759140014648,18.4764106959238,511.695034052693,234.863472191709,,,,636.970973267012,292.364014717831,,,25678,484.196703935614
2017,PB,25013,13ª Região,100,100,100,94.6308724832215,89.9106002554278,85.3128991060026,91.698595146871,82.8863346104725,83.6526181353768,82.7586206896552,84.6743295019157,84.9297573435504,84.4850082397461,0.521512389183044,20.0782260894775,79.400260925293,,,,,,723.318298339844,132.415252685547,180.415786743164,3.66132712364197,326.970458984375,48.3813133239746,106.277587890625,368.906127929688,55.6316223144531,117.421119689941,3002,729,4968.88232421875,1206.63403320312,0,105,173.795028686523,0,97,52,,,0.86069917678833,1.6055349111557,1.2666347026825,1.70981192588806,8,6,13.2415256500244,9.93114376068115,6.51317548751831,19.4981540248576,643.161148241662,255.697349043682,,,,800.623330889768,318.298553715057,,,9114,432.83707710097
2017,PB,25012,12ª Região,100,100,100,60.996835443038,86.1155063291139,85.996835443038,90.7041139240506,84.4145569620253,90.1898734177215,82.5553797468354,50.2373417721519,86.629746835443,64.7611846923828,1.57954120635986,29.8608493804932,68.0707015991211,,,,,,692.542907714844,204.796463012695,147.179626464844,8.73146629333496,365.052612304688,83.783576965332,96.717041015625,407.12060546875,94.7589950561523,106.060791015625,9143,2490,5215.74951171875,1420.45458984375,0,240,136.911285400391,0,158,111,,,0.6332146525383,0.90133261680603,0.783246636390686,0.895627975463867,23,0,13.1206645965576,0,1.92987859249115,20.8351788605708,540.844683270906,241.242137047499,,,,673.257196890994,300.304338721285,,,32501,551.857395382936
2017,PE,26010,Recife,67.3592651698223,73.672300486138,60.6491603919976,100,77.3001113221138,80.1928491912776,87.6907209743959,81.3273524981992,98.8491257939886,82.2752275554974,91.9164128263077,78.2643572785017,60.6925964355469,2.52406477928162,35.1423606872559,61.8209800720215,,,,,,689.975219726562,167.066757202148,145.286880493164,0.734580755233765,404.356201171875,79.8652572631836,102.443969726562,455.083343505859,91.6262664794922,112.0361328125,265310,44211,6342.9423828125,1056.98181152344,810,9095,217.440216064453,19.3652076721191,5601,9503,,,2.27194547653198,1.33906829357147,2.63223385810852,1.47995615005493,3598,675,86.019775390625,16.137674331665,25.5633659362793,19.0892845167451,518.195348126828,282.762030340003,,,,645.062729306834,351.989356320547,,,365628,187.950471402463
2017,PE,26001,Afogados da Ingazeira,100,100,100,91.2385643912738,83.4623504574243,85.1161154116819,85.7494722026742,83.8494018296974,85.2920478536242,84.3068261787474,84.8698099929627,81.4215341308937,84.375,0.46875,14.7265625,84.765625,,,,,,724.702880859375,215.981582641602,172.044143676758,2.26442646980286,343.599792480469,72.0199584960938,98.8752822875977,382.876342773438,81.8423004150391,109.086700439453,13058,1198,6912.46923828125,634.181213378906,0,378,200.1005859375,0,156,162,,,0.857573926448822,0.825811922550201,1.00301742553711,0.872925519943237,60,0,31.7619972229004,0,1.25354015827179,19.5434780937259,519.816752837827,242.32183441378,,,,647.081095067872,301.648373422554,,,31501,478.749916541862
2017,PE,26009,Petrolina,93.6425608494541,84.3638990171454,93.0304446208246,100,71.6027488361782,74.4180891154955,78.275326978497,70.2504987807582,75.980935491022,71.536244735092,100,67.7233429394813,67.9207916259766,1.86371576786041,24.3214912414551,73.6517181396484,,,,,,515.782897949219,108.489448547363,102.790191650391,11.5627470016479,385.803924560547,69.2310409545898,89.3246765136719,430.266967773438,78.9375762939453,96.1957473754883,26244,3571,5341.83349609375,726.858947753906,47,702,142.888549804688,9.56661224365234,588,806,,,1.64057219028473,1.19684422016144,1.63304102420807,1.26823759078979,193,26,39.2841720581055,5.29216861724854,13.5558891296387,20.1338730623733,365.904133740376,178.593558575057,,,,455.486758089251,222.317797231267,,,58591,323.357453951965
2017,PE,26003,Caruaru,82.1546449787417,91.3850495533532,80.4324992963276,90.6018471531513,92.3830305490713,93.7227240434385,99.8629858926215,92.7027301329544,100,93.82421597483,80.2090733786664,91.733482188166,71.9514694213867,0.933222711086273,30.1275405883789,68.8096237182617,,,,,,719.865112304688,190.476470947266,143.115951538086,6.0761570930481,429.142639160156,86.8398895263672,107.435707092285,481.519744873047,99.0676422119141,117.131317138672,65199,9685,4817.251953125,715.579772949219,88,1921,141.933792114258,6.50191211700439,1171,1303,,,0.962726294994354,0.865197598934174,1.10837280750275,0.892886161804199,347,10,25.6382217407227,0.738853633403778,6.96406507492065,23.2130949162585,442.43532407805,217.446160400925,,,,550.754727388424,270.682502675,,,186138,343.903138649854
2017,PE,26008,Palmares,92.8674860867819,99.3169503727877,90.7832378576664,75.5079924139799,91.6102230651133,92.910683644902,97.4984195791565,93.6512236972817,99.7200397362955,96.6856317167886,67.5787952677684,89.0002709292875,56.1916847229004,2.93744969367981,39.1890335083008,57.6661682128906,,,,,,637.980895996094,188.560958862305,136.779968261719,3.49668192863464,458.117340087891,116.754600524902,116.598747253418,512.152648925781,131.131362915039,126.755126953125,31227,4807,5084.79541015625,782.739685058594,30,1054,171.62629699707,4.88499879837036,326,361,,,0.58782821893692,0.530836582183838,0.781884789466858,0.572033405303955,87,20,14.1664972305298,3.2566659450531,1.89423978328705,20.1329251964693,473.381315388085,204.402684404218,,,,589.277083267758,254.445652505466,,,98653,414.588159050685
2017,PE,26004,Garanhuns,96.1832867903116,100,96.1832867903116,84.2688761815848,83.4519780604505,84.315556074221,90.4656319290466,79.8692963006185,85.8676625043762,80.5461547438441,77.7570311588283,77.8153810246236,70.0480117797852,1.92047274112701,23.2180233001709,74.7753295898438,,,,,,733.874389648438,236.36376953125,153.137084960938,3.9818549156189,420.618103027344,98.2127532958984,110.912368774414,468.559722900391,111.400344848633,119.948860168457,26584,3907,4916.662109375,722.592529296875,21,785,145.184326171875,3.88391160964966,406,391,,,0.723147392272949,0.750889599323273,0.85362833738327,0.79037606716156,76,5,14.0560617446899,0.92474091053009,4.72838497161865,20.5981980314482,486.33768475581,204.002180614421,,,,605.405500893396,253.947095216835,,,91926,526.74324368927
2017,PE,26005,Goiana,100,98.4881975277095,100,46.2959032052643,78.6881766079389,86.4572277648058,91.6578221184462,79.6433878157504,77.0749310125239,84.2071746975165,44.2793462109955,72.9993631925281,65.1018981933594,1.51133501529694,28.2802848815918,69.9564895629883,,,,,,745.139404296875,213.124526977539,158.967315673828,1.92389905452728,441.520355224609,102.64714050293,112.070838928223,494.235443115234,115.259201049805,122.438415527344,18492,2860,5891.029296875,911.115295410156,0,437,139.215866088867,0,243,302,,,0.962086796760559,0.774129450321198,0.920592844486237,0.717343986034393,46,0,14.6543016433716,0,8.75212287902832,21.7010082155499,457.442988183604,242.9641853191,,,,569.436648797875,302.447988142478,,,39964,332.460201612169
2017,PE,26007,Ouricuri,95.841748196815,99.1953152895808,94.9333714204099,100,90.6988436400201,96.4471258588906,99.3128875481817,93.950058655941,95.0393832746774,95.4248366013072,93.5646053293112,85.9393329981565,64.0599594116211,0.541809618473053,24.742639541626,74.5710678100586,,,,,,563.393127441406,135.157440185547,114.670417785645,7.32323217391968,352.227386474609,62.0223197937012,86.0499954223633,391.437194824219,70.6784057617188,92.9162445068359,19320,3465,5497.35107421875,985.937927246094,0,503,143.124618530273,0,256,255,,,0.725582003593445,0.728427469730377,0.807458996772766,0.713631272315979,93,10,26.4624042510986,2.84541964530945,1.51034879684448,22.9850208208528,430.163737767358,210.166463602924,,,,535.47874510276,261.620551227502,,,65606,558.258122081141
2017,PE,26002,Arcoverde,86.9946322864252,97.695026526631,86.9946322864252,93.7611697806661,89.6669374492283,90.3980503655565,96.3931762794476,85.9301380991064,89.2770105605199,86.2388302193339,88.4646628757108,80.0649878147847,69.7582626342773,1.6773556470871,22.3811874389648,75.7441177368164,,,,,,593.588317871094,177.837142944336,123.983360290527,7.01612901687622,363.069580078125,86.8396072387695,95.7070465087891,405.041259765625,98.5479431152344,103.925559997559,20107,4173,4812.61279296875,998.808044433594,8,574,137.386962890625,1.91480088233948,340,335,,,0.801822900772095,0.813790380954742,0.920121729373932,0.872491002082825,129,12,30.8761653900146,2.87220144271851,2.47870969772339,23.4387857502955,425.403607743175,224.324714339046,,,,529.553214361593,279.245101303195,,,67266,467.592754132088
2017,PE,26011,Salgueiro,98.0520988430068,100,98.0520988430068,99.7441364605544,90.7462686567164,94.6695095948827,97.9957356076759,89.3816631130064,98.8059701492537,90.1918976545842,93.4754797441365,91.6417910447761,74.2988510131836,1.74712646007538,19.4942531585693,78.712646484375,,,,,,628.062561035156,149.668884277344,118.915000915527,5.22306871414185,369.018035888672,61.6521453857422,94.8457870483398,411.023529052734,68.813720703125,103.287666320801,10608,2348,7249.71484375,1604.66906738281,10,352,240.563690185547,6.83419561386108,164,158,,,1.07980287075043,1.12080812454224,1.42407548427582,1.0645968914032,66,1,45.1056900024414,0.683419585227966,2.18557572364807,22.6883823503342,473.863368027465,253.56976987661,,,,589.877154635346,315.650089136421,,,21808,436.858406577908
2017,PE,26012,Serra Talhada,91.5609517298424,99.4910490466665,87.180428599161,99.550858652576,97.5957727873184,97.7542932628798,100,92.4174372523118,88.216644649934,93.7120211360634,94.2932628797886,74.3725231175694,63.7902336120605,0.66592675447464,25.9156494140625,70.9489440917969,,,,,,684.853637695312,191.10237121582,161.216323852539,4.42532253265381,381.801666259766,79.6613998413086,109.588813781738,424.308319091797,90.0559768676758,118.964691162109,15245,3254,6417.0830078125,1369.70727539062,10,636,267.711700439453,4.20930337905884,198,168,,,0.707162976264954,0.833442091941833,1.03990840911865,0.789665341377258,157,8,66.086067199707,3.36744260787964,2.53736805915833,20.7077209543953,474.543666008901,239.137155890503,,,,590.724006839313,297.684004719485,,,36322,460.166564914573
2017,PE,26006,Limoeiro,96.2505697136043,99.7272101944679,96.2505697136043,96.3496520571359,92.2597973385423,91.1121963130265,97.0455377853742,89.4884629471371,100,91.1854474423147,88.3530704431693,90.5017702356245,70.1821899414062,1.15473437309265,25.4041576385498,73.2358245849609,,,,,,733.876953125,209.511383056641,159.188385009766,2.85714292526245,410.3046875,90.8099136352539,110.972160339355,459.827911376953,103.517837524414,121.204063415527,32884,5247,5516.07080078125,880.149108886719,10,1012,169.756225585938,1.67743301391602,392,446,,,0.748135089874268,0.657553732395172,0.86853289604187,0.669547379016876,31,10,5.20004224777222,1.67743301391602,2.30630254745483,21.3495591969648,450.286280759296,208.33467847846,,,,560.527797646158,259.340298585014,,,91170,412.436383943839
2017,PI,22009,Vale do Rio Guaribas,100,100,100,100,88.9418098985297,93.621867881549,94.2638227376268,89.9979291778836,93.3526610064196,85.1729136467177,96.2518119693518,89.1903085524953,67.3068771362305,1.43520474433899,32.9463920593262,65.5550842285156,,,,,,645.199157714844,199.240905761719,150.164169311523,5.25010347366333,361.23095703125,81.5649490356445,105.486534118652,400.532653808594,92.1438827514648,114.091125488281,21491,6689,5732.1103515625,1784.099609375,0,908,242.183059692383,0,303,276,,,0.736151158809662,0.808165967464447,0.845907032489777,0.862777173519135,126,56,33.6068992614746,14.9364004135132,3.04915952682495,19.1673095439064,650.529012158465,221.997237308624,,,,809.795035005821,276.347798787706,,,62076,451.520057570629
2017,PI,22004,Entre Rios,100,95.4434074179474,100,91.7714285714286,73.5792207792208,75.1116883116883,79.761038961039,71.1636363636364,64.4467532467532,68.9090909090909,88.4311688311688,68.7116883116883,55.5032730102539,4.76677560806274,33.7561378479004,60.6945571899414,,,,,,603.460205078125,177.819808959961,134.038726806641,2.44991874694824,376.600524902344,87.1042709350586,107.710586547852,418.488739013672,98.9533233642578,116.115188598633,77844,13057,6358.3857421875,1066.51049804688,149,2890,236.058456420898,12.1704883575439,1614,2438,,,1.99138593673706,1.31833338737488,2.01231670379639,1.33699750900269,759,65,61.9959754943848,5.30927324295044,20.1001739501953,31.3763254698131,1017.86956084269,468.016733448385,,,,1267.06987889601,582.599115431647,,,114428,280.74913225303
2017,PI,22002,Chapada das Mangabeiras,100,100,100,77.1259063941991,81.7402768622281,85.8602504943968,87.9367172050099,80.7514831905076,83.3882663150956,78.8727752142386,60.6460118655241,80.3559657218194,59.0277786254883,1.32575762271881,38.8573226928711,59.6275253295898,,,,,,483.340545654297,128.992782592773,103.500137329102,6.64556980133057,302.846435546875,66.3971939086914,76.0571517944336,336.539581298828,75.0005722045898,82.2617034912109,12540,3901,6393.5556640625,1988.93615722656,0,286,145.817932128906,0,165,114,,,0.581232309341431,0.841257274150848,0.693145036697388,0.940933525562286,0,0,0,0,2.03278350830078,17.2618488240987,555.926921352715,233.197462448923,,,,692.031949879949,290.290123480447,,,34003,590.866619379014
2017,PI,22006,Serra da Capivara,100,98.9428202450953,100,81.3832306963524,80.104216011369,88.3467550923733,92.2311700615822,86.0729512079583,85.3623874940786,80.0568450971104,70.8195168166746,84.2728564661298,66.0335693359375,0.795053005218506,32.3763236999512,66.6519470214844,,,,,,545.217834472656,161.395324707031,130.87939453125,5.22388076782227,327.455230712891,72.5808029174805,94.3480606079102,362.424499511719,82.42919921875,101.336585998535,12602,4530,8545.814453125,3071.93627929688,0,396,268.540130615234,0,123,89,,,0.603537142276764,0.834101855754852,0.701018571853638,0.866482675075531,3,0,2.03439474105835,0,2.05066990852356,17.2310365708251,557.500328236116,204.719782546142,,,,693.990566726253,254.840384325479,,,27773,612.99153471817
2017,PI,22007,Tabuleiros do Alto Parnaíba,100,100,100,93.8902743142145,95.1371571072319,100,100,97.2568578553616,100,98.5037406483791,85.0374064837905,100,67.0068054199219,0.453514724969864,37.414966583252,62.018138885498,,,,,,566.924499511719,206.537551879883,130.666610717773,4.08921909332275,405.348266601562,120.228317260742,109.030303955078,442.91748046875,133.767578125,113.981292724609,2815,897,5932.685546875,1890.45080566406,0,60,126.451560974121,0,43,29,,,0.611182510852814,0.906236171722412,0.846171677112579,0.909397482872009,0,0,0,0,5.57019138336182,17.3880183785884,683.297781598217,435.205067176059,,,,850.586431391841,541.754319979042,,,7220,459.195386438349
2017,PI,22010,Vale do Sambito,100,100,100,100,91.9474116680362,93.0977814297453,97.8635990139688,92.6047658175842,100,92.9334428923583,95.480690221857,96.1380443714051,60.1286163330078,0.964630246162415,30.0643081665039,68.8906784057617,,,,,,640.665405273438,228.541458129883,132.066986083984,6.14035081863403,304.239105224609,69.3559722900391,83.4354934692383,338.208648681641,78.2635803222656,90.8653335571289,6762,1788,6333.595703125,1674.72180175781,0,189,177.025970458984,0,91,55,,,0.515154898166656,0.852347254753113,0.769219994544983,0.815349757671356,0,0,0,0,2.40436840057373,18.2499847648191,570.817370218514,222.921766664447,,,,710.567958782186,277.498676408949,,,17045,460.057309882439
2017,PI,22011,Vale dos Rios Piauí e Itaueiras,100,100,100,92.1348314606742,80.5126404494382,83.8483146067416,88.8342696629213,80.0561797752809,84.2696629213483,79.4943820224719,86.7626404494382,78.4761235955056,60.6431312561035,0.908773183822632,39.2170562744141,59.8042640686035,,,,,,660.401306152344,209.430603027344,155.275787353516,4.78955030441284,352.688598632812,84.2041702270508,112.653984069824,387.554748535156,93.7149047851562,120.982208251953,11798,3213,5654.14697265625,1539.81811523438,10,338,161.985229492188,4.79246234893799,224,184,,,0.881813108921051,1.07351160049438,0.956455707550049,1.06392669677734,27,10,12.9396486282349,4.79246234893799,4.77185487747192,18.3345589243647,700.107586510449,252.594011896251,,,,871.511703444159,314.435440822366,,,32725,459.051141266646
2017,PI,22001,Carnaubais,100,100,100,73.0530973451327,83.4070796460177,85.6637168141593,88.1858407079646,81.8141592920354,84.2920353982301,81.858407079646,70.0884955752212,83.4070796460177,60.1980209350586,2.02970290184021,36.5346527099609,61.0891075134277,,,,,,646.575561523438,221.051467895508,144.911514282227,4.08357095718384,319.352203369141,79.837028503418,91.2801132202148,356.890197753906,90.1775817871094,99.3797836303711,11631,3253,7141.8046875,1997.44567871094,0,342,209.998901367188,0,142,104,,,0.638593137264252,0.871925234794617,0.762781083583832,0.841837704181671,21,0,12.8946685791016,0,3.27033376693726,18.80495676822,547.278409031519,205.668360003982,,,,681.266062107085,256.021197634832,,,27849,501.00789427109
2017,PI,22003,Cocais,100,100,100,89.2691798941799,74.9007936507936,81.4153439153439,87.6653439153439,79.2162698412698,85.1521164021164,78.6210317460317,83.4160052910053,75.760582010582,60.5507583618164,1.5968713760376,38.2923240661621,59.9804458618164,,,,,,603.167358398438,205.056900024414,124.534561157227,4.1044774055481,327.826995849609,83.8546752929688,88.0407485961914,365.990356445312,96.0524368286133,95.4817352294922,21637,4797,5410.75146484375,1199.58288574219,0,543,135.787673950195,0,312,259,,,0.64767974615097,0.78021651506424,0.680126249790192,0.807974219322205,55,10,13.7538166046143,2.50069403648376,2.05031895637512,19.0144063503597,439.189786736995,147.257145576172,,,,546.71460008343,183.309434518603,,,71843,590.340789744463
2017,PI,22008,Vale do Canindé,100,100,100,100,83.2,90.1818181818182,91.5636363636364,87.6363636363636,87.1272727272727,90.8363636363636,99.3454545454545,79.6363636363636,65.1146621704102,0.903405129909515,35.8582344055176,63.2383613586426,,,,,,621.329895019531,183.449020385742,115.231803894043,5.48961400985718,340.149993896484,70.3235397338867,83.043083190918,375.56591796875,79.2291946411133,89.3265228271484,6678,1914,6156.1435546875,1764.42932128906,0,209,192.667572021484,0,97,72,,,0.663735151290894,0.894198775291443,0.828055739402771,0.976935207843781,53,0,48.858283996582,0,2.47794461250305,19.1618346545293,568.117755044895,221.072734883981,,,,707.207409255318,275.19695469108,,,18545,489.182585247165
2017,PI,22005,Planície Litorânea,95.3653248746844,100,93.0518067994151,100,64.9818621523579,74.7279322853688,79.9032648125756,74.2926239419589,79.7339782345828,71.3180169286578,100,72.5755743651753,53.1794624328613,0.989166259765625,44.983512878418,53.815357208252,,,,,,644.867065429688,185.991729736328,129.260665893555,9.02004432678223,381.387176513672,89.0884857177734,107.651802062988,424.772125244141,100.24934387207,115.733245849609,17958,3749,6447.95263671875,1346.10620117188,27,617,221.538421630859,9.69454956054688,243,273,,,0.980226695537567,0.872509479522705,1.03857350349426,0.925739765167236,107,26,38.4191436767578,9.33549213409424,5.5305609703064,21.978363500398,547.7806668626,189.596853637828,,,,681.891285410427,236.014978362315,,,31128,284.925956257219
2017,PR,41018,18ª RS Cornélio Procópio,88.2875201733056,73.2359504617566,82.7681907753074,97.410071942446,93.7410071942446,92.2302158273381,95.0719424460432,90,86.2230215827338,90.5035971223022,90.0719424460432,85.2158273381295,84.0616989135742,0.51413881778717,9.25449848175049,90.1946411132812,,,,,,834.5146484375,213.532333374023,173.411437988281,5.44871807098389,372.757141113281,73.480598449707,102.381652832031,414.371215820312,83.3601303100586,109.775360107422,20347,5621,9070.443359375,2505.77294921875,28,661,294.665710449219,12.4820566177368,229,244,,,1.08772206306458,1.02085399627686,1.07613158226013,1.05194759368896,164,18,73.1091918945312,8.02417945861816,11.5106859207153,24.5955848891671,680.042837576455,478.973686200707,,,,846.534594411812,596.238608477751,,,10849,105.308193044502
2017,PR,41002,2ª RS Metropolitana,60.9558256974347,31.1941510966694,47.1150351028041,92.4977268770192,83.4129732448589,87.5916503840127,90.5979764369039,87.0499700141224,85.6280590431603,87.2028012613414,70.8034280629123,82.9699560851986,81.1472015380859,0.828558444976807,14.0030508041382,84.8963241577148,,,,,,552.60595703125,143.334533691406,110.571556091309,1.15943491458893,318.054504394531,65.6797637939453,79.3749313354492,358.049865722656,75.6160507202148,86.5053100585938,250361,36224,7004.7587890625,1013.49798583984,816,5650,158.079284667969,22.8305644989014,3991,9973,,,2.79030919075012,1.11662721633911,2.77539658546448,1.13966059684753,3203,429,89.6155624389648,12.002833366394,38.0575180053711,22.5589780439982,772.260175683854,451.520507974356,,,,961.329078816197,562.064195027588,,,89723,55.7165072617842
2017,PR,41011,11ª RS Campo Mourão,88.5675437847828,79.1946130958512,84.7631015901138,100,88.8105726872247,99.7136563876652,100,95.5066079295154,94.0308370044053,96.1233480176211,88.8766519823789,93.1938325991189,85.1796112060547,0.68832004070282,9.80856132507324,89.4816055297852,,,,,,799.403930664062,251.887649536133,153.244216918945,1.09433960914612,390.260589599609,92.5268859863281,94.6305999755859,434.319305419922,105.14924621582,102.321594238281,28708,7331,8660.1083984375,2211.48315429688,28,642,193.666915893555,8.44653224945068,323,340,,,1.02565026283264,0.974367797374725,1.19782376289368,1.03583133220673,231,11,69.6838912963867,3.31828045845032,16.9090518951416,22.5776033690326,864.971383936993,482.32664541478,,,,1076.7383453202,600.412457258336,,,16411,108.102246529383
2017,PR,41012,12ª RS Umuarama,87.8669406202097,77.4506487805229,83.6509467229927,97.9938271604938,91.7695473251029,94.0843621399177,96.5277777777778,90.1748971193416,84.4135802469136,89.6862139917695,74.7685185185185,80.0925925925926,85.7592468261719,0.209808543324471,13.4277467727661,86.3362197875977,,,,,,778.759033203125,238.499496459961,153.061416625977,3.12791776657104,351.809234619141,80.7611694335938,93.149543762207,390.336547851562,91.2846374511719,100.064247131348,23078,3376,8390.3828125,1227.39978027344,65,573,208.323486328125,23.6318092346191,327,431,,,1.56697070598602,1.18886172771454,2.06396579742432,1.282843708992,252,22,91.6187057495117,7.99845838546753,10.0053443908691,25.023904173249,1028.85948177272,512.499365758113,,,,1280.75041156697,637.972225800524,,,8163,62.2570601834617
2017,PR,41014,14ª RS Paranavaí,93.9957600046466,92.9132543416391,91.4641052448162,95.5731832139202,90.7625383828045,92.4002047082907,94.9334698055271,88.8178096212897,87.1545547594678,89.1248720573183,49.4861660079051,86.0798362333674,87.0005340576172,0.532765030860901,13.0527439117432,86.4144897460938,,,,,,719.7109375,227.238677978516,141.750183105469,1.77664971351624,341.662780761719,84.5794296264648,89.1899185180664,382.654541015625,96.1773910522461,96.8600692749023,21988,4629,8032.9970703125,1691.13806152344,20,548,200.203857421875,7.3067102432251,251,278,,,1.01563274860382,0.916992127895355,1.14669680595398,0.990059196949005,113,2,41.2829132080078,0.730670988559723,15.134388923645,28.3234319355397,858.746545641841,573.890643666528,,,,1068.98950852597,714.393647618352,,,10748,81.9638898647329
2017,PR,41017,17ª RS Londrina,76.6059946959724,48.0933483423324,66.5897137478615,97.8912229278619,95.8231558378114,93.5189708516528,98.501872659176,94.5692883895131,90.7669760625305,94.3983064647452,89.8469304673506,89.7085165282527,83.9636535644531,0.523903071880341,12.3526525497437,86.9515380859375,,,,,,673.720458984375,182.254898071289,124.422996520996,1.36278200149536,324.104431152344,65.8242797851562,82.8971328735352,361.604949951172,75.4768524169922,89.8267364501953,65572,12279,6919.9873046875,1295.83544921875,130,1633,172.334823608398,13.7192449569702,1662,2201,,,2.32277369499207,1.75395274162292,2.63702368736267,1.80408072471619,913,122,96.3513107299805,12.8749837875366,27.5469779968262,26.5897889253233,926.771340473128,460.457805307203,,,,1153.66850067251,573.189569716868,,,32339,84.221070195885
2017,PR,41008,8ª RS Francisco Beltrão,98.7911983341543,92.6791791679728,89.1132282477274,100,100,100,100,99.232900063925,91.8602173449819,99.5951417004049,100,89.0901342424888,74.9447937011719,0.602288722991943,14.515157699585,84.8223266601562,,,,,,648.211486816406,172.612365722656,133.190292358398,2.60642910003662,323.653869628906,62.3637619018555,83.6928634643555,362.110717773438,71.6922836303711,91.0041122436523,33110,7580,9323.3203125,2134.42358398438,36,637,179.370422363281,10.1371040344238,355,385,,,1.08410704135895,0.999631106853485,1.38892412185669,1.11775648593903,209,18,58.8515205383301,5.06855201721191,13.0639114379883,25.4032854409689,918.94834396839,541.617427105741,,,,1143.93023595257,674.219128041005,,,10735,62.9194774123282
2017,PR,41010,10ª RS Cascavel,74.4219629254222,54.6714814194814,54.9501754024507,97.8428927680798,84.6134663341646,86.3092269326683,90.2493765586035,81.6957605985037,84.2269326683292,84.6134663341646,90.8852867830424,83.2543640897756,78.5362243652344,0.344997525215149,16.1532783508301,83.5017242431641,,,,,,604.8984375,163.968521118164,111.704704284668,1.55156672000885,334.137023925781,70.6064453125,76.534049987793,373.060699462891,80.067512512207,83.8263778686523,38380,6283,7062.97607421875,1156.24487304688,67,1008,185.499740600586,12.3298435211182,696,1074,,,1.97645556926727,1.28083145618439,2.29003834724426,1.33718991279602,659,99,121.274131774902,18.2187232971191,20.1432838439941,27.3044019302609,777.329657614508,523.465679789402,,,,967.639698666761,651.623372004423,,,14380,55.8817965074701
2017,PR,41015,15ª RS Maringá,80.220234236998,55.8569145435743,64.118048717733,96.8771084337349,97.4939759036145,97.8313253012048,100,99.2963855421687,95.2481927710843,99.9807228915663,47.8256658595642,99.1710843373494,84.6843566894531,0.561543345451355,15.9586992263794,83.470703125,,,,,,617.807495117188,168.659622192383,115.984046936035,1.18694365024567,298.518402099609,63.1256408691406,74.0549621582031,332.865997314453,72.1582412719727,80.260124206543,56570,9011,6913.822265625,1101.29846191406,107,1288,157.415649414062,13.0772314071655,1325,1700,,,2.07769107818604,1.6193767786026,2.40373563766479,1.85314762592316,859,90,104.984504699707,10.9995403289795,33.6735038757324,25.5609497952695,890.887511885216,449.29239977913,,,,1108.99939954961,559.290589361696,,,15006,39.6640763516063
2017,PR,41001,1ª RS Paranaguá,57.5573453585965,42.9506620695856,50.9563611590454,80.2903152642322,73.6901791789521,76.2757995010206,80.1542299841234,71.5128146972102,72.0571558176457,72.261283737809,29.4171013835337,62.9167611703334,66.248291015625,1.96257412433624,30.8306713104248,66.7275238037109,,,,,,672.67578125,171.001800537109,135.63395690918,10.6687088012695,409.316162109375,84.8250045776367,95.7101211547852,456.666656494141,94.5503540039062,103.231643676758,18831,3400,6466.13427734375,1167.48217773438,14,288,98.8926086425781,4.80727958679199,186,273,,,0.937419533729553,0.638681411743164,1.21795868873596,0.707442700862885,92,11,31.5906944274902,3.77714824676514,23.4320545196533,19.9268057606939,659.394505548756,446.599536455173,,,,820.831026323893,555.938444708755,,,13180,99.0189153264121
2017,PR,41006,6ª RS União da Vitória,80.0047180804802,70.0003979104019,70.7109521995919,93.4215970211005,95.5316508067853,94.4559371121225,98.0140670252379,92.5527513446421,86.2639635912288,92.5527513446421,96.6073645014481,86.3880844021514,78.4722213745117,0.816993474960327,14.9918298721313,84.1503295898438,,,,,,652.190002441406,202.384140014648,129.411834716797,0.786713302135468,352.139068603516,83.2340240478516,91.1410446166992,393.848236083984,94.9564895629883,100.169914245605,14099,2832,8037.7861328125,1614.51232910156,22,228,129.98193359375,12.5421161651611,127,222,,,1.2656135559082,0.724022150039673,1.26632618904114,0.731860935688019,70,5,39.9067306518555,2.85048079490662,8.32967567443848,27.0278307838433,629.082567963195,475.057536143421,,,,783.097956623053,591.363685432879,,,8486,105.845301506746
2017,PR,41016,16ª RS Apucarana,97.3482903310779,88.6218080902954,95.2159602802308,94.5645933014354,92.5167464114833,92.4784688995215,96.2105263157895,89.5502392344498,85.6076555023923,90.3540669856459,78.9665071770335,85.11004784689,84.5636291503906,0.356224030256271,10.3898677825928,89.2341156005859,,,,,,702.46630859375,206.342864990234,143.830764770508,1.39517343044281,349.911071777344,77.4142684936523,90.2864532470703,388.908294677734,87.7761840820312,97.2258987426758,28730,6502,7610.0517578125,1722.26086425781,94,748,198.131530761719,24.8988819122314,563,722,,,1.91244602203369,1.49128401279449,1.75265610218048,1.6422666311264,179,13,47.4138259887695,3.44346237182617,13.4615535736084,22.5869989553827,710.265158307967,364.150684104787,,,,884.156106776845,453.304019452705,,,11341,64.4358603566195
2017,PR,41003,3ª RS Ponta Grossa,82.4970844381989,65.1475266250547,73.9599826108996,90.4323175053154,86.0281461982383,87.9518072289157,90.4019439100942,86.1597651108636,85.5522932064392,86.2103877695657,72.9573757213729,82.0289561607776,78.7904357910156,1.04309344291687,14.9720792770386,83.9110717773438,,,,,,630.959655761719,172.471893310547,118.494575500488,7.39053392410278,380.942138671875,86.5763931274414,91.8227920532227,425.046783447266,98.0830764770508,99.4294128417969,44185,8261,7056.17626953125,1319.25024414062,61,934,149.15625,9.74146747589111,547,903,,,1.44205665588379,0.873538196086884,1.49751114845276,0.916216969490051,305,38,48.7073402404785,6.0684552192688,20.4545269012451,23.8936992446706,607.196874614028,433.468355234257,,,,755.854089738453,539.592416848788,,,23168,81.8500036832466
2017,PR,41022,22ª RS Ivaiporã,95.7204285401939,91.3278915530938,92.3992420377523,100,97.9955456570156,99.2204899777283,100,97.3273942093541,93.9309576837417,97.1603563474387,76.7260579064588,91.6481069042316,87.1460952758789,0.736126840114594,7.53114366531372,91.7327270507812,,,,,,857.312255859375,297.171173095703,166.446258544922,5.40780162811279,380.37255859375,95.9284591674805,93.2136306762695,427.936370849609,110.034294128418,102.748207092285,12858,4581,9772.447265625,3481.69091796875,32,418,317.691955566406,24.320915222168,142,100,,,0.760028600692749,1.07924056053162,0.924384772777557,1.17994439601898,53,10,40.2815132141113,7.60028600692749,5.89782190322876,24.3935604435948,815.358709246706,534.31171391261,,,,1014.97922791474,665.124790724142,,,8827,150.647383541952
2017,PR,41020,20ª RS Toledo,81.3308217347505,60.1544992907218,64.1585802101108,100,100,100,100,100,100,100,90.6132430398796,100,84.2293319702148,0.289214015007019,12.8274927139282,86.8832931518555,,,,,,669.287902832031,189.946868896484,133.959838867188,1.14591288566589,340.454193115234,69.2680816650391,90.01708984375,378.967315673828,78.7541427612305,97.2186660766602,25312,4296,6470.97607421875,1098.26623535156,30,495,126.546035766602,7.66945648193359,388,482,,,1.23222601413727,0.991916418075562,1.60144650936127,1.0259815454483,386,17,98.6803436279297,4.34602546691895,27.655294418335,26.3708784035425,917.748147053875,601.800690250282,,,,1142.43620035348,749.136782402323,,,6906,37.7940754764628
2017,PR,41019,19ª RS Jacarezinho,90.3233453930754,79.8825635369746,85.669178253983,93.8347063513154,97.7677385065108,98.7775710868987,100,97.6614403401541,92.6122774382142,95.110284347595,50.757374435291,90.0079723624767,74.318244934082,0.820757210254669,13.899920463562,84.6703720092773,,,,,,797.66259765625,251.18034362793,155.988891601562,3.65853667259216,385.189147949219,99.4539642333984,99.4220657348633,429.082946777344,112.241149902344,108.127639770508,24391,6240,8473.775390625,2167.86352539062,19,789,274.109649658203,6.60086631774902,216,314,,,1.09088003635406,0.750414311885834,1.19962060451508,0.814077913761139,142,7,49.3327903747559,2.43189811706543,7.83244895935059,26.2303095447343,708.534885838022,489.571085395353,,,,882.002219664693,609.430520124126,,,13767,106.136124100615
2017,PR,41005,5ª RS Guarapuava,87.2977720455883,76.2127163412998,77.7903712244087,97.2508591065292,91.1202749140894,92.2749140893471,93.6769759450172,90.7216494845361,88.233676975945,90.7353951890034,94.2405498281787,82.5292096219931,77.9056701660156,0.252667039632797,20.2554740905762,79.4918594360352,,,,,,667.690490722656,220.805847167969,131.165267944336,2.07305026054382,404.744995117188,106.47647857666,96.5132064819336,452.153533935547,121.857070922852,104.548439025879,37968,8371,8341.8466796875,1839.16979980469,36,807,177.303802490234,7.90946292877197,411,455,,,0.99966824054718,0.902997016906738,1.0259782075882,0.945620238780975,206,4,45.2597045898438,0.87882924079895,8.61977672576904,21.7836467556409,578.326442311233,370.662000008664,,,,719.915442421706,461.409470849589,,,27625,132.428118314055
2017,PR,41007,7ª RS Pato Branco,91.509462380167,78.6714260970412,84.2867255570868,98.0530542711122,92.7963008031151,93.0883426624483,96.3494767583354,91.019712825505,89.535166707228,90.9710391822828,49.0598713508164,89.8758822097834,79.9653701782227,0.346277505159378,14.0984420776367,85.5305480957031,,,,,,618.591003417969,169.016006469727,110.030548095703,3.30073356628418,336.159118652344,66.88330078125,78.9744567871094,375.330535888672,76.0367050170898,84.6173782348633,22568,5308,8533.228515625,2007.01770019531,52,555,209.852081298828,19.6618175506592,335,417,,,1.57672643661499,1.26667475700378,1.85199189186096,1.28123199939728,117,4,44.239086151123,1.51244747638702,16.9560489654541,26.799001494425,1161.24019519671,581.777131256581,,,,1445.54128554442,724.210947653703,,,10990,88.6273113179874
2017,PR,41013,13ª RS Cianorte,86.773367724053,75.7237449953803,84.8488348218869,100,100,100,100,98.4405458089669,94.8830409356725,98.8791423001949,81.8713450292398,95.9551656920078,89.0052337646484,0.0951927676796913,9.18610191345215,90.5759124755859,,,,,,645.440246582031,194.5859375,111.91870880127,0.39408865571022,310.358520507812,68.8376388549805,77.9018096923828,348.375885009766,79.2001724243164,84.5998458862305,11882,2211,7555.78466796875,1405.97875976562,15,262,166.606262207031,9.53852653503418,159,208,,,1.32267558574677,1.01108372211456,1.40756845474243,1.06116104125977,57,3,36.2463989257812,1.90770518779755,15.2304830551147,26.2237566818215,1000.52929271611,575.366315652296,,,,1245.48427276296,716.23060158203,,,3873,49.9621303987835
2017,PR,41021,21ª RS Telêmaco Borba,89.2516318045712,86.2222916352513,78.6045108894681,100,100,100,100,100,100,100,73.6699029126214,99.1456310679612,77.5548095703125,0.557413578033447,14.6042366027832,84.764030456543,,,,,,637.223754882812,184.601150512695,109.791931152344,3.29391884803772,383.114807128906,85.6168518066406,83.5914306640625,429.968597412109,97.9270401000977,91.0181045532227,14217,4697,7651.52880859375,2527.90551757812,10,186,100.10440826416,5.38195753097534,100,116,,,0.624307096004486,0.538195729255676,0.824515879154205,0.593629896640778,85,2,45.746639251709,1.07639145851135,15.2530059814453,23.0532782768055,638.21655602459,429.490142154738,,,,794.468176926337,534.640236177706,,,10979,135.204535066904
2017,PR,41004,4ª RS Irati,82.4604811793065,72.3391433339514,66.3655432968663,100,100,100,100,100,100,100,78.5038693035254,98.9681857265692,84.0834732055664,0.572831451892853,9.57446765899658,89.8526992797852,,,,,,632.812377929688,190.655014038086,123.433181762695,2.38095235824585,357.695434570312,82.4744567871094,84.3972930908203,400.460784912109,93.0043258666992,92.2237930297852,12008,2771,6958.6181640625,1605.79040527344,20,248,143.715621948242,11.5899696350098,128,140,,,0.81129789352417,0.741758108139038,1.04121398925781,0.758853256702423,71,2,41.1443939208984,1.15899705886841,6.98179817199707,24.8155480694072,622.74952060158,432.348668555241,,,,775.214418434839,538.198602435468,,,9515,114.77431105366
2017,PR,41009,9ª RS Foz do Iguaçu,70.4467573429889,67.4609237783384,59.341077749583,100,81.8928788800974,86.3968350578211,89.3335362142422,81.7559342665855,75.3043213633597,82.303712720633,100,73.1588557516738,74.9251937866211,0.792938351631165,28.7701969146729,70.2722930908203,,,,,,601.2158203125,170.605239868164,114.481826782227,2.06526231765747,360.159149169922,80.2967987060547,86.344123840332,400.056732177734,89.669563293457,92.9933166503906,24516,3150,6088.1484375,782.251098632812,35,697,173.088577270508,8.69167900085449,403,653,,,1.62161898612976,1.00078475475311,1.8655446767807,1.05653560161591,340,85,84.4334487915039,21.108362197876,23.5984039306641,26.3411124061711,963.795764057796,518.133331496273,,,,1199.75744341365,644.985529430161,,,12522,67.117129596224
2017,RJ,33001,Baia da Ilha Grande,96.3782130814929,71.7606445868426,78.0554379716534,96.0281548516843,74.4343891402715,81.6239316239316,82.3529411764706,75.5404725992961,90.6988436400201,76.1186525892408,89.9949723479135,71.8702865761689,67.4357604980469,1.57315158843994,24.3314113616943,72.2600936889648,,,,,,582.168823242188,146.517807006836,126.29621887207,5.05789136886597,382.921478271484,81.1718673706055,95.0143051147461,428.867919921875,91.5772018432617,103.69864654541,12678,2127,4497.70654296875,754.58447265625,11,433,153.613098144531,3.90241122245789,314,658,,,2.33435153961182,1.11396110057831,2.22951865196228,1.06030285358429,99,21,35.1217002868652,7.45005798339844,16.656909942627,32.8054713861595,1429.64934815863,941.710915658844,,,,1779.66381560266,1172.26566326538,,,13003,122.840971543439
2017,RJ,33007,Noroeste,91.331187690411,92.1772941190417,88.6194980855175,100,89.0554722638681,96.0769615192404,100,98.2758620689655,92.7036481759121,95.8020989505247,100,86.5067466266867,77.4533843994141,1.61923456192017,24.3621196746826,73.7242431640625,,,,,,865.426330566406,227.713317871094,178.814270019531,4.6472749710083,372.343780517578,73.7062683105469,107.610443115234,416.835418701172,84.2449264526367,116.338035583496,25813,5742,7468.8232421875,1661.41027832031,100,879,254.332916259766,28.93434715271,376,717,,,2.07459282875061,1.08793151378632,2.03741216659546,0.998452007770538,448,38,129.625885009766,10.9950523376465,13.94606590271,26.2480718061148,1106.3612549408,453.087741437673,,,,1377.22658702211,564.015127043791,,,19171,129.857702909335
2017,RJ,33002,Baixada Litorânea,67.9150152405016,46.5127871059365,54.3580440655106,100,84.1634172279334,92.6355902162354,90.4377880184332,83.7912087912088,92.0684154555122,84.6331088266572,92.9723502304147,85.2623183268345,59.5962257385254,1.83534348011017,35.5182647705078,60.8023071289062,,,,,,714.352966308594,175.522476196289,153.102172851562,10.3520030975342,393.527709960938,79.2325134277344,106.781044006348,439.971984863281,89.3428344726562,115.856582641602,27503,3697,3406.77124023438,457.943969726562,54,947,117.304016113281,6.68893003463745,739,1395,,,1.72797358036041,0.915392458438873,1.92839384078979,0.803414821624756,398,90,49.2998924255371,11.1482172012329,17.4976215362549,29.7220517582807,865.363697279069,455.653236560767,,,,1077.22670693151,567.208720525687,,,40501,121.861915235418
2017,RJ,33003,Centro-Sul,97.783910785008,96.6520062127093,94.2185937514248,100,84.6206425153794,90.0660742766006,95.602642971064,87.7876509455457,100,96.3545226703122,67.8742310321258,93.028024606972,62.8332939147949,2.2258288860321,28.4488754272461,67.795036315918,,,,,,841.220703125,261.528594970703,201.632034301758,2.89037704467773,407.559417724609,97.6491928100586,126.943397521973,452.825744628906,109.724159240723,136.865921020508,19599,4078,5811.4501953125,1209.19921875,35,711,210.824081420898,10.378119468689,439,757,,,2.24463891983032,1.30171263217926,2.58793234825134,1.38822174072266,157,30,46.553279876709,8.89553070068359,13.8313646316528,19.8740871306883,915.366352801928,349.701661298525,,,,1139.47128238121,435.317508919726,,,21260,165.230720401417
2017,RJ,33004,Médio Paraíba,87.1974513633665,51.1484499268128,72.0061223472472,100,98.8124133148405,99.8439667128987,100,93.255894590846,100,94.8682385575589,82.255547850208,87.9160887656033,69.2575302124023,2.08733868598938,20.6536674499512,77.1765975952148,,,,,,783.594360351562,219.145492553711,170.827331542969,4.52941989898682,381.403137207031,87.8911819458008,108.930152893066,426.752136230469,99.4850006103516,117.946548461914,54220,10800,5994.9892578125,1194.1328125,82,1665,184.095474243164,9.06656360626221,1061,2206,,,2.43912696838379,1.17312490940094,2.5816764831543,1.18459630012512,984,237,108.798767089844,26.2045822143555,28.4315280914307,27.4248767180431,949.845936855648,510.890932550095,,,,1182.39234424611,635.970007295819,,,37254,115.776267186893
2017,RJ,33005,Metropolitana I,63.8671906163395,53.2206003700531,54.0718051896862,100,86.1872584226541,93.3036815702185,100,92.9075632555717,96.312947175087,99.1508813289838,99.842375065106,87.888922393706,69.4186248779297,2.2650740146637,25.1877975463867,71.069221496582,,,,,,810.516723632812,201.824020385742,182.211715698242,6.52377605438232,404.850372314453,84.8807144165039,115.776657104492,464.179321289062,99.443489074707,126.801513671875,353088,44435,3394.54296875,427.192413330078,943,11910,114.501220703125,9.06588172912598,15515,27271,,,2.62179899215698,1.49159228801727,2.75011539459229,1.50828433036804,12284,3244,118.096809387207,31.1874008178711,36.3350257873535,24.8775627933566,657.692949184865,411.376879846261,,,,818.712885749824,512.092387256265,,,473991,109.219029787823
2017,RJ,33009,Serrana,63.6792181722584,52.7730532536065,50.0543882019112,99.642530551168,84.0302602045058,86.7570039072242,90.3483248815363,78.4853271261119,85.1026685510017,81.4365283897248,95.6604871560396,82.1348408013966,74.2589340209961,0.608056724071503,24.3729419708252,73.8873443603516,,,,,,819.887573242188,237.592864990234,174.740356445312,5.52458190917969,373.290252685547,87.2278900146484,104.378105163574,415.892974853516,98.4608764648438,113.203422546387,51651,9911,5365.94189453125,1029.63830566406,92,2084,216.503509521484,9.55773639678955,871,2302,,,2.39151191711426,0.904868304729462,2.44563770294189,0.901206254959106,819,118,85.0846328735352,12.2588357925415,22.1880779266357,30.6374143049917,912.635299836258,501.827398965797,,,,1136.07159829241,624.687490514868,,,39004,102.259670239318
2017,RJ,33008,Norte,55.0575337601669,40.3243417183564,31.660212381132,100,73.0176287590736,92.9070169374352,95.0155547874179,92.6512270998963,94.9602488765987,91.6073280331835,96.0594538541307,83.3045281714483,59.8483734130859,3.20017504692078,24.0195369720459,72.0075836181641,,,,,,721.531433105469,169.950164794922,149.409118652344,9.39466571807861,417.986755371094,81.5236434936523,112.250183105469,467.052703857422,92.5589828491211,121.231163024902,46923,7964,5072.8828125,860.994384765625,145,1691,182.815353393555,15.6760654449463,1186,2138,,,2.31140875816345,1.28219401836395,2.57636141777039,1.05653977394104,1072,229,115.894775390625,24.7573719024658,25.7490730285645,35.5573725680457,1612.36180520743,880.430247691048,,,,2007.10892225656,1095.98193151066,,,58648,162.317859633551
2017,RJ,33006,Metropolitana II,81.7206082137163,55.8364806335363,67.395559111901,100,67.37998843262,78.029689608637,77.0811644495855,68.8953152111047,82.6296510507037,73.3603238866397,74.8679390784654,73.6148062463852,74.519889831543,1.02866148948669,26.5502510070801,71.8155059814453,,,,,,778.974243164062,191.195785522461,180.93603515625,8.12407684326172,377.417053222656,76.2738037109375,107.180351257324,423.642547607422,86.9842910766602,117.022308349609,68095,12857,3264.66333007812,616.400268554688,142,2320,111.227241516113,6.80787420272827,2262,4758,,,2.28111720085144,1.08446562290192,2.27309894561768,1.05017447471619,2387,510,114.439407348633,24.4508152008057,29.5697612762451,21.6995899178413,589.429269476355,252.798943164068,,,,733.736523641453,314.690544468928,,,109867,132.605970320961
2017,RN,24004,4ª Região de Saúde - Caicó,100,100,100,77.6255707762557,79.3983346763363,79.5057749127048,84.2868654311039,79.7206553854418,84.9852269674993,79.9086757990868,72.5490196078431,75.1275852806876,77.2166748046875,0.910158514976501,19.7005290985107,78.4204330444336,,,,,,647.103698730469,181.421875,128.385894775391,5.74712657928467,289.653259277344,56.4858512878418,79.2501754760742,325.306182861328,64.4253082275391,86.3160171508789,16538,3530,5348.2265625,1141.56726074219,0,684,221.198867797852,0,286,315,,,1.018679022789,0.924895882606506,0.889727175235748,0.938235700130463,58,9,18.7566299438477,2.91051149368286,3.40594530105591,24.5133929069166,599.133936027923,324.840444632689,,,,745.817139022112,404.369635044896,,,34976,268.94417571533
2017,RN,24008,8ª Região de Saúde - Açu,99.8462906504065,99.6544715447154,99.8462906504065,54.2107685227796,74.6893695352048,76.806258628624,81.8683847215831,71.5140358950759,88.1270133456051,74.4132535664979,47.7680625862862,69.7653014265992,66.5282821655273,1.29735338687897,34.5614929199219,63.7778930664062,,,,,,520.696228027344,133.544784545898,95.6642913818359,6.41183710098267,289.143218994141,57.2903327941895,68.9885406494141,321.048950195312,64.9766464233398,73.7070236206055,6839,771,4390.9267578125,495.014556884766,0,166,106.579010009766,0,119,121,,,0.776871085166931,0.76403021812439,0.723581552505493,0.747337102890015,4,0,2.5681688785553,0,3.40410780906677,26.4220827950933,626.04261028485,362.171927842198,,,,779.31374010305,450.840813405038,,,20669,339.661758094985
2017,RN,24003,3ª Região de Saúde - João Câmara,99.7379223509505,99.9284983805311,99.7379223509505,42.4090086466921,73.7281399046105,74.6025437201908,77.2456279809221,69.7337042925278,84.1017488076312,70.8068362480127,35.8306836248013,68.4618441971383,63.0378112792969,0.912646651268005,39.830509185791,58.1268997192383,,,,,,570.525695800781,168.916976928711,111.174949645996,2.51762342453003,354.369354248047,74.1128768920898,86.0457534790039,396.369415283203,82.9826202392578,93.9620895385742,15774,2084,4531.45654296875,598.678527832031,0,373,107.153114318848,0,284,248,,,0.712438941001892,0.815857529640198,0.81169205904007,0.825840294361115,0,0,0,0,3.49612188339233,21.8832546502304,669.311468045283,397.703409897989,,,,833.175913088251,495.071304616657,,,47669,380.463427476852
2017,RN,24006,6ª Região de Saúde - Pau dos Ferros,94.5928222013911,99.4186550292642,94.5930191339693,79.6214137829045,77.6989056492162,77.8467908902691,78.9411416740609,71.8130730553091,75.5102040816327,72.7595385980479,76.9299023957409,74.2975451049985,81.8711624145508,0.858895719051361,20.6134967803955,78.3435592651367,,,,,,750.533386230469,200.594207763672,169.08935546875,1.75345373153687,358.262847900391,66.1194534301758,97.4604034423828,399.341735839844,75.3135528564453,106.230499267578,15754,3534,6282.62646484375,1409.34375,6,905,360.910064697266,2.39277386665344,230,199,,,0.793603301048279,0.917229950428009,0.929293513298035,0.945245385169983,12,0,4.78554773330688,0,1.86795878410339,22.6103268587124,746.035120158693,362.631631628565,,,,928.683463693571,451.413064352829,,,38595,464.104903125471
2017,RN,24002,2ª Região de Saúde - Mossoró,90.1440585675303,96.3293843866848,87.7651667294689,100,82.1417565485362,84.9768875192604,90.7704160246533,83.713405238829,100,83.4360554699538,100,83.6363636363636,68.7030258178711,1.23140895366669,33.5039176940918,65.0887603759766,,,,,,654.291198730469,165.029556274414,114.667442321777,5.5979642868042,402.676177978516,77.5538711547852,89.8297805786133,449.564239501953,88.4763488769531,97.0273132324219,21096,2239,4390.244140625,465.953552246094,62,894,186.048446655273,12.9026889801025,433,541,,,1.1258636713028,0.901107132434845,1.08169269561768,0.884614586830139,202,70,42.0377922058105,14.567551612854,14.1192874908447,28.1865807489696,647.273694253943,335.383305432558,,,,805.742732607038,417.49365591241,,,44664,222.847778647537
2017,RN,24001,1ª Região de Saúde - São José de Mipibu,100,99.9062790430542,100,76.4034431137725,71.4258982035928,82.3914670658683,92.627245508982,80.4453592814371,81.811377245509,80.501497005988,69.4423652694611,65.9805389221557,57.9649238586426,1.62586772441864,34.7643394470215,60.2484474182129,,,,,,624.6201171875,202.593719482422,121.55623626709,2.90648698806763,366.615814208984,84.4534683227539,97.0663070678711,408.200469970703,95.7446823120117,104.926315307617,17630,1877,4638.60693359375,493.855102539062,0,421,110.768775939941,0,297,269,,,0.707762479782104,0.781432926654816,0.87003481388092,0.774329006671906,72,0,18.9438285827637,0,3.2985942363739,21.5183709950044,555.870540781267,253.915721960856,,,,691.961765912784,316.080739076603,,,53124,393.234581689555
2017,RN,24005,5ª Região de Saúde - Santa Cruz,100,100,100,57.8548212351029,76.3091368725172,80.5344889851932,84.8681834597328,75.4785120982304,84.8681834597328,76.3452509931383,57.6381365113759,70.1697363669195,66.6281280517578,0.500963389873505,24.8554916381836,72.6396942138672,,,,,,595.845703125,178.502288818359,107.101371765137,3.37552738189697,298.974029541016,56.4339447021484,74.4184188842773,332.872009277344,63.8562660217285,80.1684188842773,9626,1032,4840.177734375,518.913696289062,0,381,191.575698852539,0,186,160,,,0.804517388343811,0.935251414775848,1.17949783802032,1.03443336486816,14,10,7.03952693939209,5.02823352813721,2.53523540496826,22.5556856013252,621.662348967046,296.708971847438,,,,773.861079574634,369.350863302016,,,31624,433.799251610535
2017,RN,24007,7ª Região de Saúde - Metropolitana,60.5429759374955,41.7324943198568,49.3792535440418,50.9565761351196,58.7186571443466,58.3850284105719,63.8117082833759,58.1400198092061,55.8515352134703,55.9714330396705,44.6958244278789,45.1545639368191,58.8773040771484,1.34188723564148,36.0919532775879,59.1606521606445,,,,,,604.579406738281,137.33935546875,135.606597900391,1.40809965133667,368.705932617188,63.7249717712402,102.293930053711,412.785278320312,72.6737365722656,110.658477783203,59898,6759,4512.53564453125,509.202789306641,264,2431,183.144256591797,19.8889675140381,1555,3013,,,2.26990389823914,1.17149031162262,2.25368762016296,1.17037916183472,1133,185,85.356819152832,13.9373455047607,29.0274219512939,26.408676261021,681.941413024554,332.571471843158,,,,848.897989345349,413.993414051708,,,73686,126.701533458915
2017,RO,11005,Zona da Mata,83.5667382548494,100,80.8290048785174,93.7655860349127,75.5610972568578,78.1047381546135,85.4862842892768,100,100,100,88.3790523690773,72.7680798004988,76.9192428588867,0.598205387592316,32.4526405334473,66.7497482299805,,,,,,481.555053710938,126.802169799805,85.0234146118164,10.3500757217407,303.058715820312,59.556941986084,64.7565689086914,339.276428222656,67.9722061157227,71.4698104858398,12676,4271,9291.0068359375,3130.47436523438,0,242,177.376434326172,0,85,100,,,0.732960522174835,0.62301641702652,1.02412903308868,0.761362731456757,22,0,16.1251316070557,0,4.07526016235352,27.1872748349178,571.128223908606,327.477920016986,,,,710.954917349975,407.652831383928,,,7250,117.942637364852
2017,RO,11001,Vale do Jamari,71.1946108236146,80.9557037461716,64.8805841794783,87.9903923138511,85.5084067253803,84.8678943154524,100,100,100,100,84.6810781958901,78.7830264211369,26.6399993896484,1.44000005722046,22.1599998474121,76.2933349609375,,,,,,402.11328125,91.7166976928711,91.7166976928711,4.99528741836548,313.945526123047,69.3802108764648,80.0900268554688,350.586944580078,79.5642242431641,86.7211837768555,14374,3592,5447.66845703125,1361.3486328125,7,332,125.826210021973,2.65296220779419,178,227,,,0.860317766666412,0.674610376358032,1.11519157886505,0.85558032989502,138,12,52.3012542724609,4.54793500900269,4.22010469436646,26.9448156749312,478.472226603692,277.359362273315,,,,595.614378836445,345.263977906336,,,13101,110.530366924168
2017,RO,11003,Central,79.456648338254,91.7142934532355,74.7598797367209,100,84.7709923664122,87.4618320610687,100,100,100,100,100,79.0076335877863,71.0845718383789,1.38701593875885,22.9628200531006,74.6484298706055,,,,,,530.186401367188,145.228759765625,108.124404907227,5.08474588394165,350.298522949219,75.8504638671875,88.845832824707,391.566986083984,87.4963455200195,95.9176483154297,21872,5328,6340.20654296875,1544.46875,6,591,171.317749023438,1.73926651477814,237,311,,,0.90151983499527,0.687010288238525,1.23574888706207,0.804628193378448,194,5,56.2362861633301,1.4493887424469,6.94228267669678,24.2777217864495,519.062277957501,263.30791078809,,,,646.141905576388,327.772374250405,,,16188,109.826875068274
2017,RO,11006,Cone Sul,92.7656453509693,98.8967008510262,92.7656453509693,100,89.6788008565311,93.0192719486081,100,100,100,100,100,77.2591006423983,74.661018371582,1.18644070625305,24.5338973999023,74.1101684570312,,,,,,457.689636230469,101.132553100586,94.6496963500977,6.23229455947876,337.152069091797,61.6707801818848,87.0215759277344,375.429382324219,69.8046875,93.5739135742188,13045,2750,8456.8857421875,1782.78540039062,10,352,228.196533203125,6.48285627365112,151,191,,,1.23822546005249,0.978911280632019,1.47063589096069,1.17858326435089,25,0,16.2071399688721,0,8.91392707824707,23.6684698805285,731.48738095387,380.434391715703,,,,910.574068480686,473.57439222371,,,6094,90.0150317415048
2017,RO,11002,Café,65.1800856351272,82.3893879607086,65.1800856351272,100,96.2480857580398,97.166921898928,100,100,94.218989280245,100,100,88.6294027565084,78.6821670532227,0.810429871082306,22.5863285064697,76.4975357055664,,,,,,540.318542480469,151.359603881836,119.679679870605,2.60586309432983,360.239776611328,88.2089157104492,100.477439880371,399.288604736328,98.9141082763672,107.90412902832,12542,3528,7357.95361328125,2069.75439453125,27,416,244.052688598633,15.839958190918,182,344,,,2.01812791824341,1.06773042678833,2.38244700431824,1.15543687343597,127,0,74.5064697265625,0,8.23736476898193,26.2706983889569,525.128224975521,320.032783569966,,,,653.692950473681,398.384936459868,,,5729,73.3524547096255
2017,RO,11004,Madeira-Mamoré,62.0568848206297,55.0087222962491,54.9649498870286,87.1629704610288,100,100,100,100,96.5859942946535,100,76.2675991534002,91.1383086408392,39.4501457214355,8.70916080474854,38.4803695678711,52.490348815918,,,,,,455.276153564453,98.2284927368164,96.6128921508789,5.81973028182983,391.954772949219,80.2568206787109,97.0119247436523,439.12353515625,91.8593292236328,104.42652130127,36983,5130,5974.97412109375,828.802917480469,133,1449,234.100479125977,21.4874839782715,768,1157,,,1.86924946308136,1.24078094959259,2.63892149925232,1.49366283416748,595,86,96.1282119750977,13.8941621780396,14.547511100769,25.5403416155281,516.852328899476,348.986962623188,,,,643.390904865649,434.427833858358,,,31219,118.82991227414
2017,RO,11007,Vale do Guaporé,88.7798208199833,98.1000387747189,88.7798208199833,100,100,100,100,100,100,100,99.0604026845638,100,69.8778839111328,1.35685205459595,19.9457263946533,78.6974182128906,,,,,,444.051544189453,127.459243774414,57.5622406005859,10.1851854324341,362.201599121094,95.5411376953125,56.693775177002,407.642150878906,113.984077453613,61.7642860412598,3305,848,6794.39990234375,1743.3134765625,0,113,232.304748535156,0,35,33,,,0.678412079811096,0.719528019428253,1.05976188182831,0.956972241401672,0,0,0,0,1.48839509487152,25.7670651418639,476.717946408829,301.029246788751,,,,593.43060629862,374.728851265578,,,3753,197.772386486553
2017,RR,14001,Centro Norte,70.5955936789972,62.996047632641,62.4622575606722,100,91.6922447309188,90.5156537753223,98.7210967873951,88.6535706977696,85.2874974421936,93.4008594229589,100,88.4080212809495,49.2648506164551,5.12644577026367,48.4120750427246,46.2752418518066,,,,,,461.562530517578,106.046379089355,92.5732727050781,3.01318264007568,427.867340087891,96.6318206787109,96.8699493408203,473.948150634766,107.552215576172,103.610122680664,38927,6674,8459.154296875,1450.31469726562,30,802,174.281143188477,6.51924467086792,663,722,,,1.56896495819092,1.44075310230255,1.8141428232193,1.51936435699463,102,18,22.1654319763184,3.9115469455719,6.17263841629028,16.4379739690489,501.66294662328,287.549368453502,,,,624.482776062513,357.948756382264,,,32482,235.724382983285
2017,RR,14002,Sul,99.8128329414023,98.433075778663,99.8128329414023,97.1385542168675,100,97.6656626506024,100,100,95.7078313253012,100,90.1355421686747,86.2198795180723,49.511402130127,4.88599348068237,48.7296409606934,46.3192176818848,,,,,,387.503021240234,86.496208190918,74.9633865356445,3.2738094329834,341.254913330078,63.3274192810059,78.3108215332031,380.925354003906,71.9347839355469,83.1924285888672,5645,1351,6510.28173828125,1558.08508300781,0,115,132.627517700195,0,82,41,,,0.472845941781998,0.945691883563995,0.768374681472778,0.999896228313446,3,0,3.45984840393066,0,0.58356112241745,20.821076779537,416.014566467165,160.205838556976,,,,517.865497339488,199.428296382854,,,10948,358.210915108435
2017,RS,43022,Região 22 - Pampa,78.126166087674,55.4561078029988,68.6660745350102,84.8547717842324,85.5186721991701,90.954356846473,92.5726141078838,87.7593360995851,86.597510373444,88.7966804979253,84.6887966804979,77.7593360995851,76.5339965820312,1.90713095664978,18.2835826873779,79.8092880249023,,,,,,903.537536621094,245.838836669922,193.691207885742,0.294464081525803,400.946258544922,87.4405136108398,108.101409912109,448.21875,98.4588928222656,117.906341552734,11495,2957,6116.7041015625,1573.47497558594,40,323,171.874328613281,21.2847480773926,170,247,,,1.31433320045471,0.904601752758026,1.47955596446991,0.939854621887207,158,11,84.0747528076172,5.85330533981323,7.54650735855103,17.8662796916362,558.518509791986,310.54528908923,,,,695.258024984481,386.574662388227,,,11439,134.015792511125
2017,RS,43018,Região 18 - Araucárias,83.9547001911132,82.2690217391304,71.8959030100335,100,97.4622770919067,99.8628257887517,97.7366255144033,97.8737997256516,99.1083676268861,96.7078189300412,81.8497913769124,96.159122085048,85.3291549682617,0.752351105213165,13.6677112579346,85.5799407958984,,,,,,735.676513671875,204.270843505859,113.065040588379,1.53688526153564,287.748565673828,51.7392616271973,59.2970008850098,320.736145019531,59.4313812255859,63.4963722229004,11807,2378,8899.7265625,1792.45776367188,0,352,265.325958251953,0,120,135,,,1.01758539676666,0.904520332813263,1.5427725315094,0.951065421104431,107,0,80.6530609130859,0,6.09119081497192,22.0636280450837,752.717045320777,580.827506872993,,,,937.001293827822,723.028831104591,,,3972,68.120296377731
2017,RS,43001,Região 01 - Verdes Campos,56.0987239297475,40.3665843395536,42.3840559824369,100,93.8194304180974,95.798828519491,100,93.7184407190467,92.5469602100586,88.7295495859422,100,87.0127247020804,74.0586624145508,2.02140307426453,18.8466110229492,79.1319885253906,,,,,,773.873352050781,231.333358764648,127.060707092285,2.82569909095764,318.67626953125,68.1044845581055,73.8844451904297,354.825073242188,77.4690628051758,79.8173904418945,21969,4158,5056.8779296875,957.098571777344,30,874,201.179458618164,6.90547323226929,788,1140,,,2.62407994270325,1.81383764743805,2.85604619979858,1.83236730098724,625,71,143.864028930664,16.3429527282715,14.6745910644531,20.9412351335157,506.924454117787,346.104073868744,,,,631.032434211594,430.839140723709,,,14245,75.7726334166789
2017,RS,43013,Região 13 - Diversidade,92.0653022156879,92.6544708261295,86.3096444293062,100,93.0366116295765,100,100,98.4924623115578,98.4924623115578,98.851399856425,87.4012921751615,95.8363244795406,82.4940872192383,0.405542403459549,17.9790477752686,81.6154098510742,,,,,,766.773986816406,206.657608032227,131.509384155273,4.21652412414551,304.157562255859,60.0249481201172,71.4296722412109,339.664611816406,68.6425094604492,77.3902816772461,16058,2778,7015.873046875,1213.73120117188,27,515,225.007751464844,11.7965230941772,286,426,,,1.86122918128967,1.24955761432648,1.94937539100647,1.22607386112213,315,39,137.626098632812,17.0394229888916,20.5460472106934,25.953061756987,849.298177747544,561.837661304906,,,,1057.22794022278,699.3897890801,,,7779,73.913643259805
2017,RS,43014,Região 14 - Fronteira Noroeste,96.1989134833105,88.670781999294,93.6160687381082,100,95.8575300038715,99.922570654278,100,100,92.6054974835463,97.1351142082849,91.4440572977158,90.9020518776616,80.9802474975586,0.329187989234924,20.0073146820068,79.6634979248047,,,,,,873.505737304688,281.561492919922,157.408386230469,2.28426384925842,331.897430419922,67.7461471557617,80.6976547241211,368.395935058594,77.85595703125,86.9393081665039,18698,4525,8290.7666015625,2006.40270996094,40,632,280.231292724609,17.736156463623,285,280,,,1.24153101444244,1.26370120048523,1.64137053489685,1.31114542484283,260,10,115.285018920898,4.43403911590576,13.8528251647949,20.540399621393,976.137918722236,460.848109076965,,,,1215.12127097819,573.675429761524,,,6993,65.8548666329881
2017,RS,43003,Região 03 - Fronteira Oeste,80.8642753842532,58.0775148824538,67.4059546631689,94.2155570204351,90.210942649967,89.7989452867502,95.2867501647989,85.5800922874094,83.3882663150956,82.811470006592,89.9637442320369,77.9499011206328,66.7703399658203,1.57145190238953,28.3188743591309,69.9950866699219,,,,,,872.479736328125,226.623733520508,171.809387207031,6.03426885604858,400.980041503906,81.874153137207,103.251327514648,447.044525146484,92.7552795410156,111.534339904785,30436,6707,6594.1875,1453.12182617188,71,722,156.426712036133,15.3826818466187,395,556,,,1.20461571216583,0.855797111988068,1.48556625843048,0.898424446582794,302,13,65.4305648803711,2.81654739379883,8.14047241210938,20.8985989436834,533.400742547175,302.602493014291,,,,663.990790433649,376.687268120895,,,23809,116.849185713085
2017,RS,43017,Região 17 - Planalto,68.541255680201,46.5928608583851,56.1029649913141,96.8975069252078,93.6657433056325,92.7423822714681,97.2483841181902,96.6943674976916,88.679593721145,94.66297322253,85.2262234533703,88.2363804247461,79.5229339599609,0.880733966827393,20.6422023773193,78.4587173461914,,,,,,717.090942382812,188.33674621582,115.581336975098,2.91822195053101,327.425018310547,62.900146484375,70.5424346923828,365.695953369141,71.8207626342773,76.3293075561523,34643,6061,8429.6513671875,1474.81787109375,88,1131,275.205261230469,21.4129638671875,627,1297,,,3.15597891807556,1.52567362785339,3.81503582000732,1.57592117786407,536,40,130.424407958984,9.7331657409668,18.9509601593018,21.8137618598289,691.667208006019,503.605165196193,,,,861.004905932117,626.900499066169,,,8193,40.3786402245653
2017,RS,43015,Região 15 - Caminho das Águas,95.7952573438819,91.6397972076734,90.9440748255451,100,87.7586966094232,97.0057243505064,98.855129898723,92.0739762219287,90.9731395860854,92.1620431527961,95.0682518714223,88.6393659180978,84.8218002319336,0.880503118038177,14.2557649612427,84.8637313842773,,,,,,867.476684570312,241.809127807617,148.013214111328,3.1875,347.873718261719,69.3244857788086,75.1073608398438,388.444732666016,79.3349380493164,81.5609436035156,18894,3964,10243.8154296875,2149.17333984375,10,597,323.67724609375,5.42172908782959,229,199,,,1.07892405986786,1.2415759563446,1.58273828029633,1.32805252075195,216,20,117.109352111816,10.8434581756592,8.03879833221436,22.0823877469297,761.466872099129,495.766775963457,,,,947.893300409911,617.1430730875,,,9316,116.352222035991
2017,RS,43019,Região 19 - Botucaraí,89.8180481529131,90.4019982957678,75.7330704583048,95.7575757575758,92.5757575757576,94.5454545454545,93.1060606060606,91.5909090909091,92.7272727272727,91.7424242424242,66.6921898928024,88.7121212121212,79.2424240112305,0.833333313465118,22.2727279663086,76.8181838989258,,,,,,790.069641113281,269.883697509766,123.448379516602,2.47844839096069,352.272155761719,85.2452011108398,65.9605331420898,389.1103515625,96.4974136352539,72.3287200927734,10349,2804,8810.80859375,2387.236328125,0,243,206.882461547852,0,84,103,,,0.876909196376801,0.715149223804474,1.19915199279785,0.782620191574097,84,0,71.5149230957031,0,8.27785205841064,20.7227860267932,628.288454242609,428.680635619046,,,,782.109423696555,533.632541884052,,,5905,103.073870099052
2017,RS,43026,Região 26 - Uva Vale,75.6576858653646,50.9453379021928,65.0744994142956,100,100,100,100,100,98.8100686498856,100,73.5469107551487,100,82.4337158203125,0.426136374473572,17.5189399719238,82.0549240112305,,,,,,602.273559570312,166.700729370117,101.633666992188,1.875,257.202392578125,50.1931114196777,57.6289176940918,288.623657226562,57.1326141357422,62.1221084594727,10310,2283,5544.1435546875,1227.67016601562,5,236,126.907646179199,2.68872141838074,152,191,,,1.02709150314331,0.817371308803558,1.84594166278839,0.878539681434631,151,5,81.1993865966797,2.68872141838074,42.8178863525391,20.0057209932651,725.597672260859,443.92609560192,,,,903.242409526068,552.610477640595,,,2681,31.8231276413159
2017,RS,43010,Região 10 - Capital e Vale do Gravataí,66.1364614419999,29.3217621236132,47.1400374327613,94.043128379228,77.6373695460832,79.045643153527,84.9616496919402,77.9108512511002,73.5602917138187,73.2993838802967,62.5738714950333,65.9813906701874,66.9729919433594,1.84777975082397,25.4882011413574,72.5327377319336,,,,,,769.487182617188,184.229019165039,133.222244262695,5.39478778839111,371.805603027344,69.2280807495117,78.9494247436523,417.7978515625,79.1826400756836,85.7205810546875,150492,29441,6407.4404296875,1253.49816894531,564,5080,216.289215087891,24.0132122039795,4202,9418,,,4.00986576080322,1.78906953334808,4.65977668762207,1.82992172241211,2841,360,120.960174560547,15.327582359314,38.0982398986816,21.5584358656301,795.118583111331,386.8812971366,,,,989.783804888278,481.599663815629,,,78251,97.12798026961
2017,RS,43021,Região 21 - Sul,86.1925363287302,52.6801385589821,67.9341878784655,64.6934848346009,65.2891047374691,69.0552552002199,72.6656281499129,66.0679923027582,65.1791441400165,65.7289471272794,85.7142857142857,55.4384678823422,61.6905136108398,9.83621978759766,22.7033138275146,66.4627227783203,,,,,,891.811828613281,226.151062011719,160.704315185547,8.20952892303467,390.497100830078,74.4085845947266,91.5722427368164,436.684234619141,84.7002410888672,99.5248947143555,52326,9888,5976.5556640625,1129.38464355469,127,1909,218.041595458984,14.5056486129761,1291,2062,,,2.35516905784607,1.47455060482025,2.7565586566925,1.47569274902344,582,30,66.4747085571289,3.42653107643127,15.2537746429443,19.7914333996493,606.944888272478,298.285350881453,,,,755.540410741111,371.313179956884,,,30185,72.2405410136621
2017,RS,43029,Região 29 - Vales e Montanhas,85.4260008671773,78.4181240063593,73.453082092788,100,98.1312127236581,100,100,99.9602385685885,97.4950298210736,98.8071570576541,81.8687872763419,92.7236580516899,86.847053527832,0.18789929151535,12.8898906707764,86.9222106933594,,,,,,763.523071289062,219.238265991211,130.915283203125,1.70287728309631,303.904388427734,62.7016105651855,69.8860015869141,341.276733398438,71.3482513427734,75.4406890869141,16382,2886,7344.7060546875,1293.90930175781,25,571,256.002166748047,11.2085008621216,323,440,,,1.97269606590271,1.44813823699951,2.37754702568054,1.57569098472595,198,6,88.7713241577148,2.69004011154175,24.7497138977051,22.1164264018531,999.646180865655,570.23022673412,,,,1244.38495270423,709.837067661864,,,3199,32.2740650074204
2017,RS,43009,Região 09 - Carbonífera/Costa Doce,60.4913355823009,36.4229630393471,41.2516142971485,89.9171270718232,84.9052880820837,89.8973954222573,92.0284135753749,85.7932123125493,86.8389897395422,80.0710339384373,44.5737963693765,82.3204419889503,71.9087371826172,1.10002040863037,26.3597469329834,72.3568954467773,,,,,,746.162780761719,201.34162902832,138.712875366211,6.36065578460693,369.212310791016,78.4183044433594,84.8696594238281,412.839630126953,88.7336883544922,92.6997909545898,24476,4070,5987.89501953125,995.699157714844,0,386,94.4324035644531,0,243,498,,,1.21832478046417,0.59448379278183,1.22884440422058,0.613565981388092,92,0,22.5072040557861,0,16.4231643676758,23.9756551744591,504.024439104328,370.659138154113,,,,627.422421874789,461.405908340366,,,16366,88.3362492962398
2017,RS,43007,Região 07 - Vale dos Sinos,68.725619374594,39.9673378491231,47.3740991617952,88.1016917468922,86.3632115150949,90.9430787924105,93.681652490887,87.9054117207216,86.4660248621366,85.8117581082344,73.1376764183569,84.3817179175624,78.3120040893555,0.884456157684326,20.6247653961182,78.4625549316406,,,,,,642.244812011719,164.505676269531,138.331527709961,4.83717393875122,356.063171386719,70.4771118164062,95.7021789550781,398.278961181641,80.4020004272461,104.124969482422,47717,7325,5836.220703125,895.913757324219,60,797,97.4803085327148,7.33854293823242,689,1315,,,1.60836398601532,0.842709362506866,1.80500638484955,0.87557989358902,427,64,52.2259635925293,7.8277792930603,26.1042976379395,29.6671420841992,758.168552962351,445.636351641155,,,,943.787468985168,554.739447791467,,,18438,49.9863517764679
2017,RS,43016,Região 16 - Alto Uruguai Gaúcho,87.5062917351767,76.5859367135331,79.2389517130298,94.6902654867257,100,100,100,97.6401179941003,88.901179941003,97.3451327433628,88.4600832387438,89.3436578171091,80.1200332641602,0.525131285190582,22.6556644439697,76.6691665649414,,,,,,771.757629394531,197.436325073242,99.7888565063477,4.77247524261475,292.590393066406,45.6790084838867,54.7112121582031,326.232208251953,52.2765998840332,59.0730171203613,19343,3147,8284.1884765625,1347.7919921875,30,594,254.397354125977,12.8483505249023,274,428,,,1.83303141593933,1.17348277568817,1.74223637580872,1.20335507392883,259,10,110.924095153809,4.28278350830078,14.1888618469238,22.0270112024713,768.425010985786,580.254532433226,,,,956.554968403165,722.315577970854,,,5122,46.2232507072605
2017,RS,43004,Região 04 - Belas Praias,88.9656219670811,62.4508955982649,69.8322362557192,100,95.0389105058366,100,100,100,100,99.5136186770428,100,92.6556420233463,77.1687545776367,1.25161850452423,25.6797580718994,73.0254669189453,,,,,,738.650512695312,204.932418823242,154.497344970703,7.00086450576782,357.060943603516,79.308349609375,90.823371887207,400.135925292969,90.2635040283203,98.7862243652344,12064,1677,7701.8837890625,1070.62829589844,15,166,105.977516174316,9.57628154754639,180,239,,,1.52582085132599,1.14915382862091,1.63259637355804,1.14276957511902,13,0,8.2994441986084,0,8.08557319641113,22.3976804268467,823.01211196312,621.756115669467,,,,1024.50637798002,773.977802747083,,,5277,83.6508329195929
2017,RS,43027,Região 27 - Jacuí Centro,66.9427271103904,75.3625706439641,55.8013716150019,92.2020381036775,88.9676561807709,92.3349579087284,93.8413823659725,88.9233495790873,87.8599911386797,88.6132033673017,82.8391734052111,83.7837837837838,72.4726486206055,1.2253829240799,25.9956245422363,72.7352294921875,,,,,,934.101318359375,303.004974365234,185.442977905273,2.58030533790588,393.878845214844,93.9691009521484,103.569129943848,439.332580566406,106.235298156738,113.284187316895,16870,4741,8298.2041015625,2332.05615234375,15,393,193.313232421875,7.37836742401123,199,324,,,1.59372735023499,0.978863418102264,1.7197744846344,0.960909426212311,201,4,98.8701248168945,1.967564702034,5.68281888961792,22.724046658756,657.730097624973,370.53806766221,,,,818.759129071483,461.255196717369,,,10019,110.199717783967
2017,RS,43005,Região 05 - Bons Ventos,66.4282697957753,58.7008868004205,59.3527345259167,80.9689787382363,73.2659463227605,81.1432554897177,81.8403624956431,74.5904496340188,75.5663994423144,75.1132798884629,66.6782851167654,67.4799581735796,75.0248718261719,1.39303481578827,23.2835826873779,75.0248718261719,,,,,,835.776794433594,223.713653564453,154.210372924805,7.84823274612427,383.813507080078,74.0852584838867,88.3007888793945,427.972595214844,84.4266204833984,95.2583847045898,14583,2586,6334.78857421875,1123.34655761719,19,290,125.974678039551,8.25351333618164,195,268,,,1.16417980194092,0.84707111120224,1.67948138713837,0.935144782066345,63,0,27.3669128417969,0,8.69051456451416,30.0725932109161,766.183074359249,553.782611619078,,,,953.764148754794,689.362658667169,,,10062,104.776105399295
2017,RS,43008,Região 08 - Vale do Caí e Metropolitana,76.7881898762513,55.1281799533177,60.8999760435771,92.29295877417,83.2542867566582,89.6661802261948,90.6421014228384,86.8205034658884,86.665450565487,84.8869025902955,58.5552717986136,82.0138635534476,70.9964065551758,1.00207984447479,21.0436763763428,77.7746276855469,,,,,,749.844665527344,185.381149291992,139.230865478516,4.88904285430908,399.076629638672,77.9463729858398,94.9630661010742,445.915832519531,88.2107543945312,102.278251647949,54327,9874,7062.5537109375,1283.6279296875,120,1286,167.181030273438,15.6000967025757,904,2018,,,2.62341618537903,1.17520725727081,2.63423895835876,1.23520267009735,301,19,39.130241394043,2.47001528739929,29.1145896911621,18.6600875923751,1057.42696544443,429.708207177027,,,,1316.31194073413,534.911689055375,,,20714,62.0233534104706
2017,RS,43020,Região 20 - Rota da Produção,94.7084304433008,80.8671895127227,88.8764401732701,98.8813229571984,91.7801556420233,98.2003891050584,100,92.4610894941634,89.6887159533074,93.1906614785992,55.2529182879377,86.8677042801556,84.9645385742188,0.425531923770905,12.1985816955566,87.2340393066406,,,,,,769.795166015625,218.281875610352,141.852645874023,2.14455914497375,322.231475830078,59.3213996887207,80.4000091552734,360.324005126953,68.0418548583984,87.2441711425781,13785,3372,8428.615234375,2061.7548828125,0,465,284.316711425781,0,194,162,,,0.990522801876068,1.18618154525757,1.25328648090363,1.25466215610504,125,0,76.4292297363281,0,4.50198698043823,20.6588414564412,764.454896422861,511.606759374046,,,,951.612868971206,636.86108670523,,,9525,152.01903635047
2017,RS,43025,Região 25 - Vinhedos e Basalto,69.6820793993257,47.1952257477089,53.9900899296002,96.1274375171656,99.7802801428179,97.8028014281791,100,98.2971711068388,94.122493820379,98.4894259818731,85.7934090279701,91.018950837682,81.3211212158203,0.77713018655777,15.0152654647827,84.2076034545898,,,,,,653.891357421875,168.943374633789,99.7570419311523,1.27952754497528,258.505249023438,45.2654342651367,57.0600776672363,288.733947753906,51.5660514831543,61.3229675292969,17778,2841,5720.90576171875,914.225036621094,27,433,139.33805847168,8.68851661682129,287,682,,,2.19465494155884,0.923557162284851,2.35434675216675,0.939083814620972,319,12,102.653213500977,3.86156296730042,36.2697525024414,21.9395475041599,906.285228050862,560.955322672066,,,,1128.16686766913,698.291431542292,,,3276,21.7609803952293
2017,RS,43012,Região 12 - Portal das Missões,95.9426368385047,90.4754902274195,82.6612619639786,84.3765648472709,83.4251377065598,86.129193790686,85.027541311968,83.7255883825739,76.7651477215824,84.2263395092639,82.3735603405108,80.4206309464196,73.4299545288086,0.697799265384674,19.8067626953125,79.4417572021484,,,,,,830.449401855469,227.439575195312,140.920776367188,7.02446746826172,370.480865478516,77.1797866821289,84.5983963012695,412.958282470703,88.0390167236328,91.3540496826172,10255,2250,6721.5927734375,1474.75219726562,8,319,209.087097167969,5.24356365203857,201,250,,,1.63861358165741,1.31744527816772,1.61583685874939,1.26845073699951,190,6,124.534637451172,3.93267273902893,11.6603746414185,21.4150815569335,745.961774242027,514.536583957383,,,,928.592160833831,640.508206751656,,,5960,93.6761299160306
2017,RS,43024,Região 24 - Campos de Cima da Serra,84.9374272993462,82.2570294011472,77.5380048935061,100,100,100,100,98.3100661278472,100,99.9265246142542,96.5466568699486,98.6774430565761,65.6227722167969,2.27758002281189,28.3274021148682,69.39501953125,,,,,,757.025939941406,216.725128173828,134.067169189453,4.5272970199585,359.502288818359,80.0179443359375,82.9421081542969,399.536315917969,90.7132797241211,88.3655014038086,6691,1295,6744.6875,1305.39086914062,8,168,169.348007202148,8.06419086456299,85,143,,,1.44147408008575,0.856820285320282,1.41702961921692,0.928641974925995,48,2,48.3851470947266,2.01604771614075,12.2212810516357,24.5295818007093,955.495566524635,581.977352517554,,,,1189.42514673464,724.46018816413,,,4072,103.68877057556
2017,RS,43030,Região 30 - Vale da Luz,74.6097187755199,55.6375716539678,48.0047888239631,94.1176470588235,85.9082094376212,93.9883645765999,94.8287007110537,93.4065934065934,92.8248222365869,91.5966386554622,66.3865546218487,91.0795087265676,87.3904266357422,0.472016185522079,12.8118677139282,86.7161178588867,,,,,,743.372497558594,210.830444335938,154.608993530273,1.78571426868439,315.940948486328,62.0748519897461,77.9062728881836,356.5205078125,72.3844299316406,85.3848342895508,9545,1603,7453.24658203125,1251.70812988281,14,223,174.130325317383,10.9319486618042,125,224,,,1.74911177158356,0.976066827774048,1.79342520236969,0.924725711345673,85,6,66.3725433349609,4.68512105941772,23.7559051513672,23.166072187337,809.72942367589,494.612499270626,,,,1007.97175027627,615.706200146543,,,2837,49.1770136450613
2017,RS,43011,Região 11 - Sete Povos das Missões,91.8755395979225,82.4974990064546,76.8246974825616,100,100,100,100,96.6261398176292,93.9209726443769,94.2553191489362,96.6869300911854,91.1550151975684,75.6203079223633,0.461627244949341,27.8130416870117,71.7253341674805,,,,,,854.87646484375,237.367279052734,156.591552734375,5.4703688621521,343.268646240234,65.8567047119141,86.1222152709961,384.105682373047,74.7779541015625,93.7540512084961,21096,4718,7473.880859375,1671.49072265625,25,499,176.78547668457,8.85698795318604,295,373,,,1.32146263122559,1.04512453079224,1.87626433372498,1.05920720100403,216,9,76.5243759155273,3.18851566314697,9.46457767486572,20.8403483383277,622.156409024785,396.28535661351,,,,774.476098081532,493.306075875613,,,12940,95.8790925205779
2017,RS,43002,Região 02 - Entre Rios,85.905900640623,84.1233827408617,78.6835824645145,81.7238627294493,94.8922585794094,95.2114924181963,98.0047885075818,90.8220271348763,98.7230646448524,91.6201117318436,87.6174210076857,94.732641660016,78.738883972168,0.889248192310333,17.1382369995117,81.8916702270508,,,,,,869.698608398438,264.866424560547,139.700897216797,4.36397409439087,309.618469238281,61.2111129760742,67.6575698852539,346.773254394531,70.9597549438477,74.0254287719727,8312,1949,6712.10302734375,1573.85571289062,7,253,204.302459716797,5.65263748168945,100,160,,,1.29203140735626,0.807519614696503,1.17413353919983,0.83113956451416,105,3,84.7895584106445,2.42255878448486,5.58965063095093,22.0005419544735,642.629252700632,439.224456063165,,,,799.961213812409,546.7577573411,,,6691,121.740085770644
2017,RS,43006,Região 06 - Vale do Paranhana e Costa Serra,76.6497061145715,52.6151416790947,70.0701815948767,90.1655964852991,81.8181818181818,87.1916187901318,89.0841500506928,83.5417370733356,80.8719161879013,82.8658330517067,75.3295032105441,72.4569111186212,78.4631652832031,0.916461050510406,20.2326393127441,78.780403137207,,,,,,660.271667480469,176.966644287109,126.775619506836,7.73263454437256,358.771087646484,79.0901718139648,83.1747512817383,401.279632568359,90.5309371948242,90.9490203857422,17910,2895,7749.32177734375,1252.6123046875,8,412,178.264694213867,3.46145033836365,152,304,,,1.31535112857819,0.657675564289093,1.69091844558716,0.768225610256195,63,2,27.2589206695557,0.865362584590912,11.515811920166,21.4088837272147,499.590309599955,309.156091387833,,,,621.902704859709,384.845353809814,,,5576,57.9925801042628
2017,RS,43028,Região 28 - Vinte e Oito,75.7238288077808,63.1105457775932,53.0998159781712,57.020202020202,72.7020202020202,73.459595959596,74.3434343434343,73.1060606060606,69.8737373737374,72.1212121212121,77.9292929292929,65.9090909090909,75.9710006713867,0.854479551315308,19.2128429412842,79.8291015625,,,,,,787.804565429688,210.464569091797,152.673065185547,4.63503646850586,352.324188232422,63.9183731079102,83.649543762207,394.515319824219,73.4939346313477,91.0510864257812,25193,4534,7243.4892578125,1303.615234375,33,537,154.398193359375,9.48815727233887,367,598,,,1.71936905384064,1.05519807338715,2.69859004020691,1.08553147315979,225,6,64.6919784545898,1.72511947154999,18.617488861084,22.9738074558576,919.555608626313,387.355192367926,,,,1144.68617442069,482.189580634508,,,11567,69.6804939839765
2017,RS,43023,Região 23 - Caxias e Hortênsias,58.6537902345741,23.8419250334397,35.5064878197299,88.0005036514732,87.4464870309746,92.5333669100982,94.0191387559809,89.9647443968774,88.3278771090405,91.2994208008058,93.9058171745152,87.1568874338957,80.6547241210938,0.565808951854706,13.8757915496826,85.5584030151367,,,,,,563.076110839844,136.924224853516,100.047294616699,1.90895736217499,286.794403076172,51.3638343811035,68.006462097168,319.932800292969,58.7553253173828,73.4766387939453,29308,3948,4846.5888671875,652.87060546875,69,598,98.8897247314453,11.4103527069092,786,1856,,,3.0692195892334,1.29978799819946,2.73596286773682,1.32537865638733,628,109,103.850746154785,18.0250492095947,45.0708923339844,24.7092778345959,876.490796294286,485.352994819057,,,,1091.07800236665,604.179733853188,,,9916,33.6709960219403
2017,SC,42008,Meio Oeste,96.6633628915764,83.5498360413745,86.2685969148364,100,100,100,100,100,100,100,100,100,74.3483200073242,1.54892325401306,26.3316955566406,72.0816040039062,,,,,,598.720581054688,170.837738037109,104.079605102539,4.91659355163574,286.067199707031,58.259880065918,69.2255859375,319.451263427734,66.3392105102539,74.7514266967773,15000,3075,7884.818359375,1616.38781738281,10,367,192.915222167969,5.25654554367065,188,331,,,1.73991668224335,0.988230586051941,1.78998517990112,1.06786727905273,147,0,77.2712249755859,0,20.0878887176514,21.5568118047941,810.964881787831,525.309372592387,,,,1009.5096799094,653.918447627536,,,3505,41.7982816220639
2017,SC,42003,Xanxerê,94.4093219912418,87.8038959077868,94.1923793224946,100,100,100,100,100,100,100,100,100,76.5545349121094,0.849473297595978,22.7319068908691,76.3846435546875,,,,,,597.118347167969,165.726715087891,98.9338226318359,4.62573575973511,311.717864990234,60.9149322509766,70.1930923461914,347.706268310547,69.0448608398438,76.1930999755859,19179,4988,9631.7353515625,2504.984375,20,383,192.34342956543,10.0440435409546,183,256,,,1.28563749790192,0.919029951095581,1.35519254207611,0.989463806152344,98,3,49.2158126831055,1.50660645961761,10.954535484314,22.6808027909221,773.618961872575,502.409236950807,,,,963.020530371309,625.41177721482,,,7240,87.6047802420737
2017,SC,42004,Alto Vale do Itajaí,96.6573509368504,93.1611988380577,95.4389636135854,100,100,100,100,99.5994659546061,95.2202937249666,98.9052069425901,95.9679572763685,92.9238985313752,80.923698425293,0.251004010438919,20.8835334777832,78.7399597167969,,,,,,660.085205078125,188.693435668945,116.566055297852,2.27861213684082,337.381317138672,70.1296005249023,81.0306777954102,374.766082763672,79.4625244140625,87.1326904296875,22285,4282,7617.81396484375,1463.74145507812,35,689,235.524963378906,11.9642572402954,297,432,,,1.47673118114471,1.01525270938873,1.47331285476685,1.1765992641449,133,1,45.4641799926758,0.34183594584465,7.64721155166626,21.9201498870586,814.610367090421,426.391379155129,,,,1014.04767259389,530.782817300388,,,3657,29.7034203846354
2017,SC,42002,Oeste,94.8520599674385,93.4274941208394,91.6722254884226,100,99.08,99.74,100,96.66,93.28,97.44,100,93.24,85.0878829956055,0.518038868904114,17.2617950439453,82.2016677856445,,,,,,528.099975585938,159.690704345703,86.2890090942383,2.17506623268127,280.603546142578,57.6695518493652,60.1425132751465,311.536224365234,66.5386352539062,63.9792137145996,27450,4843,7690.3681640625,1356.81066894531,28,542,151.846252441406,7.84445571899414,445,755,,,2.11520147323608,1.24670815467834,2.1957471370697,1.29503560066223,247,15,69.1993026733398,4.2023868560791,16.6843166351318,24.2269718646243,953.772160047176,514.896531537952,,,,1187.2798065843,640.956278641086,,,6728,39.7301366530349
2017,SC,42007,Grande Florianópolis,91.6222772900275,61.4916913676152,83.9756447924035,37.5149820215741,84.3055000665868,85.7970435477427,52.8166200559329,81.5088560394194,76.3284059129045,47.9824210946864,28.0330270342256,37.6814489279531,71.5101776123047,1.05742931365967,26.0346393585205,72.0692825317383,,,,,,547.123107910156,101.901679992676,122.076843261719,1.28125,297.135437011719,37.6356544494629,75.640625,331.979400634766,43.3798522949219,82.2312316894531,71971,10707,6152.65576171875,915.319885253906,134,1844,157.639846801758,11.4553899765015,1711,3381,,,2.8903489112854,1.46269941329956,2.7471137046814,1.45038914680481,892,148,76.2552871704102,12.6522216796875,27.4800281524658,20.8665484137079,600.433559837417,381.901169907071,,,,747.434943745089,475.400274966255,,,15896,31.8917092779117
2017,SC,42010,Alto Uruguai Catarinense,98.3381593856226,78.1561682543679,79.3416984906347,100,100,100,100,100,88.4338682899834,100,100,87.5484228002214,86.9238510131836,0.25050100684166,15.5811624526978,84.1683349609375,,,,,,647.756286621094,186.072540283203,93.7357940673828,2.26781868934631,266.298217773438,54.9235725402832,57.4554977416992,296.853057861328,63.4028129577637,61.0903015136719,11681,2170,8171.10302734375,1517.96020507812,20,366,256.024627685547,13.9904165267944,165,203,,,1.42002725601196,1.15420937538147,1.65419185161591,1.22538566589355,140,2,97.9329147338867,1.39904165267944,28.7090339660645,22.0576723111758,962.587731719392,563.023138679515,,,,1198.25365407992,700.865501422099,,,1886,30.9359683051437
2017,SC,42001,Extremo Oeste,99.5016532319063,99.4355239556545,97.1452034663843,100,98.0222068008327,98.2997918112422,100,95.2810548230396,94.795281054823,94.6564885496183,97.883414295628,91.6377515614157,77.6254196166992,0.301003336906433,19.0300998687744,80.6020050048828,,,,,,625.672912597656,188.955810546875,101.612396240234,4.14651012420654,275.271087646484,55.0427131652832,61.0228042602539,307.331085205078,63.9143180847168,65.4968566894531,20754,4748,8973.8876953125,2053.00268554688,20,559,241.707778930664,8.64786338806152,274,266,,,1.15016579627991,1.18475723266602,1.34539139270782,1.29490947723389,183,0,79.1279525756836,0,8.29243659973145,21.8871264297674,834.230625325915,511.959130534091,,,,1038.47146831657,637.299727273984,,,4189,40.6704072381247
2017,SC,42013,Serra Catarinense,96.502505353836,91.1776370013001,85.5258484235065,100,94.4054250423831,96.2460644223783,99.1523371276338,93.9210462581739,90.1913296197627,90.3366432550254,97.9413901671107,82.9498667958343,68.3088607788086,1.06584560871124,31.3832302093506,67.5272369384766,,,,,,734.425903320312,207.412124633789,146.469665527344,4.33757638931274,385.188049316406,86.5978546142578,97.2051544189453,429.171020507812,97.8838958740234,104.606246948242,22763,5657,7882.00732421875,1958.81530761719,36,686,237.537094116211,12.465503692627,353,486,,,1.68284296989441,1.22231185436249,2.13774728775024,1.32099711894989,194,2,67.1752166748047,0.692527949810028,13.8436336517334,20.9420160049243,740.981284693948,382.459599026982,,,,922.392320961124,476.095421716446,,,11956,102.268110835794
2017,SC,42006,Médio Vale do Itajaí,91.9545233873691,56.6794104609929,76.6184354947653,55.6338769068911,100,100,100,100,100,100,52.8774329300368,100,77.2105484008789,0.188342586159706,19.2704200744629,80.4718475341797,,,,,,522.523742675781,140.63948059082,98.2656631469727,2.46268653869629,292.720245361328,60.0742149353027,71.7815399169922,327.723480224609,68.5742111206055,77.4745407104492,47086,7080,6120.287109375,920.265747070312,68,975,126.731506347656,8.83871078491211,1039,1696,,,2.20447826385498,1.35050296783447,2.31769180297852,1.45260310173035,524,45,68.1100616455078,5.84914684295654,26.3861503601074,23.4533708317278,808.35779608894,422.871025353019,,,,1006.26431342252,526.400591485502,,,7152,24.0842242449711
2017,SC,42011,Nordeste,71.3956450291742,52.0088638675187,59.3805392859415,100,99.5188509874327,99.8420107719928,100,97.1274685816876,96.2082585278277,96.1292639138241,96.9982046678636,95.5260323159785,80.7931289672852,0.530615091323853,22.5651054382324,76.8973007202148,,,,,,507.286071777344,121.625343322754,110.686027526855,2.74456000328064,305.280578613281,56.2496337890625,81.6978302001953,341.932952880859,64.6489868164062,88.8497467041016,58570,8540,5824.6904296875,849.289001464844,105,1204,119.735824584961,10.4420776367188,1066,2047,,,2.03570795059204,1.06011950969696,2.06879949569702,1.09286284446716,513,61,51.0170097351074,6.06634998321533,31.1579666137695,34.6787772334171,1019.42518329155,654.264436100077,,,,1269.00635722654,814.444985592225,,,13006,32.1990650575357
2017,SC,42014,Extremo Sul Catarinense,90.7562384332228,73.6872343454475,80.297838156637,100,100,100,100,99.0580847723705,98.3124018838305,98.9795918367347,100,89.3249607535322,72.5722732543945,0.185322463512421,31.7642707824707,67.8650817871094,,,,,,635.011901855469,180.567321777344,150.809020996094,1.58856236934662,323.362243652344,62.4657897949219,92.2390823364258,360.584442138672,71.4917297363281,100.804023742676,14659,3926,7393.67724609375,1980.18798828125,10,334,168.462249755859,5.0437798500061,200,272,,,1.37190818786621,1.00875604152679,1.13812899589539,1.04696261882782,62,0,31.2714366912842,0,7.75632476806641,23.0884371004662,572.005430136738,359.029493293892,,,,712.046885940062,446.92903107483,,,5128,62.5402642098494
2017,SC,42016,Laguna,95.750947563527,98.7677512083863,94.4722223763728,100,95.7446808510638,96.7179719330014,100,92.3947487550928,87.5961973743776,89.3843368039837,100,79.6287913082843,75.1443862915039,0.556930720806122,30.7343235015869,68.6674880981445,,,,,,650.344604492188,198.854309082031,120.526123046875,2.16284990310669,313.777374267578,72.0260238647461,77.2359008789062,350.864135742188,82.5921096801758,83.1958236694336,29964,8013,8264.17578125,2210.01342773438,30,630,173.756195068359,8.27410411834717,432,558,,,1.53898346424103,1.19147109985352,1.66736996173859,1.2478039264679,246,18,67.84765625,4.9644627571106,19.260404586792,20.4728299880703,556.657395266321,332.193272922311,,,,692.941262358538,413.522622430392,,,5434,36.7035846274526
2017,SC,42009,Alto Vale do Rio do Peixe,79.6108646533671,73.1903725338918,70.4683539071972,99.4418604651163,96.0697674418605,99.3720930232558,100,95.9069767441861,93.2093023255814,92.7906976744186,95.3255813953488,93.7674418604651,79.5879669189453,0.686715602874756,19.843713760376,79.4695739746094,,,,,,604.438049316406,182.944625854492,114.983955383301,5.22430419921875,347.580383300781,83.8167495727539,88.1399459838867,386.232849121094,94.51904296875,94.8444519042969,25285,5301,8678.7138671875,1819.49230957031,36,497,170.588134765625,12.356484413147,252,375,,,1.28713381290436,0.864953935146332,1.40752375125885,0.945356905460358,183,20,62.8121299743652,6.86471366882324,17.1655597686768,22.5515497836986,631.49808275154,425.092201916496,,,,786.10485077539,529.165568480158,,,8343,65.4475951157264
2017,SC,42005,Foz do Rio Itajaí,85.8186417258157,62.75480580973,70.0688783968482,94.6710730145616,94.1340493648663,95.9413404936487,99.4733037281834,90.3439016833626,90.7673241763916,89.1355984715481,73.5928947640194,84.8187545182278,80.5211868286133,0.703037142753601,20.988000869751,77.999626159668,,,,,,529.857666015625,139.575119018555,92.9523391723633,6.08743762969971,331.587310791016,72.0768585205078,71.2202835083008,368.417663574219,81.0897827148438,76.5826263427734,34360,5394,5037.60595703125,790.827941894531,59,673,98.6702270507812,8.65013885498047,654,1485,,,2.17719578742981,0.958845853805542,2.58202981948853,1.04127871990204,302,37,44.2769813537598,5.42466306686401,22.8014717102051,24.1193830243298,910.904440994152,578.467146511008,,,,1133.9169812493,720.090594582875,,,9253,31.2303161167578
2017,SC,42015,Carbonífera,85.3259962923194,83.3880400279133,80.0393794216676,93.0528888113109,93.8907313667307,96.3868039797521,97.5737475999302,92.4768720544598,90.9059172630477,92.1801361494153,88.6193052888811,87.7116425205097,79.9058074951172,0.540729105472565,22.5710792541504,76.8358612060547,,,,,,547.646423339844,140.057647705078,125.143028259277,0.34042552113533,304.662170410156,61.508602142334,87.9614181518555,339.546691894531,70.4580993652344,95.5621871948242,26044,5591,6069.3203125,1302.93237304688,28,613,142.854141235352,6.52514839172363,453,795,,,1.85267615318298,1.05567586421967,1.86590123176575,1.09645795822144,264,36,61.5228309631348,8.38947677612305,22.2876510620117,25.5053865301509,831.0790284564,405.520060041562,,,,1034.54828049623,504.801669225055,,,7520,43.2040997093486
2017,SC,42012,Planalto Norte,77.271669248489,72.5146949837733,68.5994215647716,94.0315748941086,92.8763958413554,93.1651906045437,95.0519830573739,91.2976511359261,89.2568348093955,90.739314593762,82.4027724297266,88.5252214093184,77.9690856933594,0.645666182041168,16.5329685211182,82.2343978881836,,,,,,641.011962890625,194.997817993164,115.771614074707,3.91177701950073,354.662445068359,87.8782119750977,81.5610427856445,397.981292724609,100.347694396973,88.5462951660156,30236,5813,8065.6005859375,1550.64611816406,47,629,167.788818359375,12.5374794006348,316,676,,,1.80326294898987,0.842945396900177,1.43327391147614,0.895829558372498,189,0,50.4166717529297,0,11.4648580551147,28.3571924877127,730.392707837974,437.045935450411,,,,909.211391585977,544.045879557183,,,8809,52.6145306245893
2017,SE,28007,Propriá,99.7079340407263,100,99.7079340407263,100,89.9259868421053,93.4210526315789,93.5444078947368,90.2549342105263,92.5164473684211,90.625,92.1875,82.4013157894737,57.6397514343262,1.49068319797516,39.8757781982422,58.550724029541,,,,,,682.197204589844,204.027496337891,124.43782043457,9.44444465637207,429.917541503906,103.640968322754,103.100440979004,477.371612548828,116.145751953125,110.635246276855,7104,1452,4487.34130859375,917.176208496094,0,127,80.2213363647461,0,120,135,,,0.852746486663818,0.75799685716629,0.955865621566772,0.800949990749359,6,0,3.78998422622681,0,2.87154483795166,17.7663916603536,535.99219831595,258.037541523884,,,,667.216700386578,321.211684745352,,,26820,436.054515476817
2017,SE,28001,Aracaju,74.6228762824941,78.5345947919057,67.4426927709482,92.0538088534334,73.2363522602847,74.7614578445174,79.1256061317065,70.0062568434225,77.0373846394494,70.3190990145472,90.4739558892539,68.6532144533083,61.0539207458496,0.939542472362518,46.1683006286621,52.785945892334,,,,,,565.941162109375,146.813674926758,110.616310119629,4.14475059509277,373.885864257812,76.8848495483398,93.7834167480469,415.751983642578,87.0073318481445,100.88883972168,32608,5816,3882.64428710938,692.512878417969,220,1622,193.132019042969,26.1954650878906,1179,2714,,,3.23156785964966,1.40383887290955,3.12157678604126,1.42562866210938,743,96,88.4692306518555,11.4307489395142,29.4947853088379,21.5469700200577,720.302359277488,329.871593286533,,,,896.650669445932,410.632536658985,,,56394,149.151971796042
2017,SE,28002,Estância,94.3736175839244,100,94.3736175839244,100,90.0987456631972,88.470776621297,93.4080597811583,85.8286629303443,88.1505204163331,85.8553509474246,99.1726714705097,81.0781958900454,59.4296493530273,1.39897763729095,40.6510620117188,57.8692512512207,,,,,,583.52734375,177.809539794922,135.102401733398,6.19282197952271,408.337860107422,108.19359588623,111.836654663086,454.30029296875,120.924949645996,120.45011138916,10276,1474,4219.7939453125,605.291564941406,0,242,99.3762283325195,0,159,146,,,0.599542558193207,0.652926445007324,0.87796026468277,0.705386459827423,11,0,4.5171012878418,0,2.4835844039917,18.3943910712347,473.514318023294,203.99610267162,,,,589.442648325767,253.939529239281,,,37375,387.907777849219
2017,SE,28003,Itabaiana,92.3799299175454,99.719430719742,88.4886774530855,99.0077177508269,81.1190738699008,81.0363836824697,84.4818081587652,79.4101433296582,77.6185226019846,79.4101433296582,93.715545755237,77.0121278941566,66.7549285888672,1.02971458435059,36.8637847900391,62.106502532959,,,,,,653.56591796875,159.983322143555,120.288208007812,10.5521469116211,402.236114501953,79.1228790283203,92.2032241821289,448.103546142578,89.3324966430664,99.155876159668,9905,1045,3971.51586914062,419.003936767578,0,139,55.7335357666016,0,121,131,,,0.525258541107178,0.485162436962128,0.859860241413116,0.590013682842255,42,0,16.8403491973877,0,3.2778537273407,18.5235008600516,478.923149323382,209.570685610382,,,,596.175698889434,260.878911652157,,,33390,296.98225435521
2017,SE,28005,Nossa Senhora da Glória,98.1885816892923,100,98.1885816892923,100,86.8078781122259,89.4834633965069,93.0880713489409,87.9598662207358,90.1895206243032,91.9360832404311,100,85.2099591230026,64.2753067016602,0.983248353004456,36.0888557434082,62.8186454772949,,,,,,514.578735351562,128.791717529297,98.2110290527344,9.14285755157471,370.985656738281,70.0847854614258,87.3749313354492,412.790466308594,80.1118621826172,94.7717514038086,5131,470,3017.48974609375,276.402313232422,0,116,68.2184371948242,0,121,87,,,0.511638283729553,0.71158891916275,0.675715446472168,0.764811038970947,0,0,0,0,1.41847312450409,17.793363989943,467.469214821937,206.201991241688,,,,581.9175503408,256.685475351493,,,34708,574.19221097206
2017,SE,28006,Nossa Senhora do Socorro,99.3656988071483,97.664109222421,99.3656988071483,100,87.0269286754003,90.8842794759825,95.1965065502183,82.6783114992722,90.811499272198,86.3719068413392,100,81.6411935953421,53.7368431091309,1.03508770465851,49.7368431091309,48.8421058654785,,,,,,567.792175292969,150.445724487305,109.361328125,6.35085916519165,455.203521728516,115.327903747559,107.092636108398,508.727752685547,130.95930480957,114.643737792969,15724,3125,4647.56103515625,923.659851074219,0,132,39.0153923034668,0,177,166,,,0.490648120641708,0.523160934448242,0.806318163871765,0.69917356967926,0,0,0,0,9.78695201873779,19.9317404853547,470.699193224014,252.058895113293,,,,585.938309483423,313.769313861248,,,48597,335.288422824004
2017,SE,28004,Lagarto,89.4895948608599,100,84.3689631106296,92.0524261015059,87.5627440044618,87.5627440044618,91.2158393753486,83.5192414947016,82.7941996653653,83.2403792526492,83.2682654768544,75.3485778025655,71.3424682617188,0.931506872177124,37.7534255981445,61.2602729797363,,,,,,630.759338378906,192.13899230957,120.329467773438,9.60000038146973,370.106201171875,92.8660125732422,95.5945434570312,409.48828125,105.40535736084,102.049644470215,10537,1850,4090.03759765625,718.09521484375,10,167,64.8226470947266,3.88159584999084,157,151,,,0.586120963096619,0.609410524368286,0.798929452896118,0.699657618999481,21,0,8.15135097503662,0,4.12536001205444,16.8063381704061,364.856739421106,143.089137903952,,,,454.182935041262,178.12099271855,,,41488,389.902554464376
2017,SP,35091,Adamantina,83.4088077965853,80.5415109547886,69.3786180112845,92.6920208799403,89.7837434750186,90.9023117076808,93.4377330350485,86.8754660700969,91.2751677852349,86.7263236390753,75.0932140193885,89.7091722595078,89.0909118652344,0.632411062717438,10.9090909957886,88.3003921508789,,,,,,785.630859375,220.502334594727,120.473129272461,9.29368019104004,317.988098144531,69.1082611083984,70.9736709594727,354.900054931641,80.2292633056641,77.339973449707,10207,2794,7452.541015625,2040.01171875,4,211,154.059585571289,2.92056083679199,178,186,,,1.3580607175827,1.299649477005,1.2885148525238,1.21477067470551,81,1,59.1413536071777,0.730140209197998,12.8526573181152,25.8379039341125,737.538663409654,474.308148753099,,,,918.106858558492,590.430828978154,,,4738,83.6143110535883
2017,SP,35156,José Bonifácio,82.0575386674013,69.686921956787,56.640363650675,59.2804578904334,100,97.3017170891251,100,99.2641046606705,94.766966475879,98.528209321341,47.914963205233,95.4210956663941,81.8110198974609,1.18110239505768,18.1889762878418,80.6299209594727,,,,,,754.314514160156,187.124298095703,152.220275878906,1.67095112800598,336.084838867188,70.2049179077148,90.8215637207031,380.410064697266,81.2700424194336,99.7164688110352,10426,2707,10108.58984375,2624.587890625,0,208,201.667633056641,0,99,123,,,1.19255375862122,0.959860384464264,0.91841185092926,0.947256147861481,111,0,107.620712280273,0,27.9338760375977,25.5327037013692,791.716179490923,654.694044191366,,,,985.54840645501,814.979772654481,,,2800,62.249452758305
2017,SP,35142,Mantiqueira,76.3365481349292,48.0353924416021,59.7722029270929,100,100,100,100,100,86.6969696969697,100,81.969696969697,81.1212121212121,79.4006423950195,0.69828337430954,13.6165256500244,85.0450973510742,,,,,,800.602600097656,212.527450561523,142.51008605957,10.6890459060669,369.934295654297,80.3597412109375,93.9239807128906,412.682434082031,91.8812561035156,100.638374328613,16766,3094,5928.84375,1094.10974121094,8,228,80.6260528564453,2.82898426055908,266,469,,,1.65849208831787,0.940637290477753,1.73142683506012,0.983779311180115,208,12,73.553596496582,4.24347639083862,31.7242298126221,28.8157634070746,688.152126553377,471.606855322127,,,,856.629243271745,587.068190313912,,,5489,41.3200973154322
2017,SP,35074,Circuito das Águas,93.05771586153,63.760209793888,84.1534981928571,100,93.6610608020699,94.6313065976714,97.7360931435964,93.5963777490298,88.2923673997413,93.2082794307891,100,79.8835705045278,75.8227844238281,0.632911384105682,17.7215194702148,81.3291168212891,,,,,,821.127075195312,242.385375976562,151.39762878418,3.0881016254425,307.056610107422,66.6372756958008,85.7927703857422,344.483276367188,76.1950759887695,93.5027923583984,8675,1499,6469.82470703125,1117.95593261719,7,135,100.683151245117,5.22060775756836,159,386,,,2.87879228591919,1.18582379817963,2.1322455406189,1.16214466094971,70,2,52.2060813903809,1.4916023015976,30.6270694732666,26.2777678039312,937.788709275427,607.690806208492,,,,1167.38320115194,756.468948331004,,,2358,41.0578200516645
2017,SP,35061,Vale do Jurumirim,80.313391748078,61.3549535032061,60.0473360862121,96.0651629072682,93.3583959899749,93.5588972431078,96.6666666666667,92.280701754386,88.4962406015038,92.0802005012531,91.1528822055138,84.2606516290727,78.9342651367188,0.921314716339111,16.9571704864502,82.0468139648438,,,,,,726.67578125,184.171279907227,111.103324890137,17.2635440826416,357.008209228516,70.5776290893555,75.2931365966797,398.641418457031,80.3074798583984,82.0432357788086,21849,4533,7289.779296875,1512.40649414062,9,395,131.78923034668,3.00279259681702,256,309,,,1.03095877170563,0.854127645492554,1.0473906993866,0.850791215896606,155,1,51.7147598266602,0.333643615245819,9.75640678405762,28.7660626582631,827.183595313318,584.98897929226,,,,1029.69914639229,728.2091376558,,,12009,95.8844826807035
2017,SP,35103,Piracicaba,58.1129341131411,38.0943015371875,37.4980591066715,100,96.2030220844634,95.6089371044815,100,97.0295751000904,94.7694691979853,97.6882345344182,99.7417021826166,91.5278315898231,83.8576354980469,0.573180496692657,16.475606918335,82.8045883178711,,,,,,665.960693359375,139.204406738281,105.727020263672,16.05539894104,317.001159667969,53.2897491455078,70.193733215332,353.959106445312,60.3250846862793,75.9313659667969,30230,3731,5163.373046875,637.265808105469,61,512,87.4511108398438,10.4189796447754,684,1140,,,1.94715356826782,1.16829216480255,2.14767622947693,1.00790822505951,603,71,102.994178771973,12.1270093917847,45.0031585693359,28.5296232716881,887.698665377705,606.971113901959,,,,1105.02984243392,755.573057070708,,,16782,75.0350394948181
2017,SP,35062,Bauru,57.1689403496266,34.7927423477164,33.5734417572935,96.1374407582938,89.0284360189574,87.3696682464455,92.239336492891,87.4407582938389,84.9763033175355,87.5947867298578,90.0095260776375,79.478672985782,80.3370819091797,0.811485648155212,18.0649185180664,80.9488143920898,,,,,,705.781555175781,195.222778320312,141.373580932617,5.67282342910767,329.616241455078,72.2832641601562,92.8105392456055,368.292999267578,82.7477340698242,100.149116516113,40605,5507,6301.28857421875,854.60400390625,75,1104,171.324279785156,11.6388778686523,982,1341,,,2.08103132247925,1.52391707897186,2.04487323760986,1.64018952846527,955,86,148.201721191406,13.3459138870239,34.2456130981445,26.8839567629412,704.207966166692,511.15677116406,,,,876.615960172459,636.300929953653,,,19825,74.2623698592386
2017,SP,35161,Itapetininga,72.6766325505018,47.0817230786654,51.8159223599407,100,100,100,100,100,100,100,88.3348174532502,94.3306619174829,84.4444427490234,0.37792894244194,12.5018892288208,86.1224517822266,,,,,,676.440124511719,192.097808837891,141.324813842773,9.07210445404053,361.670379638672,86.1312713623047,102.2333984375,402.501098632812,97.9507904052734,110.180618286133,25276,3626,5052.51220703125,724.814392089844,16,434,86.7538452148438,3.19829845428467,430,595,,,1.18936729431152,0.859542727470398,1.29870915412903,0.892625093460083,146,15,29.1844730377197,2.99840474128723,18.1423473358154,31.1591948547778,720.986674849453,499.657149945392,,,,897.502522848621,621.985909419171,,,17844,80.9188388854286
2017,SP,35112,Alta Sorocabana,73.176781509069,57.3523006621832,61.2471486258037,100,97.9059660213354,96.5231133939155,100,96.6021335440537,90.4583168708021,96.1675227182932,100,89.1149743184512,75.9767913818359,0.657640218734741,16.0735015869141,83.2301712036133,,,,,,740.437866210938,185.599166870117,137.607833862305,4.8941798210144,320.814910888672,60.522087097168,81.6555480957031,357.760528564453,68.5273666381836,88.9276733398438,32026,5918,7841.6875,1449.04467773438,55,684,167.479995727539,13.4669580459595,587,1104,,,2.70318579673767,1.43729174137115,2.45043540000916,1.43949544429779,446,39,109.204788208008,9.54929733276367,29.2333374023438,24.5558118480602,658.898994210544,471.96524447359,,,,820.214201226206,587.514322231214,,,12498,68.5959579363219
2017,SP,35051,Norte - Barretos,65.6668777222694,58.795104437734,46.3919928751339,99.9167129372571,90.6163242642976,91.3936701832315,93.6424208772904,89.9500277623543,85.2026651860078,90.1721265963354,93.92575928009,84.952803997779,84.5271377563477,0.307778388261795,14.8293228149414,84.4711837768555,,,,,,764.460388183594,205.909423828125,161.612945556641,3.44047069549561,373.346954345703,75.0070037841797,104.752319335938,416.669799804688,86.1391220092773,114.693229675293,18718,3405,6477.66845703125,1178.35559082031,46,677,234.286865234375,15.9190483093262,602,989,,,3.42259526252747,2.08331894874573,3.51594686508179,2.18912863731384,214,39,74.0581817626953,13.4965839385986,28.5587730407715,25.9365595121111,884.321610967376,577.930821619303,,,,1100.82599934111,719.422963737308,,,9877,77.9621606722938
2017,SP,35133,Vale das Cachoeiras,84.7846730408182,83.8756677999029,71.0263640515248,100,87.9227053140097,88.8285024154589,90.7004830917874,84.1183574879227,81.8236714975845,84.6618357487923,48.1884057971015,71.195652173913,67.1676330566406,2.42774558067322,17.4566478729248,79.3063583374023,,,,,,726.7734375,173.965545654297,141.616592407227,4.64886236190796,315.278228759766,56.9493789672852,85.5319519042969,349.873016357422,64.2623672485352,91.8791885375977,13373,2282,9613.3935546875,1640.45202636719,7,209,150.242980957031,5.03206157684326,150,241,,,1.73246681690216,1.07829892635345,1.73031032085419,1.09051954746246,124,1,89.1393737792969,0.718865931034088,20.3776912689209,28.824724004192,877.985007483307,535.5157358105,,,,1092.93803440136,666.623587759672,,,4366,72.9583673992124
2017,SP,35023,Consórcios do DRS II,82.0145913755594,73.6402991524989,71.4871190090757,100,100,100,100,100,100,100,100,100,82.9762268066406,0.205459341406822,15.6149101257324,83.3871459960938,,,,,,713.048034667969,172.190032958984,106.576568603516,12.5571937561035,325.125213623047,65.482421875,68.9105377197266,362.810363769531,74.3132858276367,73.742073059082,15420,2515,5589.83251953125,911.700927734375,14,278,100.776489257812,5.07507467269897,242,279,,,1.01138997077942,0.877262949943542,1.23378694057465,0.881069242954254,201,6,72.8635711669922,2.17503213882446,21.3780269622803,33.0539891788103,886.656175841417,653.632535419973,,,,1103.73212498434,813.658379578041,,,8041,67.4233296543067
2017,SP,35163,Sorocaba,55.9498416468961,19.5199908508419,24.8653388077384,100,92.11614682061,94.7096329484749,100,95.3860072376357,91.2889884542478,93.6326038256074,93.0380837497846,53.8428399103912,80.4217224121094,0.549520790576935,15.2758255004883,83.8381271362305,,,,,,646.392883300781,166.282440185547,127.281539916992,9.96819591522217,347.833404541016,73.2950057983398,90.9010314941406,389.280578613281,83.7228088378906,98.4758377075195,67700,9252,3976.44677734375,543.428161621094,138,1849,108.603401184082,8.1056079864502,1434,3012,,,1.76913702487946,0.842278361320496,2.0859899520874,0.809811890125275,1478,121,86.8122329711914,7.10709095001221,34.3357086181641,28.0518477422446,717.478592540236,558.485413993777,,,,893.135572899733,695.216826494379,,,47271,60.4260244172283
2017,SP,35157,Votuporanga,90.9839965179014,84.9864866232754,76.7078984927777,100,96.3376507369361,93.5238945958017,97.7668602054489,93.1219294327825,86.6904868244752,92.8986154533274,100,84.7699866011612,83.223991394043,0.140581071376801,10.871603012085,88.3317718505859,,,,,,742.536926269531,171.04508972168,107.657791137695,10.6368560791016,294.480499267578,49.4735527038574,62.5533676147461,329.007965087891,57.3273811340332,68.0671081542969,15121,3210,7606.978515625,1614.86682128906,17,223,112.185455322266,8.55225467681885,374,355,,,1.78591191768646,1.8814959526062,1.78955924510956,1.91771721839905,256,11,128.786880493164,5.53381156921387,25.6970081329346,26.3099968703329,802.129937778851,599.902687531123,,,,998.511717237005,746.774100416315,,,6206,66.7426257516526
2017,SP,35093,Marília,73.9203193048467,71.999501086177,68.4868359508986,100,94.1513032422123,94.9353676626404,99.8304725577453,92.2229285865649,86.1835134562407,92.4984106802289,52.1508794236067,82.8565374019919,77.2446746826172,0.477802097797394,19.4704360961914,79.1558837890625,,,,,,750.217468261719,217.195465087891,137.721084594727,2.62249827384949,331.658721923828,66.8412322998047,88.1247100830078,368.142974853516,75.775634765625,94.7576751708984,22820,3272,5907.50927734375,847.036437988281,68,612,158.431015014648,17.6034469604492,654,1118,,,2.89421367645264,1.69303727149963,3.88369560241699,1.7313506603241,257,30,66.5306701660156,7.76622629165649,26.6992511749268,25.8317116058679,836.605900278727,493.144653038851,,,,1041.42827089971,613.878987880177,,,13038,79.8359232735749
2017,SP,35072,Região Metropolitana de Campinas,55.6955908637162,25.3094890262361,36.3980813945456,99.3954696642307,90.7742358396659,90.8956274733545,96.100900725922,88.9169438442303,85.6442253999854,87.928815946005,99.2054372539911,83.9617373570614,79.9269714355469,0.445472240447998,15.8471279144287,82.8846130371094,,,,,,584.049194335938,139.033737182617,120.129196166992,5.13667106628418,298.103912353516,55.4176635742188,81.1099472045898,335.595245361328,63.9419059753418,88.0575637817383,141433,19560,4471.11376953125,618.349243164062,335,2765,87.409797668457,10.5903367996216,3845,8705,,,2.75190687179565,1.21551775932312,2.89434695243835,1.20763826370239,2772,492,87.6310882568359,15.5535697937012,42.5166931152344,28.3068777609548,968.566583469958,742.428549551186,,,,1205.69628057643,924.193913009788,,,82242,64.1679430941168
2017,SP,35031,Central do DRS III,66.0246730311484,46.3924649996161,49.8877044355148,100,100,100,100,100,98.7201575190746,100,97.9325621461974,96.8988432192961,83.8015213012695,0.682593882083893,13.6781311035156,85.297981262207,,,,,,684.881652832031,186.642120361328,136.027313232422,3.92609691619873,320.837066650391,70.2233581542969,85.6893692016602,356.895690917969,79.6111526489258,93.4066848754883,13924,2019,4404.75390625,638.695678710938,34,465,147.099304199219,10.7556476593018,473,834,,,2.63829708099365,1.49630033969879,2.42650580406189,1.4594464302063,266,28,84.1471252441406,8.85759162902832,43.7764358520508,34.7219815675922,977.777308932597,663.720404505141,,,,1217.16202554559,826.216015204242,,,6169,42.5066880945798
2017,SP,35104,Rio Claro,50.0078869511355,37.386072029024,33.1829041677728,100,90.5401281660055,88.8312480927678,91.6997253585597,85.7796765334147,82.9111992676228,87.0308208727495,100,78.6695148001221,79.6931076049805,0.326477319002151,15.9647407531738,83.2843627929688,,,,,,687.039428710938,194.775299072266,126.299613952637,7.75193786621094,329.743041992188,77.3771667480469,86.7147750854492,367.192901611328,87.6650924682617,93.5928268432617,8025,629,3052.87475585938,239.28450012207,21,142,54.0197143554688,7.98883104324341,260,359,,,1.36570966243744,0.989093363285065,1.62372994422913,0.963605165481567,228,33,86.7358779907227,12.5538768768311,39.6713943481445,33.6424216533785,980.713133221991,710.885820540392,,,,1220.81661417848,884.928722885949,,,4571,38.2596789646775
2017,SP,35022,Lagos do DRS II,93.5108210576201,98.6049129181312,85.5001777180996,97.172236503856,90.6598114824336,88.0462724935733,96.5724078834619,90.3598971722365,85.5184233076264,89.031705227078,84.0616966580977,88.5175664095973,79.8194122314453,0.67720091342926,16.7945823669434,82.0767517089844,,,,,,752.689758300781,220.395431518555,137.747146606445,5.03267955780029,336.949829101562,74.3081283569336,89.3478317260742,374.324859619141,83.7746810913086,95.6214828491211,14606,3233,7185.4814453125,1590.48754882812,14,379,186.450607299805,6.88735723495483,245,320,,,1.57425308227539,1.20528757572174,1.42531394958496,1.21082198619843,95,1,46.7356376647949,0.49195408821106,19.2029361724854,27.592783244857,873.495585562128,664.786094336471,,,,1087.34948798165,827.542612970271,,,6051,69.0258930708152
2017,SP,35063,Polo Cuesta,61.7981265981318,33.1364478421959,42.1544773782811,89.8076442667999,98.2762927804147,98.3262553085186,100,97.8266300274794,92.5056207844117,97.426929802648,45.0162378216338,87.9090681988509,82.9313507080078,0.344553411006927,12.8809967041016,86.7214431762695,,,,,,726.24169921875,183.976928710938,146.601577758789,2.92812776565552,338.895355224609,67.211555480957,92.4714508056641,377.400695800781,76.8475036621094,100.882209777832,20304,3465,6541.974609375,1116.42749023438,54,633,203.953414916992,17.398868560791,551,1420,,,4.57525825500488,1.7753289937973,5.89000034332275,1.75583589076996,251,14,80.8725204467773,4.51081800460815,21.7176551818848,28.0080698963435,654.566230444644,517.032860364581,,,,814.820666856635,643.615635018143,,,9102,71.9093194395667
2017,SP,35172,Circuito da Fé e Vale Histórico,64.576348276747,49.4532617562806,49.4278078101887,100,89.9035262807718,90.851630073187,93.313373253493,85.6952761144378,84.0818363273453,83.6992681304059,100,64.4045242847638,74.5625839233398,2.32166886329651,22.7288017272949,74.6298751831055,,,,,,751.207641601562,190.192306518555,147.788787841797,11.8428335189819,383.337249755859,80.4932403564453,101.822151184082,427.217163085938,91.5549545288086,109.692047119141,26443,4645,5496.4541015625,965.511779785156,63,558,115.986129760742,13.0952081680298,516,846,,,1.75849938392639,1.0725599527359,1.77705097198486,1.04688918590546,330,63,68.5939483642578,13.0952081680298,20.9020309448242,28.9085776843436,676.180598520204,442.854554213516,,,,841.726781150141,551.276595707715,,,18776,94.7450396972216
2017,SP,35153,Jales,85.2919438285292,81.636766780891,82.8586786458183,100,100,100,100,100,100,100,100,100,78.4101181030273,0.361336946487427,11.0207767486572,88.3468856811523,,,,,,863.830932617188,243.916549682617,134.973587036133,8.59375,329.613494873047,73.9504318237305,73.0204620361328,364.929840087891,81.4906768798828,78.8055114746094,9346,1903,9010.451171875,1834.67663574219,23,189,182.214340209961,22.1742324829102,156,177,,,1.70645177364349,1.50399136543274,2.08148550987244,1.57316529750824,69,2,66.5226974487305,1.92819404602051,16.3877220153809,25.3230170460319,868.955170591339,628.202797467747,,,,1081.69746411877,782.00279596789,,,3542,80.5280841672963
2017,SP,35162,Itapeva,74.9642558853923,77.0275052731417,68.7426565309098,100,91.7026378896882,91.2709832134293,94.0767386091127,89.1127098321343,86.4508393285372,88.1534772182254,100,80.9832134292566,84.9369277954102,0.544150412082672,11.9713087081909,87.4598083496094,,,,,,725.845153808594,244.790649414062,142.824157714844,3.81791472434998,394.702728271484,111.31908416748,104.754707336426,438.788909912109,126.341400146484,112.848983764648,18042,3500,6410.033203125,1243.49389648438,18,335,119.020126342773,6.39511108398438,276,268,,,0.952161014080048,0.980583727359772,1.0535945892334,1.03414273262024,72,2,25.5804443359375,0.710567951202393,9.63174819946289,26.389617702692,744.054015217138,438.521513900134,,,,926.217333950681,545.882717084817,,,19523,158.316054851706
2017,SP,35021,Central do DRS II,88.9954658769596,70.6232327795345,72.5824424032525,100,100,92.0605902324367,100,94.7244711412902,92.6351527814051,96.0302951162183,100,87.1506920867067,80.9706573486328,0.987112700939178,15.7663831710815,83.1916656494141,,,,,,736.65869140625,141.677917480469,105.42699432373,17.8781032562256,333.801055908203,53.7602386474609,68.6297988891602,371.588958740234,60.8217620849609,74.3248519897461,16086,3310,5349.837890625,1100.83081054688,33,534,177.596267700195,10.9750499725342,380,668,,,2.22161626815796,1.26379358768463,1.97201693058014,1.17541122436523,225,18,74.8298873901367,5.98639106750488,28.3648509979248,26.6797766741385,740.630488578659,518.735729093576,,,,921.955641048082,645.735409257621,,,8050,58.0854485917265
2017,SP,35083,Alta Mogiana,71.1746990383761,57.3817347985111,60.1672950998361,100,100,100,100,100,100,100,100,95.1339915373766,75.3424682617188,1.43835616111755,18.0136985778809,80.4109573364258,,,,,,732.468200683594,200.202621459961,121.408012390137,8.89132785797119,342.998138427734,76.0744476318359,82.0334701538086,383.747039794922,85.9399032592773,89.00732421875,7022,1289,5645.87451171875,1036.39025878906,9,165,132.66438293457,7.23623895645142,124,215,,,1.7286571264267,0.996992945671082,1.72202396392822,1.00764632225037,124,1,99.6992950439453,0.804026544094086,30.2876815795898,24.6453080295521,750.731437819777,511.233632099341,,,,934.529559184589,636.396608397831,,,4916,94.4638955356962
2017,SP,35101,Araras,57.5220451491774,43.1485782250578,45.7409038733616,99.8346717052433,89.7968823807274,91.0486537553141,96.9768540387341,88.7576759565423,87.8365611714691,89.0883325460557,100,79.9480396787907,81.4602508544922,0.473461240530014,14.0792427062988,85.3227005004883,,,,,,714.644470214844,153.326934814453,134.528228759766,9.2067403793335,359.789581298828,60.5545883178711,94.300666809082,402.526611328125,69.5508422851562,101.925834655762,16682,2777,4899.99951171875,815.6875,33,456,133.940765380859,9.69308185577393,410,589,,,1.73006820678711,1.20429193973541,1.76208484172821,1.18475890159607,289,22,84.8879013061523,6.46205472946167,37.3400993347168,30.7861678664511,745.538163181849,532.123646540336,,,,928.064839028202,662.401028891528,,,9554,58.1295422050755
2017,SP,35095,Tupã,84.4041253754045,66.079729320741,67.2383420895383,89.1534391534392,94.7089947089947,90.8730158730159,96.6269841269841,93.3862433862434,89.8148148148148,93.1878306878307,72.4867724867725,81.8783068783069,83.3333358764648,0.275482088327408,13.7741050720215,85.7438049316406,,,,,,879.182556152344,232.266311645508,148.089263916016,7.80141830444336,348.050445556641,64.0281219482422,85.314453125,388.911285400391,72.3599700927734,92.0913772583008,12255,3099,9551.7568359375,2415.41381835938,16,521,406.076324462891,12.4706745147705,154,183,,,1.4263334274292,1.20030236244202,1.54655849933624,1.18880605697632,85,2,66.2504577636719,1.55883431434631,14.8650436401367,26.1904417475206,722.907963336332,496.839570163467,,,,899.894191549645,618.478514552083,,,3925,70.4168660947044
2017,SP,35151,Catanduva,79.6561348950434,58.3206943577064,57.2969373319229,80.7971014492754,87.8205128205128,88.2107023411371,90.8584169453735,85.61872909699,80.6298773690078,86.2597547380156,78.6602600339175,75.0557413600892,85.3142852783203,0.77142858505249,13.3999996185303,85.8285751342773,,,,,,814.567260742188,223.420547485352,132.913070678711,6.5656566619873,337.959991455078,71.1916275024414,83.2080841064453,378.275238037109,81.9906692504883,89.9409027099609,21530,4982,6813.37744140625,1576.60229492188,39,374,118.355926513672,12.3419284820557,390,715,,,2.26268696784973,1.23419284820557,2.44805312156677,1.25705707073212,359,27,113.609031677246,8.54441165924072,31.2852058410645,27.2297053431488,722.799080213091,551.973281041779,,,,899.758651072667,687.110358015243,,,7211,51.4402873402761
2017,SP,35011,Alto do Tietê,45.4876632548559,25.6073502095853,25.3130128508544,96.3289852250849,90.2351439634845,92.3832392324832,95.8898479243732,89.2508707032686,89.588335821057,88.8723040647241,86.9643282064594,82.5015683475025,73.6343307495117,0.884181022644043,27.7926120758057,70.544075012207,,,,,,574.241149902344,131.371597290039,141.041687011719,5.89098167419434,377.692657470703,74.3164367675781,110.201026916504,423.670776367188,84.8175659179688,120.021911621094,143281,20608,4827.662109375,694.359069824219,277,3032,102.159187316895,9.33314514160156,2738,4733,,,1.59472119808197,0.922532558441162,1.46966707706451,0.901692986488342,1192,256,40.1628494262695,8.62557792663574,31.3419151306152,27.6336542328902,648.642005911628,463.449258062249,,,,807.446041707823,576.91340607653,,,122184,97.507120564691
2017,SP,35092,Assis,67.7874626572085,43.0828241600177,48.2368465267618,100,99.2824527071102,100,100,100,95.1402478799739,100,100,84.7684279191129,85.934928894043,0.492934614419937,12.8820247650146,86.4935913085938,,,,,,759.187622070312,196.841552734375,135.9921875,10.597095489502,337.487976074219,73.075439453125,88.8300094604492,376.703460693359,82.9816055297852,95.8729095458984,16153,2651,6596.64208984375,1082.62854003906,40,354,144.568283081055,16.3353977203369,308,448,,,1.82956457138062,1.25782573223114,1.61383533477783,1.23526239395142,178,11,72.6925201416016,4.49223470687866,16.5122299194336,27.6200625310719,890.456398712908,571.090432537805,,,,1108.46273892428,710.907873691861,,,9987,104.088057058409
2017,SP,35071,Bragança,61.1145953102679,33.6824065363576,39.817863489077,100,99.5487967914438,100,100,97.9946524064171,95.153743315508,97.8609625668449,100,92.1958556149733,76.9030609130859,0.683148980140686,20.7059211730957,78.3181533813477,,,,,,741.17529296875,189.538009643555,175.784698486328,1.62365901470184,334.045867919922,62.8252220153809,105.300567626953,372.162384033203,70.8722305297852,114.569610595703,24809,3353,5331.34765625,720.545349121094,24,428,91.9753646850586,5.1574969291687,504,1206,,,2.59164237976074,1.08307433128357,2.44658780097961,1.07141625881195,459,66,98.6371307373047,14.1831169128418,33.5536003112793,28.2883977426427,727.846912106179,571.921383227581,,,,906.04232040665,711.942262213109,,,13413,69.3940762844126
2017,SP,35155,São José do Rio Preto,64.8344574010466,43.6243338966571,50.1818724205425,100,94.0576297791232,91.6694696714878,95.6945845946855,93.754905258437,91.0752326494002,93.5643009305976,100,87.3864783047427,87.6354751586914,0.326302289962769,13.2035894393921,86.3535690307617,,,,,,731.497253417969,170.733703613281,148.470138549805,1.55982494354248,302.616058349609,53.4253959655762,85.4913787841797,338.588195800781,60.7604904174805,92.6900939941406,51839,9027,7213.255859375,1256.08251953125,184,1064,148.052703857422,25.603099822998,1286,2507,,,3.48842215538025,1.78943395614624,4.2840313911438,1.81761133670807,1282,104,178.386810302734,14.4713172912598,39.0750617980957,25.9631153449676,741.759758175304,512.968486193301,,,,923.361384520632,638.55619883191,,,17383,54.8890186570531
2017,SP,35064,Jaú,61.0568104472619,47.9851874069887,36.6660706251514,99.331186524647,92.5191974238296,89.5714639583849,96.0118900173396,85.1870200644043,83.4778300718355,86.3512509289076,40.698538518702,73.8171909834035,85.2826232910156,0.885647296905518,13.7275333404541,85.2305297851562,,,,,,757.945983886719,154.904495239258,133.183578491211,11.3876323699951,347.189910888672,58.8949241638184,87.4958419799805,387.866058349609,66.9616546630859,94.9128341674805,26431,4830,7554.0234375,1380.42199707031,49,812,232.070953369141,14.0042810440063,508,579,,,1.65479159355164,1.45187246799469,1.75339317321777,1.54261445999146,354,15,101.173789978027,4.287024974823,13.5369958877563,30.9394075944383,790.410671932234,553.382741014194,,,,983.923277491613,688.864889583196,,,8293,56.6688907827561
2017,SP,35121,Vale do Ribeira,99.007976264549,95.1203821857566,98.2296840780542,100,100,100,100,100,100,100,100,100,77.4258422851562,0.603318274021149,19.4067363739014,79.5625915527344,,,,,,723.092041015625,234.097091674805,138.907012939453,3.90053629875183,362.085144042969,86.7356414794922,90.6499404907227,404.536254882812,99.0007476806641,99.3010406494141,16289,2134,5742.7822265625,752.354187011719,16,271,95.5426330566406,5.64089345932007,375,360,,,1.26920104026794,1.32208442687988,1.59672546386719,1.4796769618988,42,0,14.8073453903198,0,9.27539157867432,30.2737652825037,793.354078654091,584.460025237545,,,,987.587304928996,727.550682215307,,,19030,159.577054502636
2017,SP,35131,Horizonte Verde,56.6482138523236,32.4291839541415,26.8736926046205,91.0524450744153,83.2034018426648,80.9532246633593,84.6739900779589,79.8192771084337,76.2225372076541,78.8979447200567,51.8426647767541,69.3302622253721,79.1489334106445,0.580270767211914,17.1179885864258,81.7214736938477,,,,,,646.599914550781,176.884902954102,128.270095825195,3.67102003097534,351.933624267578,78.9671401977539,93.0648040771484,393.019317626953,89.6467742919922,100.971343994141,24691,3973,5635.43896484375,906.791931152344,25,339,77.3728790283203,5.7059645652771,322,642,,,1.46529173851013,0.734928250312805,1.56902623176575,0.72014981508255,329,29,75.0904998779297,6.61891937255859,39.5886688232422,30.4676639519929,742.038499930179,526.507141195834,,,,923.708369335957,655.409460403337,,,14428,71.3012670891057
2017,SP,35014,Rota dos Bandeirantes,34.8995821306095,9.20188514295631,7.83403735143578,100,95.2675737674009,92.1471891399302,99.9057285611036,90.6859818370361,85.8592841655406,88.2694906199918,84.1089777833642,73.2646199289822,70.2617492675781,1.19411540031433,27.4933128356934,69.6758346557617,,,,,,570.584289550781,108.925331115723,155.209213256836,1.78588211536407,382.131317138672,62.5206718444824,118.681869506836,426.893432617188,71.3259811401367,129.380355834961,103996,13722,5577.44921875,735.929809570312,141,1561,83.7185821533203,7.56202459335327,1816,4059,,,2.17689776420593,0.97394585609436,1.80036520957947,0.921896636486053,827,145,44.3531532287598,7.77655029296875,43.0553779602051,29.7208645998832,923.494583953728,796.578620282095,,,,1149.58951094148,991.601296237182,,,69509,83.5486804683105
2017,SP,35052,Sul - Barretos,71.5746296484627,71.5068307400251,65.2693311637683,100,100,100,100,100,95.6274843838728,100,100,89.7217490062465,73.7976760864258,0.718629062175751,22.3327808380127,76.5063552856445,,,,,,772.69580078125,176.383590698242,133.644485473633,9.48200130462646,347.724487304688,63.6555938720703,81.6137008666992,386.805603027344,71.7823104858398,88.5858459472656,9408,1939,6382.37255859375,1315.41455078125,0,193,130.930892944336,0,143,201,,,1.36358082294464,0.970109760761261,1.68666815757751,0.999111294746399,96,6,65.1262512207031,4.07039070129395,31.1608753204346,31.2785522903685,845.193322627323,601.327112893192,,,,1052.11811232326,748.547261281367,,,4480,71.5713883896552
2017,SP,35094,Ourinhos,61.8591826194165,41.3971776544876,37.3373485946585,100,98.00796812749,95.1195219123506,100,92.4302788844622,85.3253652058433,92.5298804780876,100,78.8512616201859,84.7653656005859,1.09054863452911,13.8466625213623,84.9636459350586,,,,,,751.041381835938,198.536880493164,109.423248291016,10.1545257568359,347.302764892578,75.1772842407227,72.6438140869141,387.727813720703,85.6622467041016,77.7448959350586,16300,3502,6756.056640625,1451.51599121094,34,294,121.857711791992,14.0923881530762,269,351,,,1.45483183860779,1.11495661735535,1.59513401985168,1.1302924156189,191,15,79.1660614013672,6.21722984313965,17.5205688476562,26.981457182789,819.783775509781,512.429736856275,,,,1020.48766277688,637.885549975239,,,6943,67.6449981917558
2017,SP,35041,Baixada Santista,60.9962697865952,43.861584427862,45.0699463275076,99.834463187766,84.542014819486,87.5610909664197,92.7794419044616,84.9597982027432,83.7340375216774,87.3916128015135,94.7737663566136,71.9533343843607,77.1515808105469,1.34499549865723,20.5916328430176,77.8900909423828,,,,,,756.208251953125,194.375564575195,189.898361206055,1.45848369598389,376.843963623047,79.166877746582,118.04133605957,420.526947021484,89.8619842529297,128.553131103516,72194,9352,3941.78344726562,510.618041992188,205,1859,101.501167297363,11.1929740905762,1895,4057,,,2.21511697769165,1.03466761112213,2.1904923915863,1.08548653125763,1435,242,78.3508224487305,13.2131700515747,37.6367874145508,22.804001197465,901.517311192575,589.608779643717,,,,1122.23164367911,733.95998245658,,,59064,75.7095968726191
2017,SP,35032,Centro Oeste do DRS III,51.1759277384714,30.9537459101205,32.8029307307251,100,94.2071386775892,94.4411936805149,96.8987712112346,91.1059098888239,85.1960210649503,91.4569923932124,100,82.9139847864248,83.096923828125,0.472813248634338,15.4846334457397,83.8652496337891,,,,,,731.489379882812,205.731384277344,148.930130004883,2.55681824684143,346.121215820312,75.1402816772461,101.499397277832,384.619354248047,84.7512969970703,109.572006225586,12182,2429,8438.4501953125,1682.56408691406,8,145,100.441246032715,5.54158592224121,95,176,,,1.21914899349213,0.658063352108002,1.07714581489563,0.728891730308533,114,9,78.9676055908203,6.23428440093994,19.259090423584,28.5401407145481,629.428313206212,482.506747036423,,,,783.52834908202,600.636652330773,,,3968,64.9143896807194
2017,SP,35073,Jundiaí,56.1937927616794,20.7637845790964,20.6975812079746,97.1229449606862,91.0650464617584,92.4767691208006,98.1951393852752,92.1819156540386,87.0889921372409,90.5110793423874,100,85.427090779128,83.9288864135742,0.217883914709091,14.3280458450317,85.1926116943359,,,,,,599.703369140625,124.146026611328,150.712768554688,1.15473437309265,316.311401367188,46.9131774902344,102.15380859375,352.510101318359,53.7266960144043,110.597076416016,41113,6727,5176.486328125,846.988159179688,57,717,90.2765731811523,7.17679834365845,695,1688,,,2.12533974647522,0.875065803527832,1.78862822055817,0.89014333486557,517,96,65.0948181152344,12.0872392654419,50.7110061645508,26.1458957510119,989.45292371037,798.700146741001,,,,1231.69612733194,994.24222625098,,,14916,42.8120372173911
2017,SP,35171,Alto Vale do Paraíba,60.7925258334721,24.5613033952563,38.2029482806685,100,62.9038613081166,82.5059101654846,88.4226425006567,82.9524560021014,72.110585763068,83.3399001838718,100,64.6703441029682,76.4954376220703,0.946995496749878,20.1457958221436,78.6619415283203,,,,,,580.066040039062,140.902236938477,109.55980682373,10.1211347579956,310.456695556641,61.6639099121094,77.7037887573242,347.339904785156,70.3694305419922,83.9715270996094,48211,7156,4457.3740234375,661.61181640625,142,988,91.3460693359375,13.1286859512329,1399,2752,,,2.54437637329102,1.29345297813416,2.75577592849731,1.40056264400482,1144,208,105.769134521484,19.2307510375977,41.4175834655762,28.6326289081961,903.273237590457,664.369721771887,,,,1124.41746545226,827.024301827785,,,34564,82.1040173604869
2017,SP,35143,Rio Pardo,54.165668920039,46.0249774355763,43.4728950616147,100,95.9842519685039,95.0393700787402,98.8976377952756,95.5905511811024,87.6377952755905,95.3937007874016,87.1653543307087,81.6535433070866,83.4271926879883,0.60337895154953,10.3378925323486,88.8576049804688,,,,,,822.279602050781,212.379898071289,170.365615844727,5.2779335975647,343.987731933594,69.7301940917969,93.8243865966797,386.514617919922,79.8643188476562,102.881370544434,18094,3581,8353.9169921875,1653.33142089844,13,506,233.617889404297,6.00204086303711,223,466,,,2.1515007019043,1.02958083152771,2.05085110664368,1.00418758392334,133,4,61.4054946899414,1.84678173065186,26.2593898773193,23.8150475520855,719.032627934882,418.332136378056,,,,895.070075624879,520.750467220986,,,8063,95.4874236557979
2017,SP,35065,Lins,69.3431138910732,64.4778466765513,40.0794770362989,90.2463054187192,83.5960591133005,86.8472906403941,87.5862068965517,85.320197044335,86.6009852216749,83.5467980295567,93.1527093596059,83.3004926108374,80.1959762573242,1.18617844581604,21.9700870513916,76.6890182495117,,,,,,796.406311035156,208.199111938477,124.680839538574,14.6067419052124,372.107391357422,76.8723297119141,82.5735397338867,414.921875,86.4451522827148,88.4868316650391,9064,1324,5407.21142578125,789.844177246094,20,394,235.04426574707,11.9311809539795,216,279,,,1.66439974308014,1.28856754302979,2.23351716995239,1.26843369007111,144,16,85.9045028686523,9.54494476318359,33.4765090942383,22.0508816582907,637.478443798877,439.215606451959,,,,793.549356082859,546.746741120328,,,4920,65.0732423644521
2017,SP,35012,Franco da Rocha,49.4476012272471,29.1720553637027,32.6331466780403,81.3938126169768,73.6650886271056,74.8651326654189,77.2321920070461,72.1898051304635,67.1694374105472,73.3017725421116,53.9799625674337,53.8918859407685,74.0094909667969,1.12570357322693,26.0236167907715,72.6851348876953,,,,,,539.192321777344,113.985229492188,146.238830566406,1.50328838825226,385.885375976562,72.7953491210938,120.867195129395,431.243530273438,82.6869354248047,131.722778320312,28985,3685,4894.60986328125,622.27490234375,46,461,77.8476867675781,7.76788234710693,544,844,,,1.42523753643036,0.918636500835419,1.08539271354675,0.843870639801025,316,30,53.3619728088379,5.06600999832153,26.9423923492432,21.6131866430391,489.974545664508,327.126733678753,,,,609.932757713346,407.215665711457,,,32322,139.212862013237
2017,SP,35114,Extremo Oeste Paulista,82.4037049126816,83.7614248408683,71.2032805614493,92.2232387923147,84.8124428179323,85.0869167429094,89.4784995425435,75.1143641354071,83.5315645013724,85.2698993595608,62.9460201280878,39.9817017383349,73.084114074707,1.2149533033371,29.8130836486816,68.9719619750977,,,,,,806.147888183594,241.233657836914,136.393707275391,10.9848480224609,355.100555419922,81.128303527832,87.6673583984375,397.151062011719,93.8337326049805,95.1761245727539,8959,2000,9119.0390625,2035.72705078125,4,132,134.357986450195,4.07145404815674,67,98,,,0.997506260871887,0.681968569755554,1.05526995658875,0.842027604579926,48,2,48.8574485778809,2.03572702407837,15.4959535598755,27.9166941460876,675.513293071922,480.714696058513,,,,840.896102381398,598.405861762995,,,3512,76.4196593580325
2017,SP,35174,Vale do Paraíba/Região Serrana,64.7313228385043,38.1500684910107,42.026840582856,95.9242045048266,89.1192944821833,91.2406149445835,92.4442855440353,84.3522822071267,82.2786318674771,83.7206530806817,100,72.9352878083661,79.5476989746094,0.580820560455322,18.2525959014893,80.0790939331055,,,,,,644.977600097656,167.590042114258,151.807281494141,4.01109981536865,341.364807128906,69.2485504150391,104.55451965332,380.737426757812,79.3648223876953,113.437240600586,29492,4066,4798.607421875,661.573852539062,77,764,124.309501647949,12.5285758972168,708,1239,,,2.01596164703369,1.15197813510895,2.64312267303467,1.2079906463623,291,37,47.3482551574707,6.02022457122803,27.7000293731689,31.0531349284875,779.157974422476,579.621403013935,,,,969.915633860793,721.527442390925,,,18091,64.0047597723836
2017,SP,35033,Norte do DRS III,79.2837150780608,42.3415673788003,56.0773161462613,100,75.3092783505155,82.0103092783505,88.4020618556701,83.9175257731959,77.1134020618557,85.2577319587629,100,73.0412371134021,83.415168762207,0.327332228422165,14.0752868652344,85.3246078491211,,,,,,691.536376953125,170.963150024414,125.501045227051,3.42592597007751,304.194091796875,68.0032348632812,83.3533782958984,341.616119384766,76.9261322021484,89.6907806396484,12421,2378,7953.30859375,1522.66064453125,28,209,133.825088500977,17.9287204742432,143,192,,,1.22939801216125,0.915645360946655,1.71635484695435,0.958386182785034,125,8,80.038932800293,5.12249135971069,35.0871467590332,26.9611123503491,690.000657884645,512.871758960986,,,,858.930342017744,638.435790316664,,,5751,86.225707603896
2017,SP,35173,Litoral Norte,95.1109664455997,83.6847557674071,88.6517209110172,100,100,100,100,100,100,100,97.7836295808646,100,80.1237106323242,0.989690721035004,18.9690723419189,79.6288681030273,,,,,,568.972595214844,127.221786499023,110.054504394531,13.9008617401123,344.162780761719,64.935188293457,85.2422256469727,383.506103515625,74.1844863891602,91.876350402832,24314,3818,7453.66357421875,1170.4404296875,23,347,106.375801086426,7.05084562301636,398,561,,,1.71979320049286,1.22010290622711,1.7738242149353,1.18193638324738,83,1,25.444356918335,0.306558519601822,16.8907604217529,27.6600770839239,1364.25240151733,858.679569154699,,,,1698.25603561918,1068.90613449386,,,13453,93.7426578765577
2017,SP,35102,Limeira,50.3628590492352,41.3656570316125,46.244141123751,100,82.0252593594948,81.4163283716734,84.7090663058187,78.1010374379793,81.6418583671628,79.318899413622,100,71.1547135769057,77.2809829711914,1.02133452892303,24.3531551361084,74.6255111694336,,,,,,651.046630859375,128.417449951172,127.05997467041,4.879065990448,331.104736328125,51.3832855224609,85.6610488891602,372.640502929688,60.0006561279297,94.1004867553711,14652,1936,3977.95458984375,525.615600585938,52,264,71.6748580932617,14.1177749633789,366,769,,,2.08780169487,0.993674159049988,2.33296227455139,1.00263345241547,252,42,68.4169082641602,11.4028177261353,43.1816558837891,26.0406584723085,777.770018831726,531.324161212632,,,,968.187871493257,661.405809252074,,,14122,104.033768837163
2017,SP,35013,Mananciais,55.2144919285976,27.4140338036569,31.8132982736732,100,100,100,100,100,100,100,74.0121096239643,97.5515190142341,74.7982025146484,1.32184839248657,24.5029525756836,73.7688903808594,,,,,,555.227600097656,108.293792724609,157.292297363281,2.22222232818604,387.646911621094,64.2615585327148,123.617080688477,433.685394287109,72.862060546875,135.7373046875,71466,10227,6343.70849609375,907.803833007812,75,825,73.2314605712891,6.65740537643433,959,1337,,,1.18679344654083,0.851260244846344,1.14121246337891,0.894244909286499,739,28,65.5976333618164,2.485431432724,25.9714260101318,25.6368132064574,550.56830673296,424.35306669594,,,,685.361410315251,528.245474186719,,,42327,86.3298536282084
2017,SP,35132,Aquífero Guarani,55.2863595604493,28.1820359014631,25.2869722134037,100,92.4788881069669,89.1625615763547,98.7156931738213,93.402533427164,95.5665024630542,93.024278676988,100,89.8399014778325,73.0180206298828,1.01801800727844,12.8018016815186,84.4954986572266,,,,,,667.482543945312,158.235137939453,135.755432128906,1.97141444683075,310.668121337891,58.1790771484375,87.3638763427734,348.033752441406,66.057014465332,95.1242294311523,58512,9369,6416.25390625,1027.376953125,140,1452,159.222045898438,15.3519878387451,1433,3183,,,3.49038410186768,1.57138562202454,4.12858819961548,1.42935228347778,970,140,106.367347717285,15.3519878387451,38.8406410217285,25.8558724930527,803.855569343082,563.29656194584,,,,1000.65982723186,701.205865647809,,,15412,40.3123851343144
2017,SP,35081,Três Colinas,35.6348222363703,19.2540964380257,26.5230898846822,79.5079146593255,79.0261527873365,73.9848589125946,78.0110116999312,72.8148657949071,71.3007570543703,74.070887818307,33.9470061940812,57.3296627666896,76.7809143066406,0.924059152603149,27.3521499633789,71.2701644897461,,,,,,658.519653320312,235.813217163086,128.94921875,3.8586368560791,331.61083984375,97.6611709594727,88.5662689208984,373.604034423828,111.767501831055,96.0387191772461,23246,3137,5520.3564453125,744.960754394531,45,410,97.3649749755859,10.6863994598389,257,802,,,1.90455389022827,0.610312163829803,1.93999707698822,0.602416098117828,252,28,59.8438377380371,6.64931535720825,31.3833427429199,31.8466360430768,631.739562090804,498.284992193348,,,,786.405450389455,620.277812602454,,,10227,60.9121082219615
2017,SP,35034,Coração do DRS III,58.9031028640831,34.7671369226128,39.6600851463243,50.9613438575187,76.8063145112325,77.7373001416717,79.3159279498077,74.6205221615058,69.3786682857721,75.1264926128314,40.2347702894151,62.234365513054,75.9869079589844,0.286357134580612,15.7700958251953,83.2890167236328,,,,,,702.702819824219,168.975402832031,140.897918701172,5.44860172271729,313.765808105469,60.4137420654297,85.1428680419922,351.628051757812,68.7006072998047,93.527587890625,21222,3903,5416.912109375,996.240173339844,29,379,96.7396926879883,7.40224552154541,339,734,,,1.8735339641571,0.865297019481659,2.11525559425354,0.961207151412964,305,35,77.851203918457,8.93374443054199,36.1974906921387,26.408096575826,765.939447528646,522.57400750778,,,,953.460875888974,650.513395703574,,,11495,70.4447451809286
2017,SP,35015,Grande ABC,59.6846620525651,40.4458609199531,47.9551340071174,90.0013693002875,89.935642886485,87.3011091332329,93.7012186772559,86.5562097768041,87.7694098315761,86.7040942078598,79.9424893879228,81.5281391209092,81.3991546630859,0.693935096263885,20.4598026275635,78.6064910888672,,,,,,623.439758300781,130.231414794922,153.298904418945,1.23528730869293,322.455871582031,53.4407691955566,97.6798248291016,362.59423828125,61.3250999450684,107.049278259277,129840,18359,4716.666015625,666.922912597656,379,2679,97.3193740844727,13.767840385437,2902,7490,,,2.72087383270264,1.05420243740082,2.56151747703552,1.07384610176086,2756,572,100.116539001465,20.7789039611816,49.0058097839355,27.1172760543935,894.215188304958,583.714124371778,,,,1113.14177566573,726.622165874889,,,74975,63.9556681292952
2017,SP,35111,Alta Paulista,90.767541894435,69.0608477462138,60.2204498610987,88.7145443572722,91.0681955340978,88.050694025347,92.6372963186482,87.6885938442969,83.2226916113458,86.9040434520217,43.2709716354858,80.2051901025951,80.8120498657227,0.523903071880341,19.8428287506104,79.6332702636719,,,,,,832.304443359375,222.394119262695,146.527236938477,7.86416435241699,347.608642578125,77.5495834350586,87.2366638183594,389.083801269531,87.9859619140625,95.6190185546875,12207,2688,9079.4814453125,1999.31567382812,10,207,153.96516418457,7.43793058395386,172,181,,,1.34626543521881,1.27932405471802,1.33733987808228,1.23804354667664,80,0,59.5034446716309,0,13.3793497085571,27.5003242842153,817.908229935956,560.022528938883,,,,1018.1529360157,697.13026621423,,,5106,88.5147927666487
2017,SP,35141,Baixa Mogiana,46.1777308193459,51.8964258541078,40.3835668762341,99.0598713508164,89.2627412172192,89.48540326571,94.0128649183573,89.4359228104899,88.4710539336962,89.9554675903018,100,85.2795645719941,72.6075973510742,1.77215194702148,17.6202526092529,80.4810104370117,,,,,,746.691345214844,212.465667724609,132.255294799805,6.4780650138855,345.379364013672,75.3495788574219,80.228385925293,383.957885742188,85.3987808227539,86.7944717407227,20139,3382,6165.484375,1035.38745117188,32,391,119.703285217285,9.79668807983398,339,528,,,1.61645352840424,1.03783667087555,1.83060300350189,1.04250538349152,378,33,115.72338104248,10.1028347015381,34.9147834777832,30.7525851291627,924.7976738441,628.375371259245,,,,1151.21163032996,782.217620206186,,,6344,44.2798784706974
2017,SP,35154,Fernandópolis,97.3722414548453,97.5638041078592,97.1222650780425,100,100,100,100,98.502994011976,85.5538922155689,98.5778443113772,86.751497005988,81.3622754491018,86.9431610107422,0.38402459025383,9.83102893829346,89.6313400268555,,,,,,868.064514160156,240.413513183594,132.227432250977,6.03362989425659,328.254272460938,68.641487121582,78.5276336669922,363.919982910156,77.6156005859375,84.1300888061523,9027,1645,7750.759765625,1412.42932128906,9,178,152.83430480957,7.72757720947266,206,255,,,2.18948030471802,1.76875650882721,2.06927347183228,1.76918590068817,104,1,89.2964477539062,0.858619689941406,18.4920921325684,24.7769566105247,890.916476073052,667.591038846506,,,,1109.03545490619,831.034279130027,,,3755,75.5873743426523
2017,SP,35115,Pontal do Paranapanema,100,100,100,87.9518072289157,85.6516976998905,83.0230010952903,87.6232201533406,86.7469879518072,77.5465498357065,83.5706462212486,42.8258488499452,68.1270536692223,77.1428604125977,0.685714304447174,13.0285711288452,86.2857131958008,,,,,,738.426147460938,213.716156005859,135.599212646484,7.18562889099121,385.718200683594,86.1132965087891,82.7723007202148,425.327301025391,95.8318939208984,88.4487457275391,7921,1939,11674.7978515625,2857.90087890625,0,111,163.603408813477,0,77,77,,,1.13490653038025,1.13490653038025,1.35378134250641,1.20860171318054,6,0,8.84342670440674,0,14.3396167755127,22.6364182442898,830.954477177695,602.43519912863,,,,1034.39323590143,749.926635167918,,,4415,158.565200967696
2017,SP,35113,Alto Capivari,98.0210747086582,89.4727940057169,94.3017099944184,100,100,100,100,100,100,100,48.6310299869622,95.5671447196871,83.9735107421875,0.264900654554367,13.1125831604004,86.6225128173828,,,,,,880.305480957031,248.377944946289,170.654235839844,3.45489454269409,422.4892578125,98.6638793945312,112.947563171387,470.756652832031,111.054176330566,121.625022888184,5581,1207,9429.9130859375,2039.40258789062,5,97,163.895645141602,8.44822883605957,73,49,,,0.827926456928253,1.23344147205353,1.11896800994873,1.13121783733368,34,0,57.4479598999023,0,19.6150989532471,27.1704287596809,876.72696902282,683.437135537803,,,,1091.37199617692,850.759902714835,,,2676,102.818278514851
2017,SP,35082,Alta Anhanguera,64.5768632327487,56.077260030869,58.0156344708213,100,100,100,100,100,100,100,100,100,79.8800430297852,0.43620502948761,13.7949838638306,85.6597595214844,,,,,,640.914611816406,162.084579467773,113.830390930176,8.59073352813721,330.5673828125,70.0309066772461,75.8784637451172,369.58349609375,79.0730056762695,82.462028503418,11051,2659,6836.62841796875,1644.97290039062,8,224,138.576126098633,4.94914770126343,119,241,,,1.49093067646027,0.736185669898987,1.4831976890564,0.755518317222595,120,0,74.2372131347656,0,38.7474937438965,27.3360761796046,755.489931334089,578.043470293317,,,,940.453052756708,719.563191667519,,,3938,59.034830167622
2017,SP,35152,Santa Fé do Sul,98.8789094846805,100,98.8789094846805,55.9027777777778,80.2083333333333,79.5138888888889,84.0277777777778,78.9930555555556,72.0486111111111,77.4305555555556,34.5486111111111,66.1458333333333,85.2487106323242,0.514579772949219,11.3207550048828,88.164665222168,,,,,,867.486206054688,289.867340087891,122.717559814453,5.36585378646851,293.254028320312,58.9812393188477,70.1549453735352,329.089294433594,67.9009399414062,75.6402359008789,4008,634,8480.2060546875,1341.42993164062,6,59,124.833381652832,12.6949195861816,68,65,,,1.37528300285339,1.43875753879547,1.54296171665192,1.44351816177368,18,1,38.0847587585449,2.11581993103027,14.7726554870605,23.143027140867,1049.33542692332,599.056512350244,,,,1306.23938809239,745.720760061905,,,1524,90.1750010131237
2017,SP,35016,São Paulo,59.6628226454591,35.2742421504921,35.3449339289386,98.7915287587721,86.7358196562823,81.6926559070074,90.0984975148144,78.6194424540212,82.1737696341033,77.1630213487108,92.7542907837718,66.5523595045552,80.1251068115234,0.896638512611389,18.2824478149414,80.7772064208984,,,,,,630.3447265625,137.414505004883,152.464233398438,2.16071629524231,308.881103515625,53.7324256896973,97.1499633789062,357.264282226562,64.5584487915039,107.100494384766,606034,83378,5008.59228515625,689.080810546875,1939,16883,139.530227661133,16.0249423980713,21209,40318,,,3.33209729194641,1.75282633304596,3.57640314102173,1.72738802433014,17148,2957,141.720336914062,24.4382438659668,47.8630180358887,21.5272409262474,879.933553248886,656.914081388165,,,,1095.36363365513,817.743331336561,,,488000,84.8511309199889
2017,TO,17007,Cantão,98.3047240743368,100,98.3047240743368,100,100,99.3690851735016,100,96.3196635120925,91.9558359621451,96.1093585699264,91.1671924290221,82.8601472134595,68.2914352416992,0.461775273084641,31.7598762512207,67.7783508300781,,,,,,566.690246582031,176.845077514648,104.535095214844,0.970873773097992,358.018951416016,83.7434005737305,82.08544921875,399.158782958984,93.7925872802734,88.9480133056641,6226,1172,4893.5,921.166381835938,0,179,140.690093994141,0,121,113,,,0.888155281543732,0.951033532619476,1.13691735267639,1.04240357875824,13,0,10.217716217041,0,3.21622252464294,18.7371251201795,534.891591369688,285.652813659464,,,,665.846636909135,355.587876810218,,,9968,211.458440077056
2017,TO,17002,Bico do Papagaio,99.0472596011942,100,99.0472596011942,100,94.4461033144222,97.252911316811,100,92.3857868020305,89.1609435652434,92.9531203344282,85.0403105404598,86.9513287548522,60.061824798584,1.66924262046814,36.1050987243652,62.1947441101074,,,,,,537.397521972656,179.616653442383,124.908615112305,1.71171176433563,359.961853027344,97.6378936767578,103.029220581055,400.978973388672,110.011001586914,112.447891235352,8166,1138,3953.5029296875,550.953491210938,0,212,102.638092041016,0,213,186,,,0.900503993034363,1.03122234344482,0.968889057636261,1.02057123184204,9,0,4.35727739334106,0,1.94576644897461,20.9470715158946,506.28419423293,236.062101821534,,,,630.235422447045,293.856099321133,,,24307,334.014826795205
2017,TO,17005,Ilha do Bananal,100,100,97.112027927642,100,90.381679389313,93.587786259542,96.030534351145,88.7404580152672,84.3129770992366,88.0152671755725,98.0152671755725,82.9770992366412,65.9607238769531,1.80978047847748,32.3065071105957,65.8067016601562,,,,,,612.359130859375,177.232971191406,125.654335021973,1.25448024272919,384.117553710938,79.3925323486328,96.6586456298828,426.835083007812,89.8994598388672,104.985778808594,10652,2346,5844.84716796875,1287.27099609375,20,274,150.346237182617,10.9741773605347,265,229,,,1.25654339790344,1.45407855510712,1.54077458381653,1.31347191333771,121,4,66.3937759399414,2.1948356628418,7.02457141876221,19.7714401064762,611.677097720224,337.082016159748,,,,761.431185239664,419.608254165645,,,12093,161.355568864342
2017,TO,17003,Sudeste,96.5884622057128,100,95.3669214519701,100,91.2047302291205,96.0088691796009,98.4478935698448,91.50036954915,87.5831485587583,90.6134515890613,85.8832224685883,85.8093126385809,60.058952331543,2.3581428527832,36.9196739196777,60.6484909057617,,,,,,531.462829589844,160.770065307617,95.2332153320312,3.66088628768921,326.204986572266,75.0884780883789,77.9217910766602,362.155700683594,83.873908996582,84.1326370239258,3294,551,3373.09912109375,564.231201171875,0,159,162.818084716797,0,102,65,,,0.665608525276184,1.04449331760406,0.796426177024841,1.00737285614014,2,0,2.04802632331848,0,2.76585936546326,20.8981231033167,541.498586979449,324.924902744789,,,,674.071192833762,404.474770647714,,,11968,368.882370886831
2017,TO,17006,Capim Dourado,99.6764099481469,98.1093015286259,99.6764099481469,94.2924528301887,82.3584905660377,83.8679245283019,87.4528301886792,78.0817610062893,76.7610062893082,80.1415094339623,88.4276729559748,75.2044025157233,73.6098022460938,0.534087359905243,27.61545753479,71.850456237793,,,,,,395.676147460938,99.4049606323242,94.129280090332,1.05263161659241,332.578582763672,69.7181167602539,94.5641098022461,372.279357910156,79.674430847168,102.722564697266,18714,2654,5196.26904296875,736.929504394531,60,616,171.043167114258,16.6600494384766,887,866,,,2.4046003818512,2.46291065216064,3.31104588508606,2.2767345905304,284,71,78.8575668334961,19.714391708374,15.4782962799072,15.7417020146872,666.672916580601,330.357939536152,,,,829.891377217026,411.237952821637,,,20130,136.224179367081
2017,TO,17001,Médio Norte Araguaia,80.8233753478474,98.5308561139303,80.1512113275495,99.8437194764603,81.4416878296542,80.7384254737253,80.3867942957609,80.5430748193006,76.4407110763821,76.6946669271342,87.4194178550498,78.8435241258058,69.1200332641602,0.912408769130707,37.7939987182617,61.2327651977539,,,,,,550.618896484375,156.591796875,116.170059204102,1.72732877731323,390.474426269531,86.8444900512695,98.7740707397461,436.135131835938,99.0520248413086,107.82536315918,17102,3160,5809.18212890625,1073.38415527344,54,546,185.464477539062,18.3426399230957,531,449,,,1.52515661716461,1.80369293689728,1.75537371635437,1.81778967380524,147,2,49.9327430725098,0.679357051849365,5.58023881912231,21.2953061055375,511.212047424465,258.493725943318,,,,636.369739246387,321.779554695808,,,22146,193.983654444848
2017,TO,17004,Cerrado Tocantins Araguaia,99.9937105731555,100,99.9937105731555,100,96.5286491007947,93.2664157256378,97.5742367210372,90.8824759514847,90.2132998745295,90.7570054370556,100,86.9928900041824,66.6666641235352,0.906468868255615,38.8545532226562,60.1565704345703,,,,,,547.066589355469,166.635223388672,132.050552368164,1.49425292015076,356.648834228516,87.8120040893555,101.478630065918,397.08984375,99.8222808837891,110.598739624023,7950,1917,4999.056640625,1205.43298339844,0,232,145.884429931641,0,183,132,,,0.830032050609589,1.15072631835938,1.0979061126709,1.08187139034271,3,0,1.88643646240234,0,3.9313337802887,19.2076463081078,596.969865622408,308.154305944416,,,,743.12324922314,383.598305848757,,,14316,243.776670696099
2017,TO,17008,Amor Perfeito,98.4361550797778,100,97.7475559260299,100,96.8580715059588,100,100,92.578548212351,91.2784398699892,93.2827735644637,94.7995666305525,86.9447453954496,66.988883972168,1.01498305797577,33.6394386291504,65.3455810546875,,,,,,593.102600097656,194.370513916016,108.992813110352,0.153139352798462,371.46728515625,87.3073654174805,92.6265029907227,411.717651367188,98.0978851318359,99.2258605957031,7684,1535,6979.17333984375,1394.19970703125,0,199,180.74641418457,0,212,107,,,0.971852600574493,1.92553973197937,1.21572399139404,1.77703702449799,0,0,0,0,3.54317474365234,18.768176768335,566.184886249009,299.104303894373,,,,704.80132509155,372.332633465291,,,10561,271.764122019584
2018,AC,12002,Baixo Acre e Purus,80.6592247387242,90.5774717239319,69.1735992903551,100,84.9630238290879,76.1811832374692,91.4030402629417,80.8751027115859,88.0238290879211,71.1380443714051,100,80.6799506984388,39.6196022033691,1.81141185760498,45.1242828369141,53.0341148376465,,,,,,495.654205322266,137.838409423828,110.870018005371,5.40540552139282,405.5908203125,102.044944763184,107.017997741699,452.399139404297,115.217414855957,115.924461364746,28474,4186,5018.939453125,737.840881347656,59,960,169.213394165039,10.3995723724365,704,741,,,1.3061158657074,1.24089813232422,1.61598789691925,1.32453536987305,108,4,19.036506652832,0.705055773258209,7.04139184951782,15.7773000685154,411.549040172026,232.489957159429,,,,493.810619231574,278.960703351491,,,48596,278.109417077827
2018,AC,12001,Alto Acre,98.6263286999182,100,98.6263286999182,81.1424100156494,95.6964006259781,90.7668231611894,100,92.018779342723,84.3505477308294,94.8356807511737,74.9608763693271,79.7339593114241,51.3552055358887,1.78316688537598,41.5834503173828,56.1340942382812,,,,,,463.608184814453,173.497543334961,109.502548217773,2.14723920822144,358.133087158203,120.542655944824,100.058654785156,400.300659179688,138.472564697266,107.591804504395,4509,1130,6412.29833984375,1606.9853515625,0,83,118.035209655762,0,78,42,,,0.597286641597748,1.10924661159515,0.778250217437744,1.1184903383255,0,0,0,0,0.961347043514252,15.5370919390552,486.171189028469,196.949860848881,,,,583.348452972574,236.316752683242,,,8542,364.833789567817
2018,AC,12003,Juruá e Tarauacá/Envira,93.4664782768694,98.0986865717751,93.4664782768694,99.2586316458378,74.32747299301,71.4890912942173,82.6519805126033,69.413259902563,72.6540987079009,63.143401821648,86.2105486125821,65.5157805549672,39.7386627197266,4.09300518035889,55.0345878601074,40.7763252258301,,,,,,409.298156738281,108.369026184082,97.1435470581055,5.27426147460938,383.980987548828,92.1428756713867,104.562370300293,424.799468994141,102.856262207031,113.363426208496,11501,2099,4965.54638671875,906.241394042969,0,302,130.388229370117,0,211,166,,,0.716703534126282,0.910990595817566,0.994318187236786,1.04127085208893,44,12,18.9969596862793,5.18098926544189,0.78837388753891,19.5940085721226,427.373634847872,157.692184988483,,,,512.798278375917,189.21214221419,,,33192,634.353045366461
2018,AL,27010,10ª Região de Saúde,81.9129195187593,100,80.0695562410136,100,99.5382031905961,100,100,100,100,100,79.8908480268682,97.2292191435768,67.2314224243164,1.57874464988708,30.1501731872559,68.117057800293,,,,,,523.556945800781,158.502334594727,135.413421630859,4.52920150756836,351.875915527344,85.7393112182617,109.108245849609,388.980834960938,96.3125381469727,116.455200195312,6910,1286,4312.0126953125,802.49609375,0,146,91.1076431274414,0,131,95,,,0.592823684215546,0.817472696304321,0.629173159599304,0.780967235565186,0,0,0,0,1.7878315448761,18.3709179955823,585.926960785519,218.50688539196,,,,703.043688812952,262.182655891177,,,23555,469.514937669901
2018,AL,27005,5ª Região de Saúde,100,100,100,100,100,100,100,100,100,100,100,93.0272108843537,75.8265762329102,0.935745477676392,19.8378047943115,78.9457244873047,,,,,,503.767730712891,182.80534362793,124.678298950195,2.00668907165527,379.746032714844,121.020851135254,113.627044677734,423.033142089844,135.560974121094,123.798889160156,13227,1940,5571.35107421875,817.148315429688,15,305,128.469192504883,6.31815719604492,191,118,,,0.497028350830078,0.804512023925781,0.862428426742554,0.80198472738266,8,0,3.36968374252319,0,2.78083157539368,15.7772282484374,694.622858534038,175.536989383215,,,,833.466028159661,210.623816275064,,,31295,320.116943958323
2018,AL,27007,7ª Região de Saúde,96.1437089930276,100,94.9314914855039,100,100,100,100,100,100,100,93.5769230769231,93.2435897435897,59.897144317627,2.17142868041992,20.2628574371338,77.3714294433594,,,,,,600.280456542969,192.112548828125,124.654632568359,8.5470085144043,387.968292236328,96.9342803955078,101.797782897949,431.712127685547,110.383659362793,108.801643371582,28381,3284,5393.02294921875,624.033264160156,70,805,152.967956542969,13.3015613555908,504,676,,,1.28455078601837,0.957712411880493,1.31376671791077,1.00697576999664,290,40,55.1064682006836,7.60089254379272,4.69279098510742,22.0760837622987,775.86339377909,228.098239564835,,,,930.945149965642,273.691156898486,,,69516,403.40560853033
2018,AL,27004,4ª Região de Saúde,100,100,100,100,98.3495145631068,100,100,99.3203883495146,100,100,90.7281553398058,100,63.6901817321777,1.48001968860626,36.6551551818848,61.4208183288574,,,,,,565.52197265625,182.246917724609,137.032989501953,2.95202946662903,391.121002197266,99.5501937866211,114.185256958008,434.700622558594,111.092391967773,123.668640136719,6918,1217,4812.1533203125,846.5439453125,0,194,134.946197509766,0,84,77,,,0.535611212253571,0.584303140640259,0.738726079463959,0.639951050281525,0,0,0,0,2.4464213848114,15.201181399552,682.874255693929,187.696670619118,,,,819.369081557246,225.214008778611,,,24005,463.335004996028
2018,AL,27001,1ª Região de Saúde,55.5911936217689,39.8628581004962,41.9864006380714,100,87.555968111827,89.4779949765207,93.1855411160861,83.3460740417167,97.4500382221251,83.8538822758545,90.8649120891122,79.0761166320847,63.6626586914062,1.61363983154297,42.3098373413086,55.1631393432617,,,,,,615.470520019531,169.088775634766,137.305755615234,1.43516147136688,418.866882324219,96.8969955444336,114.91943359375,468.109161376953,110.346252441406,124.895545959473,65769,8184,5186.93994140625,645.439636230469,149,1853,146.138763427734,11.7510385513306,1486,2675,,,2.10966634750366,1.17194926738739,2.42463755607605,1.18971383571625,724,122,57.099006652832,9.62165641784668,24.2908172607422,22.273920799772,759.824205723711,293.154428668523,,,,911.700003913819,351.750959960375,,,99184,179.433217553379
2018,AL,27008,8ª Região de Saúde,97.4895108408914,100,97.4895108408914,100,100,100,100,98.9266547406082,100,100,100,100,67.5230026245117,1.15030670166016,35.0843544006348,63.726993560791,,,,,,686.66357421875,228.675521850586,135.676574707031,5.38033390045166,383.799224853516,98.0418930053711,99.9493408203125,426.942443847656,110.846031188965,107.314079284668,10027,1389,6386.990234375,884.764099121094,16,146,92.9989624023438,10.1916666030884,107,93,,,0.592390656471252,0.68156772851944,1.05563378334045,0.795905470848083,16,0,10.1916666030884,0,8.86675071716309,16.6371530962944,824.825841205437,185.626925671432,,,,989.694349022433,222.730557392498,,,25224,457.880259372574
2018,AL,27003,3ª Região de Saúde,98.1112706958384,100,95.0316770788358,100,100,100,100,100,100,100,100,93.66391184573,64.9862976074219,1.47945201396942,33.9452056884766,64.4383544921875,,,,,,595.885192871094,195.944229125977,131.076843261719,2.92792797088623,439.539001464844,122.528686523438,116.596313476562,491.966949462891,139.497039794922,127.547630310059,11648,1473,5210.86376953125,658.963134765625,0,249,111.392951965332,0,150,108,,,0.483150124549866,0.67104184627533,0.746198534965515,0.680883824825287,4,0,1.78944492340088,0,1.92633748054504,18.2675918710914,581.623735648389,198.180934231511,,,,697.88032293857,237.793896474276,,,35463,410.659858553864
2018,AL,27009,9ª Região de Saúde,95.077881359824,99.8054531563764,95.077881359824,100,100,100,100,100,100,100,100,96.890756302521,71.9960250854492,0.347567021846771,24.4786491394043,75.0496520996094,,,,,,531.811279296875,154.123657226562,132.952819824219,4.06050968170166,337.855529785156,74.8200607299805,104.913208007812,376.444488525391,85.2835006713867,113.693641662598,12382,1381,5242.74462890625,584.738342285156,10,238,100.773155212402,4.23416614532471,174,106,,,0.448821634054184,0.736744940280914,0.731875658035278,0.85583084821701,23,10,9.73858261108398,4.23416614532471,1.61829841136932,17.9047024586169,587.909169209831,211.935599984971,,,,705.422106629323,254.297883484427,,,43597,573.968627427054
2018,AL,27006,6ª Região de Saúde,100,100,100,100,100,100,100,100,100,100,99.2779783393502,94.9130292090581,65.5727386474609,0.378668338060379,22.9725456237793,76.1754531860352,,,,,,537.898498535156,201.347183227539,102.61897277832,4.79204320907593,359.701751708984,113.360565185547,85.3083801269531,401.932556152344,128.900329589844,91.6146469116211,11985,2080,5828.85498046875,1011.59936523438,28,447,217.396591186523,13.6176834106445,156,167,,,0.81219756603241,0.758699536323547,0.960533022880554,0.796391308307648,23,9,11.1859540939331,4.37711238861084,2.6471803188324,19.7738497123065,869.441131467426,238.332971676204,,,,1043.22746892051,285.971636035241,,,31377,394.256427914304
2018,AL,27002,2ª Região de Saúde,100,100,100,100,95.4919639357115,100,100,96.7071736573893,100,94.1199529596237,84.1630733045864,90.6311250490004,61.4742202758789,1.01670300960541,40.1960792541504,58.0246925354004,,,,,,501.643829345703,183.794540405273,114.644119262695,3.26481246948242,400.647674560547,128.766189575195,108.506423950195,450.349792480469,147.192764282227,118.55094909668,8086,1071,4904.8271484375,649.650024414062,0,96,58.23193359375,0,104,66,,,0.400344550609589,0.630845963954926,0.670577108860016,0.698176622390747,0,0,0,0,2.069659948349,16.8018290846339,588.278612481338,202.369587996417,,,,705.865395260485,242.819790128481,,,28900,419.513487601165
2018,AM,13008,Triângulo,93.0268881443822,100,93.0268881443822,100,88.3713022781367,90.9554573274396,100,100,100,100,98.8099285957157,96.9738184291057,40.4783821105957,2.26924252510071,59.4602890014648,37.0131874084473,,,,,,377.105224609375,95.0752639770508,92.6784057617188,4.44915246963501,358.6318359375,87.3562774658203,99.5820236206055,398.620574951172,99.2418441772461,106.873397827148,7036,1392,5621.4248046875,1112.14086914062,0,186,148.605026245117,0,104,52,,,0.415454924106598,0.830909848213196,0.522314727306366,0.876250386238098,16,0,12.7832288742065,0,0.687098503112793,21.6289133238648,651.981413755672,278.377808026615,,,,782.301291529167,334.020746845845,,,18908,643.419355355498
2018,AM,13009,Alto Solimões,89.0663336751018,99.7989284161224,86.672624343226,100,81.0519840049216,84.3125192248539,93.0021531836358,84.0972008612734,97.9698554290987,87.9421716394955,87.6960935096893,90.0184558597355,46.6676750183105,4.17107439041138,50.9294242858887,44.7785987854004,,,,,,336.083221435547,77.4034194946289,79.0076293945312,12.5298328399658,294.250610351562,61.8173980712891,71.7830123901367,326.291198730469,70.1030502319336,77.1735916137695,6525,1330,2616.87719726562,533.401794433594,0,307,123.123565673828,0,234,123,,,0.493296384811401,0.938466310501099,0.606794655323029,1.10680866241455,34,0,13.6358346939087,0,0.318035811185837,18.3122071308008,454.311678468984,184.376288713262,,,,545.120773881843,221.22993960345,,,34432,541.992830286365
2018,AM,13002,Rio Negro e Solimões,92.1636243707215,99.8879004227658,87.9250299900546,65.6529176962555,72.6287777988975,71.4312868275993,83.4822277133625,69.68256985364,86.4474434518152,69.6065386808591,59.7605018057404,76.202242919597,42.7045021057129,3.81853222846985,52.4785423278809,43.5627937316895,,,,,,353.6337890625,94.7111663818359,74.269905090332,6.64739894866943,308.702545166016,71.5397338867188,77.7611312866211,341.677581787109,80.6687316894531,83.0249099731445,13950,3300,4752.5927734375,1124.26916503906,0,326,111.064170837402,0,206,123,,,0.419045805931091,0.701816558837891,0.512223899364471,0.718850910663605,4,0,1.36275053024292,0,0.56315666437149,22.6354482928091,514.848412526444,259.451214503225,,,,617.757760518177,311.311052604247,,,46393,540.769867642119
2018,AM,13003,Rio Madeira,79.2554582130792,100,74.6418007617661,100,84.5124282982792,84.5124282982792,95.3792224346718,89.5474824729127,90.6309751434034,81.1344805608668,90.057361376673,86.0420650095602,53.3683280944824,1.74978125095367,37.1828536987305,61.0673675537109,,,,,,321.458221435547,78.9635925292969,64.1897583007812,12.8367671966553,268.438171386719,62.6719398498535,59.0852432250977,297.672119140625,70.3939514160156,63.2695541381836,7724,1913,3934.93408203125,974.563537597656,0,216,110.039581298828,0,126,91,,,0.463592678308487,0.641897559165955,0.454932183027267,0.637567281723022,0,0,0,0,0.477857083082199,23.1718693759392,464.464367236881,210.429398276543,,,,557.302810621,252.490617944418,,,23251,407.99004083249
2018,AM,13001,Manaus,51.6677726897619,40.5248719846274,40.2470060744354,99.2920353982301,80.0764776575986,77.8629957391019,88.1044466295204,76.6065770785535,86.5967442368622,76.4951382060527,96.5279143450235,74.5351250955971,50.0429725646973,3.51704525947571,49.1526908874512,47.3214492797852,,,,,,483.874084472656,110.894393920898,91.7338027954102,13.5287389755249,407.806732177734,88.1352157592773,92.5363082885742,454.961364746094,100.112190246582,98.8757705688477,124932,22423,4935.6103515625,885.851440429688,324,3545,140.050094604492,12.8000659942627,2864,3576,,,1.41274797916412,1.13146257400513,1.84738731384277,1.20623826980591,1066,201,42.1137962341309,7.94078159332275,19.8347282409668,19.8068609474671,426.838528895069,290.361156590975,,,,512.156213941026,348.399360807771,,,181404,179.270354339856
2018,AM,13005,Baixo Amazonas,90.1211073364889,100,88.5055330382919,96.9207579672696,84.5391903531438,86.5633074935401,94.1214470284238,86.4771748492679,97.3729543496985,88.0706287683032,82.5366063738157,79.5219638242894,40.7133102416992,3.58604550361633,54.5312805175781,41.8826751708984,,,,,,365.701721191406,101.134323120117,94.6617279052734,6.30530977249146,283.731475830078,69.6367645263672,87.9720764160156,313.092407226562,78.5539779663086,92.4845275878906,13112,2300,5304.29296875,930.435791015625,0,312,126.215637207031,0,185,87,,,0.351947456598282,0.748394012451172,0.428202718496323,0.741415739059448,0,0,0,0,0.490299195051193,20.878627704655,430.88752861672,174.563695656575,,,,517.014539109227,209.455977862306,,,37224,568.605900649511
2018,AM,13006,Regional Purus,83.7763339240008,100,81.5045360231421,96.220542463317,77.5011116051578,72.565584704313,88.0391285015562,78.3014673188084,89.773232547799,79.4575366829702,84.2152067585594,77.3232547799022,45.7131423950195,1.52243590354919,44.7516021728516,53.605770111084,,,,,,361.769714355469,92.1560745239258,76.1620407104492,16.2105255126953,293.625061035156,67.7954330444336,67.3241882324219,324.986724853516,76.0577239990234,71.7443771362305,4150,1007,3160.72485351562,766.951782226562,0,188,143.184646606445,0,110,51,,,0.388426423072815,0.837782442569733,0.465159684419632,0.831689476966858,0,0,0,0,0.306933045387268,20.4631480884082,537.839314522847,238.012294212973,,,,645.344148635594,285.5868606592,,,21457,610.416772986762
2018,AM,13007,Regional Juruá,88.2022098713492,100,80.8285910409424,89.6474953617811,69.165120593692,64.4155844155844,84.6011131725417,68.9053803339518,84.30426716141,67.9406307977737,76.8831168831169,79.7773654916512,50.3164558410645,3.48101258277893,46.5541496276855,49.9648399353027,,,,,,368.131591796875,99.3955307006836,78.780158996582,7,317.214080810547,79.5942611694336,75.0280685424805,353.703704833984,90.6360244750977,80.3002548217773,4588,999,3377.97534179688,735.526916503906,0,212,156.087799072266,0,97,48,,,0.353406310081482,0.714175283908844,0.388378828763962,0.698345601558685,0,0,0,0,0.427032649517059,16.1952094229115,517.367616158485,181.435975952703,,,,620.780509653951,217.701908862765,,,22353,714.310447671451
2018,AM,13004,Médio Amazonas,100,100,96.0732631628272,81.8613485280152,87.0845204178538,90.2817347261792,94.5868945868946,87.1794871794872,87.2111427666983,87.2427983539095,78.7591009813232,81.3548591326369,48.9048805236816,2.81602001190186,42.9912376403809,54.192741394043,,,,,,352.009552001953,98.398681640625,67.9419479370117,9.31780338287354,290.804748535156,73.7707290649414,66.5522232055664,322.420349121094,81.62646484375,71.9883728027344,7006,1477,4103.458984375,865.08837890625,0,239,139.983840942383,0,132,112,,,0.655991196632385,0.773132503032684,0.72378671169281,0.822917520999908,0,0,0,0,1.82564687728882,20.0995682145211,615.94791362819,233.84016781177,,,,739.065314102042,280.580797904614,,,23253,450.015853637315
2018,AP,16002,Área Norte,78.6472209112914,71.3778982142585,78.6472209112914,100,93.8857602574417,92.2767497988737,95.8970233306516,90.4263877715205,82.5422365245374,89.9436846339501,93.8857602574417,76.6693483507643,38.5838165283203,7.15317916870117,54.5520248413086,37.2832374572754,,,,,,239.66096496582,54.0698509216309,62.8379364013672,6.09756088256836,237.442810058594,62.3837966918945,68.8363418579102,263.846435546875,69.0458831787109,75.2546920776367,2802,805,4094.6953125,1176.38464355469,0,121,176.823028564453,0,49,30,,,0.438404202461243,0.716060221195221,0.518047630786896,0.661259710788727,0,0,0,0,1.96843492984772,19.3729367136633,408.457126372037,152.031554341042,,,,490.100685009531,182.420048800278,,,8570,389.775890569326
2018,AP,16001,Área Central,86.6214919644999,62.7801556128568,59.2992923962581,100,75.322825674136,64.3372578807444,76.9464489175845,66.5780478541588,76.5856437523737,58.7732624382833,100,69.3790353209267,43.448600769043,3.3633348941803,58.2188529968262,38.2662239074707,,,,,,441.104675292969,101.585563659668,97.9832382202148,6.53327894210815,398.299468994141,85.5250549316406,101.501792907715,444.266693115234,97.6821441650391,109.586334228516,23510,3088,4234.533203125,556.198974609375,37,778,140.130447387695,6.6643009185791,705,684,,,1.23199510574341,1.26981949806213,1.24816060066223,1.22897815704346,170,36,30.6197624206543,6.48418474197388,11.063099861145,16.0958340535944,454.935768038648,143.650069204995,,,,545.869608229077,172.363248853955,,,40086,206.29673734583
2018,AP,16003,Área Sudoeste,98.5479050215975,95.0272929340786,90.4885510803768,88.3596467754884,74.2039068771742,71.4744447417715,76.960128445277,67.6210864329676,76.7460529836767,66.3098742306663,66.1225582017661,62.001605565962,44.6624221801758,2.75159239768982,52.9681510925293,44.2802543640137,,,,,,355.569366455078,94.7213516235352,86.4635925292969,6.55737686157227,327.395599365234,86.5478820800781,91.6389541625977,360.818511962891,96.8786468505859,96.4526901245117,9994,1589,4854.5908203125,771.857543945312,0,188,91.3210983276367,0,170,97,,,0.471177995204926,0.825775861740112,0.802702724933624,0.877994060516357,17,16,8.25775909423828,7.77200794219971,3.93652200698853,16.3619463801645,254.742370276659,106.149082725564,,,,305.660991356593,127.366459777585,,,28452,439.559655686754
2018,BA,29023,Seabra,86.4168127927975,100,83.2761914732131,89.8819561551433,87.9005059021922,80.9021922428331,90.0084317032041,84.822934232715,96.4165261382799,86.256323777403,79.468802698145,85.9190556492411,67.7866439819336,1.42797148227692,24.7375049591064,73.2465362548828,,,,,,646.229858398438,166.716445922852,103.722610473633,20.8403358459473,336.576965332031,74.8436584472656,79.7240295410156,371.976531982422,83.7172012329102,85.3874206542969,14638,4660,7949.17041015625,2530.61450195312,0,294,159.656799316406,0,128,79,,,0.429009735584259,0.695104420185089,0.782263994216919,0.826115310192108,41,10,22.2650623321533,5.43050336837769,1.58570694923401,20.0970313382757,493.414897851292,252.298839069329,,,,592.04005467777,302.729040262505,,,30508,498.032685883755
2018,BA,29017,Paulo Afonso,84.6790675915594,88.772063024614,83.5287035013248,100,80.8349677780891,82.4880919024937,86.186606892687,78.1731577472681,80.526758195573,77.9770243765761,100,70.1036704959372,54.997371673584,2.65649652481079,31.8516578674316,65.1762237548828,,,,,,588.342834472656,163.781936645508,132.377136230469,5.13513517379761,354.258270263672,81.2813110351562,97.317268371582,393.828460693359,91.8979873657227,105.309188842773,11527,1784,4582.31640625,709.191650390625,0,239,95.0094223022461,0,232,214,,,0.8507120013237,0.922267198562622,0.718036711215973,0.857271194458008,27,0,10.7332820892334,0,4.60855340957642,19.3913997759711,598.356772730236,293.556316917638,,,,717.958006510758,352.233178762476,,,38759,440.891671562357
2018,BA,29001,Alagoinhas,86.5266619938535,93.565176758146,84.731223378444,55.9706854433108,68.3718925132921,63.2131053312257,70.8291421181204,65.9146429084639,72.4241988791493,67.3803707429228,50.2945825549648,62.0204052306366,59.2757568359375,1.96867370605469,33.5824127197266,63.2993240356445,,,,,,658.625305175781,182.339736938477,102.087852478027,12.6381406784058,399.758605957031,85.2605667114258,80.2302551269531,446.777221679688,97.5464324951172,85.792610168457,23720,3711,4426.91748046875,692.592407226562,10,620,115.712013244629,1.8663227558136,470,508,,,0.948091983795166,0.877171695232391,0.913611650466919,0.85710871219635,126,13,23.5156669616699,2.42621970176697,6.40223360061646,19.9075931095445,515.177420607106,245.250116317104,,,,618.15253165888,294.271398991825,,,79425,357.053258819187
2018,BA,29019,Ribeira do Pombal,87.9143838380215,98.1339837340053,86.8742209987357,87.8948839809897,89.8797875314509,85.7142857142857,92.9270338272295,89.8797875314509,91.2776069331842,87.0841487279843,78.7531450936539,77.7746715124406,60.0411415100098,2.10851120948792,30.2648487091064,66.4181060791016,,,,,,573.231323242188,127.178939819336,95.3842086791992,23.6941299438477,308.385894775391,54.8372497558594,70.7336959838867,341.790191650391,61.3982391357422,75.3145904541016,16298,4131,5030.9765625,1275.18493652344,7,412,127.178939819336,2.16080737113953,259,142,,,0.438335180282593,0.799498677253723,0.604948878288269,0.807215869426727,21,0,6.482421875,0,1.06558668613434,19.2563348083062,423.28844211703,205.539397333238,,,,507.896525838105,246.623189866231,,,56228,474.497839889089
2018,BA,29025,Serrinha,90.4277512958447,99.8733258176382,89.1732633229992,93.1437715411128,89.795667159035,71.110290497292,89.2786804529788,84.1457410142787,88.0846873461349,79.3820777941901,82.9763663220089,76.4155588380108,65.0661697387695,1.44044971466064,32.5213737487793,65.4174957275391,,,,,,572.473937988281,150.734558105469,95.5181045532227,19.1796016693115,309.352142333984,60.011173248291,68.9923629760742,344.576202392578,67.9925155639648,74.4444961547852,36734,8825,5828.50830078125,1400.24462890625,0,914,145.022506713867,0,481,306,,,0.48552393913269,0.76319283246994,0.698892652988434,0.805160522460938,157,0,24.91086769104,0,2.40953159332275,20.6676653356125,450.047105962111,193.249146856275,,,,540.00378663411,231.876329574676,,,113808,515.734620738741
2018,BA,29015,Jequié,89.7493789612983,99.5654663787833,83.5796206440229,100,85.619405140052,85.8215420155934,90.7738954663587,83.2803927230725,84.883049379151,84.6087207623448,95.1920300317644,74.0831648859371,51.8793830871582,4.27769994735718,35.6942481994629,59.9018249511719,,,,,,736.817932128906,220.658966064453,114.091873168945,15.0703840255737,375.592895507812,81.2067337036133,82.1106338500977,418.157897949219,91.9674835205078,88.7790451049805,35863,11150,7293.54150390625,2267.60131835938,24,1078,219.235366821289,4.88093566894531,646,388,,,0.789084613323212,1.31378519535065,1.2438759803772,1.34052860736847,233,26,47.3857498168945,5.28768014907837,3.66924333572388,20.9511827761257,577.085540497141,256.086264268413,,,,692.43502058312,307.273506657253,,,69803,371.812133191915
2018,BA,29026,Teixeira de Freitas,95.0875015888815,99.1080719488628,93.581565096744,97.673371359952,77.1840288201741,78.0696487541279,82.2876013209247,75.7430201140799,79.7508255779045,75.7280096067247,87.9315520864605,70.2191534073852,56.3683662414551,1.72039902210236,34.971809387207,62.8307075500488,,,,,,618.612182617188,170.26838684082,107.58472442627,11.4983825683594,387.752593994141,80.7121810913086,84.6063613891602,432.624603271484,92.3881988525391,91.10693359375,25258,4143,5614.4111328125,920.916320800781,22,765,170.046096801758,4.89021444320679,419,423,,,0.940254926681519,0.931363642215729,1.09162926673889,0.951702475547791,163,38,36.2320442199707,8.44673442840576,8.60188770294189,20.4287396805007,685.475251797321,285.719983734162,,,,822.489972073472,342.830497273487,,,49566,270.288881853111
2018,BA,29012,Itabuna,88.3178017219545,99.0219493845204,81.5388021365894,81.9302152932442,83.6822568671121,85.6273199703044,92.5463994060876,84.543429844098,87.4684484038604,85.924276169265,71.2843355605048,78.8121752041574,56.2820892333984,2.26517677307129,41.7094535827637,55.1646041870117,,,,,,759.759704589844,222.752655029297,145.418914794922,12.2248125076294,433.705291748047,100.669776916504,109.31258392334,482.261993408203,114.235466003418,116.71484375,28094,5910,5528.27978515625,1162.95776367188,52,1093,215.078308105469,10.2324533462524,646,543,,,1.06850433349609,1.27118563652039,1.44435024261475,1.32741487026215,157,22,30.8941402435303,4.32911491394043,10.0575180053711,17.3153120396229,658.422079347241,196.995460985855,,,,790.029335464604,236.371467503782,,,63221,306.681598014408
2018,BA,29022,Santo Antônio de Jesus,94.4957717528987,99.1814181280676,92.2119473620771,98.0416372618208,79.7988708539167,81.319073083779,82.4100211714891,80.0988002822865,84.7388849682428,77.681721947777,89.8729710656316,74.9823570924488,67.8627700805664,1.34780323505402,31.2445297241211,67.250129699707,,,,,,651.934692382812,219.645111083984,111.135177612305,11.0067110061646,373.735870361328,100.418037414551,86.5138702392578,416.449920654297,113.299652099609,92.9967498779297,31101,6848,6803.966796875,1498.13720703125,30,793,173.484634399414,6.56310081481934,469,346,,,0.756944298744202,1.02603149414062,1.09997570514679,1.02050745487213,125,12,27.3462543487549,2.62524032592773,3.3305549621582,18.5794236368085,530.703944080137,215.00323455088,,,,636.782540290478,257.97868547083,,,69114,387.198356706288
2018,BA,29006,Feira de Santana,80.606286274927,84.7065667644412,74.2737415544962,84.3122583863325,73.4318493577753,72.9829155755082,77.5470756952238,69.0110986407283,73.0452674897119,69.5785010599825,79.4924554183813,65.8498565905973,72.6162261962891,1.09061443805695,29.9451580047607,68.7835006713867,,,,,,634.346740722656,151.251190185547,89.5979843139648,19.6723575592041,379.645141601562,68.4169158935547,72.3760528564453,423.022064208984,77.5052490234375,77.4626235961914,52792,6439,4610.19189453125,562.301574707031,79,1566,136.754821777344,6.89887046813965,1303,1280,,,1.11779165267944,1.13787698745728,1.45939493179321,1.11248648166656,594,52,51.8725204467773,4.54102849960327,12.7733020782471,23.2748092905842,566.27321108989,251.27840178392,,,,679.461492379293,301.504635103926,,,121145,260.764578683956
2018,BA,29010,Irecê,92.5675549365811,96.2233729331601,90.8430463514259,99.213630406291,88.8925294888598,89.9410222804718,92.9554390563565,86.1238532110092,87.5,86.5498034076016,85.5176933158585,78.5714285714286,64.5625,1.28125,28.71875,69.78125,,,,,,602.870544433594,197.475326538086,110.518173217773,3.98871874809265,354.774719238281,85.2872161865234,85.1603698730469,394.550994873047,96.7905578613281,91.3589553833008,24965,6219,6063.92578125,1510.57690429688,20,764,185.573364257812,4.85794162750244,348,262,,,0.636390328407288,0.845281839370728,1.00547254085541,0.898172676563263,60,6,14.5738248825073,1.45738244056702,1.35852336883545,19.3418757990587,469.953480399488,228.802426836905,,,,563.889103153055,274.536099102046,,,71647,478.57899651182
2018,BA,29028,Vitória da Conquista,79.3628083576389,94.2982462683784,72.680576172822,49.3031173529099,71.3160974571763,69.6457069901053,73.8589211618257,69.1350143632301,69.5925098414725,70.4755825087775,23.300351101181,60.9213746143207,70.9446640014648,0.49442458152771,36.7346954345703,61.4454040527344,,,,,,678.346557617188,181.432754516602,116.279067993164,8.984375,367.062927246094,66.6612854003906,82.3231582641602,407.84814453125,76.1554641723633,88.6287384033203,42726,9952,6659.70458984375,1551.21887207031,55,1160,180.809280395508,8.57285404205322,713,846,,,1.31866073608398,1.11135351657867,1.74539411067963,1.17237675189972,432,81,67.3358688354492,12.6254749298096,7.97867679595947,20.8132789173718,606.684598342496,221.402585168995,,,,727.950421316838,265.657156279779,,,73987,329.822450257627
2018,BA,29011,Itaberaba,91.4541376767573,100,91.4541376767573,88.49478390462,82.2354694485842,82.2056631892697,86.6169895678092,79.6423248882265,84.7988077496274,79.5827123695976,79.016393442623,74.6646795827124,66.055305480957,0.95936793088913,26.7494354248047,72.1501159667969,,,,,,637.718566894531,182.319030761719,100.713356018066,11.9225969314575,363.181488037109,77.9642105102539,79.5967254638672,404.162811279297,88.7080688476562,85.6957550048828,15216,3905,6057.1318359375,1554.48876953125,0,446,177.542114257812,0,174,130,,,0.517499446868896,0.692653119564056,0.821828901767731,0.743208825588226,41,0,16.3211364746094,0,1.80169415473938,19.1928696762084,555.414097558926,226.835792976705,,,,666.431828709587,272.176368937442,,,45406,527.637193760609
2018,BA,29024,Senhor do Bonfim,89.2848922589157,100,86.8924469399068,99.8317307692308,93.6778846153846,95.0721153846154,98.6538461538462,83.8221153846154,92.3076923076923,43.75,91.7548076923077,81.4663461538462,66.9638900756836,1.2260365486145,24.4984397888184,74.2086486816406,,,,,,561.319152832031,120.883964538574,96.9765548706055,27.0545883178711,323.307067871094,56.0941429138184,73.7714996337891,358.004760742188,63.9806938171387,78.5332717895508,16588,2967,5585.580078125,999.060546875,0,377,126.944999694824,0,139,155,,,0.521922409534454,0.468046575784683,0.765121459960938,0.781031668186188,45,0,15.1525869369507,0,5.76269721984863,18.073881674223,461.143759413365,180.87904671752,,,,553.318470371123,217.033659046464,,,48517,418.472870408607
2018,BA,29002,Barreiras,80.6352172885652,90.8581985349402,78.5729629868317,100,96.162736939436,94.4059177068886,100,93.9281861611959,94.6524888272461,92.0634920634921,100,88.0567113576822,65.5108489990234,1.23080992698669,19.9047107696533,78.4542083740234,,,,,,469.550567626953,98.3443908691406,99.2224655151367,10.5189342498779,340.637512207031,59.38427734375,92.1825408935547,377.927185058594,67.7331695556641,98.5800476074219,25455,4734,5587.84912109375,1039.20166015625,24,678,148.833694458008,5.26844930648804,508,412,,,0.904417157173157,1.11515510082245,1.08140408992767,1.16251623630524,123,1,27.0008029937744,0.219518721103668,4.899658203125,20.4550945111415,788.009562157633,423.242881764087,,,,945.519128623914,507.84185875374,,,59577,375.386119715865
2018,BA,29003,Brumado,95.2540729706084,97.1471471471472,94.5447021824975,100,97.8006456820016,97.9822437449556,98.9305891848265,96.8119451170299,95.7627118644068,97.7804681194512,92.6755447941889,86.9249394673123,61.4457817077637,7.46210670471191,21.7839107513428,70.4236297607422,,,,,,621.229736328125,174.466735839844,120.500335693359,6.38635444641113,284.618621826172,54.8592987060547,77.6488723754883,314.578491210938,61.8464508056641,83.445930480957,21936,4658,5405.51220703125,1147.83349609375,0,579,142.678314208984,0,433,284,,,0.69983834028244,1.06700706481934,0.929565250873566,1.06361877918243,114,20,28.0921020507812,4.92843914031982,2.3360800743103,22.8536850463432,621.068989879643,266.944056253103,,,,745.210005470549,320.301584626301,,,53264,318.553147438411
2018,BA,29009,Ilhéus,74.6647990666159,78.2882135303256,65.5895730516543,36.8833017077799,51.5891840607211,52.3956356736243,58.7760910815939,51.7789373814042,54.7201138519924,50.1897533206831,32.3292220113852,43.6195445920304,36.7192878723145,6.0626859664917,49.1878280639648,44.3605575561523,,,,,,781.356079101562,233.84375,138.451400756836,10.7672739028931,465.513580322266,109.942260742188,102.232131958008,517.770202636719,123.928352355957,109.826103210449,19025,3478,6301.52587890625,1151.9951171875,16,637,210.989334106445,5.29957485198975,361,342,,,1.13278412818909,1.19571661949158,1.261878490448,1.14189279079437,231,44,76.5126113891602,14.5738315582275,9.28717422485352,17.5587001310064,567.900536134317,218.176996637072,,,,681.414091728191,261.786828044608,,,42555,337.521231105228
2018,BA,29008,Ibotirama,90.4914381866772,97.4849054736217,87.5220231614372,100,100,100,100,100,100,100,97.552195824334,99.1000719942405,57.8506851196289,1.13826584815979,36.8597259521484,61.7676582336426,,,,,,635.31689453125,179.034545898438,129.416397094727,11.1916265487671,363.086090087891,77.3203811645508,94.2864379882812,400.193939208984,86.4968185424805,102.314605712891,12301,3232,6292.296875,1653.25610351562,0,248,126.858764648438,0,160,80,,,0.409221827983856,0.818443655967712,0.587489068508148,0.894916951656342,29,0,14.8342905044556,0,0.706930696964264,18.5346871265401,475.431860190043,212.47712243888,,,,570.462516896478,254.947646968702,,,35950,558.324788052872
2018,BA,29018,Porto Seguro,95.7148294057746,92.9085363972063,94.9433752661517,100,80.0405953991881,83.6265223274696,87.9059539918809,83.085250338295,86.5020297699594,85.9438430311231,100,77.520297699594,61.34326171875,2.18811726570129,35.4809303283691,62.2853660583496,,,,,,590.898132324219,163.844741821289,121.826499938965,4.33810377120972,427.76123046875,89.7767562866211,104.78490447998,475.434661865234,100.521759033203,113.608695983887,20694,3689,5468.71484375,974.876281738281,15,481,127.11181640625,3.96398591995239,423,363,,,0.959284603595734,1.11784398555756,1.18371224403381,1.17195236682892,188,14,49.681957244873,3.69972014427185,9.14200878143311,18.7539620514637,569.860151667884,256.803701539822,,,,683.765400723303,308.134347307268,,,38587,257.499350107514
2018,BA,29021,Santa Maria da Vitória,94.4749547663647,100,90.9711430148736,100,94.2074648570044,83.8826951042172,97.3582161900145,92.6320891904993,94.3528841492971,92.3897237033446,98.2792050412021,88.6572952011634,62.9223556518555,1.85723876953125,25.889461517334,71.6938934326172,,,,,,533.76708984375,144.727890014648,87.3014526367188,13.9925374984741,293.004119873047,56.2084693908691,66.5239105224609,323.623596191406,63.0148849487305,70.4973983764648,19320,5401,6413.17138671875,1792.83337402344,0,473,157.009841918945,0,265,174,,,0.577583789825439,0.879653453826904,0.959320187568665,0.896997570991516,34,0,11.2861194610596,0,1.6195582151413,20.7542870115957,680.67274209967,280.901405162538,,,,816.727523237068,337.048767671408,,,46061,438.63402042206
2018,BA,29013,Itapetinga,82.603458325238,97.8014377307169,82.603458325238,59.8802395209581,73.0891158858753,75.6956674885523,85.8753082071152,78.7953504755196,77.1398379711166,72.7368791828109,49.7005988023952,70.5530116238112,45.9561347961426,17.4777240753174,36.7717628479004,45.4420852661133,,,,,,651.063781738281,181.682815551758,116.131332397461,20.7582340240479,364.158538818359,79.2743377685547,87.1240081787109,402.944885253906,88.209228515625,93.0367050170898,17547,6722,7100.19677734375,2719.98193359375,9,396,160.236953735352,3.64174890518188,212,146,,,0.59077262878418,0.857834219932556,0.729361414909363,0.87432324886322,41,0,16.5901908874512,0,2.52211356163025,17.2083437978357,493.506044025646,187.632375714008,,,,592.149419405676,225.136862427127,,,33549,348.894104432346
2018,BA,29005,Cruz das Almas,89.7989548423329,99.3140469044589,89.7989548423329,71.002538071066,88.8007614213198,84.2005076142132,92.3540609137056,85.0253807106599,85.6281725888325,74.5241116751269,67.7030456852792,79.6954314720812,66.0581665039062,1.82549500465393,31.6831684112549,66.3366317749023,,,,,,649.485900878906,220.787338256836,114.748825073242,7.87172031402588,390.800994873047,104.898551940918,93.2593612670898,437.174041748047,118.570960998535,100.949203491211,15487,2087,5865.06591796875,790.365661621094,9,375,142.015869140625,3.40838074684143,241,221,,,0.836946845054626,0.912688672542572,0.97574371099472,0.925659418106079,20,0,7.57417964935303,0,3.13608908653259,17.9514406374261,499.116724893059,180.169589376297,,,,598.881578937114,216.182393377515,,,42111,415.695693089164
2018,BA,29007,Guanambi,91.184087277536,99.4672306590319,86.399759257768,88.5740072202166,85.4512635379061,84.8375451263538,87.4368231046931,84.0072202166065,86.6245487364621,85.072202166065,86.5342960288809,77.1841155234657,69.2938690185547,1.94365191459656,21.5763187408447,76.4086990356445,,,,,,581.697082519531,139.651290893555,92.3677825927734,11.568998336792,290.57568359375,47.7235107421875,65.0336608886719,321.259826660156,53.6190795898438,69.4815902709961,26830,5739,5900.5419921875,1262.13977050781,20,860,189.134033203125,4.39846563339233,465,368,,,0.809317708015442,1.02264332771301,0.958260774612427,1.04782450199127,74,0,16.2743244171143,0,1.68417251110077,20.6906607747172,563.104091982182,240.082476656904,,,,675.65892083559,288.070836989536,,,64630,392.591473110042
2018,BA,29014,Jacobina,94.271301494678,97.6160303356272,93.0482491686682,96.7281380130874,92.9208804283165,92.5242910965695,97.2437041443585,93.0993456276026,92.9208804283165,92.7027562958556,88.4989093793377,83.1647828673409,63.8423271179199,3.64708042144775,25.0690727233887,71.1549072265625,,,,,,603.421875,179.775283813477,105.46475982666,11.5954294204712,341.787841796875,79.6723480224609,77.6945724487305,379.778594970703,89.5180892944336,83.0016632080078,27336,5326,6980.59228515625,1360.06127929688,0,651,166.241058349609,0,310,219,,,0.559244155883789,0.791624128818512,0.838355481624603,0.861976504325867,210,0,53.626148223877,0,2.42288041114807,18.8264134839114,534.190226559392,227.03079606462,,,,640.965670712013,272.410349790746,,,65332,438.105127851398
2018,BA,29027,Valença,84.1102624333027,99.584026881135,83.8072274162687,100,80.2964652223489,84.42417331813,90.3534777651083,81.1630558722919,81.5735461801596,74.5267958950969,97.3546180159635,72.9304446978335,57.5725250244141,2.47440266609192,45.2431755065918,51.8558006286621,,,,,,539.967956542969,151.654678344727,78.2422256469727,17.4120445251465,372.127868652344,88.6441650390625,68.5066299438477,415.630615234375,100.924964904785,72.7843856811523,19194,4977,6180.16943359375,1602.5166015625,0,347,111.728607177734,0,231,162,,,0.521614789962769,0.743784070014954,0.774614095687866,0.771957755088806,13,0,4.18579769134521,0,1.83466744422913,18.6492618269841,411.539144532769,204.479301650514,,,,493.798745624124,245.351199278398,,,43182,375.805263701586
2018,BA,29004,Camaçari,76.3422569799597,78.5100057923652,63.737878717765,64.8896247240618,72.4834437086093,71.3576158940397,76.1479028697572,70.9050772626932,72.7262693156733,70.1766004415011,57.7262693156733,65.5739514348786,53.3497085571289,7.77132654190063,36.0428771972656,53.6065216064453,,,,,,519.284362792969,117.989700317383,91.8958282470703,10.7053680419922,421.467712402344,83.733512878418,88.574821472168,470.504425048828,94.3339691162109,94.9741592407227,26538,3183,4301.11376953125,515.880798339844,8,541,87.6819076538086,1.29659008979797,528,791,,,1.28200352191925,0.855749487876892,1.34197080135345,0.856154680252075,179,0,29.0112037658691,0,17.0606956481934,20.3949084467876,695.271541231907,489.534233357322,,,,834.244371378698,587.383712055768,,,66948,256.549233858407
2018,BA,29016,Juazeiro,87.1422260839089,99.7780341418537,82.1644226697236,53.0802953391786,54.3954776188279,50.6575911398246,56.8527918781726,51.0729118597139,52.2381172127365,47.8657129672358,46.5966774342409,44.5777572681126,58.971923828125,1.54105973243713,40.1097755432129,58.2119483947754,,,,,,552.971923828125,131.309600830078,108.292694091797,13.4766292572021,350.632965087891,64.3474731445312,85.4587020874023,389.605438232422,73.5106887817383,91.4991226196289,29680,5030,5599.5244140625,948.976013183594,31,713,134.516876220703,5.84855985641479,452,608,,,1.14707243442535,0.852757811546326,0.971992969512939,0.871907114982605,160,8,30.1861171722412,1.5093058347702,7.19108772277832,22.3283764599887,574.313197002001,245.076972575534,,,,689.108533276807,294.063646792463,,,87146,471.15028865513
2018,BA,29020,Salvador,44.9059821221301,32.2528752762071,35.2153053825629,81.5426213177743,78.7059437408093,76.9294625492149,82.9657037142451,77.7667093591386,87.3535411033632,79.4910108628623,75.3522128931265,78.8933162563446,61.2196273803711,3.97570276260376,34.1376838684082,61.2100982666016,,,,,,569.857727050781,123.722610473633,101.060844421387,5.10331201553345,355.483428955078,61.8210754394531,78.2450103759766,398.087371826172,70.4795303344727,84.2621002197266,174061,24411,5149.517578125,722.188598632812,641,6660,197.033142089844,18.9637012481689,6496,9155,,,2.70846605300903,1.92181277275085,3.26098728179932,2.00214958190918,3464,673,102.480903625488,19.9104061126709,26.817985534668,19.0703346264841,559.312658254113,289.342577368073,,,,671.109644675815,347.177185106455,,,241004,163.980605130515
2018,CE,23019,19ª Região Brejo Santo,98.2251232033814,100,98.2251232033814,100,100,100,100,100,100,100,91.0335386721424,100,72.5569763183594,0.842959702014923,19.9188251495361,79.1757736206055,,,,,,603.799133300781,163.364562988281,115.561866760254,4.76556491851807,308.443664550781,54.6236228942871,78.3681488037109,344.404754638672,62.7743949890137,84.811408996582,16020,5013,7434.9443359375,2326.552734375,8,545,252.936614990234,3.71283102035522,185,166,,,0.770412445068359,0.858592212200165,0.931572556495667,0.907555162906647,39,2,18.1000518798828,0.928207755088806,2.5094096660614,24.2679826797448,678.712366673836,236.433641723632,,,,814.375302460285,283.692662672522,,,33702,415.982874443992
2018,CE,23003,3ª Região Maracanaú,99.5950251786271,78.9908866738959,97.7820154785425,100,99.5535714285714,100,100,100,100,99.300193050193,98.4917953667954,95.945945945946,70.413200378418,1.67449700832367,21.3106861114502,76.6293182373047,,,,,,586.091979980469,125.274383544922,109.014579772949,2.4590163230896,388.170166015625,63.0890350341797,90.7211151123047,433.320495605469,71.387092590332,98.4570846557617,29988,4482,5540.89697265625,828.141296386719,0,489,90.3527603149414,0,359,302,,,0.558006823062897,0.663326025009155,0.943160891532898,0.786475539207458,140,10,25.8678665161133,1.84770476818085,12.9350423812866,22.120604442991,688.533361253881,277.564958406988,,,,826.159345044894,333.045422559236,,,54343,231.970803245266
2018,CE,23012,12ª Região Acaraú,94.4941641904045,100,94.4941641904045,100,100,100,100,100,100,100,100,100,78.9174499511719,0.815620362758636,15.1013345718384,83.9841842651367,,,,,,569.732360839844,151.464370727539,110.551582336426,2.13903737068176,355.825805664062,70.0127868652344,84.7131805419922,397.976837158203,79.5750732421875,91.8606414794922,11805,2288,5138.037109375,995.834716796875,0,237,103.152458190918,0,174,111,,,0.483119130134583,0.757321894168854,0.639371156692505,0.796602487564087,20,0,8.70484924316406,0,1.23782956600189,23.743152355392,634.670405859004,255.757249445303,,,,761.530110710952,306.878727426403,,,34674,440.16520950576
2018,CE,23018,18ª Região Iguatú,97.9835476957728,100,97.047694212994,86.7211728221032,100,100,100,99.8590358049056,100,100,79.7857344234564,90.9219058359177,83.6396102905273,0.561510980129242,16.7687587738037,82.6697311401367,,,,,,689.094299316406,192.139358520508,132.23161315918,3.78378367424011,330.799530029297,60.2049140930176,87.4166412353516,368.810241699219,69.0484237670898,94.3092041015625,16484,3305,5116.6806640625,1025.88134765625,0,510,158.305450439453,0,281,197,,,0.611493587493896,0.872231960296631,0.875413596630096,0.938270211219788,59,6,18.3137683868408,1.86241710186005,2.91002655029297,24.4291292731758,487.219124945798,242.206979033762,,,,584.605853266922,290.619990873692,,,42744,366.314402293658
2018,CE,23014,14ª Região Tauá,100,100,100,100,100,100,100,100,97.8798586572438,100,100,89.6113074204947,75.117057800293,0.936454832553864,17.3913040161133,81.605354309082,,,,,,687.300109863281,190.67594909668,125.672782897949,3.90920543670654,311.878692626953,52.2592468261719,79.0812606811523,346.018127441406,58.8840217590332,84.9463119506836,12041,2068,10436.041015625,1792.35388183594,0,187,162.074554443359,0,100,59,,,0.511358201503754,0.866708874702454,0.772454261779785,0.992381632328033,2,0,1.73341774940491,0,1.54707527160645,19.4526228149677,662.20710742644,207.570635488982,,,,794.570925596407,249.060437614581,,,12746,271.467727295976
2018,CE,23011,11ª Região Sobral,97.7801599276267,99.3980252253145,97.7801599276267,100,100,100,100,100,100,100,95.6145693750761,100,80.0083465576172,0.719574511051178,16.6232147216797,82.4903564453125,,,,,,675.618286132812,171.798767089844,137.994689941406,3.47269821166992,373.196197509766,66.037353515625,99.0327682495117,416.492706298828,75.3556137084961,107.242042541504,33842,4940,5223.73193359375,762.52099609375,130,1319,203.59619140625,20.0663433074951,716,540,,,0.833525002002716,1.10519242286682,1.3519698381424,1.15821385383606,134,4,20.6837692260742,0.617425918579102,4.21732759475708,20.1613274835534,722.389955138473,250.45336243033,,,,866.783290089776,300.514684565063,,,83160,333.157982137344
2018,CE,23020,20ª Região Crato,98.8225416540004,93.3182785425804,98.8225416540004,100,100,100,100,100,100,100,100,100,74.8508605957031,0.428784489631653,23.974645614624,75.3169250488281,,,,,,628.661193847656,161.121398925781,119.690185546875,5.62929058074951,316.853302001953,51.9781036376953,84.2925033569336,351.439880371094,59.2608833312988,91.0332565307617,22525,4092,6480.82080078125,1177.33715820312,31,625,179.822998046875,8.91922092437744,273,215,,,0.618591129779816,0.785466849803925,0.769066989421844,0.805175423622131,225,14,64.7362823486328,4.02803516387939,5.90308570861816,19.841539633209,657.519618332103,203.141912363747,,,,788.946488004842,243.746488861442,,,49930,406.752802266489
2018,CE,23010,10ª Região Limoeiro do Norte,99.4632408717678,100,99.4632408717678,100,100,100,100,100,100,100,100,98.781388478582,79.7627639770508,1.00647020339966,17.1818828582764,81.5959777832031,,,,,,669.130859375,173.788772583008,135.855178833008,3.95517468452454,323.065216064453,54.3407554626465,86.3178405761719,360.889953613281,61.5827789306641,93.4972991943359,14561,2948,6422.68603515625,1300.328125,0,518,228.48371887207,0,213,141,,,0.621934413909912,0.939517974853516,0.890888035297394,0.935548186302185,52,0,22.9365882873535,0,4.04742574691772,25.9421252239453,691.460794048628,325.31697494089,,,,829.671921335993,390.342246394146,,,28544,302.809849954922
2018,CE,23006,6ª Região Itapipoca,94.6015068543993,94.4010877963688,94.6015068543993,100,99.6920369555653,100,100,94.4126704795425,100,94.1706995160581,100,96.7223933128025,10.9415264129639,2.20019817352295,30.7036666870117,66.9970245361328,,,,,,542.954833984375,150.336074829102,134.228637695312,2.34857845306396,324.4970703125,66.7164001464844,101.310997009277,361.87109375,75.8909378051758,109.712188720703,15427,1704,5176.86279296875,571.814025878906,0,240,80.5371856689453,0,226,123,,,0.412753075361252,0.758391797542572,0.675337851047516,0.795304656028748,14,0,4.69800233840942,0,1.84933507442474,20.2539112486131,508.795253476123,178.737239885417,,,,610.494679020777,214.463741843905,,,51684,502.477178703697
2018,CE,23002,2ª Região Caucaia,81.6174749035622,83.2413763036665,81.6174749035622,99.3101108346528,100,100,100,97.4440171906808,100,88.7242705270301,90.1266681746211,86.0325718163311,65.5607376098633,2.03519177436829,26.8602924346924,70.8395156860352,,,,,,590.910949707031,128.917175292969,109.295822143555,3.45773863792419,387.313385009766,64.042366027832,86.9891052246094,435.877258300781,74.0305557250977,94.9387283325195,28905,4645,4687.23388671875,753.233093261719,0,406,65.8369445800781,0,378,411,,,0.666477501392365,0.612964689731598,0.713138997554779,0.668828785419464,2,0,0.324319928884506,0,9.63749122619629,25.102567563201,571.966453881814,271.549307278572,,,,686.292716544802,325.827346172612,,,65663,265.678617270613
2018,CE,23001,1ª Região Fortaleza,53.9049706155285,49.1126414865788,47.8376409237948,100,100,100,100,100,100,100,91.0766797637581,87.8370029900907,62.2103004455566,4.6813645362854,28.9556751251221,65.821418762207,,,,,,605.621154785156,118.083541870117,117.339324951172,1.99543571472168,360.476501464844,53.8133811950684,88.8255615234375,405.287200927734,62.0493469238281,96.2834854125977,148093,30703,5248.30322265625,1088.09094238281,428,5612,198.885009765625,15.1679944992065,3569,6580,,,2.33190202713013,1.2648264169693,2.48681569099426,1.25442504882812,3142,446,111.350090026855,15.8059005737305,34.4712524414062,24.5036026343349,752.286271700683,373.210836504279,,,,902.6553664483,447.809267641778,,,228004,188.647228505831
2018,CE,23007,7ª Região Aracati,87.2327912447581,97.89301421704,87.2327912447581,100,94.6291560102302,92.9028132992327,98.6572890025575,92.0716112531969,100,81.1381074168798,100,86.381074168798,72.7639541625977,0.874243438243866,20.4438457489014,78.2784118652344,,,,,,560.060302734375,162.680160522461,104.216972351074,1.81543111801147,292.831695556641,60.3562889099121,75.635368347168,329.375335693359,70.4407196044922,83.8954696655273,5387,740,4564.36474609375,626.996459960938,0,141,119.468238830566,0,175,128,,,1.08453440666199,1.4827618598938,1.05530273914337,1.53825950622559,19,0,16.0985565185547,0,3.93736815452576,19.0918727971865,764.544293239235,263.842108690464,,,,917.363555790634,316.579611064923,,,13227,281.556040083325
2018,CE,23004,4ª Região Baturité,98.0098499467181,99.6687883413496,98.0098499467181,73.7439222042139,100,100,100,98.7034035656402,100,100,62.020529443544,93.679092382496,68.1433563232422,1.39372825622559,23.5938282012939,74.5644607543945,,,,,,672.991760253906,180.750442504883,136.455856323242,2.97239923477173,371.042816162109,70.868049621582,96.5365219116211,414.114776611328,80.8898315429688,105.244064331055,8827,1722,6306.26123046875,1230.24609375,0,199,142.171295166016,0,137,120,,,0.857314348220825,0.978767156600952,1.13254797458649,1.02234733104706,14,0,10.0020008087158,0,1.39170694351196,25.1528815910999,828.659361265517,310.824621194666,,,,994.294123848571,372.953120241514,,,23705,456.294802953903
2018,CE,23015,15ª Região Crateús,84.9773313333221,99.5277501558998,84.9773313333221,100,100,100,100,100,100,100,100,87.9358830146232,75.4945602416992,0.642927765846252,24.7527198791504,74.2334289550781,,,,,,768.32666015625,203.685028076172,166.287124633789,4.51977396011353,348.832122802734,62.9674835205078,97.5082015991211,389.181976318359,71.6329345703125,105.716117858887,19364,4660,6465.8310546875,1556.02001953125,2,404,134.899597167969,0.667819797992706,244,136,,,0.454117447137833,0.814740121364594,0.555792987346649,0.898217558860779,28,0,9.34947681427002,0,2.01414442062378,23.1689193507037,600.440951005343,237.10489872415,,,,720.458776198349,284.498092409281,,,45196,420.765329561647
2018,CE,23017,17ª Região Icó,98.7043821168565,98.7965512413664,98.7043821168565,100,100,100,100,100,100,100,100,100,78.71240234375,0.845864653587341,15.9774436950684,83.1296997070312,,,,,,732.494750976562,185.14875793457,166.633880615234,4.50236988067627,323.380401611328,53.7378578186035,87.0762710571289,363.828735351562,62.5039520263672,96.5555191040039,10341,3044,5983.19775390625,1761.2275390625,0,261,151.011947631836,0,114,84,,,0.486015468835831,0.65959244966507,0.697345435619354,0.654095828533173,10,0,5.78589868545532,0,1.67559623718262,24.3804490244063,625.017711638977,246.169234296248,,,,749.948008835433,295.374232856382,,,29992,528.123753323198
2018,CE,23008,8ª Região Quixadá,91.1084677719129,100,91.1084677719129,95.4712643678161,100,100,100,97.7241379310345,100,99.7701149425287,85.6091954022989,89.7471264367816,72.5352096557617,0.832266330718994,24.733247756958,74.3918075561523,,,,,,656.190612792969,158.433258056641,135.360458374023,5.5789966583252,344.174652099609,59.1768836975098,93.1779708862305,383.044494628906,66.7321395874023,100.74764251709,19900,3671,6121.984375,1129.3369140625,10,555,170.738754272461,3.07637405395508,347,146,,,0.449150621891022,1.06750178337097,0.790243625640869,1.13372075557709,27,20,8.30620956420898,6.15274810791016,2.09347248077393,24.9970503198332,598.975063409164,238.876499485788,,,,718.699882868674,286.623805711321,,,47309,388.881853711301
2018,CE,23021,21ª Região Juazeiro do Norte,100,99.9974056359022,98.8837158841121,96.4480048367594,92.049576783555,94.0145102781137,96.4480048367594,90.9461910519952,100,89.7370012091898,91.8833131801693,89.1475211608223,75.8076019287109,0.725772023200989,29.6712684631348,69.5318069458008,,,,,,648.454345703125,151.391937255859,137.799468994141,2.02385258674622,370.242309570312,60.9334716796875,106.648094177246,412.232940673828,69.7957382202148,115.083045959473,24913,4132,5838.4326171875,968.345947265625,101,1007,235.993316650391,23.6696376800537,453,777,,,1.8209216594696,1.06161844730377,1.60578572750092,0.949363350868225,191,14,44.7613945007324,3.28093981742859,10.8711595535278,21.8413389707535,747.665137123935,195.387610614251,,,,897.11054650183,234.442235480055,,,45159,262.791283313301
2018,CE,23016,16ª Região Camocim,95.0180463830441,94.2821123227359,95.0180463830441,100,100,100,100,100,100,100,100,92.4578527062999,67.0281143188477,1.04417669773102,28.4337348937988,70.4819259643555,,,,,,582.3759765625,218.311431884766,134.296539306641,4.0437159538269,342.157196044922,99.0981750488281,105.609886169434,377.701324462891,111.460586547852,112.902687072754,8243,2154,5246.4755859375,1370.97033691406,0,187,119.021102905273,0,128,87,,,0.553734540939331,0.814689874649048,0.692168176174164,0.827578544616699,1,0,0.636476457118988,0,1.24431145191193,21.3831207298444,556.334295615113,208.838847911227,,,,667.535958540024,250.58214390087,,,22504,412.72187637516
2018,CE,23022,22ª Região Cascavel,98.9974345849821,90.3580853483233,98.9974345849821,94.6636771300448,100,100,100,98.2062780269058,100,96.7937219730942,86.3004484304933,100,70.9369812011719,1.47180759906769,21.0199012756348,77.1558837890625,,,,,,639.790222167969,136.313735961914,120.761161804199,3.19351768493652,395.226684570312,58.9899673461914,96.0333099365234,441.734954833984,66.9821090698242,104.057823181152,15023,2500,4581.30029296875,762.381042480469,0,246,75.0182952880859,0,225,199,,,0.60685533285141,0.686142981052399,0.728150188922882,0.761923670768738,6,0,1.82971453666687,0,4.83593559265137,24.5169201937497,595.83328035971,265.276388527047,,,,714.930111391395,318.300578787162,,,43592,331.517433854146
2018,CE,23005,5ª Região Canindé,75.7249825188408,97.8711832802424,75.7249825188408,100,100,100,100,100,100,100,100,91.623246492986,55.7238464355469,1.51461780071259,29.129976272583,69.1792907714844,,,,,,641.888305664062,181.04541015625,107.94953918457,3.46907997131348,334.091156005859,67.6118774414062,74.1134490966797,372.463134765625,77.5939407348633,80.698371887207,10875,1508,5264.35546875,729.990600585938,0,259,125.376373291016,0,158,96,,,0.464715510606766,0.764844298362732,0.570970773696899,0.751048028469086,4,0,1.93631458282471,0,1.40140771865845,22.7313249038179,526.714173723875,201.597916877088,,,,631.995283419721,241.893875216567,,,34611,516.50332712262
2018,CE,23013,13ª Região Tianguá,98.7068309752016,98.6513641665399,97.3756275673209,100,100,100,100,98.9779874213836,100,98.0345911949686,95.4205974842767,96.128144654088,76.031364440918,1.19469857215881,17.06178855896,81.6501770019531,,,,,,631.085021972656,199.174438476562,132.678405761719,1.64015901088715,367.188232421875,79.002571105957,103.598213195801,407.570678710938,89.5703659057617,110.540077209473,19719,3633,6185.072265625,1139.52880859375,0,404,126.718856811523,0,265,158,,,0.495583653450012,0.831200420856476,0.722281813621521,0.894795119762421,29,0,9.09615612030029,0,1.70568609237671,25.9053058807999,569.79595415589,243.696440045134,,,,683.688371232146,292.407169539057,,,48324,429.742186026562
2018,CE,23009,9ª Região Russas,97.9774479161432,100,97.9774479161432,100,100,100,100,100,100,100,100,97.5350616234594,76.3008117675781,0.853658556938171,17.8861789703369,80.9349594116211,,,,,,688.321472167969,167.469955444336,125.104042053223,3.11368584632874,336.824829101562,56.5220565795898,75.9425506591797,375.438232421875,63.5109519958496,82.5687942504883,13582,3383,6769.57421875,1686.16333007812,0,374,186.410018920898,0,162,80,,,0.398737996816635,0.807444453239441,0.813051700592041,0.867504358291626,91,0,45.3564453125,0,2.76674318313599,21.0552389736024,590.522768660241,208.587609117313,,,,708.558119684999,250.280686790568,,,28596,360.91661372923
2018,DF,53001,Distrito Federal,61.2674554951498,19.8449124247724,54.8241717893141,89.4961571306576,88.3005977796755,88.6929628176426,91.4464421723175,86.0341126780068,86.3226163823943,86.2556835229764,100,85.212454127911,68.1751327514648,1.24222195148468,23.2243461608887,74.533317565918,,,,,,408.679443359375,89.7232437133789,87.7734680175781,1.91659128665924,261.5537109375,46.6904258728027,69.4570999145508,293.217987060547,53.676815032959,75.5301284790039,161945,26910,5444.07275390625,904.628112792969,273,4510,151.611770629883,9.17738723754883,5285,9879,,,3.32100391387939,1.77664792537689,3.91339898109436,1.69197559356689,3011,787,101.220191955566,26.4564228057861,30.1434803009033,,,,,,,,,,,72535,61.8408368741422
2018,ES,32002,Metropolitana,58.9467701368563,37.6224680683476,40.4800712476393,100,91.0187418816107,84.8518587245624,94.2660976062349,87.3074781963258,91.9187233252923,85.3714356405023,91.7362528607658,86.05801942228,69.0149993896484,2.18029999732971,29.5778560638428,68.0129852294922,,,,,,568.31982421875,135.174774169922,124.405853271484,0.507412970066071,322.096160888672,61.6664962768555,86.5559005737305,360.052490234375,70.3174514770508,93.855339050293,123726,19815,5574.8779296875,892.829406738281,302,3124,140.761993408203,13.607593536377,2875,5870,,,2.64491963386536,1.2954249382019,2.39645719528198,1.36120998859406,1738,373,78.3112487792969,16.8067302703857,35.1284561157227,19.203242538566,473.576819218066,308.934568271529,,,,568.236685120298,370.685278226952,,,87814,100.892428570736
2018,ES,32003,Norte,86.951690687617,90.2277149206525,80.7551154019936,,,,,,,,,,77.2815246582031,0.67720091342926,22.5733642578125,76.6526947021484,,,,,,589.864013671875,161.53271484375,121.677032470703,0.675675690174103,339.941192626953,71.1867141723633,87.4991683959961,378.403686523438,81.1469116210938,94.1652374267578,29406,7511,6894.09423828125,1760.91748046875,10,492,115.347015380859,2.34445142745972,335,483,,,1.13237011432648,0.785391271114349,1.06168484687805,0.81920999288559,198,48,46.4201393127441,11.2533674240112,13.0907135009766,21.2812350657146,524.778912809944,312.421713578983,,,,629.67319711408,374.869443941212,,,30372,168.725092715179
2018,ES,32001,Central,80.4585209257362,95.9695879908436,76.1318623859626,,,,,,,,,,80.6277542114258,0.330396473407745,21.5198230743408,77.8414077758789,,,,,,574.717895507812,145.517593383789,124.83878326416,1.09275054931641,319.930236816406,60.2959480285645,89.265007019043,356.530364990234,68.4966125488281,96.5992050170898,37544,6663,5750.85546875,1020.61450195312,83,913,139.850067138672,12.7136430740356,630,1154,,,1.76765584945679,0.965011417865753,1.68953597545624,1.02540123462677,400,64,61.2705688476562,9.80329036712646,23.811580657959,23.6797747181939,751.963537964852,399.192250926435,,,,902.26812378611,478.98392021527,,,28571,90.3010742348298
2018,ES,32004,Sul,86.2013010533026,88.9845119601281,80.9191405514264,100,100,100,100,100,100,100,93.5503028863285,95.8071029813517,71.5807952880859,0.494342535734177,36.4275512695312,63.0121955871582,,,,,,683.729736328125,181.991455078125,156.162322998047,0.911854088306427,341.857208251953,71.361213684082,99.4664306640625,380.614532470703,80.1396484375,107.833442687988,51751,10710,7682.087890625,1589.82751464844,86,1131,167.889343261719,12.7661218643188,779,1093,,,1.62248504161835,1.15637314319611,1.55049002170563,1.19133150577545,435,60,64.5728225708008,8.90659618377686,16.1826915740967,21.2180174120488,774.796305327364,365.998348227351,,,,929.664768874481,439.155126932954,,,33500,106.936940373599
2018,GO,52001,Central,69.2187320826238,46.4052740100954,55.4500736708417,97.1998207885305,87.7389486260454,83.0159796893668,91.2447729988053,83.3744026284349,86.2081839904421,82.7732974910394,91.8533452807646,80.3950119474313,74.2560958862305,1.6151328086853,24.0487442016602,73.3794097900391,,,,,,599.550964355469,133.604827880859,122.413627624512,0.521939158439636,354.303192138672,58.8948669433594,91.4628677368164,396.778869628906,67.717529296875,98.9438629150391,98941,14183,5247.71533203125,752.249755859375,507,4057,215.17854309082,26.8906879425049,2454,5781,,,3.06617498397827,1.30157291889191,3.29739785194397,1.33875322341919,3257,460,172.747482299805,24.3978633880615,29.3947582244873,18.0768497595871,762.881849879163,326.394850970703,,,,915.368818578438,391.635571314826,,,49831,51.1182772144381
2018,GO,52011,Pirineus,72.3650324680454,72.3691798461125,66.9685036259934,97.6328315965522,87.3021999228097,87.3150649684806,91.0201981217033,85.0894120674128,88.8460054033192,82.4520777048758,91.946481410009,85.5396886658948,72.3974380493164,0.705128192901611,37.1666679382324,62.0512809753418,,,,,,655.707153320312,172.95295715332,131.995513916016,0.62166965007782,395.786987304688,85.4958343505859,101.550689697266,442.565277099609,97.9218368530273,110.082580566406,29942,4073,5812.0732421875,790.614318847656,81,747,145.000961303711,15.7229957580566,511,943,,,1.83046722412109,0.99190753698349,1.58889603614807,0.951969146728516,426,29,82.6913146972656,5.62922048568726,15.3949480056763,18.6559974259463,705.726976561389,302.882434175185,,,,846.789668513225,363.423426554212,,,20718,80.9867526053513
2018,GO,52015,Sudoeste I,67.7680961510635,60.0358576906381,59.1880245261178,98.6019604692271,91.981359472923,92.25453961112,94.5524666559537,88.6067812951952,90.9689860196047,87.6426161015587,98.2162943917725,83.0949702715732,76.9933395385742,0.510914981365204,30.5000782012939,68.9890060424805,,,,,,528.195922851562,141.056045532227,113.325210571289,0.24803638458252,340.308746337891,75.1570510864258,91.3049087524414,378.366638183594,85.3232879638672,98.2204513549805,23329,4849,5093.95751953125,1058.79370117188,38,714,155.904052734375,8.29741382598877,369,453,,,0.989139139652252,0.805722594261169,1.53087294101715,0.966648757457733,347,41,75.7684936523438,8.95247364044189,21.5488224029541,22.4361311502166,882.759281670525,520.593819024924,,,,1059.20768842501,624.651575018548,,,15833,77.1934538206249
2018,GO,52010,Oeste II,97.2548371093104,99.7702209882238,97.2548371093104,100,100,100,100,100,96.6101694915254,91.8201915991157,96.5364775239499,92.1886514369934,83.9547271728516,0.865512669086456,19.8402137756348,79.2276992797852,,,,,,667.888366699219,198.890029907227,145.910598754883,0.260078012943268,319.820465087891,69.0623245239258,93.9670028686523,357.00537109375,78.986930847168,102.313781738281,7230,1716,6279.36669921875,1490.37255859375,0,186,161.543869018555,0,100,92,,,0.799034237861633,0.868515431880951,1.108442902565,0.930614292621613,96,9,83.3774795532227,7.8166389465332,7.94083690643311,19.0505042568133,879.513337714221,452.600573577154,,,,1055.31293606601,543.067648534129,,,5398,98.8570920788693
2018,GO,52003,Entorno Norte,83.2796422825705,86.3853641410654,83.2796422825705,96.0285132382892,89.5366598778004,91.1405295315682,93.1517311608961,87.5,93.2026476578411,83.4775967413442,64.7403258655804,85.4124236252546,67.8146667480469,0.842418253421783,31.4172439575195,67.2200164794922,,,,,,519.329772949219,123.237182617188,101.755470275879,5.37010145187378,404.429748535156,83.0050506591797,93.1354293823242,451.690948486328,95.3564987182617,100.876609802246,13597,2560,5124.330078125,964.792602539062,0,229,86.3037109375,0,195,246,,,0.927105367183685,0.734900593757629,0.847020089626312,0.741684317588806,100,12,37.6872100830078,4.52246522903442,5.46766042709351,22.0452242782379,515.028250687696,251.512692255757,,,,617.973545236644,301.78575621389,,,18562,173.153980485158
2018,GO,52017,Sul,85.9813607231816,86.6994246692548,80.9317239531899,100,98.5335413416537,97.1294851794072,99.2823712948518,98.3151326053042,96.6302652106084,96.2246489859594,95.5694227769111,90.1716068642746,72.3232955932617,1.43155384063721,32.0011940002441,66.477783203125,,,,,,724.845153808594,200.396026611328,147.116119384766,1.15194737911224,388.783538818359,84.0671005249023,98.4600219726562,432.595245361328,95.49951171875,106.209434509277,15642,3656,6219.43359375,1453.66638183594,10,420,166.996688842773,3.97611141204834,181,346,,,1.37573456764221,0.719676196575165,1.70306801795959,0.785580217838287,237,0,94.2338409423828,0,19.9751892089844,20.3126889804058,672.716290496048,435.021345570273,,,,807.180713720446,521.974635016074,,,9538,80.0406117162719
2018,GO,52004,Entorno Sul,59.606626994105,55.4897838497285,52.6115441566787,84.5461124065289,85.2295569671142,89.7563721154619,89.3543459033529,84.9722601913645,86.5642839913162,81.7640910187344,20.6882688751307,80.5982150036182,57.6288414001465,2.22100567817688,40.4082260131836,56.4948768615723,,,,,,396.770202636719,101.940116882324,82.2025375366211,2.65686821937561,361.017425537109,89.0337982177734,86.7782211303711,402.345275878906,100.295745849609,93.8069915771484,41427,5014,4645.84521484375,562.296752929688,0,201,22.5412139892578,0,476,624,,,0.699786901473999,0.533811807632446,0.565885365009308,0.497168332338333,218,5,24.4476833343506,0.560726702213287,7.36088371276855,18.3028609935321,355.446434533289,159.96967792818,,,,426.494067067123,191.944866844958,,,62038,161.462023925585
2018,GO,52014,Serra da Mesa,94.8257335077556,94.2471812122345,94.8257335077556,98.5420808482439,95.4937044400265,93.1742876076872,98.674618952949,92.2465208747515,98.1444665341286,91.5175612988734,88.0053015241882,85.2882703777336,82.5520858764648,0.390625,19.7916660308838,79.7526016235352,,,,,,607.812744140625,167.538131713867,120.004051208496,3.58974361419678,340.35595703125,68.3554153442383,83.0011138916016,376.414642333984,76.4377517700195,89.3374481201172,6858,1596,5344.07666015625,1243.67834472656,0,177,137.926742553711,0,100,87,,,0.677944958209991,0.779247105121613,0.86866569519043,0.787818789482117,120,0,93.509651184082,0,7.74805402755737,16.9295158775777,677.397515339812,346.218769388899,,,,812.797634945424,415.421950273684,,,7146,120.52283292863
2018,GO,52007,Nordeste II,95.2921873027893,97.8407557354926,92.3795376654142,100,99.6102883865939,97.9734996102884,100,98.2852689010133,89.5557287607171,95.8690568978956,93.9204988308652,92.3616523772408,71.2260818481445,0.992204129695892,30.7583274841309,68.2494659423828,,,,,,526.90283203125,145.186721801758,102.880661010742,5.47445249557495,364.383361816406,91.74462890625,83.6250534057617,408.231262207031,104.129981994629,91.05712890625,5928,1738,5699.78076171875,1671.08959960938,0,171,164.416748046875,0,85,53,,,0.509595811367035,0.817276239395142,0.739394664764404,0.902369141578674,2,0,1.92300295829773,0,2.91527247428894,20.8386687784604,694.824993155273,354.453352848086,,,,833.708566017211,425.30248542302,,,11355,287.802466959219
2018,GO,52012,Rio Vermelho,96.3182655955805,98.0172983392203,94.8666358654883,100,96.8178202068417,97.3747016706444,100,94.5902943516309,98.170246618934,85.2028639618138,93.9140811455847,91.7263325377884,76.1095733642578,1.59500694274902,23.2662963867188,74.9653244018555,,,,,,694.9892578125,187.073806762695,128.738967895508,1.59189581871033,375.792602539062,73.6527786254883,86.2151336669922,421.208129882812,84.6642837524414,94.2209243774414,14710,4201,7397.46142578125,2112.62646484375,10,485,243.899978637695,5.02886581420898,156,143,,,0.719127774238586,0.784503042697906,1.01092767715454,0.82133948802948,150,0,75.4329833984375,0,4.54911184310913,21.009729712496,770.637078508229,417.070016394176,,,,924.67418410669,500.435143701082,,,14802,163.418629951323
2018,GO,52009,Oeste I,95.971890540876,99.788579890267,95.971890540876,100,91.8057663125948,93.7025796661608,94.2336874051593,90.2124430955994,95.8270106221548,91.8816388467375,94.2336874051593,87.1016691957511,82.9926986694336,0.583941578865051,22.2627735137939,76.9343032836914,,,,,,767.808166503906,237.529693603516,172.669189453125,3.88127851486206,348.565185546875,79.1247100830078,98.1773529052734,388.575561523438,89.4161834716797,105.722846984863,6720,1777,5890.03515625,1557.52868652344,0,276,241.912155151367,0,112,96,,,0.841433584690094,0.981672525405884,1.10613453388214,1.02199125289917,97,0,85.0198516845703,0,4.18963813781738,20.9843864489491,824.56299377723,454.189942993606,,,,989.378962911383,544.974705577435,,,8396,176.442919342948
2018,GO,52005,Estrada de Ferro,65.4849110265703,58.863834142991,62.4841208184822,100,95.061099796334,95.213849287169,96.2830957230143,88.8747454175153,91.3187372708758,85.1069246435845,97.1995926680244,86.5835030549898,81.3914337158203,0.649975955486298,18.9215221405029,80.3562850952148,,,,,,604.973815917969,141.77555847168,116.204170227051,2.88924551010132,347.161041259766,63.8176460266113,85.4512557983398,386.228973388672,72.8942947387695,92.2105178833008,14434,2572,4672.11962890625,832.526794433594,15,614,198.744735717773,4.85532760620117,283,418,,,1.35301792621613,0.916038453578949,1.50466597080231,0.951239585876465,259,39,83.835319519043,12.623851776123,17.9760398864746,19.7243612210094,746.402850417277,455.000494863647,,,,895.595950379817,545.947272833811,,,10195,67.9273747199111
2018,GO,52002,Centro Sul,63.9522383518338,54.7346071711828,60.9889489103843,78.4018926963291,80.2869571853774,79.8290467831794,83.6678623216057,77.7684499732886,78.9895443791498,77.9287186140578,70.8005800198428,71.2432267419675,71.032096862793,1.36189639568329,28.4893989562988,69.8321533203125,,,,,,521.609619140625,123.144332885742,113.75471496582,0.558659195899963,378.484619140625,74.7744140625,97.429817199707,423.090087890625,84.884635925293,105.381271362305,48290,7964,5211.779296875,859.528015136719,69,995,107.38703918457,7.44694042205811,745,1175,,,1.26813840866089,0.804053723812103,1.18004333972931,0.812471985816956,260,50,28.0609359741211,5.39633369445801,14.0427713394165,21.745466461272,700.807276861173,322.175297464368,,,,840.886605407108,386.572601592014,,,29904,67.0192543057066
2018,GO,52016,Sudoeste II,85.4617904027558,53.2863912612781,76.9479621250658,100,90.1600474214582,89.2412566686426,93.9537640782454,87.5815056312982,93.2424422050978,87.4036751630113,95.2282157676349,80.823947836396,80.929443359375,0.680079340934753,16.0952110290527,83.1680374145508,,,,,,553.297973632812,155.65592956543,123.391120910645,1.65484631061554,328.628662109375,65.8354949951172,92.2525329589844,365.863800048828,75.0835342407227,99.6711730957031,12409,2199,5410.4609375,958.788208007812,6,401,174.840423583984,2.61606621742249,230,292,,,1.2731522321701,1.00282537937164,1.39207422733307,1.056236743927,167,24,72.8138427734375,10.4642648696899,18.5008201599121,21.755335710083,906.240639474177,522.731867732234,,,,1087.38256603515,627.216982911766,,,8199,78.0537967247834
2018,GO,52018,São Patrício II,92.1367647980491,84.7492778312718,89.5455037518588,100,93.736311870346,95.4007884362681,97.1966710468682,88.3486640385458,92.5098554533509,83.7056504599212,80.5957074025405,88.4800700832238,69.4829788208008,1.09289622306824,35.7713317871094,62.6733932495117,,,,,,551.454223632812,143.978469848633,109.512588500977,3.52822589874268,356.421356201172,77.0804595947266,86.6235733032227,397.352172851562,88.5470809936523,92.8466186523438,9798,2618,5446.72216796875,1455.34997558594,0,298,165.658630371094,0,161,174,,,0.967268526554108,0.895001351833344,1.27273643016815,0.964627981185913,103,10,57.2578506469727,5.55901432037354,5.78359889984131,18.1643565679796,592.90499165304,283.078150165515,,,,711.416508106292,339.660606584651,,,9300,118.325555485204
2018,GO,52008,Norte,82.7089809770984,92.7059863673958,82.7089809770984,93.3558558558559,85.5292792792793,86.1486486486486,89.1328828828829,83.0518018018018,81.1936936936937,82.8265765765766,88.6261261261261,74.2117117117117,73.8822250366211,0.381679385900497,28.6804790496826,70.8833160400391,,,,,,594.898803710938,176.130966186523,137.396774291992,3.56265354156494,314.713714599609,71.3630752563477,89.2829284667969,351.302795410156,80.9358139038086,97.7743530273438,8161,1849,5964.33544921875,1351.31188964844,0,286,209.018493652344,0,114,96,,,0.701600551605225,0.833150625228882,1.05020833015442,1.00526201725006,143,0,104.509246826172,0,4.26222324371338,20.7600582239546,784.847643456065,425.959717651085,,,,941.725196723772,511.101743435159,,,10876,187.016876049307
2018,GO,52006,Nordeste I,100,100,100,84.5577211394303,86.9565217391304,82.9085457271364,89.8050974512744,86.2068965517241,82.0089955022489,84.5577211394303,74.2128935532234,77.9610194902549,62.0289840698242,1.594202876091,40.4347839355469,57.5362319946289,,,,,,545.714416503906,153.752868652344,116.938804626465,7.53968238830566,344.062255859375,78.92919921875,94.8517074584961,380.937530517578,88.5920715332031,102.77116394043,1994,377,4318.07373046875,816.406066894531,0,90,194.898010253906,0,42,31,,,0.671315371990204,0.909524023532867,1.10171508789062,0.937675952911377,14,0,30.3174667358398,0,4.10585117340088,21.4064987708675,807.563751965028,371.697366324267,,,,968.981864859005,445.993280787653,,,5322,279.346843254357
2018,GO,52013,São Patrício I,98.0179088879388,100,97.0553655408294,94.9373191899711,91.75506268081,91.2246865959499,92.9122468659595,86.7888138862102,89.2478302796528,87.2709739633558,91.2246865959499,86.1137897782064,78.675048828125,0.628626704216003,22.1953582763672,77.1276626586914,,,,,,711.848876953125,202.524322509766,159.126251220703,0.677392065525055,368.917297363281,79.5462036132812,106.967590332031,410.609375,89.5168380737305,114.248695373535,11375,2699,6856.2919921875,1626.82482910156,4,500,301.37548828125,2.41100382804871,237,213,,,1.28385949134827,1.42851972579956,1.65771579742432,1.49361681938171,247,15,148.879486083984,9.04126453399658,7.00095224380493,20.2376552615106,890.466591017054,423.092945228255,,,,1068.45555642982,507.661952481638,,,11472,156.862637102927
2018,MA,21001,Açailândia,85.8065192895308,100,84.7913698764563,100,86.6271947733769,82.3397305022458,93.8546345447121,86.218864842793,91.0167415271539,86.6271947733769,94.9979583503471,81.0739077174357,51.9903984069824,1.68033611774445,52.7105407714844,45.4890975952148,,,,,,429.847991943359,121.360870361328,98.30908203125,6.62460565567017,360.138488769531,92.5272979736328,96.3103561401367,398.564819335938,103.313972473145,104.003074645996,20201,5004,6848.0751953125,1696.34020996094,0,399,135.259735107422,0,183,129,,,0.437305927276611,0.620364189147949,0.482985764741898,0.687316119670868,90,0,30.5097160339355,0,4.58561038970947,20.8350411494076,562.450039658504,195.031384122386,,,,674.874134694842,234.014805435605,,,31778,285.322071767329
2018,MA,21005,Caxias,99.8490790845455,100,99.8490790845455,100,88.5762284754305,79.8614027719446,95.6530869382612,85.3842923141537,90.0671986560269,83.8933221335573,98.1730365392692,77.4254514909702,60.6048851013184,1.31834042072296,39.8216361999512,58.8600234985352,,,,,,511.276306152344,167.798461914062,102.452285766602,4.81695556640625,350.306457519531,92.0640335083008,88.2033996582031,390.899505615234,104.018745422363,96.5188217163086,18861,4065,6193.43798828125,1334.83508300781,21,561,184.217086791992,6.89582681655884,327,257,,,0.843917906284332,1.07377874851227,0.743107438087463,1.07722663879395,53,16,17.4037532806396,5.25396347045898,4.778151512146,16.5176792381133,639.555083420212,136.330614076023,,,,767.391151354464,163.580760458004,,,41775,391.721170683926
2018,MA,21006,Chapadinha,99.5735085444715,100,99.5735085444715,100,84.590804189597,76.4778981004793,91.1947452511983,78.0578732469377,83.5789099946742,79.5490857447186,97.0708325936446,66.3589561512515,46.2553672790527,2.21020841598511,52.3453636169434,45.3172187805176,,,,,,439.168853759766,153.40283203125,99.0726623535156,7.58035182952881,310.887786865234,93.9420700073242,84.9430389404297,345.976531982422,106.105712890625,91.9901504516602,18369,5501,4892.11181640625,1465.05029296875,0,536,142.749847412109,0,222,146,,,0.388833552598953,0.591240048408508,0.519798576831818,0.623798191547394,48,10,12.7835683822632,2.66324353218079,0.965692102909088,18.3035927455905,534.809191849274,134.431677825905,,,,641.708356524017,161.302259492092,,,69403,698.923067863217
2018,MA,21016,São Luís,53.0913041610485,52.0429699246557,45.9511294710104,99.7815985130111,67.0074349442379,62.8949814126394,75.1254646840149,65.6040892193309,72.2583643122677,66.6728624535316,86.6728624535316,58.6524163568773,57.1756019592285,1.02027058601379,50.8876800537109,47.5841598510742,,,,,,505.322265625,132.545822143555,122.573715209961,1.27449631690979,359.749053955078,80.0579833984375,108.992462158203,401.478942871094,91.3847885131836,118.019477844238,76754,6785,5315.26708984375,469.865905761719,252,2923,202.41975402832,17.4511737823486,2457,2350,,,1.62739109992981,1.70148932933807,1.74464988708496,1.714595079422,859,191,59.4863395690918,13.2268810272217,22.6208744049072,25.3373740799902,712.968575969934,383.109059942823,,,,855.478739168489,459.685975806221,,,130565,213.313803754612
2018,MA,21002,Bacabal,99.0571339133845,100,99.0571339133845,100,80.9735671290238,78.4087935095525,85.2394661083486,75.6346506150223,74.6924888772573,77.1264066998168,91.4158597225857,61.8947919392829,48.4303855895996,4.16966199874878,54.2056083679199,41.4569854736328,,,,,,493.298065185547,150.66796875,128.346786499023,7.31523370742798,350.474456787109,91.9347076416016,109.375427246094,389.841430664062,103.006973266602,118.731071472168,18281,5390,6800.8916015625,2005.18591308594,0,409,152.156036376953,0,225,145,,,0.539428532123566,0.837044239044189,0.803283452987671,0.965111970901489,54,10,20.0890617370605,3.72019648551941,1.79499483108521,19.8734519051322,521.184676502646,163.708998487643,,,,625.360534749882,196.431613309491,,,44165,506.829690572667
2018,MA,21007,Codó,86.4313115501869,100,86.4313115501869,100,82.7290836653386,80.199203187251,85.7569721115538,76.5139442231076,78.3266932270916,77.4701195219124,100,63.406374501992,49.8147048950195,2.36005473136902,52.6818809509277,44.9190559387207,,,,,,541.203125,170.889175415039,128.734344482422,4.61354112625122,379.061737060547,99.871955871582,110.893341064453,423.253509521484,113.480316162109,120.055374145508,19934,3506,6463.9560546875,1136.88317871094,20,423,137.165313720703,6.48535776138306,320,209,,,0.67771989107132,1.03765726089478,0.773216784000397,1.13007354736328,22,10,7.13389348983765,3.24267888069153,1.15082669258118,16.9142734372492,504.717792380821,109.373333694307,,,,605.602203539551,131.235183093688,,,45668,445.427072106326
2018,MA,21014,Santa Inês,97.0934209781865,100,93.9782739518879,100,93.4538653366584,87.6246882793018,100,90.9445137157107,95.5423940149626,90.6172069825436,100,80.8447630922693,49.2802467346191,2.26646256446838,55.6049003601074,42.0826950073242,,,,,,513.332397460938,164.490432739258,130.370132446289,7.7380952835083,375.583648681641,102.174362182617,111.936553955078,419.464813232422,115.576683044434,122.49340057373,29836,9041,7597.11572265625,2302.10229492188,0,698,177.731155395508,0,324,160,,,0.407406657934189,0.824998497962952,0.572788298130035,0.905397653579712,128,10,32.5925331115723,2.54629158973694,0.97090095281601,20.2166177367918,594.430412918358,160.37472526116,,,,713.246834862249,192.430876177487,,,56953,466.043340398494
2018,MA,21003,Balsas,99.9491908418721,100,97.2750246246139,100,87.6030992251937,84.1789552611847,91.7520619845039,84.7788052986753,90.4273931517121,85.5036240939765,77.405648587853,80.6548362909273,60.0532302856445,1.11299300193787,37.1400909423828,61.6501312255859,,,,,,512.517333984375,168.91291809082,116.905517578125,6.50477027893066,379.276428222656,99.8994445800781,109.933433532715,418.375701904297,110.551651000977,118.568603515625,18906,5359,8403.8623046875,2382.11645507812,0,381,169.357421875,0,217,143,,,0.635645985603333,0.964581608772278,0.786667466163635,1.01758921146393,62,14,27.5594749450684,6.22310733795166,3.45115756988525,22.787486463057,654.660333201111,334.151706430033,,,,785.5156809241,400.942888848748,,,27699,368.277603159363
2018,MA,21019,Zé Doca,99.6874748774017,100,99.6874748774017,100,89.2449517120281,86.4354697102722,95.1053555750658,86.8305531167691,83.4942932396839,86.9841966637401,89.2669007901668,70.6760316066725,34.2762069702148,3.88935112953186,51.9550743103027,44.0099830627441,,,,,,372.225860595703,103.34033203125,106.015815734863,4.94159936904907,303.395904541016,76.4177551269531,94.12060546875,337.825439453125,85.4309310913086,103.137252807617,19497,5926,6520.47412109375,1981.86022949219,0,535,178.922592163086,0,171,82,,,0.274236500263214,0.571883380413055,0.521969020366669,0.633001327514648,4,0,1.33773899078369,0,0.744451701641083,20.123322208549,571.842416124019,181.985805062036,,,,686.143885771295,218.361639360103,,,48003,533.259101710005
2018,MA,21008,Imperatriz,86.9467712842039,84.9975165161016,81.2552984101969,100,84.1324921135647,76.5720294426919,89.4426919032597,84.2271293375394,84.9211356466877,83.8380651945321,100,75.8044164037855,64.3025054931641,1.19514107704163,42.0160675048828,56.7594032287598,,,,,,578.675048828125,167.00016784668,139.444213867188,4.88974094390869,405.694213867188,101.055717468262,124.035247802734,451.607971191406,114.336387634277,134.16911315918,39479,8668,7301.2177734375,1603.0537109375,105,1260,233.023498535156,19.4186248779297,642,554,,,1.02456367015839,1.18731021881104,1.15374374389648,1.21088993549347,317,65,58.6257514953613,12.021053314209,8.48168563842773,21.7637575150708,802.55932888049,274.078841781536,,,,962.977143620342,328.862491142829,,,51390,275.911889408375
2018,MA,21009,Itapecuru Mirim,94.2835914281245,99.3271286302727,94.2835914281245,100,100,83.9145299145299,100,100,99.6923076923077,98.1880341880342,100,77.9145299145299,54.8253326416016,1.06875097751617,37.9645881652832,60.7433395385742,,,,,,415.108489990234,143.086639404297,100.10823059082,4.54545450210571,315.850463867188,90.4371109008789,93.0693893432617,350.397827148438,102.80379486084,99.3153305053711,20263,5221,5310.19140625,1368.23315429688,0,505,132.342041015625,0,240,132,,,0.345923721790314,0.628952264785767,0.530088841915131,0.68464070558548,21,0,5.50333213806152,0,0.821044743061066,23.7198983048865,464.759321992805,189.315344986704,,,,557.656721762689,227.156228329063,,,62184,570.216846248777
2018,MA,21011,Pinheiro,90.011564993224,100,90.011564993224,100,85.9016393442623,75.9102674719586,91.9068162208801,78.2053494391717,86.4365832614323,77.6358930112166,100,65.9188955996549,36.6272811889648,4.41921138763428,66.3648910522461,27.742826461792,,,,,,453.694122314453,145.081024169922,98.8269653320312,7.74373245239258,317.87451171875,84.6910629272461,84.0145797729492,352.105682373047,95.7667007446289,89.7201614379883,28585,10295,7224.984375,2602.1064453125,0,667,168.587173461914,0,298,162,,,0.409462124109268,0.753208100795746,0.558839976787567,0.810204207897186,32,10,8.0881404876709,2.52754402160645,0.631886005401611,21.9098278679199,558.082091582519,175.389995185498,,,,669.633108878643,210.44744046389,,,78684,614.218852797929
2018,MA,21004,Barra do Corda,90.0885935769657,100,90.0885935769657,100,72.0935618341825,75.9610930986568,76.8642890226957,69.26817971283,75.7526632700324,68.5965724872626,94.6039833256137,65.0069476609541,51.7898750305176,5.97331094741821,50.0105895996094,43.9525527954102,,,,,,513.596740722656,148.343643188477,124.625907897949,7.05289649963379,396.207061767578,96.1993713378906,113.750228881836,435.482513427734,107.019676208496,120.828804016113,17691,5010,7628.91650390625,2160.46997070312,0,440,189.74186706543,0,184,80,,,0.344985216856003,0.793465971946716,0.463789492845535,0.794112801551819,34,0,14.6618709564209,0,0.742580652236938,18.9111513545473,519.36858367075,152.397753408776,,,,623.181436177509,182.859444767097,,,31861,384.706808345743
2018,MA,21013,Rosário,100,100,100,95.1503990178023,83.9779005524862,80.622058522611,91.8559443421322,85.3693472478003,86.1673828524657,85.0419480253734,84.9805606711684,74.2582361366892,41.3931312561035,1.46946561336517,62.4427490234375,35.8206100463867,,,,,,400.335296630859,126.739311218262,94.8868408203125,6.70016765594482,311.736083984375,85.6443481445312,90.6804275512695,345.748870849609,95.0130767822266,98.8019714355469,19917,7540,6677.95458984375,2528.08056640625,0,346,116.010055541992,0,217,143,,,0.479463547468185,0.72757750749588,0.699245631694794,0.789522230625153,28,0,9.38809680938721,0,0.998155891895294,17.341836445564,500.347488982499,147.438903482,,,,600.358351612565,176.90940597708,,,52205,583.843150161489
2018,MA,21018,Viana,99.3111009051986,100,99.3111009051986,99.9509202453988,81.7423312883436,81.079754601227,88.8343558282209,80.8098159509202,85.9141104294479,80.6134969325153,88,74.3067484662577,35.6893730163574,3.11555457115173,62.4040908813477,34.2013473510742,,,,,,452.948577880859,150.614608764648,102.005493164062,9.67479705810547,297.305450439453,79.5567626953125,85.0016326904297,330.615112304688,89.9661102294922,91.1975479125977,17809,6274,6558.18017578125,2310.40600585938,0,428,157.611373901367,0,160,74,,,0.272505640983582,0.589201390743256,0.533779680728912,0.625013828277588,4,0,1.47300350666046,0,0.470624625682831,22.2390331866725,554.025810308301,174.213088971688,,,,664.766046700678,209.03529092765,,,55451,655.981350895902
2018,MA,21015,São João dos Patos,98.8484151803188,100,98.8484151803188,100,89.7544230261421,88.4605228412992,93.0815949300238,86.6913123844732,90.7578558225508,87.9852125693161,95.616583047267,84.4203855294428,63.5825309753418,1.55440413951874,41.3027381896973,56.9948196411133,,,,,,510.657745361328,163.965179443359,107.270751953125,9.82428073883057,322.627655029297,80.6012954711914,83.603645324707,360.776763916016,91.7233810424805,92.2245101928711,23998,10684,9788.150390625,4357.7216796875,0,625,254.920989990234,0,201,108,,,0.440503478050232,0.819825947284698,0.644440293312073,0.869484543800354,6,5,2.44724154472351,2.03936791419983,1.13633584976196,20.7948615119839,561.668937245838,200.345717381721,,,,673.936903336167,240.391382565994,,,43450,581.428984528906
2018,MA,21010,Pedreiras,100,100,100,100,94.7745595700209,94.3565243356226,99.7014034040012,92.7739623768289,90.6539265452374,92.8038220364288,99.0743505524037,69.3639892505226,70.8216094970703,0.450196951627731,30.1350593566895,69.386604309082,,,,,,585.169616699219,203.437866210938,145.835235595703,5,366.663391113281,101.054992675781,107.483810424805,409.186462402344,114.86555480957,116.785331726074,23040,8819,10533.052734375,4031.72705078125,0,455,208.009506225586,0,201,92,,,0.420590668916702,0.918899178504944,0.685288488864899,1.08233523368835,72,0,32.9157905578613,0,1.40897870063782,20.1253158876326,679.349681505829,184.603560374688,,,,815.140005572459,221.502638963448,,,34458,459.059700105728
2018,MA,21012,Presidente Dutra,98.5905749503871,100,98.5905749503871,100,83.0311483031148,84.3561134356113,88.4472338447234,82.6824732682473,87.3082287308229,84.3328684332868,92.3756392375639,74.7791724779172,64.9923248291016,0.6361044049263,36.1482772827148,63.1498146057129,,,,,,490.733642578125,169.325531005859,122.07991027832,4.98945903778076,326.238250732422,91.3480987548828,99.4418029785156,362.434722900391,103.328109741211,107.802925109863,24855,8443,8571.4580078125,2911.64038085938,10,588,202.776794433594,3.44858503341675,254,133,,,0.458661824464798,0.8759406208992,0.761878669261932,1.05078387260437,10,1,3.44858503341675,0.34485849738121,0.910771310329437,21.9141656672553,666.134588457668,234.93961294966,,,,799.283442576742,281.900003227328,,,43717,445.326425010664
2018,MA,21017,Timon,100,100,100,53.2731958762887,87.8092783505155,87.8350515463918,94.2525773195876,82.5257731958763,84.7938144329897,82.7577319587629,48.9175257731959,76.3144329896907,40.3895797729492,4.55292177200317,56.1839942932129,39.0049285888672,,,,,,543.456420898438,169.352432250977,109.013092041016,3.18282747268677,370.885284423828,95.6640319824219,90.0052795410156,412.896514892578,108.423057556152,97.2531433105469,14777,2436,5944.23046875,979.911010742188,0,262,105.392730712891,0,219,212,,,0.852796137332916,0.880954504013062,0.638893127441406,0.809552907943726,23,0,9.25203323364258,0,8.30390071868896,18.8877602665573,457.715622735947,149.366855432111,,,,549.205108097751,179.222722382666,,,34971,385.83501834649
2018,MG,31074,Patrocínio / Monte Carmelo,84.2934504955553,93.5531827935016,82.7608051496884,100,100,100,100,100,100,100,100,95.8368376787216,82.4823226928711,0.746268630027771,16.9677925109863,82.2859420776367,,,,,,651.241271972656,161.524291992188,97.2232208251953,8.05687236785889,348.324005126953,67.6901168823242,66.6651000976562,389.180084228516,77.6709365844727,71.6122970581055,13636,2504,7014.4755859375,1288.0791015625,23,284,146.092041015625,11.8313970565796,182,234,,,1.20371603965759,0.93622362613678,1.54155397415161,1.03499007225037,110,10,56.5849456787109,5.14408588409424,12.5299644470215,23.9501936497234,930.524938234392,459.364575252887,,,,1116.52087869741,551.183657879165,,,7024,79.8189144817649
2018,MG,31024,Sete Lagoas,90.1731655103619,77.2208336602369,78.6151242420506,100,100,100,100,99.9382461918485,99.6500617538081,100,99.7735693701112,92.6101276245368,62.0490074157715,0.385876893997192,21.0109977722168,75.5739898681641,,,,,,633.233642578125,159.261749267578,113.726341247559,7.08466148376465,324.883209228516,63.8657684326172,79.7303466796875,361.728942871094,72.3395538330078,85.8950958251953,25889,4293,5807.2216796875,962.972778320312,32,396,88.8276748657227,7.17799425125122,400,470,,,1.05426788330078,0.897249281406403,1.5219030380249,0.989049077033997,135,10,30.2821617126465,2.24312305450439,20.1540126800537,27.8885721482316,808.002453996256,467.118755831026,,,,969.508255885476,560.487765869124,,,18653,101.319038300142
2018,MG,31059,Manhuaçu,96.2749011463842,99.715786828568,95.9906879749523,100,99.8928647953718,98.5001071352046,100,98.478680094279,94.2789800728519,97.7501607028069,100,88.42939790015,81.9634704589844,0.703957378864288,19.3493156433105,79.9086761474609,,,,,,675.037536621094,205.446212768555,140.354339599609,4.0464916229248,344.213623046875,83.0702056884766,96.0767669677734,382.718902587891,93.4253158569336,103.680068969727,23131,4593,6721.607421875,1334.67395019531,20,505,146.747299194336,5.81177425384521,309,342,,,0.993813395500183,0.897919118404388,1.13249683380127,0.88106495141983,117,1,33.9988784790039,0.290588706731796,7.24641036987305,25.2790064718964,688.734630219601,334.002660483682,,,,826.400844217271,400.764051179656,,,29418,195.130654066336
2018,MG,31060,Ponte Nova,97.3857444474152,93.3797700598361,88.0784230567106,99.7801231310466,100,100,100,100,100,100,66.4028144239226,100,79.3345031738281,0.612959742546082,23.5551662445068,75.8318710327148,,,,,,806.828308105469,227.421783447266,140.605163574219,5.55555534362793,348.463623046875,70.6765899658203,90.8136825561523,386.476806640625,79.808837890625,97.3578491210938,13482,3162,6361.2041015625,1491.92468261719,34,341,160.893829345703,16.042200088501,190,282,,,1.33055901527405,0.896475911140442,1.47364127635956,1.15527439117432,102,6,48.1266021728516,2.83097648620605,11.5635957717896,21.4110560954512,866.289947217023,378.45240990015,,,,1039.44641710381,454.09854146266,,,14918,181.517997200166
2018,MG,31037,Ipatinga,79.2558436927466,83.2766485914887,72.2471012087007,100,100,100,100,100,99.4461538461538,100,14.9948717948718,95.6717948717949,77.0368957519531,0.653343558311462,24.4235210418701,74.8078384399414,,,,,,558.0458984375,158.281204223633,104.618217468262,2.38200259208679,283.872375488281,63.2870903015137,73.4216995239258,316.080139160156,71.6787338256836,79.3664703369141,22145,3508,5451.224609375,863.531066894531,33,418,102.895095825195,8.1232967376709,365,613,,,1.50896394252777,0.898485839366913,1.45893180370331,0.783159673213959,266,27,65.4786987304688,6.64633369445801,30.8618812561035,25.8495747310484,903.684201040245,414.250095564819,,,,1084.31513950061,497.051569169244,,,24344,159.967816722031
2018,MG,31081,Santa Maria do Suaçuí,99.6395872042265,100,99.6395872042265,100,100,100,100,100,100,100,97.1302428256071,91.3907284768212,59.038459777832,1.73076927661896,40.1923065185547,57.8846168518066,,,,,,662.206115722656,183.309661865234,114.568534851074,16.6089973449707,328.866973876953,67.7627868652344,77.8408279418945,362.979827880859,75.3170776367188,82.7597045898438,3423,1639,7843.36181640625,3755.556640625,0,38,87.0720901489258,0,33,20,,,0.458274126052856,0.756152331829071,0.687411189079285,0.890197515487671,18,0,41.2446708679199,0,2.07139921188354,20.2826616003511,558.041085267847,276.369098072575,,,,669.583906106522,331.610530299486,,,5581,338.918422634387
2018,MG,31072,Uberaba,72.523779343236,61.4032787203714,60.9698232424412,90.3760848601736,87.7917068466731,84.8216007714561,91.2825458052073,88.8138862102218,90.0096432015429,89.7589199614272,49.2574734811958,85.4580520732883,73.2789688110352,0.360326200723648,25.5641956329346,73.8668670654297,,,,,,668.017822265625,180.258773803711,119.28889465332,5.9523811340332,328.986999511719,72.4594421386719,81.4083251953125,365.859924316406,82.2071914672852,87.3666610717773,23876,4105,5753.8212890625,989.254333496094,65,662,159.533828735352,15.6641979217529,765,1393,,,3.35695815086365,1.84355556964874,3.5278787612915,1.90024793148041,394,52,94.9491424560547,12.5313587188721,34.418098449707,23.1647415993353,820.978836129546,444.477611623892,,,,985.078393757616,533.321046111102,,,9616,48.9289221814717
2018,MG,31089,Campo Belo,100,100,100,100,100,100,100,100,100,100,16.4959016393443,100,80.1668243408203,0.185356810688972,20.111213684082,79.7034301757812,,,,,,798.306640625,226.791656494141,116.923698425293,5.55555534362793,320.224945068359,66.7397079467773,66.4039077758789,356.813323974609,75.5892944335938,71.3493499755859,6492,1227,6543.6953125,1236.7705078125,10,94,94.7485122680664,10.079628944397,109,153,,,1.54218327999115,1.0986795425415,1.43659913539886,1.14655780792236,33,1,33.2627754211426,1.00796294212341,12.7829856872559,22.4466973173316,873.63680818598,337.144267919297,,,,1048.26178929608,404.533611940908,,,4177,90.4248304122533
2018,MG,31062,Águas Formosas,100,100,100,100,100,100,100,100,100,100,100,100,67.9808807373047,1.67264032363892,23.4169654846191,74.9103927612305,,,,,,701.613037109375,234.990005493164,127.566009521484,7.89473676681519,378.064300537109,93.4843902587891,84.088264465332,413.0400390625,102.472122192383,89.8199310302734,3898,1912,6542.79345703125,3209.29223632812,0,102,171.207015991211,0,41,36,,,0.6042600274086,0.688185036182404,0.737281143665314,1.07843625545502,7,0,11.7495002746582,0,2.96926665306091,23.1239825300396,576.259438725774,326.483804338846,,,,691.443795267429,391.742304932253,,,9089,477.15633833005
2018,MG,31068,Pedra azul,100,100,100,100,100,100,100,100,100,100,93.9106901217862,88.2273342354533,20.7999992370605,1.20000004768372,18.1333332061768,80.4000015258789,,,,,,588.871704101562,182.380218505859,95.8268966674805,11.5485563278198,320.625854492188,84.3887100219727,73.2145614624023,356.073181152344,94.6189804077148,79.5399932861328,4227,1200,6533.23046875,1854.71411132812,0,137,211.746520996094,0,51,38,,,0.587326109409332,0.788253486156464,0.683153033256531,0.808732628822327,10,0,15.4559507369995,0,3.34157657623291,17.7742799153641,539.297237552905,220.858223624471,,,,647.093485419284,265.003986219474,,,10035,478.736773380728
2018,MG,31040,Resplendor,95.6981331106398,100,95.6981331106398,99.8084291187739,100,100,100,100,100,100,100,100,70.7489013671875,0.881057262420654,29.3392066955566,69.0748901367188,,,,,,778.231872558594,259.783874511719,145.568557739258,3.88489198684692,334.781677246094,89.0153732299805,90.3000106811523,374.317108154297,100.617942810059,97.4403457641602,9382,2863,10505.5703125,3205.86743164062,0,133,148.927825927734,0,98,85,,,0.951794385910034,1.09736299514771,0.849896430969238,1.09232401847839,23,0,25.7544364929199,0,8.14288139343262,22.2821674765441,687.791473183382,356.149681013548,,,,825.269166301333,427.337880430761,,,8221,227.136694255203
2018,MG,31008,São Lourenço,91.8763365630858,89.688427579496,89.5605701160523,99.1994430908458,98.9209885137487,98.503306648103,99.5127044900801,96.5889314305604,100,95.7883745214062,89.6623738252698,92.6209537069266,85.302978515625,0.401740878820419,14.7974557876587,84.8008041381836,,,,,,799.393432617188,252.620513916016,154.696716308594,3.95614862442017,333.818756103516,78.6480255126953,90.2245941162109,372.787628173828,89.6494903564453,97.505500793457,21934,5053,8357.43359375,1925.32641601562,30,622,236.998428344727,11.4307918548584,278,412,,,1.569828748703,1.05925345420837,1.67823088169098,1.14536535739899,125,2,47.6282997131348,0.762052834033966,26.0241031646729,23.4988831258117,692.11783151479,406.124193573937,,,,830.460289297897,487.301439045613,,,12964,115.890673698975
2018,MG,31006,Poços de Caldas,77.3399409531843,63.6748207507381,66.5849852382961,100,90.6298003072197,89.8617511520737,92.2811059907834,89.0937019969278,97.9646697388633,91.1674347158218,99.1167434715822,91.8586789554531,84.1505126953125,0.190041810274124,13.4169521331787,85.4047927856445,,,,,,749.361083984375,204.025604248047,123.344665527344,8.62457752227783,317.799072265625,69.3937301635742,74.6974716186523,353.393432617188,78.7371597290039,81.3956680297852,11810,1444,4988.70068359375,609.964721679688,42,308,130.103286743164,17.7413558959961,451,559,,,2.36128997802734,1.90508377552032,2.26899290084839,1.88607513904572,398,33,168.120468139648,13.9396371841431,35.8975219726562,28.4399534283673,1091.4649293547,570.377103500633,,,,1309.630007663,684.385682341591,,,4687,41.2816251079708
2018,MG,31041,Além  Paraíba,96.0909700376463,79.8600725422447,79.4853282450621,100,100,98.7654320987654,100,96.4506172839506,100,96.6049382716049,100,90.1234567901235,75,2.48618793487549,24.3093929290771,73.0662994384766,,,,,,906.423583984375,298.648223876953,181.634002685547,3.85356450080872,405.208709716797,110.645767211914,118.574935913086,452.332092285156,124.354118347168,127.780288696289,4067,1081,7102.9375,1887.94580078125,5,98,171.155120849609,8.73240375518799,60,91,,,1.58929753303528,1.04788851737976,1.34217047691345,0.991127908229828,30,0,52.3944244384766,0,16.6247520446777,26.103784647983,718.210536846991,467.220259054888,,,,861.768477921384,560.609557842708,,,3485,150.673558301419
2018,MG,31001,Alfenas / Machado,87.2509618649795,84.1238704062087,83.3576753033955,100,98.5329341317365,99.6107784431138,99.2215568862275,99.940119760479,96.4670658682635,99.4311377245509,100,91.2874251497006,80.4745559692383,1.45797598361969,18.1818180084229,80.2744445800781,,,,,,752.8994140625,225.038803100586,124.652221679688,5.12141275405884,328.025390625,72.0004425048828,76.743782043457,365.269866943359,81.5288696289062,82.4726943969727,21971,4391,7303.29052734375,1459.59436035156,44,555,184.485290527344,14.6258602142334,290,491,,,1.63211309909821,0.963977158069611,1.53729426860809,0.932066202163696,135,12,44.8747978210449,3.9888710975647,16.3324317932129,27.6704871909001,875.28025339826,426.482872605228,,,,1050.2337309573,511.729468072182,,,10221,75.2836733109342
2018,MG,31013,Barbacena,79.8419236242389,84.7306901026996,76.8865463984209,100,100,100,100,100,100,100,100,100,71.365104675293,0.888529896736145,29.4022617340088,69.5880432128906,,,,,,739.316284179688,225.53987121582,143.066329956055,3.18725109100342,341.392639160156,82.456169128418,95.4369430541992,380.523071289062,93.7633209228516,103.107124328613,13646,2821,5742.00927734375,1187.02978515625,45,469,197.347381591797,18.9352493286133,343,703,,,2.95810675621033,1.44328677654266,3.04384136199951,1.53943586349487,142,9,59.7512321472168,3.7870500087738,16.4652519226074,21.3856882786506,818.973407363822,305.790435127342,,,,982.672114252716,366.912686911398,,,13109,128.029882058903
2018,MG,31094,Almenara/Jacinto,100,100,99.7732099994819,96.9984992496248,91.695847923962,90.7453726863432,93.4967483741871,92.696348174087,91.5957978989495,94.4972486243121,96.1980990495248,84.4922461230615,55.3022804260254,1.13974237442017,26.362735748291,72.2993087768555,,,,,,668.138427734375,210.253356933594,96.9501571655273,14.8601398468018,308.726287841797,70.285026550293,67.4876556396484,342.285003662109,79.2555084228516,72.4776306152344,11673,3363,6817.46484375,1964.11682128906,0,321,187.47590637207,0,143,128,,,0.747567474842072,0.835173070430756,0.98892080783844,0.878975808620453,133,0,77.6769332885742,0,3.77930402755737,20.560525451387,654.356227745512,264.808122708356,,,,785.150790015162,317.738714680283,,,22761,383.538053502368
2018,MG,31036,Governador Valadares,92.9219596541787,78.9761383285303,83.2864553314121,95.0840185913479,95.048265999285,95.5488022881659,98.9989274222381,93.3142652842331,94.6728637826242,93.6717912048624,100,87.3257061136932,73.2500915527344,0.228631719946861,27.9634189605713,68.8005599975586,,,,,,739.008056640625,236.473266601562,140.253112792969,3.65699863433838,375.487945556641,90.4327621459961,99.1560516357422,418.582397460938,102.642700195312,106.520439147949,24400,5336,5684.67724609375,1243.17370605469,42,528,123.0126953125,9.78510093688965,517,741,,,1.72637128829956,1.20449924468994,1.91479277610779,1.2102655172348,210,45,48.9255027770996,10.4840364456177,18.2126350402832,20.8418775620328,852.454044887608,285.984550247839,,,,1022.84495572254,343.147946085642,,,29517,180.890351182889
2018,MG,31092,Passos,87.2267630625189,79.4156787979462,79.1429137722742,96.689824274622,94.8508377605231,92.6031875766244,97.3845525132816,91.3771965672252,92.9301185124642,91.2545974662852,93.4613812832039,85.1246424192889,79.2117462158203,1.46831524372101,15.6877899169922,82.8052520751953,,,,,,674.720947265625,183.023391723633,114.745239257812,6.18411827087402,304.269592285156,66.5504150390625,77.5041732788086,340.03369140625,75.3391418457031,83.508056640625,13612,2709,6454.1826171875,1284.48278808594,48,337,159.789855957031,22.7593860626221,377,402,,,1.90609860420227,1.78756010532379,2.2467782497406,1.73030602931976,201,23,95.304931640625,10.9055395126343,15.6200513839722,28.3670321632691,733.368600403957,463.918564208321,,,,879.956377833113,556.647910948779,,,6205,59.1895326022676
2018,MG,31095,Serro,98.2147697788793,100,98.2147697788793,84.8175182481752,84.2335766423358,85.2554744525548,88.1751824817518,89.9270072992701,99.1240875912409,91.2408759124088,95.6204379562044,93.4306569343066,76.1398162841797,1.2158055305481,13.221884727478,85.5623092651367,,,,,,595.119995117188,168.617340087891,85.300537109375,10,321.013519287109,63.0700492858887,57.7575759887695,356.626617431641,72.3465347290039,62.382396697998,3416,709,6776.43310546875,1406.46691894531,0,79,156.714935302734,0,57,36,,,0.714143991470337,1.13072800636292,1.12328898906708,1.16742706298828,19,0,37.6909332275391,0,8.83158111572266,21.9401467313496,926.411625682531,568.442422646478,,,,1111.58538566971,682.064292039705,,,4774,264.864621463585
2018,MG,31090,Lima Duarte,97.6079193724063,98.4006838455281,97.6079193724063,75.7911392405063,100,96.6772151898734,100,94.1455696202532,100,94.1455696202532,71.3607594936709,92.246835443038,77.8267288208008,1.90895736217499,18.3553600311279,79.4419937133789,,,,,,844.185119628906,253.678329467773,159.253616333008,6.34390640258789,351.308715820312,89.9817733764648,90.9721298217773,393.602142333984,102.088157653809,98.4255294799805,4574,1183,6446.24853515625,1667.23034667969,0,113,159.253616333008,0,90,90,,,1.26839172840118,1.26839172840118,1.24055755138397,1.27156269550323,26,0,36.6424255371094,0,7.54411172866821,22.8268564567741,870.232697743034,505.761028112118,,,,1044.17725568847,606.85396416147,,,5644,188.707833645995
2018,MG,31099,Teófilo Otoni / Malacacheta,99.3995407013084,100,99.2295861395734,100,92.5807390165842,91.5915042187955,95.781204538842,91.1841722432354,91.7660750654641,92.8425952865871,100,83.3575792842595,53.1649017333984,3.34148335456848,31.4045104980469,65.1453399658203,,,,,,692.474365234375,179.622787475586,84.8218765258789,19.2485847473145,361.991882324219,69.4971084594727,64.6957473754883,401.295379638672,79.4147872924805,69.6370315551758,15439,3120,5502.37353515625,1111.95056152344,41,450,160.377487182617,14.6121711730957,347,336,,,1.19748532772064,1.2366886138916,1.49204528331757,1.51414179801941,78,10,27.7987651824951,3.5639443397522,12.3875579833984,22.4670461493286,801.351168823872,228.642710002739,,,,961.527493135336,274.344457618084,,,24334,246.208582182561
2018,MG,31035,Coronel Fabriciano/Timóteo,89.047010257801,59.7707383636591,66.3317707728003,86.1693861693862,85.003885003885,84.3434343434343,87.995337995338,86.2082362082362,85.975135975136,85.3923853923854,38.966588966589,81.4296814296814,75.3822631835938,0.955657482147217,26.8348617553711,72.1330261230469,,,,,,643.577697753906,196.022308349609,132.705368041992,2.56064701080322,318.016815185547,71.1259994506836,91.6964950561523,355.681335449219,80.8960266113281,100.170295715332,11078,1942,4804.28125,842.202026367188,18,120,52.0413208007812,7.80619812011719,182,293,,,1.2706755399704,0.789293348789215,1.32998096942902,0.842527329921722,102,10,44.2351226806641,4.33677673339844,30.8067264556885,23.3839549033128,598.215730378673,322.42529350741,,,,717.78877221748,386.872567546905,,,10366,109.418316075369
2018,MG,31045,Muriaé,99.0491917558526,90.5879126216366,98.1423812489643,100,82.214948172395,81.6693944353519,85.0518276050191,79.1052918712493,77.0867430441899,80.5237315875614,100,74.6317512274959,63.275951385498,1.25195622444153,27.3865413665771,71.3093338012695,,,,,,793.696472167969,243.461639404297,157.70329284668,4.2784628868103,345.549926757812,80.9497451782227,100.655113220215,385.059143066406,92.2046813964844,108.198432922363,12288,3240,7072.474609375,1864.81262207031,53,437,251.519470214844,30.5046501159668,237,306,,,1.76121187210083,1.36407589912415,1.78409039974213,1.33774399757385,224,16,128.925308227539,9.20895099639893,11.5537805557251,23.4673860064663,759.976850790531,334.658109240096,,,,911.883160105696,401.550512876041,,,7834,105.921260114233
2018,MG,31046,Santos Dumont,100,96.9896247155475,94.771859451537,97.4358974358974,96.7032967032967,91.7582417582418,98.5347985347985,93.2234432234432,94.8717948717949,93.7728937728938,96.3369963369963,84.6153846153846,70.5667266845703,1.64533817768097,23.4003658294678,74.0402221679688,,,,,,894.457885742188,342.809844970703,187.166305541992,5.28634357452393,383.719543457031,109.018630981445,109.407859802246,432.234161376953,124.732933044434,121.576919555664,3528,941,6950.765625,1853.93151855469,6,62,122.15064239502,11.8210296630859,39,54,,,1.06389272212982,0.768366932868958,1.33725392818451,0.794471681118011,19,0,37.4332618713379,0,25.0743732452393,23.0155650502437,630.343948393567,321.436819531762,,,,756.338868765171,385.686514614295,,,2615,121.107623292577
2018,MG,31064,Araçuaí,100,100,100,100,99.5049504950495,99.7524752475248,100,100,99.009900990099,100,100,87.8712871287129,71.0467681884766,2.44988870620728,22.1603565216064,75.3897552490234,,,,,,564.228393554688,161.685989379883,70.2497787475586,15.4150199890137,275.167388916016,58.6841163635254,52.8388824462891,306.367004394531,67.6385192871094,57.0045700073242,4808,1034,5361.28466796875,1152.98840332031,0,153,170.606597900391,0,73,92,,,1.0258697271347,0.814005374908447,0.810381352901459,0.842439770698547,12,0,13.3809099197388,0,2.66726136207581,19.1618541877808,594.277991772789,229.95172093125,,,,713.063947349631,275.915117330761,,,8684,248.247097015588
2018,MG,31075,Uberlândia / Araguari,57.9954714733932,41.9333120017065,47.0796780701988,100,100,100,100,100,100,100,100,100,84.8124771118164,0.339476227760315,13.8538637161255,85.7177505493164,,,,,,602.860534667969,118.010971069336,126.290504455566,4.4314227104187,315.479858398438,50.4053764343262,80.772575378418,352.457489013672,57.2230072021484,88.075813293457,51889,7388,5728.2236328125,815.58935546875,157,1151,127.063262939453,17.3318252563477,1090,2407,,,2.6571786403656,1.20329236984253,3.0486626625061,1.24667716026306,616,105,68.0025787353516,11.5913486480713,31.3785533905029,27.1180249296006,844.106090235003,531.135694355563,,,,1012.82838842695,637.300590024654,,,22142,51.8915896243515
2018,MG,31061,Viçosa,88.2723697290133,81.2311814789737,88.2723697290133,100,100,100,100,100,100,100,100,94.2593905031892,83.1097564697266,0.487804889678955,20.2439022064209,78.9024353027344,,,,,,625.816772460938,162.625228881836,92.9287033081055,6.03248262405396,293.549407958984,54.3799133300781,60.3791961669922,327.059356689453,62.5426292419434,64.1527481079102,7553,1147,5483.51953125,832.728332519531,19,166,120.516914367676,13.7941045761108,106,188,,,1.36489033699036,0.76956582069397,1.5705314874649,0.938543617725372,99,6,71.8745498657227,4.35603332519531,21.3968353271484,22.515859270008,824.558798063763,327.243480399925,,,,989.373928546914,392.653827179953,,,9037,166.488792546567
2018,MG,31082,São Gotardo,100,100,100,100,94.5355191256831,94.3013270882123,98.9851678376269,90.5542544886807,97.423887587822,90.632318501171,59.1725214676034,85.792349726776,80.0832748413086,0.208188757300377,20.9576683044434,78.8341445922852,,,,,,706.7587890625,204.811477661133,133.711120605469,2.25225234031677,359.765075683594,73.8506393432617,94.3837280273438,394.535400390625,83.3000564575195,100.417274475098,5548,1156,5887.5341796875,1226.74645996094,0,106,112.487129211426,0,91,92,,,0.976303398609161,0.965691447257996,1.14052402973175,1.00601696968079,31,0,32.8971786499023,0,9.9593563079834,25.2504614588838,828.69111476236,529.837394198364,,,,994.332224323626,635.742781982369,,,3463,81.924939330979
2018,MG,31086,Divinópolis,77.9923337977765,44.4657073314563,62.3824197679326,100,100,91.9805277991289,100,95.5162695362542,93.6202920830131,95.3369203177043,48.8342300794261,89.3671534716884,82.2254333496094,0.746628105640411,21.4595375061035,77.1676330566406,,,,,,602.894836425781,175.173156738281,107.865249633789,3.00572514533997,299.75390625,69.9693298339844,69.5097122192383,332.965576171875,78.1734085083008,75.4499435424805,13169,1720,3787.93969726562,494.741943359375,42,289,83.1281509399414,12.0809078216553,691,714,,,2.0537543296814,1.98759698867798,2.32694101333618,2.21512079238892,345,27,99.2360229492188,7.76629781723022,48.0762596130371,25.4886715687158,829.620029947909,350.745197638856,,,,995.446813687746,420.853133726533,,,5703,32.5693999882656
2018,MG,31070,Araxá,81.4476839852446,66.9025520794124,64.2187281546089,99.7244094488189,92.8740157480315,87.4015748031496,94.0157480314961,87.1259842519685,88.1102362204724,89.1338582677165,100,85.511811023622,75.4250411987305,1.50695514678955,20.6336936950684,77.7820739746094,,,,,,631.626220703125,208.404586791992,123.974006652832,3.8917088508606,348.652923583984,94.0396957397461,94.1268005371094,385.182220458984,106.802452087402,100.627342224121,11250,2303,6011.6708984375,1230.65576171875,17,409,218.557632446289,9.08430194854736,219,302,,,1.61379957199097,1.17027187347412,1.70611214637756,1.1785546541214,204,12,109.011627197266,6.41244888305664,22.8160266876221,22.9573830039397,877.270682651668,591.995178688578,,,,1052.6220128052,710.324839168907,,,6918,90.4872037728656
2018,MG,31002,Guaxupé,87.2442946873441,79.0815454750497,76.6709269979701,96.3877182420229,93.3774834437086,94.942805538832,93.5580975316075,91.6917519566526,100,90.8488862131246,94.1601444912703,98.314268512944,85.3974151611328,0.554528653621674,8.68761539459229,90.7578582763672,,,,,,751.223754882812,216.712478637695,150.244750976562,4.60829496383667,324.645904541016,71.4926223754883,92.6432647705078,362.059356689453,80.8662643432617,99.1923141479492,10005,2459,6927.18310546875,1702.54309082031,7,194,134.320190429688,4.84660482406616,150,195,,,1.35012567043304,1.0385582447052,1.39218723773956,1.08304309844971,93,3,64.3906097412109,2.0771164894104,15.2993469238281,27.2429475288366,749.574293525435,467.801764665678,,,,899.401310451712,561.30729642966,,,4941,80.4076088889864
2018,MG,31087,Lagoa da Prata/Sto Ant do Monte,87.8420358980796,85.8870967741936,84.3589180369022,100,99.3971868720697,99.1292699263228,99.330207635633,100,100,100,100,100,82.9634475708008,0.58746737241745,22.0626640319824,77.3498687744141,,,,,,599.697814941406,132.309310913086,117.434295654297,3.65535259246826,312.10400390625,51.9833946228027,81.739631652832,345.282531738281,58.7917556762695,86.4313735961914,7370,1527,5769.9384765625,1195.48107910156,10,146,114.302711486816,7.8289532661438,137,151,,,1.18217194080353,1.07256650924683,1.40255689620972,1.13519823551178,36,0,28.1842308044434,0,28.2601718902588,26.2658188095788,612.876093730388,437.883120606878,,,,735.379490207841,525.408429691763,,,3944,77.145285053081
2018,MG,31044,Leopoldina / Cataguases,88.019932437928,82.1708789033906,88.019932437928,100,98.1885988279169,97.2296217368141,99.2541289291423,97.4960042621204,100,97.4427277570591,100,92.4880127863612,77.6898727416992,0.685653984546661,23.4177207946777,75.4746856689453,,,,,,836.941467285156,248.509765625,183.91911315918,3.98953557014465,351.097503662109,83.3201675415039,108.97380065918,388.359832763672,93.4148559570312,117.698547363281,12030,3296,6584.96142578125,1804.15893554688,16,244,133.560317993164,8.75805377960205,177,277,,,1.51623797416687,0.968859672546387,1.44165766239166,1.0460399389267,88,2,48.1692924499512,1.09475672245026,15.3785943984985,25.4241300590725,628.897554534955,337.390494298434,,,,754.603365636127,404.829054740876,,,7720,98.0473426039499
2018,MG,31027,Turmalina/Minas Novas/Capelinha,100,100,100,100,96.1165048543689,97.4341192787795,99.5839112343967,98.75173370319,92.8571428571429,99.5839112343967,100,96.0471567267684,75.7254104614258,1.48619961738586,14.3665962219238,84.1472015380859,,,,,,460.348205566406,122.920196533203,72.3059997558594,12.0418844223022,286.822448730469,58.6349334716797,63.4091835021973,323.830657958984,68.123664855957,68.2928619384766,9987,2206,8023.5556640625,1772.30041503906,0,130,104.442001342773,0,115,84,,,0.674856007099152,0.923909962177277,0.965887665748596,0.928730368614197,50,0,40.1699981689453,0,4.40584564208984,21.6908721924613,571.473652129721,281.219232363498,,,,685.701412193181,337.430123066743,,,10357,200.323014459059
2018,MG,31058,Unaí,75.8303886925795,80.2797561288196,73.3037953825592,100,100,100,100,100,100,100,99.2914083259522,99.6161795098908,77.909423828125,0.526592969894409,23.2754077911377,76.0400238037109,,,,,,551.950927734375,124.409149169922,81.8384628295898,16.888298034668,334.341979980469,60.1527938842773,67.1081085205078,373.252075195312,69.022087097168,71.8907318115234,13827,2086,5074.35205078125,765.538269042969,8,214,78.5355682373047,2.93590903282166,229,273,,,1.0018789768219,0.840403974056244,1.08179080486298,0.777098417282104,249,0,91.3801727294922,0,10.8900203704834,26.298956876501,868.412499350043,544.51665651147,,,,1041.99323092391,653.356176511652,,,17842,174.787959674111
2018,MG,31019,Curvelo,94.9622909900963,89.8397702568507,88.1376311763601,100,98.2707509881423,96.8379446640316,99.8517786561265,94.3675889328063,100,94.7134387351779,92.4901185770751,93.0830039525692,34.6985740661621,0.920386552810669,33.041877746582,65.3014297485352,,,,,,640.935485839844,161.721282958984,101.143409729004,7.51054859161377,312.022430419922,54.682544708252,69.7040328979492,345.987670898438,62.2419548034668,74.6053619384766,10319,1327,5581.27734375,717.739562988281,20,153,82.7537002563477,10.817476272583,137,196,,,1.06011271476746,0.740997135639191,1.31540513038635,0.732478380203247,75,0,40.5655364990234,0,11.7888860702515,24.2747703367601,777.011141791245,381.487621299552,,,,932.322313076913,457.740439448889,,,11052,140.461960576446
2018,MG,31030,Formiga,92.1403525702889,99.7257607926398,92.1403525702889,94.2738589211618,100,98.8381742738589,100,99.3360995850622,100,99.1701244813278,84.9792531120332,95.0207468879668,77.8239212036133,0.166112959384918,18.4385375976562,80.8139572143555,,,,,,765.9775390625,233.052749633789,161.344207763672,3.19148945808411,344.496520996094,80.5097579956055,101.053993225098,379.262878417969,90.4907760620117,107.457176208496,7145,1420,5822.244140625,1157.11499023438,35,225,183.345687866211,28.5204410552979,146,155,,,1.26304805278778,1.1897097826004,1.7240606546402,1.22169351577759,194,1,158.084732055664,0.81486976146698,17.2320499420166,24.0182353607918,724.828304863926,426.01901571447,,,,869.709024012824,511.172894162146,,,3133,58.7068372780469
2018,MG,31021,Itabira,94.4986915761215,98.376538139074,94.4986915761215,90.7952622673435,95.9390862944162,95.0592216582064,97.4619289340101,94.010152284264,94.5177664974619,94.9915397631134,49.9492385786802,87.7157360406091,71.6370086669922,0.533807814121246,15.5871887207031,83.8078308105469,,,,,,566.338928222656,152.835098266602,84.4838409423828,6.89655160903931,279.870330810547,56.6738777160645,60.2286949157715,310.108642578125,63.5365447998047,64.8259201049805,13722,2897,5825.564453125,1229.89794921875,22,293,124.390785217285,9.33992195129395,309,430,,,1.82553029060364,1.31183457374573,2.16866636276245,1.46551871299744,100,4,42.4541931152344,1.69816768169403,31.9612140655518,25.0738927856616,1153.73289276005,593.056515485133,,,,1384.34426663596,711.598318947894,,,11032,121.953670695006
2018,MG,31015,São João Del Rei,92.5952590790416,88.6069769077676,86.2646524579718,99.1525423728814,94.0677966101695,94.1081517352704,95.2784503631961,95.7223567393059,99.6771589991929,95.0363196125908,82.8087167070218,91.8079096045198,78.2958221435547,1.56752407550812,31.8327980041504,66.5594863891602,,,,,,778.580261230469,240.333465576172,164.81201171875,7.28831720352173,347.877868652344,81.2181625366211,100.219375610352,386.803314208984,91.9147872924805,108.476119995117,14179,3493,5916.12548828125,1457.43884277344,30,419,174.825897216797,12.5173683166504,206,314,,,1.31015121936798,0.859525918960571,1.49822461605072,0.856083631515503,152,0,63.421329498291,0,16.6238994598389,22.9637526548273,746.913097114816,349.531896782149,,,,896.20818662162,419.397314883864,,,9813,88.661891052579
2018,MG,31023,João Monlevade,82.6025026529261,55.3040716183205,69.2274821773223,94.7969543147208,90.6091370558376,90.9263959390863,93.3375634517766,89.5304568527919,93.6548223350254,89.4670050761421,14.7208121827411,89.1497461928934,81.8987350463867,2.40506339073181,15.3164558410645,82.2151870727539,,,,,,649.009582519531,180.600219726562,76.9889373779297,11.6407985687256,286.541046142578,57.9010581970215,53.2173118591309,316.161346435547,66.2379531860352,57.3014335632324,8793,2156,6326.76416015625,1551.29113769531,8,164,118.001739501953,5.75618267059326,100,135,,,0.971355795860291,0.719522833824158,1.74376356601715,0.805325925350189,86,2,61.878963470459,1.43904566764832,25.5912685394287,28.8133217840587,770.543841508144,466.884831815171,,,,924.562310632928,560.207084463394,,,5870,103.012124886808
2018,MG,31097,Juiz de Fora,78.4919409581422,48.8148372557946,60.9149835481817,100,100,100,100,100,99.8808992109573,100,100,100,77.4555816650391,0.980810225009918,19.8436393737793,79.0760498046875,,,,,,745.185241699219,174.346450805664,128.49137878418,8.43661689758301,333.303985595703,60.3688735961914,82.8555755615234,371.063690185547,67.5991058349609,89.1827926635742,38403,6993,6222.51513671875,1133.08984375,183,1605,260.061370849609,29.6518573760986,1121,2673,,,4.33111572265625,1.8163788318634,4.27946805953979,1.99234557151794,864,100,139.995651245117,16.2032012939453,35.3011054992676,28.0300991157351,1082.7872010362,443.566251852956,,,,1299.21775061414,532.227521187218,,,16286,64.2960572261435
2018,MG,31016,Belo Horizonte/ Nova Lima/ Caeté ,91.0216477868742,57.274541288436,74.4752140458624,94.8688032763465,88.9423305871708,86.4564979284728,91.1043383018239,87.7375113100624,92.9568074670222,87.7065574551169,89.9709509976665,90.068574694033,78.450569152832,0.499049425125122,22.355037689209,76.8369750976562,,,,,,595.8779296875,142.442581176758,96.6511535644531,5.77588748931885,284.8828125,51.12841796875,65.7381210327148,320.145690917969,58.9516220092773,70.8285751342773,196467,34138,5789.2568359375,1005.93817138672,862,6359,187.379486083984,25.4003944396973,6402,16522,,,4.86850738525391,1.88646554946899,4.66606283187866,1.95843827724457,4441,827,130.862121582031,24.3690567016602,39.718204498291,24.8772718316491,1257.48126115353,497.018975219906,,,,1508.83015055209,596.364525162284,,,99392,67.5051409008064
2018,MG,31085,Taiobeiras,100,97.8306422676713,100,94.9595519601742,100,99.4399502177971,100,97.4486621032981,99.2532669570628,98.5065339141257,90.230242688239,89.607965152458,83.1578979492188,0.526315808296204,12.9824562072754,86.4912261962891,,,,,,531.857299804688,129.175659179688,83.7116012573242,13.9755764007568,279.247589111328,53.4165573120117,63.0111999511719,309.748931884766,59.3112373352051,68.4861602783203,10303,1869,7435.177734375,1348.76708984375,18,183,132.062271118164,12.9897308349609,127,86,,,0.620620489120483,0.916497707366943,0.838920116424561,0.968817412853241,9,0,6.49486541748047,0,1.08680748939514,20.6032032009463,666.085003301041,248.094336634374,,,,799.223946199618,297.684130061529,,,15788,307.370576138996
2018,MG,31017,Betim,96.0331685077138,73.4211273394433,84.2716529594461,100,100,100,100,100,91.8852710013269,100,100,85.5568031029907,74.4655456542969,0.765635848045349,21.1494483947754,77.4286575317383,,,,,,530.976135253906,130.691116333008,92.8338394165039,8.67627811431885,335.979217529297,67.9596633911133,74.9330596923828,376.174896240234,77.5222930908203,81.2320098876953,36545,5085,5086.3759765625,707.736267089844,46,579,80.5858993530273,6.40233373641968,715,816,,,1.13571834564209,0.995145380496979,1.89046311378479,0.986237764358521,128,30,17.8151893615723,4.17543506622314,26.5304355621338,35.1464442179584,984.098285573451,682.382453288815,,,,1180.80261730322,818.778976304886,,,46184,158.934562525612
2018,MG,31047,São João Nepomuceno / bicas,86.3457586521319,93.6199458348644,86.3457586521319,89.9868247694335,100,100,100,100,100,100,83.6627140974967,96.1791831357049,74.2682952880859,0.97560977935791,18.0487804412842,80.8536605834961,,,,,,865.301391601562,218.385589599609,181.301254272461,7.46031761169434,365.773162841797,70.7104644775391,112.510894775391,405.285400390625,79.8622207641602,120.082786560059,5686,1671,7809.6884765625,2295.10888671875,0,96,131.855453491211,0,61,93,,,1.27734971046448,0.837831556797028,1.07578945159912,0.933976113796234,20,0,27.4698867797852,0,16.0039558410645,25.010724108326,738.720645082268,464.067961594469,,,,886.378204246917,556.827170304443,,,3430,123.691063400115
2018,MG,31011,Três Pontas,72.4654605133384,63.0153307190368,58.3577272978326,100,100,100,100,100,100,100,100,98.0946123521682,83.3842391967773,0.671960890293121,14.416615486145,84.8503341674805,,,,,,742.817443847656,213.260482788086,150.959671020508,3.11827945709229,376.959136962891,84.3537673950195,109.439735412598,416.121673583984,95.2281341552734,115.990531921387,8787,1533,7018.4267578125,1224.45068359375,10,160,127.796546936035,7.9872841835022,108,158,,,1.26199090480804,0.862626671791077,1.40037059783936,0.818097591400146,77,0,61.5020904541016,0,20.9786014556885,31.1960449691011,774.365183724031,434.158664262776,,,,929.147473473143,520.939518543742,,,5094,96.0850541202329
2018,MG,31083,Bocaiúva,97.0423487680706,100,93.2144998915443,82.1129707112971,100,100,100,100,99.4769874476987,100,79.7071129707113,86.6108786610879,76.866455078125,2.83911681175232,18.7171401977539,78.4437408447266,,,,,,538.851318359375,127.318092346191,88.7368469238281,14.0811452865601,294.806671142578,57.0311660766602,72.2936401367188,325.567687988281,63.0319709777832,76.4302825927734,5237,1027,6734.99853515625,1320.76440429688,0,64,82.306640625,0,59,58,,,0.745903968811035,0.758764386177063,0.761336445808411,0.746546983718872,0,0,0,0,6.88932323455811,23.918172477434,655.660956707029,327.352780294234,,,,786.716311869245,392.784974244391,,,10346,372.06451295482
2018,MG,31028,Bom Despacho,98.6883632853112,93.4650230209416,98.6883632853112,90.5352986811482,100,95.4228083785881,100,96.1210240496509,98.8363072148953,96.3537626066718,85.9581070597362,99.4569433669511,75.78125,0.46875,23.4375,76.09375,,,,,,701.052490234375,185.077865600586,131.797866821289,4,305.251037597656,52.7197799682617,84.1560592651367,339.545227050781,59.8035545349121,90.225944519043,7855,1627,7342.3564453125,1520.81652832031,0,158,147.688400268555,0,109,129,,,1.20581030845642,1.01886296272278,1.47291135787964,1.06933879852295,50,0,46.7368354797363,0,18.3937492370605,24.9180339427984,800.978282619189,439.360482233031,,,,961.080073387836,527.181090512779,,,3714,77.1906252045629
2018,MG,31034,Caratinga,100,87.3656900898255,95.5743201899307,98.005698005698,90.5982905982906,88.8888888888889,94.017094017094,88.6446886446886,90.4354904354904,87.5457875457875,100,88.9295889295889,80.0378036499023,0.567107737064362,24.8771266937256,74.2533111572266,,,,,,658.209838867188,201.956359863281,166.404144287109,3.52588152885437,317.624176025391,75.715461730957,115.001968383789,352.100341796875,85.0502471923828,122.623329162598,9630,1477,4755.109375,729.314270019531,26,236,116.532272338867,12.8383016586304,183,249,,,1.22951424121857,0.903618931770325,1.20322048664093,0.912506997585297,99,14,48.8843040466309,6.91293144226074,8.80608749389648,22.1722389588914,673.000070979269,286.26200479722,,,,807.521217044392,343.480859030309,,,17581,212.226611243331
2018,MG,31007,Pouso Alegre,86.7626087742569,79.7564120775629,77.793540603214,100,100,100,100,99.1635101010101,100,99.7474747474748,100,95.5018939393939,70.2803497314453,4.20518922805786,18.3268718719482,77.4679412841797,,,,,,669.82177734375,180.555862426758,116.570686340332,4.96843242645264,308.594848632812,64.862922668457,77.5390243530273,345.22216796875,74.5120544433594,83.2627487182617,26128,5055,4804.0361328125,929.439819335938,52,523,96.1616287231445,9.56100273132324,541,962,,,1.76878547668457,0.994712054729462,1.88783836364746,0.971590936183929,274,31,50.3791313171387,5.69982862472534,23.4071731567383,22.9137646386113,787.126798877621,500.553862835132,,,,944.459916137948,600.605976051002,,,16977,69.5689462073766
2018,MG,31053,Januária,91.5092565684884,96.8785791210106,91.5092565684884,47.5124378109453,97.1393034825871,99.8134328358209,100,94.4651741293532,100,94.4029850746269,44.3407960199005,94.4651741293532,58.152172088623,2.17391300201416,41.6062812805176,55.9782600402832,,,,,,559.892150878906,130.527008056641,65.2635040283203,23.4662570953369,309.581237792969,51.3582878112793,51.3334579467773,343.379974365234,59.4297142028809,54.9196128845215,4797,798,4119.3291015625,685.266784667969,0,109,93.6016006469727,0,106,80,,,0.686984241008759,0.910254120826721,0.696215569972992,0.955337464809418,0,0,0,0,4.23955154418945,23.2841830061476,540.291434041608,243.177284910853,,,,648.286404696945,291.784244217133,,,14168,413.296667320285
2018,MG,31051,Francisco Sá,100,100,100,45.0292397660819,100,100,100,100,99.8538011695906,100,57.8947368421053,84.3567251461988,70.8536605834961,4.3902440071106,18.536584854126,77.0731735229492,,,,,,577.6455078125,148.114242553711,70.0176391601562,17.2494163513184,347.130798339844,72.8954391479492,60.122501373291,387.859710693359,82.0864868164062,64.7338104248047,5389,1032,7256.2509765625,1389.58081054688,0,119,160.232681274414,0,62,46,,,0.619386792182922,0.834825694561005,0.767837643623352,0.821360766887665,0,0,0,0,3.3810441493988,21.2742613324673,644.951191925921,309.231610685497,,,,773.865849197353,371.041694313644,,,9406,367.347676208291
2018,MG,31048,Ubá,86.1279738790002,79.2376091677101,82.298267581747,100,100,100,100,100,100,100,100,89.792119143655,80.4088592529297,0.596252143383026,23.8500843048096,75.4116973876953,,,,,,755.449768066406,217.068649291992,141.746154785156,5.51114845275879,352.145324707031,85.2080612182617,90.2781219482422,392.469940185547,96.186653137207,97.551872253418,23705,6409,7533.83935546875,2036.8857421875,44,439,139.521438598633,13.9839248657227,288,389,,,1.23630607128143,0.915311455726624,1.29557883739471,0.922382891178131,159,3,50.5328178405762,0.953449428081512,22.1187553405762,24.0211942049512,596.88325231808,348.580264380022,,,,716.189954696392,418.255467522057,,,14084,98.113082041148
2018,MG,31077,João Pinheiro,85.7919672660709,93.9754495531388,77.716162377517,100,87.4751491053678,87.1769383697813,90.2584493041749,87.6739562624254,86.6799204771372,88.8667992047714,74.3538767395626,77.1371769383698,74.5490951538086,0.300601214170456,29.559118270874,70.1402816772461,,,,,,667.644592285156,168.624816894531,127.496810913086,3.2854208946228,438.20361328125,96.3008346557617,103.711814880371,492.11474609375,109.048225402832,112.889625549316,3812,501,5225.99853515625,686.837646484375,0,50,68.5466766357422,0,58,75,,,1.02820014953613,0.795141398906708,1.15809607505798,0.775262892246246,17,0,23.3058681488037,0,11.3979406356812,31.9316710876001,776.152214924088,523.12350207279,,,,931.29170149301,627.68689822524,,,5923,224.782137080729
2018,MG,31049,Brasília de Minas/São Francisco,100,98.0979956780348,99.3185899694745,97.3654916512059,100,100,100,100,100,100,100,98.5899814471243,69.6223907470703,1.58462572097778,22.6904926300049,75.6574478149414,,,,,,592.356018066406,144.655059814453,87.9949188232422,15.5072460174561,340.01025390625,64.5888061523438,68.8247375488281,375.669281005859,72.1718597412109,74.4643096923828,14118,2908,6060.0595703125,1248.24011230469,10,274,117.612716674805,4.29243516921997,193,136,,,0.583771169185638,0.828439950942993,0.780686616897583,0.893041133880615,5,0,2.14621758460999,0,1.21475911140442,21.5318428981127,669.68069728837,246.451213334409,,,,803.538357609029,295.712574657365,,,31227,367.985405410279
2018,MG,31003,Itajubá,85.0650260732564,76.0894464930383,75.4249288362,100,100,100,100,100,100,100,100,100,76.3190689086914,0.789364337921143,21.5621109008789,77.6485214233398,,,,,,739.035461425781,232.170532226562,143.70133972168,3.10846567153931,317.727600097656,78.8671188354492,88.8698043823242,354.222778320312,88.9975357055664,96.1783981323242,12136,2901,5931.8349609375,1417.95092773438,33,251,122.683792114258,16.1297416687012,265,461,,,2.25327610969543,1.29526710510254,2.07083892822266,1.31995058059692,99,5,48.3892250061035,2.44390034675598,24.9771499633789,25.0612937618118,804.452345046565,409.250425146315,,,,965.24854117917,491.052550572862,,,7736,91.5311926918704
2018,MG,31055,Pirapora,99.2012313784522,96.0821009377733,99.2012313784522,100,100,100,100,100,100,100,100,76.8168168168168,80.5759124755859,0.732984304428101,17.3821983337402,81.8848190307617,,,,,,566.469665527344,133.246780395508,104.547470092773,10.2533168792725,340.549682617188,60.1033897399902,80.8571472167969,377.58935546875,67.3258590698242,87.4363861083984,8085,1306,5524.61669921875,892.411743164062,18,154,105.23078918457,12.2997026443481,133,124,,,0.847312867641449,0.908811390399933,1.12063956260681,0.99508011341095,73,0,49.8821296691895,0,9.95934295654297,22.0867170900757,761.4785689972,310.477161998142,,,,913.68504596901,372.536209924043,,,14045,230.585073843285
2018,MG,31073,Ituiutaba,70.5120428189117,63.4484516375685,64.4822225054161,99.0458882326215,95.184007269423,92.1399363925488,96.5470240799636,92.8214447978192,98.2280781462971,93.6846887778283,99.273057701045,91.6401635620173,86.0432968139648,0.368493795394897,15.2924919128418,84.3390121459961,,,,,,742.663330078125,225.111785888672,109.47216796875,5.74394464492798,313.318939208984,73.9726486206055,70.9647445678711,349.786193847656,84.1400833129883,76.315185546875,10314,2196,5300.919921875,1128.64270019531,10,233,119.751243591309,5.13953828811646,117,251,,,1.29002416133881,0.601325988769531,1.62152445316315,0.727244675159454,108,5,55.5070152282715,2.56976914405823,16.4331607818604,22.5078835131944,793.621942704218,510.475738957563,,,,952.253327571174,612.511064664278,,,6949,74.7680299060568
2018,MG,31042,Carangola,97.5685105205724,100,97.5685105205724,100,92.4744130042143,92.5948223961469,94.8223961468995,92.8958458759783,92.835641180012,92.5346177001806,100,83.4437086092715,87.5,0.881057262420654,13.215859413147,85.9030838012695,,,,,,742.799743652344,215.676651000977,158.837677001953,6.28930807113647,362.208221435547,88.427978515625,101.562049865723,406.686309814453,100.967979431152,111.612564086914,10096,2624,7860.908203125,2043.08862304688,25,289,225.020050048828,19.4654026031494,142,167,,,1.30028891563416,1.10563480854034,1.39216554164886,1.0832496881485,89,2,69.2968292236328,1.55723214149475,5.37634420394897,22.9768966958015,669.213159322503,333.737620306472,,,,802.977366840243,400.446034026768,,,12091,221.107414013818
2018,MG,31010,Três Corações,83.1582816930995,75.243446816811,76.9689558419734,100,100,100,100,100,100,100,82.158185162477,94.4819129368486,79.4749374389648,0.29832935333252,20.167064666748,79.5346069335938,,,,,,695.407165527344,194.38249206543,135.615692138672,8.77573108673096,367.191680908203,83.4899826049805,94.5492553710938,407.50341796875,94.2168426513672,101.909202575684,8900,1873,6705.44287109375,1411.15661621094,15,213,160.478576660156,11.3013076782227,108,158,,,1.19040441513062,0.813694179058075,1.49779999256134,0.857392549514771,49,1,36.9176063537598,0.753420531749725,17.44997215271,30.4467923754664,685.592080063619,447.528343061203,,,,822.630152302055,536.981566324047,,,4842,83.5018199201077
2018,MG,31096,Itambacuri,100,100,100,46.4977645305514,60.0596125186289,64.381520119225,61.698956780924,67.8092399403875,82.2652757078987,69.0014903129657,36.5126676602086,83.3084947839046,59.7173156738281,2.47349834442139,39.3992919921875,56.360424041748,,,,,,781.109741210938,233.435089111328,94.2718658447266,12.9310340881348,383.942779541016,86.2850570678711,59.5022087097168,428.138397216797,97.0069427490234,64.8668212890625,3708,861,8322.8583984375,1932.57312011719,0,81,181.810012817383,0,45,33,,,0.740707516670227,1.01005566120148,0.852935910224915,1.20421075820923,9,0,20.2011127471924,0,4.6170768737793,22.2124237341643,594.805392014439,346.936531079415,,,,713.696765834163,416.283180188608,,,5881,349.36611191406
2018,MG,31080,Peçanha/São João Evangelista,99.8984891806385,100,96.0360025039335,100,96.1715160796325,94.6401225114855,99.6937212863706,96.7840735068913,98.7748851454824,97.2434915773354,98.6217457886677,92.1898928024502,80.5049057006836,0.56100982427597,20.4768581390381,78.8218765258789,,,,,,735.624267578125,227.939910888672,132.964950561523,7.98122072219849,351.734466552734,78.1885299682617,86.9989624023438,386.279266357422,87.988655090332,94.6350936889648,3916,1434,6762.21728515625,2476.25634765625,0,84,145.052673339844,0,47,24,,,0.414436191320419,0.811604201793671,0.802970111370087,0.83923327922821,2,0,3.4536349773407,0,4.89552736282349,19.3627528423352,548.154177508586,317.754018474969,,,,657.720775431146,381.267584929508,,,6273,315.511143201375
2018,MG,31091,Cassia,93.6891197827499,72.8299584784619,84.8338154554578,100,99.8076923076923,92.8846153846154,100,100,97.3076923076923,100,85.5769230769231,95.3846153846154,85.7685012817383,0.948766589164734,14.0417461395264,84.8197326660156,,,,,,604.5419921875,127.272003173828,117.328880310059,10.1973686218262,279.4345703125,49.7836380004883,75.0810852050781,308.556488037109,54.6607551574707,79.600341796875,4203,1119,8358.19140625,2225.271484375,0,63,125.283378601074,0,49,64,,,1.27272009849548,0.97442626953125,1.11014997959137,0.955534338951111,19,0,37.7838745117188,0,10.5735197067261,31.6677066205343,946.4981771848,682.657047051184,,,,1135.68689355177,819.108456640391,,,2380,109.278695893963
2018,MG,31093,Piumhi,99.7513629712125,100,99.7189883580891,100,100,100,100,100,100,100,47.247119078105,100,73.4643707275391,0.982800960540771,20.884521484375,78.1326751708984,,,,,,732.127502441406,215.331604003906,113.538482666016,7.30837774276733,338.922546386719,66.9108963012695,77.5426559448242,375.75537109375,76.6359176635742,82.3822860717773,6413,1561,8369.2216796875,2037.16748046875,10,129,168.350173950195,13.0504007339478,83,90,,,1.17453610897064,1.08318328857422,1.35267400741577,1.15626549720764,44,0,57.4217643737793,0,8.70722770690918,24.3491175863579,935.869290477979,522.928545084886,,,,1122.93347509101,627.452972686549,,,3129,99.4397438222482
2018,MG,31067,Padre Paraíso,100,100,100,81.3760379596679,98.932384341637,100,100,98.4578884934757,95.1364175563464,100,73.7841043890866,87.7817319098458,59.9322814941406,1.35440182685852,30.2483062744141,68.3972930908203,,,,,,733.827880859375,193.02864074707,141.979736328125,6.30434799194336,452.349609375,85.7958679199219,105.509262084961,496.893310546875,96.6161956787109,113.213745117188,4618,1664,7366.99365234375,2654.54248046875,0,107,170.694747924805,0,36,27,,,0.430725067853928,0.574300050735474,0.508096039295197,0.774108648300171,0,0,0,0,1.95102500915527,26.1954481548611,312.058140927403,247.256137451615,,,,374.433199365992,296.67838926985,,,9589,500.473848173265
2018,MG,31079,Conselheiro Lafaiete,93.5637088819316,83.5002358794013,87.5814856113565,100,99.8176014591883,99.9544003647971,100,100,100,100,86.8673050615595,93.7984496124031,76.7965393066406,0.129870131611824,23.2900428771973,75.8874435424805,,,,,,675.037658691406,226.63134765625,116.013664245605,5.35571527481079,330.497344970703,91.5026779174805,79.6330032348633,368.755981445312,103.148422241211,85.9249954223633,10375,2945,5598.33349609375,1589.11743164062,9,237,127.884826660156,4.85638570785522,166,281,,,1.51627159118652,0.895733416080475,1.67828607559204,0.950637519359589,71,1,38.3114891052246,0.539598405361176,27.2038555145264,28.6199839567065,756.07423832397,396.485209396578,,,,907.200482488643,475.735787614631,,,6311,77.8372460579094
2018,MG,31026,Diamantina,96.1033923896331,100,96.1033923896331,50.2708559046587,81.2567713976165,77.8981581798483,81.4192849404117,81.2026002166847,86.4572047670639,82.4485373781148,49.0807799442897,83.3694474539545,76.5182189941406,0.694042801856995,16.6570262908936,82.4754180908203,,,,,,607.180786132812,174.986114501953,76.6003494262695,10.1851854324341,304.597778320312,59.3669700622559,57.6214866638184,339.002502441406,67.7369918823242,61.8740043640137,10205,2006,7171.6201171875,1409.7275390625,30,360,252.991989135742,21.0826644897461,190,183,,,1.28604257106781,1.33523547649384,1.54184556007385,1.32732939720154,44,0,30.9212417602539,0,7.66706275939941,21.7716473795823,967.590256957238,320.164668033411,,,,1160.9949175213,384.160081898295,,,11469,201.250957306787
2018,MG,31066,Nanuque,92.2426292895118,94.5455320842692,84.7368720325249,99.618320610687,86.7684478371501,87.2773536895674,89.6946564885496,88.676844783715,89.8218829516539,90.7124681933842,74.3002544529262,90.7124681933842,67.8090591430664,1.59118723869324,24.2350063323975,74.0514068603516,,,,,,770.454223632812,252.440505981445,144.460174560547,10.4166669845581,383.263946533203,97.9152679443359,105.155784606934,420.867614746094,109.192459106445,112.306732177734,4305,1284,6281.82861328125,1873.60461425781,0,81,118.194686889648,0,43,67,,,0.97765976190567,0.62745326757431,0.957960665225983,0.760239899158478,25,0,36.4798431396484,0,9.55480003356934,26.1325616610553,670.475992949137,339.157051005032,,,,804.492619202134,406.948715767977,,,5138,175.437080477071
2018,MG,31020,Guanhães,96.8380278725106,99.6536987916298,96.8380278725106,83.6379460400348,92.6022628372498,90.6875543951262,93.3855526544822,89.2950391644909,94.9521322889469,91.3838120104439,79.4604003481288,90.6005221932115,80.8090286254883,0.846660375595093,16.4628410339355,82.6904983520508,,,,,,714.369873046875,188.499389648438,137.090469360352,11.5442276000977,350.342620849609,71.6035079956055,86.4096374511719,387.483489990234,80.3961944580078,93.6697998046875,7958,2659,8523.171875,2847.84033203125,0,195,208.848754882812,0,82,87,,,0.931786775588989,0.878235816955566,1.09484946727753,0.975163042545319,31,0,33.2015991210938,0,7.34826326370239,22.3799460766019,700.433614374132,365.14328070397,,,,840.438254211751,438.12914610931,,,6930,185.535444207578
2018,MG,31088,Oliveira/Santo Antônio do Amparo,99.5217477431587,100,99.5217477431587,99.1219512195122,100,100,100,100,100,100,91.9024390243902,94.0487804878049,82.9406204223633,0.282752126455307,13.100848197937,86.6164016723633,,,,,,693.011901855469,203.435592651367,146.397567749023,2.46913576126099,313.171813964844,74.7696838378906,90.4540405273438,348.988677978516,82.9738388061523,97.1994705200195,6449,1477,6130.63623046875,1404.08581542969,18,201,191.077346801758,17.1114044189453,95,122,,,1.15977299213409,0.903101921081543,1.5295695066452,0.980816245079041,37,1,35.1734428405762,0.950633585453033,17.2578029632568,22.5360368102422,767.121532954127,332.147659582496,,,,920.455941424646,398.538267483728,,,4431,105.225421147368
2018,MG,31071,Frutal / Iturama,75.2941242443615,79.0210064712941,65.6034453753238,91.7367639782286,91.1924789708065,90.252350321623,95.002474022761,91.2419594260267,89.1637803067788,92.0336467095497,72.7362691736764,80.3562592775854,78.6316757202148,0.562324285507202,19.8687915802002,79.3814468383789,,,,,,594.343688964844,154.707443237305,123.543357849121,7.67790269851685,334.271240234375,70.7565155029297,89.8121566772461,370.889556884766,80.0055770874023,96.5499725341797,7234,1399,4025.73266601562,778.545776367188,0,187,104.065803527832,0,159,216,,,1.2020435333252,0.884837567806244,1.19745230674744,0.893741607666016,63,0,35.0596008300781,0,26.1238555908203,26.8020223507271,956.050789901641,685.749100467683,,,,1147.14890935191,822.818558385885,,,7978,111.46363370472
2018,MG,31004,Lavras,84.8948270701244,67.2497210808457,68.3915208577104,100,100,100,100,98.7565758010521,100,100,85.9875657580105,96.2697274031564,83.1850509643555,0.667259812355042,21.6637020111084,77.6690368652344,,,,,,662.677856445312,184.349899291992,127.626846313477,5.51440334320068,316.466094970703,67.0391616821289,80.5609817504883,351.0068359375,75.6820220947266,86.2648544311523,9587,1952,5228.8828125,1064.64794921875,33,217,118.35481262207,17.9986591339111,176,313,,,1.70714545249939,0.959928452968597,2.47863340377808,0.95501971244812,107,3,58.3592872619629,1.63624167442322,22.0314483642578,29.7718541234855,884.438653949767,487.840614057525,,,,1061.22273835632,585.351567369376,,,7059,91.4203676134786
2018,MG,31052,Janaúba/Monte Azul,99.0124406823137,98.0672765878614,99.0124406823137,100,94.7295423023578,94.5353675450763,96.6990291262136,90.4299583911234,89.7919556171983,90.8183079056866,100,87.4063800277392,74.1052627563477,2,19.5789470672607,77.9736862182617,,,,,,626.844055175781,137.977737426758,109.517585754395,15.9195404052734,354.244354248047,59.6272163391113,85.3077850341797,390.696655273438,66.6099243164062,90.9945907592773,17137,3541,6173.693359375,1275.66369628906,20,288,103.75350189209,7.20510387420654,281,260,,,0.936663508415222,1.01231718063354,1.01384818553925,1.04996383190155,33,0,11.8884220123291,0,3.64902496337891,19.3975591455528,707.954994691691,234.127478873641,,,,849.463029170617,280.925537509195,,,32357,307.037190844459
2018,MG,31038,Mantena,100,100,99.2514843684048,93.5757575757576,100,100,100,100,100,100,92,95.1515151515152,74.6636734008789,0.336322873830795,28.0269050598145,71.1883392333984,,,,,,760.401916503906,215.828369140625,201.535095214844,2.81954884529114,350.908721923828,76.6821975708008,113.54377746582,389.707275390625,86.9880905151367,121.80867767334,5146,2042,7355.31640625,2918.685546875,0,145,207.252410888672,0,76,63,,,0.900475978851318,1.08628845214844,0.927275836467743,1.10737109184265,19,0,27.1572113037109,0,5.11984920501709,20.2375709389543,682.791439626305,312.573378872724,,,,819.26971198122,375.051424520214,,,6321,227.904965608169
2018,MG,31084,Montes Claros ,100,100,100,100,92.9383506805444,94.0272217774219,95.7566052842274,92.3138510808647,88.470776621297,92.906325060048,100,82.9143314651721,74.3644104003906,3.70056486129761,21.5395488739014,74.7598876953125,,,,,,534.162475585938,102.048950195312,86.3315887451172,13.4328355789185,308.033020019531,46.3848419189453,68.9563751220703,341.454376220703,52.1918106079102,74.1462707519531,27584,4501,6283.2998046875,1025.27307128906,113,775,176.535568237305,25.740026473999,554,1282,,,2.9202401638031,1.2619446516037,2.95036506652832,1.26712679862976,262,2,59.6804122924805,0.455575674772263,19.9209575653076,22.1906631188809,736.024572679534,224.285404684006,,,,883.143233313365,269.116201863375,,,19559,100.236420622592
2018,MG,31065,Itaobim,100,100,100,100,100,100,100,98.7777777777778,100,99.3333333333333,97.4444444444444,92.5555555555556,31.8857135772705,0.342857152223587,20,79.6571426391602,,,,,,750.858276367188,211.178894042969,91.3873596191406,12.6644735336304,377.158294677734,85.7706527709961,62.4081802368164,416.990234375,95.6519012451172,67.9403533935547,5188,1311,6406.99462890625,1619.03820800781,0,114,140.785934448242,0,66,50,,,0.617482125759125,0.815076470375061,0.789450943470001,0.853977799415588,7,0,8.64475059509277,0,2.84041786193848,20.0604847898117,587.019892013335,254.135233487945,,,,704.355078206935,304.932498359822,,,9454,357.883519205961
2018,MG,31032,Pará de Minas,83.8458810625366,80.5264850689032,83.8458810625366,98.9863794741843,100,87.8365536902122,100,95.5020589166931,91.2891986062718,95.4387076338296,90.6873614190687,84.3522331327209,80.358642578125,0.58840012550354,22.9756240844727,76.3238983154297,,,,,,532.808837890625,137.031021118164,104.385398864746,5.21936464309692,349.493713378906,74.8145599365234,90.282829284668,386.723571777344,84.270133972168,97.4128952026367,13201,1879,5320.43115234375,757.297912597656,6,163,65.6942825317383,2.41819453239441,199,216,,,0.870550036430359,0.802034497261047,1.34159421920776,0.808684527873993,71,0,28.6153011322021,0,24.6796894073486,30.0947801614198,742.7130151249,435.984432362668,,,,891.168580436664,523.130226303876,,,5085,44.9609004605909
2018,MG,31025,Vespasiano,91.6845545677604,64.1125355277218,75.3551205357283,73.6760124610592,91.0324877614597,90.2981753449043,94.7263017356475,89.5416110369381,93.1019136626613,89.6973742768135,67.0672007120605,85.3582554517134,74.5162734985352,1.09938430786133,29.5734386444092,69.0633239746094,,,,,,493.982482910156,123.341445922852,94.9729080200195,5.93008756637573,286.906433105469,55.649242401123,72.8350601196289,320.017456054688,62.9368629455566,78.5121917724609,18195,3145,5610.49365234375,969.772094726562,0,177,54.5785903930664,0,235,333,,,1.02681756019592,0.724630951881409,1.69370925426483,0.807655215263367,49,0,15.1093263626099,0,22.1410217285156,28.053034286723,681.82909280922,455.016032803016,,,,818.115008577073,545.965916540179,,,13129,109.110968611824
2018,MG,31078,Congonhas,92.220971373432,86.8390157606948,91.8719845609521,100,98.8943488943489,100,99.7542997542998,100,100,100,100,96.4373464373464,81.0505294799805,0.531914889812469,13.6968088150024,85.638298034668,,,,,,578.513061523438,171.143447875977,119.720062255859,3.61111116409302,307.762359619141,76.6616134643555,85.6422424316406,345.527557373047,87.0656661987305,92.5054168701172,6819,1661,5479.0009765625,1334.59753417969,0,137,110.078178405762,0,122,206,,,1.6551901102066,0.980258226394653,2.6559374332428,0.938275873661041,80,6,64.2792282104492,4.82094240188599,34.8007736206055,28.2577902917579,1280.93746984561,902.044152701833,,,,1536.97485217554,1082.34727368996,,,3759,64.9752107518574
2018,MG,31018,Contagem,80.9948655967302,51.9883703228723,71.2208162455656,100,92.5916184464317,93.740136770121,96.0196387866035,90.7066456251096,93.748904085569,91.4606347536384,95.1867438190426,86.0248991758723,75.5262680053711,0.616121828556061,24.7133331298828,74.3453674316406,,,,,,500.779205322266,120.849952697754,93.3422012329102,8.50379180908203,307.289978027344,62.1384735107422,71.892936706543,343.948883056641,70.6451950073242,77.6532974243164,40065,5735,4611.2890625,660.070922851562,77,540,62.1514053344727,8.86233043670654,585,1038,,,1.19468808174133,0.673306882381439,1.94415926933289,0.775712847709656,255,18,29.3492755889893,2.0717134475708,34.0694427490234,29.1846543359117,765.379086221531,446.530187269632,,,,918.365209540928,535.783896346931,,,36409,101.590396099436
2018,MG,31050,Coração de Jesus,100,100,100,100,100,100,100,100,100,100,100,100,73.4279937744141,1.82555782794952,26.1663284301758,72.0081100463867,,,,,,634.48046875,140.762222290039,75.633430480957,19.5364246368408,348.677093505859,62.3815498352051,55.8739814758301,381.756134033203,69.6086959838867,59.3235168457031,3034,622,6374.21728515625,1306.77758789062,0,33,69.3306427001953,0,49,39,,,0.819362163543701,1.02945506572723,1.09931087493896,1.00056719779968,0,0,0,0,1.44123697280884,21.3734935677843,681.952750164853,313.462953552588,,,,818.263382912564,376.118809887782,,,7420,408.784101525006
2018,MG,31012,Varginha,78.6797993086854,56.1995708047161,59.6511412692775,100,93.7425742574257,93.8613861386139,96.3168316831683,89.6633663366337,90.019801980198,90.7326732673267,100,82.2178217821782,81.6635131835938,0.718336462974548,15.2362947463989,83.8185272216797,,,,,,654.108337402344,166.154525756836,136.627059936523,6.42693185806274,334.244537353516,68.2067489624023,93.4752883911133,372.185180664062,77.1736373901367,101.153396606445,11650,2064,5830.42236328125,1032.96069335938,44,316,158.147079467773,22.0204792022705,233,406,,,2.03188967704773,1.16608440876007,2.59353709220886,1.24978733062744,165,2,82.5767974853516,1.0009309053421,27.9094562530518,31.2705470709257,1204.95866469244,529.210480218499,,,,1445.80918986351,634.990558673884,,,4329,50.1375657072162
2018,MG,31057,Patos de Minas,93.8611119610783,93.3091857654295,90.2695755943821,100,100,100,100,100,100,100,68.277027027027,88.5472972972973,82.2119827270508,0.276497691869736,22.4270343780518,77.2964706420898,,,,,,649.382873535156,165.304397583008,127.891395568848,2.64550256729126,321.310607910156,60.7396583557129,85.353759765625,356.798675537109,69.1373291015625,91.1431121826172,12146,2013,4636.921875,768.49365234375,81,368,140.489654541016,30.9229946136475,369,478,,,1.82483839988708,1.4087141752243,2.48118853569031,1.44316852092743,202,21,77.1166000366211,8.0170726776123,18.3640594482422,26.5771251025665,983.279947561274,514.255983063554,,,,1179.82070758873,617.046914588859,,,8871,80.0015214223312
2018,MG,31098,salinas,100,100,100,100,94.2233632862644,94.2233632862644,95.7637997432606,89.602053915276,85.7509627727856,88.8318356867779,100,82.9268292682927,74.8798065185547,1.32211542129517,16.8269233703613,81.7307662963867,,,,,,706.703491210938,170.13232421875,100.334449768066,19.1358032226562,353.615966796875,70.8021545410156,74.4705047607422,389.762359619141,77.0342636108398,79.2930068969727,5298,1087,7703.9404296875,1580.63110351562,0,52,75.6143646240234,0,59,46,,,0.668896317481995,0.857932209968567,1.26835834980011,0.900465309619904,26,0,37.8071823120117,0,4.96873617172241,19.5839526650433,683.059474764464,263.10454424949,,,,819.59132273627,315.694620170112,,,6977,273.372945693525
2018,MG,31022,Ouro Preto,100,80.9763019877841,85.6301124468521,100,94.1513292433538,95.8282208588957,96.7280163599182,94.7239263803681,92.0654396728016,95.3783231083845,99.2638036809816,87.7300613496933,73.8830184936523,0.649878144264221,14.6222581863403,84.5247802734375,,,,,,648.797302246094,199.546981811523,129.975189208984,7.9800500869751,360.222137451172,85.8473358154297,97.6866836547852,401.781036376953,98.1165084838867,105.676551818848,12099,2824,6525.18603515625,1523.02880859375,10,190,102.470069885254,5.39316129684448,169,270,,,1.45615363121033,0.911444306373596,2.15443325042725,0.952027857303619,67,0,36.1341819763184,0,33.0665512084961,32.0511752459147,1245.86828842294,808.80550358276,,,,1494.89594418675,970.47182128079,,,9613,150.567121772224
2018,MG,31031,Itaúna,86.8447034069758,86.4077041353079,83.6157643440965,97.2774098601913,93.8925680647535,94.8491537895511,96.6887417218543,92.2737306843267,91.9058130978661,93.598233995585,49.7424576894776,93.5246504782929,82.1985778808594,0.354609936475754,17.5177307128906,82.0567398071289,,,,,,685.337036132812,169.509399414062,134.634262084961,1.89349114894867,336.290954589844,70.0026168823242,86.2001190185547,374.825500488281,80.0198440551758,93.2639083862305,6915,1719,5608.4091796875,1394.19445800781,10,106,85.9712753295898,8.11049747467041,119,178,,,1.44366848468781,0.965149164199829,1.58256077766418,1.08619832992554,41,0,33.2530403137207,0,23.2487411499023,31.1854131770983,844.938977421704,475.939747025977,,,,1013.82775544586,571.071921580906,,,3446,65.9781104881953
2018,MG,31009,São Sebastião do Paraíso,99.1395070289353,97.7668158608082,92.6385299123747,100,100,100,100,100,100,100,100,92.6690391459075,86.0524597167969,1.0236724615097,13.1797828674316,85.7965469360352,,,,,,817.818420410156,204.653686523438,136.966659545898,8.37390422821045,349.077026367188,68.983268737793,79.2249908447266,388.936859130859,77.712028503418,85.3277359008789,9781,1389,7788.78466796875,1106.08544921875,30,201,160.059875488281,23.889533996582,182,206,,,1.64041471481323,1.44929850101471,2.09809851646423,1.59203839302063,90,7,71.6686019897461,5.57422494888306,17.6288833618164,29.8647398134464,1026.79424265587,457.693513522032,,,,1232.03276231033,549.178579632008,,,4257,82.1078131717061
2018,MG,31076,Manga,100,100,100,81.587651598677,96.8026460859978,98.1256890848953,98.3461962513782,96.6923925027563,93.8257993384785,97.574421168688,80.8158765159868,91.289966923925,74.1474151611328,0.880088031291962,16.6116619110107,82.2882308959961,,,,,,660.256774902344,194.399200439453,119.091400146484,13.2625999450684,364.948394775391,88.396369934082,94.8519821166992,405.053070068359,99.3158569335938,102.598449707031,4078,1216,7141.9814453125,2129.63452148438,0,59,103.329307556152,0,55,26,,,0.45534947514534,0.963239312171936,0.72505646944046,1.05080652236938,0,0,0,0,0.945725858211517,19.0341883296079,575.385092519887,261.409032125909,,,,690.394682284026,313.660204316996,,,8093,498.054251534428
2018,MS,50004,Três Lagoas,79.4395389872586,93.7639149998737,73.4686734336717,100,100,100,100,100,100,100,100,100,79.4016876220703,0.479561537504196,21.854305267334,77.6204605102539,,,,,,655.765747070312,182.47395324707,149.32926940918,2.44565224647522,388.840087890625,89.3588180541992,107.391555786133,433.251434326172,101.470924377441,117.135307312012,16765,3183,5974.95263671875,1134.40344238281,10,372,132.578720092773,3.5639443397522,326,438,,,1.56100761890411,1.1618458032608,1.35011124610901,1.23276829719543,253,14,90.1677932739258,4.98952198028564,24.7088260650635,25.1329245543292,1259.76720556131,709.707015361077,,,,1511.57301595414,851.565248656525,,,13824,121.12861195266
2018,MS,50001,Campo Grande,71.1826899600311,95.1025660740807,65.5609467886641,100,95.3999556835808,90.8841125637048,100,93.7558165300244,100,94.5801019277642,100,92.6479060491912,71.2605056762695,0.974789917469025,31.3151264190674,67.6638641357422,,,,,,587.676147460938,155.888275146484,143.041809082031,1.43844151496887,336.1728515625,69.9919586181641,103.41471862793,375.514465332031,79.6289901733398,112.85173034668,92566,15107,6161.380859375,1005.55261230469,193,2163,143.973678588867,12.846471786499,1845,3384,,,2.25245904922485,1.22806942462921,2.59517049789429,1.40672194957733,1174,141,78.1438217163086,9.38524627685547,22.3845500946045,24.7809270260875,1246.47577978409,540.815684306655,,,,1495.6248626289,648.915443578696,,,66347,101.176825664608
2018,MS,50003,Dourados,79.6636515912898,80.0015836759555,76.2387696056038,100,93.1595611516089,93.4467270451366,97.1725204329578,92.5115970841617,92.651498416906,88.4029158383035,97.6437670274648,85.5901627273397,71.5037460327148,0.865051925182343,27.6239910125732,71.3019027709961,,,,,,615.895385742188,172.619125366211,138.937347412109,2.48046875,380.794067382812,85.2960433959961,100.772727966309,424.8095703125,96.7726364135742,109.741111755371,54213,12904,6521.39404296875,1552.24890136719,74,1153,138.696762084961,8.90161323547363,985,1127,,,1.35569167137146,1.18487691879272,1.54755747318268,1.25657093524933,579,46,69.6491088867188,5.53343534469604,20.4228267669678,23.3939170808729,967.644993415563,484.538783724684,,,,1161.06059485678,581.389757907795,,,42242,133.587472100207
2018,MS,50002,Corumbá,83.4635328215927,89.0941889515356,79.5462264791794,87.8638602776534,82.5347066726377,78.3699059561129,89.7447380206001,80.1612180922526,81.7733990147783,75.8620689655172,85.3112404836543,70.1746529332736,62.0503578186035,4.09172677993774,28.1924457550049,67.7158279418945,,,,,,602.540222167969,178.668884277344,174.931030273438,3.8461537361145,406.975341796875,104.810356140137,150.253326416016,450.821197509766,115.247467041016,161.42204284668,8518,1898,6367.78857421875,1418.88513183594,7,143,106.902297973633,5.2329797744751,93,150,,,1.12135279178619,0.695238709449768,0.973708033561707,0.838024318218231,64,3,47.8443870544434,2.24270558357239,15.6690368652344,18.4641523046915,1059.38963015798,489.9799458823,,,,1271.14340749561,587.918514853185,,,7556,136.600343651247
2018,MT,51002,Baixada Cuiabana,54.5249084832087,53.0703947672419,41.9839505475605,100,77.0313295975548,75.2929190015283,85.048395313296,77.8973509933775,79.9350483953133,79.4128884360672,99.6816097809475,74.095771777891,70.6216354370117,0.292887032032013,28.2785415649414,70.6096801757812,,,,,,596.46826171875,165.275573730469,139.042938232422,2.24080276489258,394.424530029297,92.8088684082031,109.752792358398,440.197235107422,105.939804077148,119.105102539062,52049,6241,5191.56787109375,622.501403808594,187,1936,193.104110717773,18.6521015167236,1476,2264,,,2.25820088386536,1.4722193479538,2.51746010780334,1.6197155714035,1166,369,116.301338195801,36.8054847717285,28.0615386962891,26.7276500824603,1056.99713988078,466.081959429695,,,,1268.27269953626,559.243731688545,,,51638,105.870421762971
2018,MT,51006,Médio Araguaia,96.5004031060381,99.579921076081,96.5004031060381,99.3405275779376,100,100,100,100,97.6618705035971,100,93.3453237410072,88.189448441247,63.9498443603516,2.66457676887512,31.2434692382812,65.9352111816406,,,,,,416.263122558594,75.2158584594727,83.4586944580078,6.68316841125488,304.2529296875,48.7667694091797,66.2169418334961,339.448913574219,55.2113075256348,71.6138076782227,4365,993,4497.49609375,1023.14178466797,0,179,184.433410644531,0,105,78,,,0.803676307201385,1.08187198638916,0.996610164642334,1.14755702018738,79,0,81.3979873657227,0,6.91985893249512,26.8349501092263,1096.88047014894,774.741298531845,,,,1316.12802197487,929.598767166044,,,5007,158.6033692973
2018,MT,51001,Alto Tapajós,96.0431102324421,95.979769285399,96.0431102324421,100,80.528691166989,80.9800128949065,84.461637653127,79.8839458413926,83.4300451321728,79.7549967762734,100,72.4049000644745,83.2628402709961,0.120845921337605,18.4894256591797,81.3293075561523,,,,,,513.939819335938,127.78539276123,94.2067489624023,6.17059898376465,326.564025878906,66.0598602294922,75.4378890991211,366.814758300781,77.6607284545898,82.7590789794922,6855,1055,6393.93359375,984.040832519531,0,150,139.911010742188,0,104,101,,,0.942067503929138,0.970049738883972,0.874677062034607,0.93507194519043,68,10,63.426326751709,9.32740116119385,4.06861257553101,22.8391864842251,717.177985086086,394.496289564099,,,,860.529536811892,473.349316894962,,,4609,100.893724941865
2018,MT,51013,Sul Matogrossense,79.5444682899118,81.9905792870556,70.7888860835398,100,92.9613420860686,85.0352540724532,97.8847556528082,87.879893022125,89.5210308777048,86.2022854364211,100,84.5489910041332,72.0225372314453,0.450704216957092,28.461971282959,70.557746887207,,,,,,542.476379394531,140.031036376953,101.090896606445,7.92079210281372,366.595489501953,81.4496841430664,82.9099502563477,408.946380615234,92.0880737304688,89.5204925537109,33318,5750,6391.169921875,1102.98425292969,54,834,159.980667114258,10.3584604263306,569,631,,,1.21040523052216,1.09147477149963,1.54456150531769,1.1515154838562,303,27,58.1224708557129,5.17923021316528,16.2842674255371,26.4194636360064,1060.17885491786,629.683464242319,,,,1272.09038471911,755.546365185078,,,24469,99.1173061818144
2018,MT,51009,Norte Araguaia Karajá,100,100,100,78.1893004115226,95.4732510288066,83.5390946502058,100,100,93.0041152263374,97.9423868312757,41.9753086419753,68.3127572016461,59.9388389587402,1.83486235141754,32.415901184082,65.4434280395508,,,,,,386.697601318359,77.3395233154297,61.0575180053711,30.5263156890869,263.833648681641,52.2479553222656,53.0329208374023,293.911773681641,60.0985221862793,54.9849433898926,1212,244,4933.447265625,993.202270507812,0,40,162.820037841797,0,26,18,,,0.732690215110779,1.05833029747009,0.798835813999176,1.16823375225067,0,0,0,0,2.84120965003967,19.3828800745019,1201.9128657004,669.458513321046,,,,1442.15458800687,803.271762885732,,,1586,164.003764888468
2018,MT,51004,Centro Norte,91.572384894476,98.6468393888293,91.572384894476,71.1930926216641,94.1130298273155,94.5054945054945,95.2119309262166,91.0518053375196,91.8367346938775,92.1507064364207,65.2276295133438,81.4756671899529,77.232795715332,0.512445092201233,19.9853591918945,79.3557815551758,,,,,,580.926879882812,140.258041381836,121.358016967773,12.6712331771851,373.672302246094,78.3426666259766,94.1266708374023,414.378265380859,87.958122253418,101.122772216797,5636,1342,5606.34228515625,1334.93823242188,0,197,195.963348388672,0,95,61,,,0.606790065765381,0.945000946521759,0.741825759410858,0.938037753105164,20,0,19.8947563171387,0,7.48838663101196,23.2496199594086,939.557757473555,507.700475548061,,,,1127.35920323835,609.181073802911,,,6915,171.678297810628
2018,MT,51005,Garças Araguaia,92.844934043197,95.373618914432,92.844934043197,80.8716707021792,69.588377723971,61.9854721549637,72.7845036319613,66.2469733656174,61.7433414043584,64.8910411622276,75.593220338983,58.4019370460048,52.4892692565918,15.5793991088867,28.2403430938721,55.3218879699707,,,,,,609.421813964844,178.774322509766,139.841247558594,8.08344173431396,386.782562255859,92.227294921875,107.295143127441,426.827026367188,102.411018371582,113.248291015625,7198,1604,5719.189453125,1274.46228027344,10,245,194.665374755859,7.94552564620972,175,164,,,1.30306613445282,1.39046692848206,1.4691276550293,1.42940008640289,37,0,29.3984451293945,0,11.6076183319092,27.5203628398899,1169.70533542694,584.647722302641,,,,1403.50932604341,701.508752546035,,,7411,164.165499466789
2018,MT,51011,Oeste Matogrossense,69.8171224273884,61.7921897882498,63.5631159544917,100,94.6915351506456,93.2568149210904,100,88.5222381635581,94.1535150645624,89.1319942611191,100,85.4375896700143,69.4877471923828,0.636334717273712,34.4893417358398,64.3970718383789,,,,,,649.613891601562,200.154037475586,127.693214416504,4.05616235733032,392.558441162109,98.728630065918,94.8738327026367,439.543395996094,112.133316040039,104.316780090332,12492,2093,6329.93505859375,1060.56311035156,16,333,168.737457275391,8.10750579833984,210,235,,,1.19078981876373,1.06411004066467,1.30378818511963,1.09970712661743,121,29,61.3130111694336,14.6948537826538,10.5747203826904,21.3699405653084,601.95592254413,339.585095920824,,,,722.276564507062,407.462319504819,,,13089,160.053099480722
2018,MT,51007,Médio Norte Matogrossense,83.477656865015,65.6620850786167,77.4156475615147,100,100,100,100,100,100,100,97.6012793176972,100,73.7581787109375,0.266537427902222,22.7041435241699,76.9081649780273,,,,,,471.892913818359,105.501190185547,97.3228073120117,8.05892562866211,377.531494140625,75.5565032958984,92.0543212890625,421.910583496094,87.073486328125,99.3695220947266,12177,2901,4979.4111328125,1186.27502441406,0,317,129.627426147461,0,210,269,,,1.09999299049377,0.858730614185333,1.34033536911011,0.86680680513382,199,75,81.3749542236328,30.6689510345459,19.3508815765381,24.3345839873828,852.863591403734,519.310002610032,,,,1023.33636354759,623.111145769696,,,7244,71.7418758180006
2018,MT,51008,Noroeste Matogrossense,76.361830157997,89.951974487633,75.2045355319189,100,100,100,100,100,100,100,100,88.4194831013916,63.8995323181152,0.979140043258667,25.329927444458,73.6057891845703,,,,,,374.241851806641,81.116455078125,85.4180908203125,6.07553386688232,301.667785644531,58.1803512573242,81.2179107666016,339.082092285156,66.4556427001953,89.8376235961914,9598,2477,5898.14990234375,1522.16259765625,0,222,136.423126220703,0,122,83,,,0.510050475597382,0.749712705612183,0.660761117935181,0.765690207481384,91,10,55.9211959838867,6.14518594741821,2.31857872009277,24.1746881007548,733.362258970773,365.758925025784,,,,879.948768856439,438.867847148813,,,6581,95.5620031446788
2018,MT,51012,Sudoeste Matogrossense,91.5030011379134,100,88.8970926747913,94.5066666666667,97.0666666666667,95.5733333333333,100,94.5066666666667,94.2933333333333,85.5466666666667,82.8266666666667,87.7333333333333,71.6971817016602,0.890648186206818,31.4200897216797,66.9470596313477,,,,,,527.715637207031,121.585678100586,98.7883682250977,9.76000022888184,383.747344970703,80.2585830688477,77.728385925293,429.078277587891,89.9074096679688,84.1726531982422,9658,2601,8154.68408203125,2196.14135742188,0,166,140.161270141602,0,99,73,,,0.616371870040894,0.8359015583992,0.652889788150787,0.810571193695068,66,0,55.7267684936523,0,8.57516765594482,20.8345740901884,884.513999722036,519.886356592514,,,,1061.31314445336,623.802703006392,,,5925,131.844493016407
2018,MT,51003,Araguaia Xingu,83.8107743875048,97.8863586624739,83.8107743875048,93.0756843800322,96.2962962962963,94.7665056360709,100,95.9742351046699,99.2753623188406,98.1481481481482,75.2818035426731,90.9822866344606,72.5341415405273,1.06221544742584,27.3899841308594,71.5477981567383,,,,,,388.264770507812,89.5134963989258,61.54052734375,16.426513671875,316.499084472656,66.1612091064453,54.3873710632324,352.804901123047,76.2406311035156,58.2597732543945,4412,626,4936.66943359375,700.443115234375,0,129,144.340515136719,0,63,38,,,0.425189107656479,0.704918742179871,0.542955279350281,0.729255259037018,22,0,24.6162109375,0,2.21433997154236,21.1030917633316,813.177777854568,382.346809726206,,,,975.718038024995,458.771364873537,,,5226,171.507722353924
2018,MT,51014,Teles Pires,88.7702568302814,76.7380409134343,83.5605218510501,100,100,100,100,100,100,100,100,94.0434838543677,74.656120300293,0.298028439283371,22.6845474243164,77.0174255371094,,,,,,414.637268066406,81.4127960205078,77.1528244018555,3.76712322235107,365.027282714844,69.8989105224609,74.6699371337891,410.053009033203,80.6158981323242,80.536247253418,21307,2964,5042.62353515625,701.475341796875,22,368,87.0927581787109,5.20663213729858,543,666,,,1.57618963718414,1.28509151935577,1.70676958560944,1.28266572952271,335,70,79.2828063964844,16.566556930542,20.1229248046875,28.0643049475943,974.223889018897,695.992658739445,,,,1168.95449860732,835.109627880784,,,11913,64.8191183867304
2018,MT,51010,Norte Matogrossense,89.4177207628321,100,89.4177207628321,100,94.3564356435644,93.5643564356436,100,91.3861386138614,90.8910891089109,85.3465346534653,100,84.2574257425743,77.8681106567383,1.53568208217621,20.3252029418945,77.8681106567383,,,,,,604.273498535156,137.995147705078,129.279663085938,10.3365383148193,365.187591552734,67.9046096801758,95.2894744873047,408.897583007812,77.1897201538086,102.243553161621,4342,887,6307.1044921875,1288.43896484375,8,129,187.382888793945,11.6206436157227,84,68,,,0.987754762172699,1.22016763687134,1.27463936805725,1.31204330921173,39,10,56.6506385803223,14.5258054733276,3.73313188552856,25.4489532350617,837.649421155598,543.477364436015,,,,1005.08114218154,652.10914781459,,,3141,108.117470942941
2018,MT,51015,Vale do Peixoto,88.9481707317073,99.1645168855535,88.9481707317073,79.2127921279213,75.5227552275523,73.6777367773678,79.7662976629766,76.3837638376384,73.5547355473555,75.3382533825338,75.7687576875769,62.2386223862239,74.2683563232422,0.938707888126373,25.3451137542725,73.4953079223633,,,,,,505.285552978516,94.0287017822266,113.024398803711,5.26315784454346,341.872222900391,48.6656723022461,85.6983261108398,378.600616455078,54.6711730957031,92.7916412353516,6623,1039,6290.42529296875,986.826477050781,0,163,154.81494140625,0,80,66,,,0.626857995986938,0.75982791185379,0.777873814105988,0.799243986606598,33,0,31.3429012298584,0,2.75912499427795,29.014516130947,845.109983290338,458.694724339431,,,,1014.03294244824,550.379915282103,,,5750,138.892426993665
2018,MT,51016,Vale dos Arinos,81.4579789369063,92.4482501576865,81.4579789369063,100,100,100,100,100,100,100,100,100,69.6009368896484,2.81690144538879,21.7136154174805,75.469482421875,,,,,,494.423797607422,120.817840576172,98.5130081176758,6.39097738265991,308.376800537109,67.4026107788086,73.3904571533203,348.292724609375,77.9764251708984,82.0366363525391,2447,500,4548.3271484375,929.368041992188,0,88,163.568771362305,0,43,33,,,0.613382875919342,0.799256503582001,0.975836455821991,0.787174701690674,32,0,59.4795532226562,0,5.27323436737061,23.1944529779313,918.524342208375,519.168034748371,,,,1102.12156980271,622.940800972759,,,1759,71.4912258487768
2018,PA,15011,Tocantins,58.806971076363,95.6390663809939,53.3375727247667,68.7299244726105,74.0168417397343,68.408716034378,79.6423300633736,67.8097057036201,74.8762913447348,48.6847816650751,63.4082819689209,64.1895997916486,49.1862258911133,2.47812223434448,49.5215492248535,47.8449325561523,,,,,,385.652862548828,93.3610229492188,85.0303497314453,12.6256980895996,313.455810546875,67.8084564208984,82.8074951171875,348.757293701172,76.6743011474609,88.7681579589844,47063,11235,6759.76904296875,1613.70947265625,0,778,111.745964050293,0,340,279,,,0.40073424577713,0.488349974155426,0.489714503288269,0.529752016067505,144,20,20.6830577850342,2.87264704704285,3.53551030158997,19.8804964197213,385.84712370904,172.278671665454,,,,462.97133145503,206.714216852384,,,118242,496.745095082519
2018,PA,15003,Carajás,58.5707151124873,81.0299829021663,54.0124679048397,85.752688172043,69.4444444444444,49.8719918074757,78.0401945724526,66.0778289810548,73.4575012800819,54.7555043522785,78.5138248847926,65.3993855606759,55.2262878417969,1.32052075862885,49.7086181640625,48.8716659545898,,,,,,443.24462890625,112.665740966797,96.2063369750977,8.65585803985596,390.053924560547,95.6932830810547,99.805534362793,434.892669677734,108.250885009766,107.67830657959,47914,10721,5553.77197265625,1242.6845703125,38,1014,117.53401184082,4.40462779998779,561,615,,,0.712854206562042,0.650262117385864,0.784081697463989,0.665881156921387,342,9,39.6416473388672,1.04320132732391,13.9968633651733,29.9372077509779,835.375278436165,498.485988002139,,,,1002.35243742248,598.124768583365,,,66388,193.140073414584
2018,PA,15007,Metropolitana II,71.0480090401549,99.7877018091498,68.0310811264391,80.2511415525114,78.1800391389432,76.5818656229615,83.5453359425962,77.1526418786693,81.4253098499674,71.0697977821265,66.9765166340509,75.2446183953033,42.9697570800781,3.28185319900513,57.1106834411621,39.1891899108887,,,,,,446.665252685547,123.34114074707,83.7840728759766,9.47109508514404,343.860015869141,80.2362213134766,81.8629760742188,384.240661621094,92.3316497802734,87.7864685058594,24504,8751,6731.294921875,2403.91625976562,0,445,122.242340087891,0,146,91,,,0.249978706240654,0.40106475353241,0.422628849744797,0.457515984773636,51,0,14.0097961425781,0,1.52541959285736,17.8407506353177,384.369547516754,124.70190934112,,,,461.1984131798,149.627677531111,,,55294,432.232578245127
2018,PA,15013,Marajó I,55.0344083574592,97.7787329801894,55.0344083574592,86.3556116015132,73.3165195460277,72.9129886506936,76.015132408575,68.4741488020177,71.8032786885246,67.5409836065574,70.5422446406053,68.3480453972257,35.2883453369141,5.42331266403198,60,33.128833770752,,,,,,333.959777832031,105.373641967773,85.045654296875,7.45341634750366,270.672058105469,77.6980743408203,82.4971313476562,299.981964111328,87.6467056274414,88.0672225952148,13951,4672,5787.66796875,1938.21118164062,0,221,91.6833648681641,0,86,55,,,0.228171274065971,0.356776893138885,0.258663237094879,0.374512016773224,0,0,0,0,0.476670533418655,18.6051895253136,359.145333948596,131.305543727902,,,,430.932312895579,157.551264922671,,,41712,590.654923771219
2018,PA,15001,Araguaia,69.1839127609602,95.9780087340683,68.4597038548243,100,76.7388978063135,80.6179775280899,86.3563402889246,76.7924023542001,72.4317817014446,77.1134296415195,95.0107009095773,64.9812734082397,59.234748840332,1.55215978622437,47.6236305236816,50.6196594238281,,,,,,409.920532226562,96.7892837524414,76.1767501831055,14.5168342590332,363.325103759766,84.2294692993164,78.1841659545898,403.827941894531,94.3078994750977,83.425178527832,38745,13019,6944.63134765625,2333.51806640625,19,960,172.069839477539,3.40554881095886,362,252,,,0.451683312654495,0.648846685886383,0.613939821720123,0.702573716640472,271,7,48.5738830566406,1.25467586517334,2.83646368980408,19.1054017064919,521.080446686245,206.759265499704,,,,625.235471184778,248.086888710995,,,43607,203.14814984894
2018,PA,15002,Baixo Amazonas,67.7118635036341,100,60.7061406313277,89.4589178356713,65.6646626586506,53.9612558450234,77.0474281897128,65.3173012692051,83.2865731462926,33.4535738142953,77.4215096860387,70.187040748163,45.6265525817871,2.26157855987549,45.295280456543,52.1373519897461,,,,,,462.708557128906,113.686645507812,99.7205505371094,13.0606489181519,341.295959472656,72.0917053222656,91.4032287597656,378.176635742188,81.2529602050781,97.6869049072266,44744,8995,5840.17822265625,1174.06591796875,47,1013,132.221099853516,6.13464117050171,602,424,,,0.553422927856445,0.785756170749664,0.791205525398254,0.886031448841095,163,9,21.2754573822021,1.17471849918365,5.43724727630615,23.7035028113678,476.642294890445,219.390772641047,,,,571.914896687463,263.243217008316,,,98894,389.138763816846
2018,PA,15012,Xingu,70.7066407557228,85.9229599535012,70.436865558602,96.199457065295,77.0681525932276,78.9541363051865,88.7841120160023,81.8545506500929,89.0841548792685,88.9412773253322,82.4403486212316,77.1395913701957,54.1463432312012,1.95121955871582,52.6972732543945,42.8264007568359,,,,,,471.510284423828,103.882316589355,97.2453842163086,4.34516525268555,395.697052001953,80.8754730224609,97.0760803222656,439.048583984375,90.4259719848633,104.001266479492,25787,6249,7441.14794921875,1803.22375488281,20,482,139.086868286133,5.77123975753784,285,183,,,0.528068423271179,0.822401642799377,0.615502715110779,0.855441987514496,98,0,28.27907371521,0,2.37515354156494,20.9917501718186,534.328610584347,259.644756820704,,,,641.131715324889,311.543280704213,,,48087,444.443447413577
2018,PA,15014,Marajó II,55.4061997128513,93.5529667209487,55.4061997128513,76.2107284949925,46.8788585539855,39.4567155988476,55.2201948141034,47.5373851008369,63.918232953766,38.2356976265606,53.0937028398957,53.0799835368363,24.0305309295654,17.5427799224854,59.079158782959,23.2303333282471,,,,,,286.542022705078,55.6637916564941,75.2726287841797,9.60264873504639,268.521514892578,52.3625297546387,78.5393600463867,296.336486816406,58.8664970397949,83.7042388916016,19464,4378,6155.9091796875,1384.63684082031,0,294,92.9838333129883,0,151,87,,,0.275156229734421,0.477570027112961,0.382214158773422,0.50737863779068,17,17,5.37661600112915,5.37661600112915,0.423803865909576,17.8684956888028,354.500926102583,113.539013384211,,,,425.35956775336,136.233510550197,,,48612,588.352512611502
2018,PA,15006,Metropolitana I,55.9437784937309,46.8071867572343,39.3875661715814,86.1543022796152,69.9960469100013,65.4137567531954,74.2324416919225,64.2377124785874,73.0003953089999,57.8468836473844,80.6628014231124,63.9412307286863,55.8366737365723,5.89462518692017,38.083251953125,55.717456817627,,,,,,612.907165527344,153.53044128418,132.882766723633,1.20366966724396,400.799865722656,81.5826568603516,108.657218933105,449.341369628906,93.257080078125,117.516899108887,115115,21930,5178.33447265625,986.499389648438,303,3689,165.946029663086,13.6301555633545,2151,4164,,,1.87313425540924,0.967606127262115,2.08172512054443,0.988726079463959,2764,429,124.335807800293,19.2981414794922,23.755786895752,22.2867849028981,530.991182910007,218.539517815355,,,,637.127193225123,262.221810975093,,,179790,182.077658351412
2018,PA,15009,Rio Caetés,94.2978115555792,100,94.2978115555792,93.9247497411115,76.15924519618,74.6174203198711,82.3265447014153,74.9626049936716,81.5556322632608,58.577839143942,83.6842710850305,67.598665285928,42.4013061523438,14.0095491409302,42.1218109130859,43.7871208190918,,,,,,492.557586669922,160.272232055664,99.8906021118164,13.3560352325439,367.622680664062,104.389358520508,96.0306854248047,410.656829833984,117.902496337891,103.527862548828,35872,7144,6685.2158203125,1331.37780761719,36,746,139.02685546875,6.70907068252563,330,250,,,0.465907663106918,0.61499810218811,0.6551593542099,0.736227333545685,202,4,37.6453399658203,0.745452284812927,1.4109548330307,20.2655341662742,427.998986887569,145.187255564188,,,,513.548627539243,174.207692343824,,,77167,440.918190866881
2018,PA,15008,Metropolitana III,84.6101559113656,96.6908786816054,83.5823493097605,96.4094672821866,83.9891551256686,80.6111233238074,89.0525390195647,81.021469920129,83.0732029017367,78.3395618084561,84.5313988422364,75.8408441415696,52.636402130127,1.95262932777405,42.6899757385254,54.9485397338867,,,,,,447.274169921875,128.822708129883,90.0790405273438,6.56881618499756,350.897430419922,88.2762985229492,85.2974014282227,391.611785888672,100.698959350586,91.5183334350586,56392,13280,6068.98095703125,1429.21105957031,26,1198,128.930328369141,2.79815411567688,574,373,,,0.40142747759819,0.617746353149414,0.646804094314575,0.645028352737427,219,14,23.5690670013428,1.50669836997986,2.97626733779907,21.6328112350372,507.540908530685,174.188773637363,,,,608.989612081542,209.006115375946,,,119932,341.196561950987
2018,PA,15010,Tapajós,75.327892471719,100,69.945901227912,90.4422979156075,68.9628876461617,64.4128113879004,83.2231825114387,73.4112862226741,86.0701576004067,45.9837315709202,79.6136248093543,73.640061006609,47.5233955383301,2.05432558059692,45.6060256958008,51.1298789978027,,,,,,493.569519042969,115.680358886719,105.700096130371,9.55882358551025,421.761383056641,98.4776992797852,106.320068359375,467.629180908203,112.217552185059,113.140914916992,11847,2452,5374.37353515625,1112.34606933594,0,207,93.9052352905273,0,174,75,,,0.340236335992813,0.789348304271698,0.423480838537216,0.929298877716064,360,0,163.313446044922,0,1.65037310123444,18.7465381964316,518.300186557106,227.131332437884,,,,621.899484845407,272.530981656916,,,25448,345.281393441545
2018,PA,15004,Lago de Tucuruí,55.4454871844015,78.6597609597269,52.2830953553624,94.3270622286541,72.6628075253256,57.698986975398,80.2749638205499,68.8133140376266,81.2011577424023,53.2995658465991,87.7713458755427,71.5050651230101,57.9190254211426,0.967549860477448,44.5072937011719,53.9743957519531,,,,,,355.263671875,89.7531433105469,72.1112518310547,6.02110481262207,344.280181884766,86.5176696777344,82.3515014648438,384.726715087891,98.1880722045898,89.5460739135742,18272,3263,4029.40893554688,719.56884765625,15,476,104.969284057617,3.3078556060791,304,144,,,0.317554116249084,0.670392036437988,0.453341603279114,0.717970013618469,211,15,46.5305023193359,3.3078556060791,1.6801700592041,19.9255072603106,466.729670411468,186.6067758535,,,,560.020908962142,223.906262783426,,,43500,266.860553843581
2018,PB,25011,11ª Região,99.0948736937382,100,99.0948736937382,70.0943396226415,85.188679245283,85.7547169811321,86.9811320754717,85.377358490566,85.8490566037736,85.188679245283,60.188679245283,80.9433962264151,81.5642471313477,3.35195541381836,14.6182498931885,81.8435745239258,,,,,,592.946044921875,203.160797119141,154.732940673828,4.18326711654663,313.092010498047,77.1973648071289,95.163818359375,348.683959960938,88.4335098266602,104.434242248535,1944,405,2296.189453125,478.372833251953,0,124,146.464767456055,0,101,74,,,0.874063909053802,1.19297909736633,0.919538915157318,1.31523001194,4,0,4.72466993331909,0,0.740592002868652,20.9184266711561,707.273893923899,240.946565457089,,,,848.645788066709,289.107642288151,,,13257,519.275753886134
2018,PB,25007,7ª Região,100,100,100,88.0629408572979,100,100,100,100,100,100,78.8388497015735,93.5973955507325,71.2550582885742,2.02429151535034,23.0263156890869,74.8987884521484,,,,,,621.234924316406,177.495697021484,135.138763427734,13.0952377319336,310.98876953125,60.8711891174316,85.5847930908203,344.730743408203,68.9893188476562,93.2099685668945,5849,1247,3932.47094726562,838.398254394531,10,348,233.971603393555,6.72332191467285,236,123,,,0.826968610286713,1.58670401573181,1.00984299182892,1.58384656906128,21,10,14.1189756393433,6.72332191467285,1.08917808532715,19.3937070771443,853.359736014409,286.799827549128,,,,1023.93167893776,344.126183305748,,,25249,520.555858017262
2018,PB,25003,3ª Região,100,100,100,82.032667876588,100,100,100,99.0925589836661,97.967332123412,98.0036297640653,71.8330308529946,87.1506352087114,75.0787506103516,1.61008048057556,24.7812385559082,72.8736419677734,,,,,,677.181396484375,207.580764770508,129.229202270508,12.5469570159912,334.174041748047,76.021598815918,86.3760604858398,372.199340820312,86.3910903930664,93.6429290771484,7974,1185,4056.98291015625,602.900024414062,0,180,91.5797500610352,0,163,114,,,0.58000510931015,0.829305529594421,0.684813022613525,0.826507270336151,0,0,0,0,3.13457131385803,21.0757711262265,579.838763018658,222.119566542619,,,,695.738564961852,266.517449905877,,,30218,438.371083371217
2018,PB,25002,2ª Região,100,98.9685283947723,100,100,100,100,100,100,91.7687408133268,100,94.5124938755512,81.7736403723665,70.9843368530273,1.07382547855377,23.3333339691162,75.5257263183594,,,,,,705.17626953125,243.321701049805,146.449661254883,3.79278445243835,348.307098388672,86.5064086914062,97.9961547851562,388.560943603516,98.3862991333008,107.036994934082,15001,2635,4892.853515625,859.453979492188,6,281,91.6533508300781,1.95701098442078,300,247,,,0.805636167526245,0.978505492210388,0.876251697540283,0.98095178604126,90,0,29.3551654815674,0,2.30111885070801,19.3206657704686,570.767218705842,232.531660415324,,,,684.853774870674,279.010742371407,,,46811,443.279110797397
2018,PB,25015,15ª Região,100,100,100,66.3307375171782,96.0146587265231,98.2592762253779,100,91.9835089326615,89.9221255153459,89.8305084745763,46.7246907924874,78.6074209803023,79.356803894043,1.34724032878876,20.0782260894775,78.0964813232422,,,,,,716.679382324219,210.358673095703,134.045593261719,9.90740776062012,348.611236572266,73.6363830566406,94.0736694335938,387.913238525391,83.2606582641602,99.9937210083008,7173,1174,4759.94580078125,779.057006835938,0,128,84.9397811889648,0,137,85,,,0.564053237438202,0.909121096134186,0.767112374305725,0.981784403324127,0,0,0,0,3.09101176261902,19.2282588757805,651.146427697982,247.268141768403,,,,781.299406111028,296.692793043223,,,25000,486.053238044742
2018,PB,25001,1ª Região Mata Atlântica,91.2636286223669,96.5272982644847,84.7916234629937,100,85.5879797618439,85.061583277968,94.7258138702918,81.2848162722952,97.4855624265345,81.6527827464609,100,78.7703786988297,66.7639923095703,2.15571784973145,32.2871055603027,65.2798080444336,,,,,,638.328002929688,159.582000732422,143.508438110352,2.26506018638611,377.326965332031,75.9899063110352,108.07194519043,421.795593261719,86.6464691162109,117.182601928711,66324,9335,5100.77880859375,717.926696777344,227,2542,195.49755859375,17.4578857421875,2247,3044,,,2.34104871749878,1.72809994220734,2.31159329414368,1.6593451499939,890,149,68.4472198486328,11.4591407775879,21.0402908325195,20.4549098765889,729.645696731865,292.636927848537,,,,875.489329709549,351.130019621739,,,129776,259.398071562301
2018,PB,25005,5ª Região,100,100,100,99.4818652849741,96.6968911917098,97.1502590673575,98.4455958549223,93.199481865285,89.7668393782383,94.2357512953368,94.300518134715,82.6424870466321,65.5401306152344,1.3277006149292,23.4761619567871,74.9547348022461,,,,,,753.270690917969,197.390548706055,155.788055419922,7.75558185577393,360.341949462891,61.6869239807129,96.5724487304688,398.045135498047,69.8539352416992,103.621391296387,4819,1010,4265.5830078125,894.010986328125,0,164,145.166137695312,0,141,75,,,0.663869559764862,1.24807476997375,0.799298942089081,1.27020382881165,0,0,0,0,1.96151328086853,19.572175138913,869.557618947109,335.106233444145,,,,1043.3672402451,402.088209405723,,,19864,456.577649741382
2018,PB,25010,10ª Região,100,100,100,100,100,100,100,97.1898560657985,100,100,79.2323509252913,64.9074708704592,67.5949401855469,2.59493660926819,20.6962032318115,76.7088623046875,,,,,,694.681823730469,137.569213867188,133.296875,6.15006160736084,325.037567138672,41.8749580383301,79.7501831054688,363.703155517578,49.0385589599609,86.4973220825195,2851,435,2436.0859375,371.693206787109,14,172,146.968353271484,11.9625406265259,149,96,,,0.820288479328156,1.27315604686737,1.02087461948395,1.29109990596771,94,2,80.3199157714844,1.70893430709839,4.25439214706421,20.6772155268321,725.449114911058,230.910590286045,,,,870.453923317342,277.06564818768,,,19298,546.711174763381
2018,PB,25006,6ª Região,99.9672300575995,99.7680896383963,99.9672300575995,100,89.8432397126061,83.3115610711953,92.4232527759634,84.2586544741999,81.5153494448073,80.9928151534944,100,72.4689745264533,82.9268264770508,4.23324918746948,23.9416885375977,71.7689971923828,,,,,,639.638122558594,222.372543334961,123.446350097656,5.81625890731812,343.616851806641,91.8454208374023,82.7090301513672,384.129333496094,104.672225952148,90.1027450561523,7047,1330,2979.2001953125,562.272766113281,17,457,193.201995849609,7.18694496154785,368,210,,,0.887799084186554,1.55576229095459,1.17897605895996,1.52384376525879,55,6,23.251880645752,2.53656888008118,3.27217388153076,18.6438189851797,780.532278351252,262.858995559253,,,,936.547264310839,315.399990517405,,,33188,405.752709243215
2018,PB,25016,16ª Região,99.9668031426358,86.3753204040947,92.4962404105526,97.3361949248832,100,100,100,100,100,100,95.391995960106,97.752808988764,76.8277282714844,1.46906924247742,25.1807651519775,71.7778015136719,,,,,,701.314270019531,214.538986206055,143.69548034668,6.82114028930664,370.788055419922,88.7743148803711,102.552597045898,410.995544433594,100.254470825195,109.987083435059,29729,5460,5428.1103515625,996.921569824219,122,1442,263.28955078125,22.2755374908447,852,1217,,,2.22207617759705,1.55563592910767,2.15246510505676,1.46484482288361,403,39,73.5823059082031,7.12086868286133,16.1959590911865,20.7779643117324,726.709606916556,232.6763427766,,,,871.966366008282,279.184344249773,,,48491,213.751240439125
2018,PB,25014,14ª Região,100,100,100,69.6267696267696,98.4126984126984,99.9570999571,100,97.8549978549979,96.0960960960961,91.4628914628915,65.5083655083655,86.2290862290862,65.7273406982422,1.33282554149628,31.035795211792,67.4409713745117,,,,,,651.181823730469,224.545455932617,157.181823730469,3.54969573020935,385.545684814453,112.154983520508,120.482391357422,425.875823974609,126.092559814453,129.760375976562,8112,1157,5357.390625,764.114990234375,0,128,84.5347595214844,0,180,95,,,0.627406418323517,1.18877005577087,0.762463927268982,1.35767447948456,10,10,6.60427808761597,6.60427808761597,1.93571400642395,20.5721566446305,576.236744684336,255.914508469023,,,,691.416565077194,307.067419825858,,,27647,479.061118866142
2018,PB,25004,4ª Região,100,100,100,99.9243570347958,100,100,100,100,99.7730711043873,100,84.8714069591528,88.8048411497731,80.6704711914062,0.713266789913177,17.8316688537598,80.8844528198242,,,,,,647.0625,177.520568847656,106.512344360352,8.9163236618042,290.113922119141,51.5987129211426,68.7729263305664,322.7412109375,58.9639739990234,74.4584350585938,5464,1441,4849.86181640625,1279.03576660156,0,256,227.226333618164,0,125,65,,,0.576941847801208,1.10950350761414,0.811269044876099,1.2368745803833,0,0,0,0,1.26305890083313,20.1015434404227,676.251878616796,273.490616354975,,,,811.4230051337,328.156689564441,,,20099,558.166093985488
2018,PB,25008,8ª Região,100,100,100,73.9339752407153,100,99.7248968363136,100,96.4924346629986,92.4346629986245,97.1801925722146,67.4002751031637,83.1499312242091,77.8301849365234,1.61725068092346,21.2938003540039,77.0215606689453,,,,,,646.655944824219,165.482833862305,150.207489013672,2.88713908195496,352.463073730469,62.0859756469727,108.304878234863,392.332427978516,71.7654571533203,115.863609313965,4742,1190,4024.20288085938,1009.86956787109,0,214,181.606796264648,0,142,90,,,0.763766884803772,1.20505440235138,0.788589358329773,1.05357396602631,3,0,2.54588961601257,0,1.57590568065643,23.1275068603762,723.58866946354,290.670311025745,,,,868.221606803855,348.770309900029,,,16900,362.886587558652
2018,PB,25009,9ª Região,99.8197376055521,100,99.8197376055521,100,100,100,100,100,100,100,100,88.09738503156,79.9157867431641,4.04210519790649,18.8631572723389,77.0105285644531,,,,,,688.874450683594,193.020690917969,132.454086303711,6.73788022994995,327.070098876953,70.7803955078125,88.0268096923828,362.312255859375,79.2108840942383,94.2351531982422,10574,3323,5985.33935546875,1880.96118164062,7,285,161.322280883789,3.96230149269104,247,225,,,1.27359688282013,1.39812636375427,1.10364246368408,1.22095489501953,67,0,37.9248847961426,0,2.34851264953613,18.1750792488024,689.31897244802,245.866627741256,,,,827.101986412957,295.011140452518,,,26226,489.183090442758
2018,PB,25013,13ª Região,100,100,100,100,100,100,100,100,96.814404432133,100,100,87.9501385041551,78.9473648071289,0.734394133090973,24.8470020294189,74.2962036132812,,,,,,766.752075195312,163.595809936523,165.248291015625,6.89655160903931,328.314086914062,45.0579681396484,97.5218505859375,367.038177490234,52.2056121826172,105.897399902344,2909,612,4807.07275390625,1011.31951904297,0,114,188.383041381836,0,96,52,,,0.859291076660156,1.5863835811615,1.32653057575226,1.72106087207794,8,6,13.2198629379272,9.91489696502686,5.86135673522949,18.9081537089914,732.364467052824,265.028991204185,,,,878.751535485026,318.003730991944,,,9002,434.012156512438
2018,PB,25012,12ª Região,100,99.7010327443034,100,65.6652360515021,98.0881779165041,99.414748341787,100,92.859929769801,94.9278189621537,90.3628560280921,54.8966055403824,79.5552087397581,70.0072631835938,1.01670300960541,25.3812637329102,73.1299896240234,,,,,,654.666320800781,205.50830078125,139.472396850586,5.65217399597168,334.792327880859,74.8938674926758,94.0742645263672,373.835235595703,85.4067840576172,103.19352722168,8937,2642,5087.611328125,1504.02478027344,0,221,125.809791564941,0,169,115,,,0.654666364192963,0.962074875831604,0.776918172836304,0.978868544101715,23,0,13.0933265686035,0,1.89511680603027,20.2556244459467,611.413455402156,243.848099795952,,,,733.624495618924,292.589143467201,,,33382,553.138373426568
2018,PE,26010,Recife,67.8782851136772,73.1372060060987,61.0508886416636,100,84.9428444838281,84.2428001772264,94.1781125387683,87.1262738147984,99.6101019051839,85.1041205139566,100,72.6575099689854,62.2786483764648,2.26772093772888,33.7186851501465,63.5252113342285,,,,,,658.226257324219,160.850128173828,142.53173828125,0.866300880908966,375.314605712891,75.6430282592773,99.3899765014648,422.167449951172,86.5230026245117,108.297828674316,263551,41893,6261.7744140625,995.346252441406,829,9217,218.989013671875,19.696418762207,5975,9802,,,2.32888174057007,1.41961526870728,2.69164395332336,1.5711635351181,4068,775,96.6526336669922,18.4134197235107,25.6267032623291,18.8454651723985,567.785114924434,299.120570569096,,,,681.275599802414,358.909631075522,,,377010,189.712759249582
2018,PE,26001,Afogados da Ingazeira,100,100,100,100,100,100,100,100,98.5821189444663,100,100,81.8038597873178,84.6265411376953,0.435097903013229,14.0681657791138,85.4967346191406,,,,,,715.710815429688,207.429458618164,160.454345703125,5.16224193572998,332.720977783203,68.891471862793,95.5723037719727,371.374847412109,79.0671463012695,103.967544555664,13534,1487,7143.384765625,784.853942871094,0,378,199.512298583984,0,188,155,,,0.81810599565506,0.992283403873444,0.997165679931641,1.05694019794464,40,0,21.1124134063721,0,1.20657444000244,18.0686523180714,586.147170798825,236.953314582065,,,,703.307915022753,284.316209202757,,,30623,464.479543071048
2018,PE,26009,Petrolina,92.2258803263315,82.538567731497,90.5173489388591,100,88.6484610043971,87.5491784309188,94.5035871326082,85.1076139782458,90.8817403378848,86.0217542235594,100,79.3913445961583,73.3007583618164,1.59928917884827,21.2794322967529,76.9768981933594,,,,,,519.155517578125,120.901985168457,104.031944274902,9.32301712036133,384.243103027344,77.7859344482422,93.6716995239258,427.257934570312,88.5772476196289,100.53401184082,29059,3880,5836.03125,779.235412597656,51,720,144.600387573242,10.2425270080566,629,883,,,1.77336299419403,1.26324498653412,1.81342935562134,1.35321855545044,206,26,41.3717765808105,5.22168064117432,13.6187448501587,21.4177013907063,442.56139747403,217.103165109736,,,,531.021813690276,260.498356052929,,,59113,326.772279363964
2018,PE,26003,Caruaru,82.4622370800052,91.5310637042127,80.1650065443249,100,100,100,100,100,100,100,100,98.9227192833248,73.6072006225586,1.22101938724518,26.3334808349609,72.3268585205078,,,,,,688.385864257812,178.926116943359,145.235565185547,5.10692644119263,409.120727539062,85.9563369750977,108.856254577637,457.584869384766,97.485595703125,118.495346069336,67219,9721,4923.1416015625,711.96923828125,88,2000,146.480651855469,6.44514894485474,1293,1326,,,0.971166729927063,0.946997463703156,1.13548147678375,0.973400592803955,325,10,23.8031063079834,0.73240327835083,6.82826900482178,21.8022167268587,473.472305356803,222.532732863082,,,,568.111280734646,267.013201071929,,,196691,350.518057222411
2018,PE,26008,Palmares,92.0254039546831,98.9256541648142,89.8689236420989,95.457552370452,100,100,100,100,100,100,85.7001102535832,100,61.3788185119629,2.42127871513367,32.609733581543,64.6350173950195,,,,,,606.341186523438,180.63981628418,125.282455444336,3.28350234031677,430.2490234375,111.309173583984,107.124359130859,480.923400878906,126.772346496582,115.87914276123,31442,4806,5089.31640625,777.916625976562,30,919,148.752685546875,4.85590887069702,344,349,,,0.564904093742371,0.556810915470123,0.775529146194458,0.591045081615448,95,24,15.3770446777344,3.88472723960876,1.79328715801239,19.4452970267386,488.23643677732,208.27003504889,,,,585.826508247104,249.899635124613,,,98330,421.935998457908
2018,PE,26004,Garanhuns,96.9749854566608,99.9606637302972,96.9749854566608,94.5383451059536,93.9328960645812,94.5005045408678,97.9313824419778,90.0731584258325,94.0842583249243,88.433400605449,89.0262361251261,82.1014127144299,73.9575881958008,1.0841076374054,19.7998561859131,79.0683822631836,,,,,,690.38818359375,195.253860473633,145.519378662109,4.48239040374756,385.639495849609,81.1228790283203,103.687324523926,429.741973876953,91.8940963745117,112.297149658203,27798,4271,5120.4404296875,786.725708007812,21,762,140.361740112305,3.86823678016663,427,349,,,0.642864108085632,0.78654146194458,0.870353281497955,0.823934435844421,76,5,13.9993333816528,0.921008765697479,4.43410444259644,18.7672518209491,555.191116466753,201.39908595806,,,,666.164277529887,241.655301414508,,,91957,519.203782251703
2018,PE,26005,Goiana,100,98.4341521273339,100,89.6786300727187,97.3492845414028,95.2850105559465,100,94.7923997185081,93.1972789115646,95.3553835327234,83.3216045038705,80.9289232934553,67.5353851318359,1.88721632957458,26.1514263153076,71.8939590454102,,,,,,718.957763671875,200.010818481445,159.627075195312,1.81335687637329,422.822662353516,98.8862991333008,114.571907043457,473.572479248047,111.786026000977,125.543098449707,18197,2782,5786.322265625,884.626525878906,0,437,138.958221435547,0,265,282,,,0.896709859371185,0.842652857303619,0.799645781517029,0.74511182308197,46,0,14.6271820068359,0,10.2787752151489,17.8249990898527,482.958171838333,243.841532305377,,,,579.493208874325,292.581263248148,,,39442,327.396317622941
2018,PE,26007,Ouricuri,86.0633032105717,99.1116434312702,82.3168793424458,100,100,99.2191659272405,100,97.7994676131322,100,95.0665483584738,100,89.1570541259982,70.7653503417969,0.420521438121796,20.470983505249,78.9571075439453,,,,,,572.840698242188,148.723693847656,125.538627624512,6.86080932617188,354.498321533203,73.3414535522461,93.6168975830078,392.110137939453,82.6329879760742,101.084251403809,19791,3585,5595.79931640625,1013.63958740234,0,515,145.613494873047,0,269,256,,,0.723826348781586,0.760583162307739,0.732874155044556,0.752666294574738,93,10,26.2952537536621,2.82744669914246,1.50731182098389,22.0197680457713,481.098427949457,212.708403796376,,,,577.261734148995,255.225157494093,,,65483,550.778032930663
2018,PE,26002,Arcoverde,89.8157417293027,97.3946085017037,89.8157417293027,100,100,100,100,100,100,100,100,94.2725008893632,73.1994323730469,1.2239134311676,19.4413928985596,78.9267196655273,,,,,,568.66845703125,157.291275024414,114.824996948242,6.34125995635986,345.942932128906,73.6461791992188,91.1515884399414,385.799072265625,83.9828491210938,99.0957260131836,21492,4403,5098.79931640625,1044.57531738281,8,564,133.804336547852,1.89793384075165,347,297,,,0.704607963562012,0.82322883605957,0.836099207401276,0.892503380775452,122,5,28.9434909820557,1.1862086057663,2.38902425765991,22.4060601770881,485.026043357405,235.002538265276,,,,581.974412365645,281.975506231919,,,68144,471.192563159069
2018,PE,26011,Salgueiro,88.3340698188246,100,88.3340698188246,100,95.4404603806994,93.5812306330235,97.4767596281541,93.8025675077468,90.7923860115095,93.7140327578575,100,84.5949535192563,76.6250534057617,0.990099012851715,17.5204467773438,81.4894561767578,,,,,,591.868957519531,145.586151123047,125.857192993164,4.94252872467041,349.300476074219,58.4557418823242,93.0248641967773,389.965087890625,66.9692840576172,102.014823913574,9974,1950,6785.4033203125,1326.60278320312,10,352,239.468811035156,6.80309152603149,173,152,,,1.03406989574432,1.17693483829498,1.28561425209045,1.19173157215118,66,1,44.9004020690918,0.680309116840363,2.1899151802063,20.7499209123222,548.658572623135,269.691581834869,,,,658.325990459101,323.598293344948,,,21868,432.18194924701
2018,PE,26012,Serra Talhada,91.1251994290033,99.4520950541607,86.7671508942816,100,100,100,100,100,100,100,100,85.3010625737898,69.9255828857422,0.205286115407944,24.506031036377,73.8260192871094,,,,,,623.165161132812,167.098724365234,138.620742797852,2.15053772926331,340.3642578125,72.6715087890625,93.423583984375,377.530334472656,81.5770111083984,101.201217651367,15782,3058,6609.40380859375,1280.67138671875,10,386,161.654403686523,4.18793773651123,209,163,,,0.682633876800537,0.875279009342194,1.01714539527893,0.816857278347015,114,7,47.7424926757812,2.93155646324158,2.29457116127014,18.8599424668328,547.918119279536,234.523947728609,,,,657.437533219688,281.401253673412,,,35880,454.929376236163
2018,PE,26006,Limoeiro,96.4752233765625,99.3748471457718,96.4752233765625,100,100,94.3889421103052,100,98.4124811824278,99.8494594224716,98.3029971260435,99.7126043519912,79.923361160531,73.9141387939453,1.01682150363922,21.8679389953613,77.0273666381836,,,,,,704.901916503906,189.633483886719,166.910873413086,2.79687118530273,393.518371582031,81.1148986816406,117.479164123535,438.736877441406,92.3474731445312,127.652412414551,33668,5066,5625.1806640625,846.416931152344,10,890,148.69938659668,1.67077958583832,433,445,,,0.743496894836426,0.723447561264038,0.8633753657341,0.743622243404388,47,10,7.85266399383545,1.67077958583832,2.30818200111389,21.6079913367065,505.285046166165,222.187040524378,,,,606.282841606122,266.598410776786,,,93909,413.829821076015
2018,PI,22009,Vale do Rio Guaribas,100,100,100,84.4961240310078,86.9893148962916,88.4349465744815,90.1319924575739,87.3454850199036,82.0657867169495,90.9490886235072,78.5250366645715,75.6547244919338,67.9601974487305,1.3532338142395,32.5970153808594,66.0099487304688,,,,,,637.703552246094,186.761734008789,148.451629638672,5.34000825881958,350.145416259766,79.0495910644531,106.030815124512,388.429412841797,89.2428207397461,113.7275390625,20513,6192,5457.32666015625,1647.33422851562,0,803,213.63200378418,0,313,289,,,0.768862426280975,0.832712590694427,0.854794085025787,0.890111207962036,107,50,28.46653175354,13.3021173477173,3.41651582717896,18.7159060669902,750.188120942456,236.379117904189,,,,900.137831418384,283.627240478777,,,62429,438.48958546943
2018,PI,22004,Entre Rios,100,94.4689360241807,100,100,83.0400938366389,80.6301983365323,85.4979739816592,78.3002772446151,88.5849861377692,79.8144593730006,94.5937300063979,72.3501812753252,56.3497657775879,4.5110125541687,31.3901805877686,63.6795310974121,,,,,,603.826599121094,178.079605102539,124.28133392334,2.42620301246643,365.118225097656,82.9484481811523,98.2705535888672,406.826446533203,94.631965637207,105.668838500977,80123,12592,6521.14794921875,1024.85302734375,149,2899,235.947341918945,12.1269931793213,1671,2485,,,2.02252197265625,1.3600138425827,2.01979541778564,1.36731851100922,854,103,69.5063934326172,8.38308906555176,21.9801349639893,31.3656096448125,1128.54643335137,523.917856341486,,,,1354.12346691874,628.640030258181,,,121203,281.324009784788
2018,PI,22002,Chapada das Mangabeiras,100,100,100,100,90.3947368421053,88.8815789473684,94.7368421052632,89.7039473684211,86.0526315789474,92.2039473684211,93.2565789473684,78.3223684210526,60.1994552612305,1.48080992698669,35.2976722717285,62.9797515869141,,,,,,481.810150146484,149.930374145508,101.64771270752,6.54008436203003,296.80224609375,73.480339050293,79.8051910400391,329.039520263672,83.7338104248047,86.7939987182617,12486,3646,6345.86669921875,1853.03771972656,0,286,145.356231689453,0,181,115,,,0.584474325180054,0.919911742210388,0.723858773708344,1.00148403644562,0,0,0,0,2.34399628639221,18.2664083067135,727.140972746806,268.645941958788,,,,872.4839544533,322.343648031027,,,35012,602.111059172053
2018,PI,22006,Serra da Capivara,96.0263630259931,100,96.0263630259931,100,91.6058394160584,91.742700729927,94.4343065693431,87.1806569343066,87.271897810219,93.2025547445255,92.6094890510949,77.0529197080292,62.6459159851074,0.691742300987244,29.0531768798828,70.2118453979492,,,,,,598.806457519531,177.073684692383,141.929290771484,4.1760721206665,339.991821289062,73.3407211303711,103.690147399902,378.040496826172,84.3047256469727,110.761543273926,12799,3389,8650.251953125,2290.46850585938,0,399,269.665649414062,0,130,80,,,0.540683031082153,0.878609895706177,0.701367259025574,0.884861528873444,0,0,0,0,2.36008143424988,18.3150841643329,699.016735040627,231.759198147463,,,,838.73816505406,278.083878173969,,,28425,617.182516729608
2018,PI,22007,Tabuleiros do Alto Parnaíba,100,100,100,81.4420803782506,84.9881796690307,85.5791962174941,87.5886524822695,80.0236406619385,85.4609929078014,83.451536643026,69.2671394799054,83.6879432624114,65.3932571411133,0.898876428604126,37.0786514282227,62.0224723815918,,,,,,528.268676757812,171.896942138672,132.067169189453,6.74603176116943,350.016204833984,97.1726989746094,111.038787841797,393.508209228516,109.892562866211,121.734260559082,2920,985,6121.20849609375,2064.85961914062,0,65,136.259780883789,0,41,25,,,0.524076044559479,0.859484732151031,0.728465735912323,0.877303302288055,0,0,0,0,6.59078025817871,16.6610541595612,776.144264459302,452.396134988857,,,,931.282161866973,542.822346186103,,,7415,474.271671913529
2018,PI,22010,Vale do Sambito,100,100,100,93.1937172774869,86.2378459237098,88.5564697083022,89.8279730740464,86.8362004487659,78.6088257292446,87.35976065819,86.6118175018699,76.0658189977562,61.7021293640137,1.65484631061554,27.1079597473145,71.1583938598633,,,,,,676.181884765625,232.261932373047,141.417541503906,4.29362869262695,316.666259765625,81.9933395385742,95.0662307739258,353.256134033203,93.786018371582,102.83683013916,6942,1847,6501.4609375,1729.78942871094,0,185,173.259902954102,0,97,50,,,0.468270033597946,0.908443868160248,0.713175237178802,0.829306185245514,0,0,0,0,2.55675435066223,18.4392205970074,668.916869547846,243.92668822953,,,,802.621853832524,292.683440377803,,,16495,444.078104984248
2018,PI,22011,Vale dos Rios Piauí e Itaueiras,99.8185894723531,97.8872725681019,99.6634421310144,97.9722518676627,81.9281394521523,84.0270366417645,85.9480611881893,82.0704375667022,83.3155460690146,85.3432942013518,88.295980078264,73.7815723941658,64.8958358764648,0.763888895511627,36.1805572509766,63.0555572509766,,,,,,649.468811035156,187.752059936523,149.914260864258,5.67846584320068,360.191528320312,79.2983703613281,105.159637451172,398.983489990234,89.3221130371094,113.520812988281,11961,3074,5728.83251953125,1472.32092285156,10,367,175.778076171875,4.78959321975708,255,179,,,0.857337176799774,1.22134625911713,0.974682211875916,1.17644381523132,27,10,12.9319019317627,4.78959321975708,4.87245321273804,19.2333473389297,835.146420619519,286.191326242273,,,,1002.07783486209,343.396053047115,,,33611,465.707594991131
2018,PI,22001,Carnaubais,100,100,100,93.8672072985302,97.6685250886974,99.3917891535732,100,98.5301571211353,96.908261530664,98.682209832742,86.9234668018246,94.1206284845413,63.1944427490234,1.83531749248505,32.9861106872559,65.0297622680664,,,,,,610.021545410156,188.830780029297,157.563354492188,3.81909537315369,313.847839355469,66.5041656494141,103.344871520996,349.405639648438,76.2161407470703,112.127510070801,11865,3087,7274.27685546875,1892.59948730469,0,316,193.735473632812,0,146,108,,,0.662133932113647,0.895106971263885,0.738463222980499,0.865678787231445,39,0,23.9103908538818,0,3.46578049659729,18.3430172391324,648.522232370618,214.751749125842,,,,778.150679244727,257.676932432082,,,27309,495.834392833641
2018,PI,22003,Cocais,100,100,100,100,92.1834736299605,88.0776498883353,97.9041401820993,93.0252533928878,92.8878199622058,97.131077134513,98.0759319704518,83.2846589933001,65.7036209106445,1.52572631835938,32.673267364502,65.6549224853516,,,,,,598.814331054688,190.8720703125,141.46989440918,4.54166650772095,327.083953857422,77.5974884033203,98.8263854980469,364.022186279297,87.5325164794922,107.00057220459,22156,4581,5528.0546875,1142.98693847656,10,500,124.752990722656,2.49505972862244,329,245,,,0.611289620399475,0.820874691009521,0.680777072906494,0.826738059520721,57,0,14.2218408584595,0,2.2353241443634,20.2155010808956,528.056662507372,169.048416979036,,,,633.606112635147,202.838289778641,,,71702,585.173370469613
2018,PI,22008,Vale do Canindé,100,100,100,96.7987804878049,92.0731707317073,92.6067073170732,95.1981707317073,92.0731707317073,92.1493902439024,92.6829268292683,93.6737804878049,88.8719512195122,67.7443084716797,0.661278486251831,29.2432041168213,70.0955200195312,,,,,,676.185424804688,217.115310668945,155.476638793945,4.89795923233032,368.627960205078,84.2989196777344,114.947685241699,410.785583496094,96.7867813110352,124.475639343262,6740,1761,6200.666015625,1620.0849609375,0,209,192.275848388672,0,98,69,,,0.634786307811737,0.901580512523651,0.807512581348419,1.00668823719025,53,0,48.7589454650879,0,2.70934152603149,17.6593095084808,728.360989471523,231.908970019974,,,,873.947831550555,278.263586869383,,,19011,490.753250883455
2018,PI,22005,Planície Litorânea,100,100,99.202841758465,98.2829504232164,70.4715840386941,71.0761789600967,76.5659008464329,75.8403869407497,85.8766626360339,76.1064087061669,89.9637243047158,71.8984280532044,54.3074531555176,1.27545309066772,42.4255981445312,55.9633026123047,,,,,,643.870544433594,191.47900390625,124.192924499512,7.78210115432739,381.971984863281,84.9000396728516,99.8862838745117,426.766082763672,96.5371627807617,108.215446472168,17714,3551,6339.92333984375,1270.91955566406,27,636,227.627380371094,9.66342639923096,273,279,,,0.998554050922394,0.977079808712006,1.07559311389923,1.01814937591553,123,26,44.0222778320312,9.30552196502686,6.15166568756104,16.604546546894,614.202748944137,175.65633096762,,,,736.97132099509,210.767012190842,,,31986,285.364142354946
2018,PR,41018,18ª RS Cornélio Procópio,92.0994737484099,75.9126631467057,87.5834248174674,99.2660550458716,92.3669724770642,93.1376146788991,94.0183486238532,92.9174311926605,94.7522935779816,92.3669724770642,90.2752293577982,94.1651376146789,86.1447982788086,0.624770283699036,8.52627754211426,90.8489532470703,,,,,,865.996520996094,249.281692504883,166.038619995117,4.44444465637207,371.847412109375,83.5594329833984,93.688117980957,414.793243408203,96.0270156860352,102.008247375488,21413,5739,9583.2470703125,2568.45166015625,28,656,293.588500976562,12.5312166213989,259,274,,,1.22626900672913,1.1591374874115,1.14425671100616,1.14828455448151,170,24,76.0823822021484,10.741042137146,11.7108688354492,22.7617244829436,785.164131597749,465.954462421803,,,,942.104945404899,559.090750220307,,,10763,106.17316437331
2018,PR,41002,2ª RS Metropolitana,58.6830821151261,29.9269439575224,43.8986811394033,98.3966588570846,91.7979015992666,90.9931751044107,94.6847305694204,89.2003667108078,86.8880513395131,89.2187022511969,50.7751859020067,86.2198227564429,82.3246383666992,0.595087349414825,13.3662528991699,85.9795761108398,,,,,,563.730224609375,150.095703125,107.744697570801,1.79105937480927,315.116271972656,67.6089324951172,75.5182342529297,355.188659667969,77.8218154907227,82.3220138549805,264761,38960,7323.90087890625,1077.7236328125,911,5743,158.864654541016,25.2003650665283,4292,10495,,,2.90315961837769,1.18726634979248,2.92737102508545,1.2271900177002,3348,493,92.6134185791016,13.6375188827515,37.611888885498,21.2158413392297,794.6159352114,439.154937654066,,,,953.446002094914,526.934461105561,,,95841,59.9754172128458
2018,PR,41011,11ª RS Campo Mourão,91.2321967553292,82.1251296925108,85.94251084701,99.6631484392544,97.821693240512,98.5627666741523,98.7648776105996,96.5865708511116,99.2364697956434,97.2378172018864,86.1217156972827,97.21536043117,84.6461029052734,0.754382073879242,10.7166633605957,88.5067672729492,,,,,,776.280883789062,242.909591674805,149.016845703125,0.702301979064941,357.685791015625,74.939323425293,90.3049163818359,396.99365234375,84.5862426757812,97.4934234619141,29972,7040,9077.9130859375,2132.27368164062,28,613,185.665298461914,8.48063373565674,355,371,,,1.12368392944336,1.07522320747375,1.24990916252136,1.12890863418579,226,10,68.4508285522461,3.02879786491394,16.9912528991699,21.4672356399222,1018.54109643228,496.331795298057,,,,1222.12995401907,595.539989785917,,,16791,109.86632594236
2018,PR,41012,12ª RS Umuarama,91.6725259902855,82.1852646381449,85.4845421476693,100,95.7169964760098,94.388723231228,96.7741935483871,95.2290593656818,95.7169964760098,94.9579831932773,95.1132951132951,93.2773109243697,86.6395721435547,0.381000757217407,12.5222253799438,87.0967712402344,,,,,,805.5302734375,248.441345214844,169.375335693359,0.720396220684052,364.553833007812,80.1190185546875,105.293563842773,404.805206298828,90.9011611938477,112.880996704102,24424,3325,8858.2939453125,1205.93798828125,63,609,220.877059936523,22.8493499755859,343,433,,,1.57043945789337,1.24402022361755,2.15119385719299,1.34829294681549,180,18,65.2838592529297,6.52838563919067,10.477334022522,23.1004775392616,1188.9876152792,484.705902574993,,,,1426.64580219717,581.590280943694,,,8823,66.4617334184499
2018,PR,41014,14ª RS Paranavaí,91.5943469538973,93.7198416857933,88.2511340429762,99.4312026002167,94.1765980498375,93.6619718309859,94.284940411701,93.6619718309859,93.3098591549296,94.0411700975081,48.2951369480157,94.3120260021668,88.1009292602539,0.903054475784302,14.2363882064819,84.780876159668,,,,,,762.928283691406,244.122497558594,153.531585693359,0.90605628490448,357.9013671875,87.6432418823242,93.3833312988281,399.094055175781,98.5918655395508,101.461616516113,22487,4536,8181.1962890625,1650.28271484375,20,548,199.372772216797,7.2763786315918,251,274,,,0.996863901615143,0.91318553686142,1.18204772472382,0.998046278953552,113,2,41.1115379333496,0.727637887001038,13.4678497314453,24.3588072698619,970.409627889325,535.574702148808,,,,1164.37783224086,642.626879174156,,,11045,84.9237923997098
2018,PR,41017,17ª RS Londrina,71.9324667839688,44.368077692857,60.8771787749745,75.5197853789403,67.3625083836351,68.3098591549296,68.8799463447351,66.7840375586854,70.3386988598256,66.89302481556,45.8501006036217,68.0415828303152,84.0681610107422,0.802382349967957,11.8041191101074,87.1949691772461,,,,,,664.220397949219,167.885620117188,125.208160400391,1.38582682609558,306.454742431641,58.7404937744141,80.1707077026367,342.518737792969,67.0725021362305,87.09228515625,68641,11976,7179.9609375,1252.70922851562,130,1559,163.073944091797,13.5982122421265,1682,2346,,,2.45395445823669,1.75939953327179,2.78405094146729,1.82997941970825,996,145,104.183227539062,15.1672372817993,27.1051082611084,27.1843390757024,1019.6473375851,507.972104570682,,,,1223.45731376328,609.506996798153,,,34306,90.293661607841
2018,PR,41008,8ª RS Francisco Beltrão,95.9707531292145,91.3457573089312,85.0265829980272,100,97.3221757322176,96.1924686192469,99.8953974895397,99.4769874476987,100,99.4979079497908,94.4560669456067,99.4769874476987,79.9032440185547,0.806289076805115,12.7998390197754,86.3737182617188,,,,,,654.412109375,202.435958862305,118.321296691895,1.58526134490967,316.827270507812,69.6527557373047,70.7599258422852,353.356201171875,79.7086791992188,76.4092102050781,35651,7699,9995.90625,2158.66259765625,36,658,184.491500854492,10.0937595367432,377,394,,,1.10470592975616,1.05704092979431,1.37962067127228,1.18959164619446,198,9,55.5156784057617,2.52343988418579,12.4335498809814,23.6188380446197,1028.19755258084,544.228018479921,,,,1233.71656976797,653.009844698963,,,10112,59.2741052311728
2018,PR,41010,10ª RS Cascavel,85.1766404943192,60.0391214134896,68.5878815023354,100,97.0241149307337,94.3560800410467,98.5248845561827,96.2929707542329,93.9584402257568,96.421241662391,94.7152385838892,93.0733709594664,77.8024139404297,0.344912528991699,16.1492977142334,83.5057907104492,,,,,,600.993591308594,168.709579467773,118.626777648926,1.2773722410202,327.024230957031,70.0557098388672,80.2111587524414,364.224029541016,79.2235412597656,87.4138107299805,39555,5628,7230.01904296875,1028.7080078125,67,1091,199.417282104492,12.246524810791,761,1161,,,2.12212157249451,1.39098584651947,2.45721030235291,1.46213448047638,591,109,108.025314331055,19.9234504699707,19.9181499481201,25.9212095854665,908.953112821403,526.527159968191,,,,1090.63721618008,631.770888828834,,,16247,58.5046531690582
2018,PR,41015,15ª RS Maringá,78.3181577210748,54.7420268349391,64.9609254001428,85.9542564297238,92.1894277308532,90.3672772136282,93.3092910695644,92.2843314036253,92.1229951599127,92.1894277308532,45.4441260744986,91.7054189997153,85.5723190307617,0.441663593053818,14.8877439498901,84.6521911621094,,,,,,647.888427734375,187.387786865234,116.513671875,0.633619070053101,303.051239013672,64.2222061157227,74.577392578125,338.480621337891,73.6780014038086,80.9284133911133,57099,8439,6894.10791015625,1018.92108154297,118,1218,147.060775756836,14.2472677230835,1444,1768,,,2.13467526435852,1.74347913265228,2.4990975856781,1.98879170417786,905,103,109.26929473877,12.4361743927002,33.4598274230957,23.4068190958231,1038.9328962708,446.29368169291,,,,1246.59772413293,535.50011737069,,,16550,42.5932168630597
2018,PR,41001,1ª RS Paranaguá,75.674610112895,74.1205470247217,71.8177361349666,99.5347698334966,85.6758080313418,84.4760039177277,90.230166503428,82.2722820763957,80.2154750244858,82.4926542605289,28.6973555337904,72.5269343780607,68.0463943481445,1.43279504776001,29.6793270111084,68.3193054199219,,,,,,696.2197265625,169.975524902344,138.360076904297,11.767578125,409.930999755859,78.6508712768555,94.3189163208008,455.720123291016,89.2782211303711,102.978569030762,18929,3299,6434.93359375,1121.49853515625,14,265,90.087028503418,4.75931453704834,201,302,,,1.02665221691132,0.683301627635956,1.37416708469391,0.767694473266602,92,11,31.2754955291748,3.73946142196655,21.3693237304688,20.3521793168755,775.497514596125,482.578311409148,,,,930.506137823059,579.037420874724,,,13373,102.364647448659
2018,PR,41006,6ª RS União da Vitória,73.4166412334543,66.2806470209231,63.7480642499463,98.9817564700891,94.1450997030123,93.2541366143403,95.7573186253712,95.1633432329232,97.5392448027153,95.1633432329232,92.0237590156979,96.4785744590581,80.9987335205078,0.465509951114655,12.4418115615845,87.0926818847656,,,,,,684.919860839844,201.280258178711,139.478713989258,1.90397346019745,379.434265136719,90.5258331298828,95.2416381835938,420.706451416016,102.130554199219,103.025352478027,14628,2664,8293.880859375,1510.45239257812,22,232,131.540893554688,12.4737062454224,124,214,,,1.21335136890411,0.703063428401947,1.21235918998718,0.736090421676636,66,5,37.4211196899414,2.83493328094482,8.16914367675781,23.4229978136215,675.008852792567,431.966012185335,,,,809.93151981344,518.308593005273,,,7919,98.7763414426874
2018,PR,41016,16ª RS Apucarana,92.3529582588632,87.5624031447753,92.2003659048489,95.6004036326943,90.4540867810293,90.2522704339052,92.7547931382442,90.6962663975782,90.4540867810293,90.8173562058527,46.1957618567104,92.3713420787084,83.4099502563477,0.199880078434944,10.0539674758911,89.7461547851562,,,,,,684.692321777344,196.376480102539,134.943206787109,0.95858895778656,330.569580078125,71.5605926513672,85.321907043457,369.090240478516,81.170295715332,92.880126953125,30472,6477,7999.97900390625,1700.44189453125,94,785,206.090301513672,24.6783275604248,608,767,,,2.01364660263062,1.59621524810791,1.86885833740234,1.72479200363159,180,13,47.2563743591309,3.41296029090881,13.194766998291,21.5407615239912,795.673625758012,370.662145691378,,,,954.715106801268,444.751137344542,,,11780,64.4317611292254
2018,PR,41003,3ª RS Ponta Grossa,74.493859464828,56.7109778380478,64.9327374244768,99.437785085393,91.3758353665005,91.4606979951204,93.7625967964358,90.8560517662035,92.1289911955023,91.2061101092606,100,88.5223294791556,80.3174285888672,1.22167694568634,13.6786050796509,84.7864685058594,,,,,,639.28662109375,176.955291748047,122.824066162109,5.0507550239563,378.387176513672,84.6125946044922,92.44873046875,423.299194335938,96.4058074951172,100.004653930664,45128,8255,7142.78955078125,1306.58850097656,67,973,154.004913330078,10.6046552658081,582,916,,,1.44983053207397,0.921180486679077,1.58598947525024,0.973531067371368,340,37,53.8146667480469,5.85630226135254,20.3577728271484,23.3075332934733,661.632557856001,411.756323875827,,,,793.881533442707,494.059335384788,,,22658,79.454271162864
2018,PR,41022,22ª RS Ivaiporã,96.3597147636236,91.2492296857118,91.4773894415588,100,97.8260869565217,96.395881006865,98.6270022883295,98.7986270022883,99.9427917620137,98.512585812357,66.7620137299771,95.1945080091533,85.3945159912109,1.39899277687073,6.99496364593506,91.6060409545898,,,,,,825.563232421875,301.322906494141,148.355407714844,5.58659219741821,359.919647216797,98.7916107177734,85.1595306396484,401.959899902344,112.536247253418,91.5831756591797,12720,4464,9777.62109375,3431.39135742188,32,425,326.689361572266,24.5977878570557,147,97,,,0.745620429515839,1.12996089458466,0.945285320281982,1.23354065418243,53,8,40.7400856018066,6.14944696426392,6.02953290939331,21.5761762210321,914.70045808023,499.357528171494,,,,1097.53335696567,599.170514651767,,,8364,142.71449117342
2018,PR,41020,20ª RS Toledo,86.0927709430557,57.9984092913699,69.0059090746868,100,100,100,100,100,100,100,87.0785492983415,100,85.3278579711914,0.599212467670441,11.3336753845215,88.0328674316406,,,,,,685.69140625,199.85612487793,122.092079162598,1.73623943328857,332.205963134766,69.0928192138672,79.9354248046875,370.887817382812,78.7948226928711,86.2277374267578,26050,3779,6598.544921875,957.232299804688,30,489,123.865203857422,7.59909200668335,423,496,,,1.25638318061829,1.07147204875946,1.66610097885132,1.11092388629913,377,16,95.4952545166016,4.05284929275513,28.0044269561768,25.2987085867793,966.575124707478,633.345178750784,,,,1159.77687778381,759.93999348298,,,6899,37.8331483903936
2018,PR,41019,19ª RS Jacarezinho,89.1319989310163,79.1020536821692,87.0762610238945,100,99.8655913978495,99.1129032258064,100,98.6827956989247,97.5,97.7688172043011,54.5305676855895,93.7365591397849,76.150520324707,1.24586832523346,13.3485889434814,85.2021331787109,,,,,,863.617126464844,277.00927734375,172.654083251953,2.20794868469238,399.084991455078,97.0936660766602,104.137901306152,445.197357177734,109.939178466797,113.506759643555,25562,5981,8862.216796875,2073.58251953125,19,791,274.235717773438,6.58720397949219,235,299,,,1.03661787509918,0.814733147621155,1.14270663261414,0.865263938903809,139,7,48.1905975341797,2.42686462402344,9.89606094360352,22.6756756593279,721.685389973481,450.929905230482,,,,865.937894458994,541.063042301891,,,13823,111.017984204865
2018,PR,41005,5ª RS Guarapuava,86.1838927599076,73.9939743509215,76.7661627964903,96.4471403812825,91.580011554015,88.9948006932409,92.316580011554,89.3847487001733,89.3847487001733,89.8324667822068,96.3749277874061,87.5072212593876,79.4814605712891,0.195149153470993,18.1628093719482,81.6420440673828,,,,,,688.997131347656,241.730285644531,127.445816040039,1.24164283275604,401.221649169922,110.703170776367,94.4857330322266,448.210540771484,125.604309082031,101.87548828125,38839,8427,8519.56640625,1848.51281738281,36,773,169.562164306641,7.89681482315063,425,459,,,1.0068439245224,0.932262897491455,1.02570855617523,0.952498435974121,202,18,44.3099060058594,3.94840741157532,8.64723205566406,20.6031670374118,652.052337202427,377.176092381734,,,,782.386391353833,452.567110010793,,,26199,121.079109029688
2018,PR,41007,7ª RS Pato Branco,91.2050933264383,76.2136559006816,82.425175841924,98.7778576563623,91.1334771147855,89.6237718667625,92.1159837047688,89.9352983465133,85.9094176851186,89.0246824826264,56.1767578125,87.8744308650851,81.4931869506836,0.77821010351181,9.28988361358643,89.8832702636719,,,,,,679.663146972656,204.613586425781,112.462249755859,3.04371881484985,368.417724609375,86.0224838256836,78.4824981689453,411.686126708984,98.0020446777344,84.7179565429688,23417,5409,8807.787109375,2034.47583007812,52,585,220.03483581543,19.558650970459,359,430,,,1.61734998226166,1.35029923915863,1.98219406604767,1.37136232852936,118,4,44.3830947875977,1.50451159477234,17.1999530792236,26.5308530167356,1256.77972652225,611.470766846912,,,,1507.98839120661,733.693262636366,,,10137,81.2173540764764
2018,PR,41013,13ª RS Cianorte,85.8829288139041,74.0499408795596,85.8829288139041,100,96.1557417447018,97.1414489896501,96.8457368161656,99.5071463775259,98.8171513060621,100,87.4815179891572,97.6835879743716,88.4540100097656,0.146771043539047,9.9315071105957,89.8238754272461,,,,,,658.618957519531,183.054565429688,123.923530578613,0.668576896190643,330.299774169922,71.3116989135742,80.6203155517578,368.452178955078,81.3428649902344,88.9791641235352,12145,2339,7639.8544921875,1471.35607910156,15,243,152.859985351562,9.43580150604248,172,213,,,1.33988392353058,1.08197200298309,1.4208744764328,1.11499726772308,54,3,33.9688873291016,1.88716042041779,15.1463489532471,24.6651796068603,1094.41318919812,576.974305684462,,,,1313.16757397181,692.301551843391,,,4459,59.9707420519687
2018,PR,41021,21ª RS Telêmaco Borba,89.6018918297139,84.9803915274278,81.9778608841736,91.5151515151515,85.8823529411765,88.4135472370766,88.5204991087344,88.9126559714795,91.4795008912656,88.3778966131907,78.3957219251337,89.3048128342246,78.6495666503906,0.452659368515015,14.2964916229248,85.1376876831055,,,,,,692.477844238281,226.551391601562,148.540771484375,4.01234579086304,417.693695068359,108.905921936035,110.134742736816,467.730133056641,124.540481567383,120.745315551758,15508,3874,8286.224609375,2069.953125,10,214,114.344337463379,5.34319353103638,109,113,,,0.60378086566925,0.58240807056427,0.789991140365601,0.590155720710754,92,12,49.1573791503906,6.41183185577393,14.9075088500977,19.5383198966581,691.616293650921,425.671957369629,,,,829.858502635919,510.756464819719,,,10796,134.583660395372
2018,PR,41004,4ª RS Irati,80.3703447799351,70.4956355512564,65.9693912803151,100,98.9451476793249,100,100,99.831223628692,100,99.57805907173,98.2278481012658,100,86.6390075683594,0.456431537866592,8.04979228973389,91.4937744140625,,,,,,667.004272460938,202.000442504883,142.148452758789,1.55306303501129,375.215393066406,89.3308639526367,100.308380126953,420.099029541016,102.217895507812,108.466819763184,12705,2793,7311.72509765625,1607.37097167969,20,268,154.233947753906,11.5099964141846,128,153,,,0.880514740943909,0.736639797687531,1.02482128143311,0.770018756389618,59,2,33.9544906616211,1.15099966526031,6.9583683013916,21.2820558997557,678.493019185149,398.545160643958,,,,814.11211117895,478.207487708089,,,9411,115.537123434051
2018,PR,41009,9ª RS Foz do Iguaçu,65.4125669608412,64.0982116832125,55.2719951207683,94.6462715105163,91.1089866156788,88.9260675589547,93.9929891650733,89.34034416826,88.4639898024219,89.1650732950924,90.9018483110261,89.993626513703,77.8642272949219,1.05263161659241,25.2936687469482,73.5469131469727,,,,,,640.550720214844,187.828796386719,110.021087646484,2.12765955924988,371.758880615234,84.2826538085938,81.8266906738281,417.021392822266,95.7192916870117,88.3461837768555,27285,3647,6761.09326171875,903.709228515625,35,744,184.359664916992,8.67283344268799,446,675,,,1.67261791229248,1.10516679286957,1.94296252727509,1.18216919898987,349,85,86.4805374145508,21.0625953674316,23.7556343078613,23.4126171126679,1037.66143672798,515.708702864099,,,,1245.07212168246,618.790008106894,,,12338,62.1097881140744
2018,RJ,33001,Baia da Ilha Grande,96.2641119186464,66.4840136738387,76.8076182815777,100,77.6701641108421,76.3249932741458,80.2528921172989,72.9351627656712,98.0360505784235,75.4640839386602,100,66.8011837503363,69.4820709228516,1.00929617881775,23.1341304779053,74.2895050048828,,,,,,625.684448242188,154.851669311523,123.462821960449,6.02006673812866,406.419525146484,82.5616989135742,94.5855102539062,455.921691894531,93.8692932128906,102.536209106445,14214,2200,4957.34619140625,767.283081054688,12,436,152.061553955078,4.18518018722534,347,672,,,2.34370088577271,1.21021461486816,2.23837399482727,1.18606269359589,91,13,31.7376174926758,4.53394508361816,15.4119262695312,29.8376008638258,1590.37938349229,934.660502247853,,,,1908.26888539743,1121.48307087141,,,13629,118.930375044783
2018,RJ,33007,Noroeste,93.9048942365966,92.5171837814667,89.4703699871399,100,98.838677101742,100,100,94.6225700580661,100,98.8639232517041,100,100,78.1460037231445,1.1819235086441,24.1019706726074,74.4148330688477,,,,,,826.696411132812,211.286071777344,164.58984375,4.74198055267334,359.505920410156,74.7482299804688,97.6664123535156,400.779632568359,84.4498519897461,105.509140014648,26608,5728,7669.71337890625,1651.08679199219,102,860,247.893630981445,29.4013366699219,407,710,,,2.04656362533569,1.173171043396,1.9951833486557,1.08943486213684,453,36,130.576522827148,10.3769426345825,14.0345268249512,23.5696700625406,1207.48278899055,448.216906801082,,,,1448.83784322193,537.807762119882,,,19970,125.88343091427
2018,RJ,33002,Baixada Litorânea,63.5817023549381,43.7152660078127,52.1328531812991,100,87.1191635118082,80.7102938525329,88.5523706508022,82.5491256535064,93.1584640346133,80.6742383270236,100,73.9949522264287,61.8970794677734,1.98709237575531,31.7680034637451,64.588996887207,,,,,,706.397277832031,174.293212890625,157.179458618164,11.5463914871216,381.841918945312,78.1019439697266,104.186943054199,426.947021484375,88.230224609375,113.190589904785,32821,4081,3983.61938476562,495.327697753906,68,1000,121.374099731445,8.25343894958496,793,1420,,,1.72351217269897,0.962496638298035,1.88824725151062,0.852683424949646,380,80,46.1221580505371,9.70992851257324,17.6808071136475,24.9682697054233,933.210172026683,412.716947373819,,,,1119.7428445686,495.211971007978,,,44769,129.321759797728
2018,RJ,33003,Centro-Sul,95.9445305499722,97.4354006732376,94.128242074928,100,100,96.7043541015155,100,93.0959826798172,100,100,87.7796487851816,93.1440942987732,64.363639831543,2.20454549789429,26.6590900421143,68.7954559326172,,,,,,870.134826660156,258.768463134766,213.034027099609,3.35707020759583,412.448516845703,99.7886657714844,129.984298706055,458.499603271484,112.61515045166,140.108734130859,21028,4387,6204.5419921875,1294.43249511719,51,713,210.378479003906,15.0481100082397,457,718,,,2.11853790283203,1.348428606987,2.4374988079071,1.45583081245422,153,19,45.1443290710449,5.60615873336792,13.7088279724121,20.8633462925188,1207.02530416778,413.854983956118,,,,1448.28891504673,496.577481541494,,,22169,165.523814851674
2018,RJ,33004,Médio Paraíba,88.1223160829059,66.7245630963868,76.1163120087127,100,100,99.5375508694044,100,100,100,98.9826119126896,87.4306326304107,84.6096929337773,68.9670639038086,1.7096312046051,20.7214469909668,77.4257049560547,,,,,,791.080749511719,220.319076538086,162.571929931641,4.53281402587891,379.60595703125,86.0741348266602,101.750175476074,424.379333496094,97.6591110229492,109.848785400391,56009,10968,6160.6845703125,1206.42016601562,82,1565,172.141464233398,9.01955223083496,1105,2271,,,2.49797606468201,1.21543967723846,2.69511389732361,1.25776016712189,1029,282,113.184387207031,31.018461227417,27.7373237609863,26.997597234068,1055.27293617285,546.564479558497,,,,1266.20385714426,655.813324185977,,,39727,122.876714006401
2018,RJ,33005,Metropolitana I,61.2426816782965,49.7904352889009,52.0365743554443,100,87.7571918634844,85.8517960458465,91.3222203529919,86.4545009033259,98.7199836157903,86.7375673837197,75.8193933453777,79.9732293716217,68.7769927978516,2.16250133514404,23.4346046447754,73.0215225219727,,,,,,830.23974609375,210.820663452148,190.371124267578,7.36736536026001,404.06689453125,86.4504318237305,118.191268920898,464.404937744141,101.442199707031,129.694213867188,377608,50476,3613.43432617188,483.018646240234,943,11556,110.582527160645,9.02382469177246,15983,27177,,,2.60064148902893,1.52945697307587,2.72928357124329,1.55696630477905,12242,3190,117.147048950195,30.5259819030762,35.8036842346191,20.9224165570909,674.627781791769,375.961689161762,,,,809.47427926977,451.10996846139,,,508844,115.9031626327
2018,RJ,33009,Serrana,67.4582267526947,55.1298693035035,55.1510793808354,100,99.6549344375431,95.9541062801932,99.2236024844721,92.4689440993789,98.1366459627329,93.2108350586611,91.5631469979296,88.9147688060732,74.5165481567383,0.647328734397888,24.8033428192139,73.4759063720703,,,,,,861.425598144531,246.830383300781,177.163848876953,5.86753082275391,390.845855712891,91.9508972167969,105.167526245117,436.395599365234,104.321434020996,114.40251159668,50598,9114,5229.951171875,942.048583984375,94,2100,217.061889648438,9.71610355377197,1027,2341,,,2.41972327232361,1.0615359544754,2.43801856040955,1.04983019828796,774,112,80.002815246582,11.5766344070435,21.5233402252197,29.2675055957102,1007.22368340566,526.6002797185,,,,1208.55038466219,631.858623960382,,,42945,108.801919412744
2018,RJ,33008,Norte,59.8617650775511,41.0558818519963,34.8838793686026,100,93.6309523809524,92.8050595238095,100,92.8571428571429,99.4196428571429,89.84375,100,91.7038690476191,60.9724159240723,3.14433360099792,23.109395980835,72.9674682617188,,,,,,733.400390625,168.917297363281,156.622680664062,9.32944583892822,416.003784179688,80.4212188720703,113.868965148926,465.298583984375,91.2196502685547,123.065643310547,49484,8184,5290.318359375,874.948791503906,145,1723,184.205383300781,15.5019035339355,1266,2254,,,2.40974426269531,1.35347652435303,2.78374099731445,1.14176869392395,1168,272,124.870506286621,29.0794334411621,25.7052555084229,36.6118232490461,1765.47514822893,976.905434115895,,,,2118.36328380324,1172.17203847642,,,66967,183.145582548156
2018,RJ,33006,Metropolitana II,80.2620836633279,53.357638520758,66.8705182017744,100,88.0882664969234,88.2749840865691,91.6231699554424,84.2478251644388,100,89.6286866115001,74.9204328453215,79.4822830468916,73.8897094726562,0.84512996673584,27.2300872802734,71.5191192626953,,,,,,809.930847167969,200.198532104492,174.216033935547,9.23619270324707,383.572906494141,77.2799224853516,103.615081787109,430.786651611328,87.9051055908203,112.885231018066,76900,14200,3659.44067382812,675.735473632812,142,2280,108.498374938965,6.75735473632812,2466,4864,,,2.31463193893433,1.17349553108215,2.29269433021545,1.16771376132965,1825,415,86.8462829589844,19.748607635498,29.1901550292969,20.3150833016936,659.753459443772,269.652210908899,,,,791.626835557487,323.55105284762,,,116347,141.322857029801
2018,RN,24004,4ª Região de Saúde - Caicó,100,100,100,100,100,98.8865482997292,100,98.8865482997292,96.2082455612398,97.8934697562444,100,79.0249774300331,78.7776870727539,0.784973382949829,18.3627700805664,80.2074584960938,,,,,,670.015686035156,178.305419921875,134.454544067383,5.72666025161743,310.559600830078,60.2471618652344,85.0493392944336,346.525756835938,69.5137786865234,91.9499206542969,17003,3131,5482.32763671875,1009.53753662109,0,599,193.137344360352,0,282,290,,,0.935055553913116,0.909260928630829,0.856301307678223,0.921271562576294,58,9,18.7011108398438,2.90189647674561,3.58803391456604,22.8400726117901,690.156668757882,314.238065838248,,,,828.107123816092,377.048853796027,,,33984,263.527927127635
2018,RN,24008,8ª Região de Saúde - Açu,97.0468868162339,100,97.0468868162339,59.4963273871983,86.8310598111228,81.4795383001049,90.6086044071354,82.2665267576076,84.3651626442812,76.2854144805876,52.6757607555089,74.0818467995803,67.7830200195312,0.660377383232117,35.2358474731445,63.9150924682617,,,,,,550.911499023438,154.306228637695,102.020645141602,4.62962961196899,313.482482910156,71.1833114624023,75.7446441650391,351.691833496094,81.6661376953125,82.3407287597656,7508,901,4787.31884765625,574.503784179688,0,172,109.67219543457,0,118,106,,,0.675886809825897,0.752402245998383,0.680669009685516,0.780776739120483,4,0,2.55051612854004,0,3.96541500091553,27.1302480074186,698.477046697756,394.20450018906,,,,838.090602288093,472.999203839388,,,21254,353.980822689813
2018,RN,24003,3ª Região de Saúde - João Câmara,86.3365452036823,98.1268801881885,86.3246703309131,62.2202327663384,92.5246195165622,94.6508504923903,98.5675917636526,87.7126230975828,90.2864816472695,88.6302596239928,53.692927484333,77.4395702775291,65.3830108642578,1.16569530963898,37.1565361022949,61.1573677062988,,,,,,548.254089355469,185.510223388672,121.865943908691,2.44664239883423,328.954437255859,84.9384765625,94.6934356689453,366.402923583984,96.2351684570312,102.215255737305,17335,2072,4947.4150390625,591.349487304688,0,323,92.1843109130859,0,282,217,,,0.619318723678589,0.804829001426697,0.709291219711304,0.817386567592621,0,0,0,0,3.68737244606018,19.1732371828823,784.695365152338,397.689602248309,,,,941.542480604625,477.180917895248,,,48859,386.400718547796
2018,RN,24006,6ª Região de Saúde - Pau dos Ferros,95.5469793385183,99.6036609317307,95.5471757404352,97.2001272669424,95.2274896595609,93.0957683741648,95.4502068087814,92.5548838689151,89.1186764237989,92.6503340757238,93.3184855233853,79.478205536112,82.0093460083008,0.876168251037598,19.567756652832,79.4976654052734,,,,,,730.130432128906,214.182205200195,176.361923217773,1.4721919298172,349.928497314453,67.5820770263672,104.858909606934,390.782531738281,77.0897750854492,114.435447692871,16199,3550,6448.95458984375,1413.28405761719,6,893,355.510620117188,2.38864922523499,242,188,,,0.748443424701691,0.963421821594238,0.96929395198822,1.02682054042816,21,4,8.36027240753174,1.59243273735046,1.85996150970459,21.3444489317978,838.521438997565,367.539231911383,,,,1006.12746140109,441.004006779345,,,38165,451.314346271834
2018,RN,24002,2ª Região de Saúde - Mossoró,83.5814350902284,86.3373623829243,81.8418200184821,100,89.75843812045,90.5360688285903,95.7809397749835,91.5784248841827,100,90.5029781601588,100,91.6942422236929,73.7386627197266,1.22552919387817,28.9829692840576,69.7119216918945,,,,,,620.764587402344,145.55290222168,128.853485107422,4.15144491195679,371.444458007812,64.8674621582031,96.7456817626953,416.773101806641,74.232177734375,105.356201171875,22889,2518,4718.92431640625,519.124938964844,62,928,191.321670532227,12.7822666168213,454,584,,,1.20400702953339,0.935991764068604,1.07917380332947,0.934960961341858,218,69,44.9440994262695,14.2254257202148,13.6749629974365,23.4508921676214,714.557968604968,309.009804544309,,,,857.385824071372,370.775552937433,,,48000,229.120866727713
2018,RN,24001,1ª Região de Saúde - São José de Mipibu,100,99.9018691467794,100,91.6940489229646,84.5564074479737,78.5140562248996,90.2336619204089,83.9905074844834,84.136546184739,74.990872581234,87.6232201533406,76.0679079956188,64.6627044677734,0.926249563694,31.4924850463867,65.6588592529297,,,,,,610.697387695312,186.761611938477,118.064682006836,2.99401187896729,373.506744384766,91.1388244628906,89.9570388793945,418.548492431641,104.356918334961,97.749153137207,19566,1903,5110.73779296875,497.073211669922,0,389,101.608764648438,0,309,279,,,0.728762090206146,0.807123601436615,0.871314704418182,0.825734436511993,66,0,17.2395324707031,0,3.3789484500885,19.5264001026198,629.043251082935,245.936254870941,,,,754.778184419686,295.094684848614,,,54662,394.692383762887
2018,RN,24005,5ª Região de Saúde - Santa Cruz,100,99.8252838518724,100,94.6339593714067,94.978919126102,97.7002683020314,100,94.6722882330395,95.7454963587581,92.755845151399,92.8325028746646,82.0620927558452,59.7378273010254,0.823970019817352,22.7715358734131,75.2434463500977,,,,,,627.261657714844,206.42155456543,111.957458496094,5.01992034912109,315.857391357422,69.4842071533203,70.9900131225586,353.387512207031,79.4582977294922,78.0059585571289,10420,996,5208.02099609375,497.810821533203,0,390,194.925933837891,0,192,146,,,0.729722678661346,0.959635317325592,1.20641660690308,1.05484914779663,19,5,9.49639129638672,2.49905037879944,2.33661198616028,21.6904468389154,671.414454915315,304.282739281931,,,,805.618663584232,365.103628582107,,,32250,443.76048581471
2018,RN,24007,7ª Região de Saúde - Metropolitana,64.6454917713965,44.1884862525681,51.7674846248508,100,77.9107725788901,75.69640914037,92.3340587595212,90.7236126224157,79.2546245919478,92.3721436343852,100,71.6702937976061,62.2073059082031,1.16308856010437,33.9755096435547,62.555721282959,,,,,,588.752319335938,142.644317626953,130.428298950195,1.74595141410828,345.771881103516,61.5365028381348,96.3881149291992,386.823791503906,70.4194793701172,104.287384033203,64564,7272,4809.236328125,541.675964355469,256,2440,181.750473022461,19.0689010620117,1703,3210,,,2.39106154441833,1.26852881908417,2.38135933876038,1.28292369842529,865,138,64.4320297241211,10.2793292999268,29.0308380126953,25.5703788523377,709.564222677947,340.061449438893,,,,851.393914170484,408.033887903162,,,79888,130.077749334824
2018,RO,11005,Zona da Mata,90.090818185554,100,85.1355423749709,94.8942753996906,98.8653945332646,99.1232594120681,100,100,100,100,91.026302217638,86.2815884476534,77.1744384765625,1.24939930438995,25.5165786743164,73.2340240478516,,,,,,475.20068359375,116.780387878418,78.5880584716797,11.5919628143311,318.349487304688,62.7020530700684,63.6905059814453,357.740203857422,71.8589401245117,69.6780853271484,12111,3738,8895.1396484375,2745.44067382812,0,242,177.7412109375,0,102,86,,,0.63164234161377,0.749157190322876,1.02421545982361,0.946729063987732,22,0,16.1582927703857,0,3.97494006156921,27.8957187952475,634.073351848554,358.625494226265,,,,760.813715866508,430.30856614822,,,6653,103.748262558751
2018,RO,11001,Vale do Jamari,62.7474787981405,79.371073385911,62.7474787981405,100,93.4952540480179,92.6018983807928,100,98.2970407593523,97.9061976549414,97.180346175321,99.7208263539922,88.749302065885,65.5190505981445,1.10381078720093,25.4402103424072,73.4559783935547,,,,,,382.46533203125,92.1782302856445,88.8330535888672,5.92808532714844,295.520324707031,58.2514343261719,78.4482345581055,330.447448730469,66.8092346191406,84.2642364501953,14655,3247,5447.064453125,1206.86584472656,7,344,127.860130310059,2.60180497169495,178,206,,,0.765673995018005,0.661601841449738,1.03142976760864,0.814271986484528,211,36,78.4258346557617,13.3807106018066,3.9763011932373,22.7064457810715,563.807597506275,255.738866164654,,,,676.503045021472,306.856669643941,,,12210,95.3400201392696
2018,RO,11003,Central,80.9588211109428,88.8762361240344,76.5688226256681,100,92.4701195219124,92.609561752988,96.3545816733068,92.6693227091634,95.1792828685259,86.7529880478088,97.9083665338645,82.0916334661355,75.8204116821289,1.08186078071594,20.8618831634521,77.8218536376953,,,,,,522.04296875,136.324127197266,120.918632507324,6.73719358444214,340.741668701172,72.7239532470703,97.8172302246094,379.686828613281,82.9629592895508,105.832344055176,22975,5822,6678.138671875,1692.27954101562,6,581,168.879150390625,1.74401879310608,254,304,,,0.883636176586151,0.738301277160645,1.27371501922607,0.862562596797943,182,5,52.9019012451172,1.45334899425507,6.88247919082642,21.8702125769119,579.077149855019,264.862740570835,,,,694.824718418087,317.804249714652,,,14609,91.0078465641179
2018,RO,11006,Cone Sul,91.845769993184,96.9896884008579,91.845769993184,100,93.6418685121107,94.8096885813149,100,100,99.5242214532872,100,100,86.1159169550173,73.8399963378906,0.560000002384186,22.1599998474121,77.1600036621094,,,,,,537.12841796875,131.881362915039,117.15673828125,7.38974952697754,381.023651123047,81.9076995849609,99.5322723388672,424.166442871094,90.9777221679688,107.100967407227,13908,3179,8903.912109375,2035.1982421875,10,336,215.107452392578,6.40200757980347,162,182,,,1.16516542434692,1.03712522983551,1.39083611965179,1.25607395172119,24,0,15.364818572998,0,8.78227424621582,24.9990578050336,839.711590074851,431.303992696211,,,,1007.55550322136,517.514247199654,,,5704,90.1035243689569
2018,RO,11002,Café,68.4890733487627,80.3681903151148,66.6531288944276,100,93.6453576864536,100,100,100,100,100,100,83.675799086758,75.9158477783203,0.326441794633865,23.7939796447754,75.8433074951172,,,,,,544.154113769531,145.380233764648,119.690559387207,3.75536489486694,350.083831787109,74.0051116943359,95.7173461914062,393.048736572266,85.3873901367188,103.815475463867,14612,4252,8531.3095703125,2482.55737304688,27,416,242.884246826172,15.7641220092773,241,380,,,2.2186541557312,1.40709388256073,2.67362427711487,1.62268280982971,127,0,74.1497573852539,0,8.0659761428833,23.6785605115118,557.884037798202,313.024462902795,,,,669.395467547166,375.592672494263,,,5689,70.2791766255014
2018,RO,11004,Madeira-Mamoré,63.9682333524457,54.5036540514513,55.7373517867947,80.0134524839051,100,100,100,100,100,100,81.685404054963,76.5446334198136,38.9487495422363,7.30816078186035,39.529655456543,52.8998413085938,,,,,,429.255249023438,92.0285263061523,95.0380630493164,4.64944648742676,363.704833984375,73.2959899902344,94.1072540283203,407.490936279297,84.3802642822266,101.875297546387,39173,5041,6204.876953125,798.478149414062,133,1470,232.843246459961,21.0667705535889,831,1224,,,1.93877649307251,1.31627714633942,2.81352257728577,1.620121717453,745,110,118.005592346191,17.4236450195312,13.5909185409546,22.9852551194244,515.587214494562,348.287008841316,,,,618.644236300537,417.9035952419,,,33284,117.349396466364
2018,RO,11007,Vale do Guaporé,87.8505236496673,97.3867770920859,87.8505236496673,89.8403483309144,100,100,100,100,100,100,49.4920174165457,98.8388969521045,71.1141662597656,1.37551581859589,18.5694637298584,79.9174728393555,,,,,,401.557800292969,106.947555541992,82.7330169677734,11.0552759170532,282.929321289062,59.7515869140625,72.0392074584961,312.249267578125,65.995231628418,78.9238662719727,3171,817,6398.6923828125,1648.60668945312,0,113,228.020263671875,0,38,26,,,0.524648368358612,0.766793787479401,1.10983312129974,0.994814038276672,0,0,0,0,1.40444338321686,23.0073096260022,482.723023900939,330.165238305827,,,,579.211058906178,396.159594269473,,,3610,167.366231489255
2018,RR,14001,Centro Norte,79.8778329622652,63.6912713364161,67.2363989267569,100,92.8556743421053,81.2705592105263,93.5238486842105,79.6463815789474,100,83.1208881578947,100,84.4880756578947,43.6826477050781,7.08527803421021,50.8273239135742,42.0110321044922,,,,,,490.564727783203,107.17015838623,114.547065734863,2.21386790275574,438.77734375,91.8908538818359,116.177055358887,488.103607177734,104.719841003418,124.130416870117,39207,7184,8034.0732421875,1472.10400390625,35,948,194.258712768555,7.17199897766113,701,750,,,1.53685688972473,1.43644893169403,1.81446444988251,1.52799439430237,69,13,14.1390838623047,2.66388535499573,5.79538488388062,17.6281696380364,604.944494559571,329.581073060456,,,,725.862500698157,395.458664432703,,,36527,213.185536899239
2018,RR,14002,Sul,100,100,100,100,87.4818049490539,88.3551673944687,91.4847161572052,80.7860262008734,82.0232896652111,86.3173216885007,100,75.5458515283843,50.6418495178223,5.58408212661743,46.4698333740234,46.9191284179688,,,,,,443.771942138672,79.0433502197266,105.01473236084,3.56234097480774,401.866088867188,67.8477630615234,113.574272155762,448.072143554688,77.4848175048828,121.153091430664,5196,1042,5867.27490234375,1176.61669921875,0,107,120.823402404785,0,89,35,,,0.395216763019562,1.0049797296524,0.690500140190125,1.04450142383575,4,0,4.51676273345947,0,0.529590427875519,19.7802651482068,574.097071808856,173.466323381851,,,,688.849208372505,208.139259732476,,,11470,376.470572137931
2018,RS,43022,Região 22 - Pampa,75.6827102705653,59.3475157952184,68.5984761025167,86.8783953196824,83.7442540743836,83.6188884245717,87.5470121186795,83.660676974509,88.2156289176766,83.535311324697,87.1291266193063,82.5323861262014,79.0444259643555,0.880134105682373,15.0880136489868,83.9480285644531,,,,,,911.56005859375,266.29248046875,216.32942199707,0.174927115440369,393.327758789062,88.4213562011719,120.564002990723,441.293334960938,100.897758483887,132.003189086914,11649,3080,6191.69873046875,1637.08752441406,35,318,169.023971557617,18.6032676696777,174,247,,,1.31285905838013,0.924848139286041,1.49689853191376,0.973216593265533,126,16,66.9717636108398,8.50435066223145,7.37167739868164,20.332634062163,609.343102632187,392.734328781932,,,,731.140314917302,471.235170438588,,,11563,132.833345517912
2018,RS,43018,Região 18 - Araucárias,89.8629871629626,81.6340215018514,80.4419576668331,100,100,100,100,100,100,100,100,95.5739972337483,85.8444747924805,0.607533395290375,13.1227216720581,86.2697448730469,,,,,,713.092956542969,218.892456054688,105.30908203125,1.89873421192169,251.600646972656,52.6928215026855,49.5027275085449,280.941833496094,60.715705871582,54.073787689209,12198,2392,9175.4296875,1799.28088378906,0,273,205.35270690918,0,120,144,,,1.08317911624908,0.902649283409119,1.72857332229614,0.946089267730713,85,0,63.9376564025879,0,5.97177696228027,19.6966041354999,838.412048338188,586.830345325992,,,,1005.99620542921,704.127644394889,,,3848,67.1781931648011
2018,RS,43001,Região 01 - Verdes Campos,57.2211271268805,41.5431262234268,45.0519942142463,100,100,100,100,100,99.9012638230648,100,100,89.5932069510269,75.3069610595703,1.77353346347809,16.8778018951416,81.3486633300781,,,,,,827.059020996094,259.618041992188,142.089797973633,2.33139061927795,336.672210693359,79.6044387817383,81.4321594238281,374.451446533203,89.4935836791992,87.9813842773438,23281,4501,5344.09130859375,1033.19250488281,30,947,217.381317138672,6.88641977310181,822,1179,,,2.70636296272278,1.88687908649445,2.93051600456238,1.90662014484406,626,71,143.696624755859,16.2978610992432,14.8181982040405,20.5872101783173,555.882870085189,365.512948316063,,,,666.994300806172,438.572703922884,,,14416,72.7311015153275
2018,RS,43013,Região 13 - Diversidade,82.7752710301298,90.7229766384514,77.9318183775219,96.5414033920851,96.0093116062521,94.1137346192218,95.9760558696375,93.4818756235451,94.2800133022946,92.9830395743266,94.0139674093781,90.0565347522448,85.7873229980469,0.340831637382507,14.1104297637939,85.5487365722656,,,,,,776.581237792969,230.04963684082,126.15625,3.42889261245728,289.855102539062,62.359619140625,67.2505874633789,325.049224853516,71.0876312255859,73.1100158691406,16600,2886,7246.34521484375,1259.81640625,27,551,240.526275634766,11.7862243652344,305,418,,,1.82468211650848,1.33140683174133,1.97113680839539,1.30816173553467,304,37,132.704147338867,16.1514930725098,20.59446144104,24.416486448941,946.337974787094,579.949089045991,,,,1135.49466944847,695.870943265668,,,7312,70.7191960662663
2018,RS,43014,Região 14 - Fronteira Noroeste,93.4629652768502,86.568746149173,93.4629652768502,100,100,100,100,99.4505494505494,100,99.3720565149137,100,99.4113029827316,81.6394653320312,0.333827883005142,16.7284870147705,82.9376831054688,,,,,,873.58984375,267.016754150391,159.765029907227,1.22261846065521,300.156646728516,60.0040130615234,72.1857833862305,335.258117675781,69.2537231445312,78.7333221435547,19141,4204,8518.279296875,1870.89733886719,40,593,263.901550292969,17.8011169433594,286,274,,,1.21937656402588,1.27277982234955,1.57695651054382,1.37179851531982,274,10,121.937652587891,4.45027923583984,13.316125869751,19.3262103393205,1055.76300982796,476.34947473642,,,,1266.7918880992,571.563546817902,,,6406,63.0281905943759
2018,RS,43003,Região 03 - Fronteira Oeste,78.6456141532143,45.5596562694632,62.0114212129884,95.8415841584158,84.3259162303665,79.6138743455497,87.532722513089,83.4914921465969,85.8475130890052,80.9391361256545,92.7519633507853,80.3174083769634,72.7556228637695,1.69046449661255,20.8107662200928,77.4659423828125,,,,,,860.610290527344,220.752944946289,156.593231201172,9.75486469268799,381.009216308594,76.2405471801758,90.8268127441406,424.373046875,86.0885009765625,97.9328079223633,29981,6020,6520.58544921875,1309.29333496094,71,765,166.380310058594,15.4418325424194,388,555,,,1.20707273483276,0.843863487243652,1.43228435516357,0.874040305614471,271,13,58.9399490356445,2.8273777961731,7.89773607254028,20.4314142914569,714.86904440975,319.163945431515,,,,857.759078582482,382.959332049589,,,23054,113.171603305292
2018,RS,43017,Região 17 - Planalto,68.6058838472662,48.1707019189432,54.7577871575409,95.5633933543716,92.1106367180249,90.1058102840171,93.9669574902543,87.0614442175608,88.6393168739558,86.950064971227,85.4640327991055,88.1381102654539,80.4963912963867,0.722356021404266,19.0961284637451,80.1629943847656,,,,,,727.725341796875,203.502075195312,118.185882568359,1.85984718799591,321.646026611328,64.9136505126953,66.7698287963867,360.166229248047,74.0413360595703,73.0414581298828,34271,6028,8282.9208984375,1456.90087890625,88,1063,256.915313720703,21.2686252593994,694,1370,,,3.31113815307617,1.67732107639313,3.99723267555237,1.68372583389282,549,35,132.687225341797,8.4591121673584,18.1904754638672,20.6219281886071,772.264221552937,530.050491753625,,,,926.626565077253,635.998474076016,,,8606,45.2785205895118
2018,RS,43015,Região 15 - Caminho das Águas,99.1405019426651,93.9394098498372,93.7115404809409,100,100,100,100,100,100,100,100,96.0883571099862,85.5914840698242,0.777732312679291,15.5955791473389,83.5857543945312,,,,,,811.683898925781,273.466644287109,132.375289916992,1.87919461727142,319.034698486328,74.7647857666016,73.8141021728516,355.102081298828,84.728874206543,79.2580871582031,18994,4143,10347.0625,2256.9169921875,18,539,293.62255859375,9.80557727813721,237,212,,,1.15487909317017,1.29106771945953,1.67797935009003,1.37060177326202,174,12,94.7872467041016,6.53705167770386,7.59932231903076,20.3165277990326,816.742794445028,512.861307466135,,,,979.995640153213,615.37346731244,,,8286,108.750075779859
2018,RS,43019,Região 19 - Botucaraí,96.3088509096374,88.3738405149742,84.9031083800189,95.2197378565921,92.212798766384,91.8272937548188,93.6006168080185,87.6638396299152,88.5119506553585,89.2058596761758,72.3978411719352,88.2806476484194,78.7267074584961,0.698757767677307,22.1273288726807,76.9409942626953,,,,,,822.13720703125,260.698425292969,143.128555297852,3.00518131256104,344.701324462891,79.1427612304688,83.8607482910156,385.093597412109,89.742073059082,90.5360794067383,9988,2678,8509.3330078125,2281.53735351562,0,191,162.723526000977,0,88,97,,,0.826397001743317,0.749720990657806,1.23576164245605,0.831295728683472,82,0,69.8603668212891,0,8.25545024871826,20.2527778827572,713.334494084643,446.977087824468,,,,855.917798024602,536.320124640954,,,5729,100.679078778926
2018,RS,43026,Região 26 - Uva Vale,77.7717917741426,49.0367975968916,61.3249746955301,100,100,100,100,100,98.6835689907362,100,88.4446611409069,98.0984885421746,81.7980499267578,0.398582816123962,16.5633296966553,82.9937973022461,,,,,,631.343383789062,184.874404907227,110.285301208496,1.60337555408478,270.891906738281,53.9180488586426,65.4134979248047,301.868804931641,61.0714302062988,70.4472885131836,10488,2015,5587.78857421875,1073.55017089844,5,236,125.735900878906,2.66389632225037,153,197,,,1.04957509040833,0.815152227878571,1.79906237125397,0.855643451213837,151,5,80.4496688842773,2.66389632225037,42.3660736083984,18.4238881653244,799.61491891686,450.297741861756,,,,959.444196716118,540.304520341942,,,2737,36.1932972058343
2018,RS,43010,Região 10 - Capital e Vale do Gravataí,63.3414200452873,28.5919999253273,50.8728006031516,80.3951367781155,87.1370367975167,67.7358856625493,79.6805277113109,74.1123973355752,79.2472353359633,71.580547112462,52.5544848994374,74.3419776240057,69.2387542724609,1.74472951889038,23.8169422149658,74.3656311035156,,,,,,774.254028320312,193.457534790039,126.82405090332,6.61885452270508,353.837646484375,70.0208282470703,73.0856170654297,398.350708007812,80.2817993164062,79.5928649902344,148708,28376,6303.392578125,1202.79382324219,592,4902,207.784591674805,25.0935287475586,4551,9575,,,4.05862379074097,1.92906498908997,4.76943397521973,1.91839385032654,2864,363,121.398422241211,15.3867416381836,35.6517143249512,17.9542467482308,776.616630306162,347.36210879046,,,,931.848945527177,416.793823568882,,,82821,96.8129971744512
2018,RS,43021,Região 21 - Sul,87.194168145261,53.3246067089595,68.6327171613699,66.6571726953385,81.6481534225767,75.1732649767398,84.7526820469002,77.0720592423811,82.1798158169562,77.8125890059812,83.2811164910282,70.2269059147441,63.8969306945801,4.23663377761841,21.4437370300293,71.4823379516602,,,,,,953.873657226562,249.981475830078,175.431594848633,7.85133838653564,403.969024658203,79.7056427001953,99.1986618041992,451.598907470703,90.5701065063477,107.346969604492,50559,9082,5763.2529296875,1035.26306152344,127,1887,215.100341796875,14.4768114089966,1399,2023,,,2.30603075027466,1.59472906589508,2.74441027641296,1.57517969608307,592,40,67.4824600219727,4.55962562561035,14.9995727539062,18.6783284033,652.977724372694,313.721736218014,,,,783.496747513059,376.42931875984,,,31483,72.420166147238
2018,RS,43029,Região 29 - Vales e Montanhas,79.9258010118044,71.3110736368746,73.3324339516582,100,99.8852772466539,91.472275334608,100,97.8585086042065,98.9674952198853,98.2409177820268,82.4091778202677,97.131931166348,87.8447036743164,0.362844705581665,10.3410739898682,89.1872253417969,,,,,,797.762145996094,224.941314697266,118.038513183594,1.78671133518219,306.913787841797,56.3269691467285,63.8623161315918,340.950225830078,63.4436531066895,68.7594909667969,17362,2915,7733.52685546875,1298.42358398438,25,547,243.649307250977,11.1357088088989,344,467,,,2.08015036582947,1.53227353096008,2.45453286170959,1.63193809986115,207,6,92.2036666870117,2.67256999015808,26.019250869751,20.7881110447491,1103.95563440135,588.841594333895,,,,1324.61738994713,706.540907508336,,,3306,33.1949049731036
2018,RS,43009,Região 09 - Carbonífera/Costa Doce,65.6438101527436,43.3889765320224,50.5729415073804,84.015397082658,85.5348460291734,77.3500810372771,89.708265802269,86.0615883306321,92.3622366288493,82.8200972447326,45.7050243111831,85.3930307941653,72.4080276489258,1.06605350971222,24.8745822906494,73.9339447021484,,,,,,791.2177734375,208.266418457031,142.818222045898,7.44157457351685,381.782531738281,82.1604461669922,86.8429641723633,426.863922119141,92.8240966796875,94.0651779174805,24023,4098,5844.84130859375,997.051208496094,0,400,97.3207626342773,0,273,504,,,1.22624158859253,0.664214193820953,1.29181146621704,0.674311220645905,93,0,22.6270771026611,0,16.0039119720459,22.3525889766329,567.050548556334,382.528424527033,,,,680.394206243711,458.989281351292,,,17280,96.7806268535648
2018,RS,43007,Região 07 - Vale dos Sinos,68.6386948567883,37.3782152767348,44.5987536532339,93.5449735449735,89.4468494468494,84.963924963925,92.9196729196729,88.1385281385281,91.8133718133718,88.9369889369889,78.7397787397787,87.4747474747475,76.7934112548828,1.19720327854156,19.959774017334,78.6323165893555,,,,,,654.246887207031,183.164855957031,134.126678466797,2.94990730285645,348.648620605469,79.1235046386719,91.2084808349609,390.596008300781,90.0824203491211,99.1192779541016,46030,6981,5587.19580078125,847.365051269531,61,797,96.7411499023438,7.40427827835083,684,1385,,,1.68113529682159,0.830250263214111,1.92201721668243,0.849034011363983,387,58,46.9746856689453,7.04013347625732,25.5335941314697,26.6930402854125,799.679460232379,447.019490750886,,,,959.521638731216,536.371003183503,,,19687,54.9644150544579
2018,RS,43016,Região 16 - Alto Uruguai Gaúcho,87.2439095978867,71.2683969977777,80.3765357038031,81.5669947009841,80.5450416351249,80.2422407267222,83.0431491294474,81.3020439061317,87.6987130961393,81.3020439061317,94.7888931152529,81.9076457229372,81.2756423950195,0.484893709421158,21.223424911499,78.2916793823242,,,,,,789.403747558594,207.534713745117,135.069076538086,4.39978265762329,287.109588623047,52.3522262573242,68.5418853759766,319.806671142578,59.7418632507324,74.1368103027344,18641,2765,7993.087890625,1185.60632324219,30,537,230.260620117188,12.8637218475342,278,420,,,1.80092108249664,1.19203817844391,1.7234171628952,1.19825565814972,247,10,105.911308288574,4.28790712356567,14.4052248001099,21.4153119339193,839.137565726026,604.720887835968,,,,1006.86674127204,725.594198834057,,,4654,43.8591551403767
2018,RS,43004,Região 04 - Belas Praias,90.0740614625011,60.8646397443537,74.4956159019324,100,89.5192724122997,77.4794283239498,97.8345604157644,87.8735383282806,93.5469900389779,84.4088349935037,99.6102208748376,89.7358163707233,79.8209915161133,1.05777049064636,21.7249794006348,77.1358795166016,,,,,,792.401000976562,195.895645141602,166.290832519531,8.18759918212891,373.151672363281,73.0452270507812,92.5027618408203,417.415405273438,83.5284576416016,100.795684814453,12138,1741,7645.59912109375,1096.6376953125,15,153,96.3730926513672,9.44834232330322,196,272,,,1.71329951286316,1.23458349704742,1.72747206687927,1.31946110725403,13,0,8.18856334686279,0,7.86606025695801,21.6081945384215,940.604006194708,652.141397279829,,,,1128.61457909501,782.493253009865,,,5357,85.2216694791073
2018,RS,43027,Região 27 - Jacuí Centro,57.4439042271999,75.8604888966063,52.1536339256429,97.6950354609929,96.8971631205674,96.4982269503546,98.3599290780142,96.5425531914894,94.636524822695,96.3209219858156,66.7553191489362,92.3315602836879,75.4226303100586,0.780234098434448,22.0199394226074,77.0264434814453,,,,,,956.41259765625,325.367340087891,177.696838378906,3.0880081653595,382.204803466797,99.0396575927734,91.6663818359375,428.191162109375,114.067169189453,99.8164672851562,16958,4376,8347.3212890625,2154.02026367188,15,394,193.940582275391,7.38352489471436,204,327,,,1.60960841178894,1.00415933132172,1.7805370092392,1.00194430351257,208,4,102.384880065918,1.96894001960754,7.08424615859985,20.5474264577088,726.79951013872,363.744419941734,,,,872.07423933922,436.450677125565,,,9572,104.687721373392
2018,RS,43005,Região 05 - Bons Ventos,72.1139450326168,61.2425587281218,60.4307025986526,96.6039004707465,86.1802286482851,73.9744451916611,93.8466711499664,82.2461331540013,95.359784801614,79.0181573638198,79.3544048419637,82.649630127774,76.6500854492188,1.16086232662201,21.658374786377,77.048095703125,,,,,,822.517883300781,219.023773193359,141.443923950195,9.11933326721191,346.612609863281,64.5414581298828,77.0168380737305,388.792846679688,74.4270248413086,83.8454132080078,14145,2561,6062.80126953125,1097.69055175781,19,290,124.299209594727,8.14374160766602,206,277,,,1.18727171421051,0.882952988147736,1.71039998531342,1.01989638805389,69,1,29.5746402740479,0.42861795425415,8.30875968933105,27.6292578465948,856.612199942965,555.789324983068,,,,1027.8342544994,666.882057646073,,,10540,110.11744137001
2018,RS,43008,Região 08 - Vale do Caí e Metropolitana,78.0427415044905,51.7237378938175,61.5765736407837,83.6621796053845,84.003319196017,77.9089065093122,87.470035035958,82.4174810990227,90.5310713627144,83.6990595611285,56.8504517794579,85.8196570164116,72.6854934692383,0.899952113628387,19.8372421264648,78.9277191162109,,,,,,742.230529785156,195.31022644043,136.277969360352,4.82074499130249,374.691619873047,77.5185012817383,87.7908096313477,419.942901611328,88.2426834106445,95.8038101196289,51597,9850,6664.96142578125,1272.35827636719,120,1257,162.371002197266,15.5008115768433,931,1913,,,2.47108769416809,1.20260465145111,2.45100140571594,1.28194940090179,302,26,39.0103759765625,3.35850930213928,29.1576728820801,19.8944780909122,1165.40009847882,520.567769620814,,,,1398.34354623161,624.620318786316,,,22530,67.7732646136708
2018,RS,43020,Região 20 - Rota da Produção,91.1460859878905,79.9259778292819,87.2653119890763,100,100,100,100,99.9486389316898,100,100,63.6363636363636,99.2809450436569,84.6516036987305,0.941619575023651,13.7476463317871,85.2636566162109,,,,,,784.085693359375,246.671768188477,129.150726318359,1.79547226428986,326.800354003906,77.7601928710938,72.5891265869141,366.006683349609,89.0794219970703,78.3293304443359,14218,3410,8702.677734375,2087.22265625,0,429,262.586090087891,0,187,150,,,0.918133139610291,1.14460599422455,1.22142314910889,1.19357311725616,117,0,71.614387512207,0,4.71920442581177,18.7239572228341,839.156161207831,511.703341538056,,,,1006.88905367102,613.984043899487,,,9070,150.610135050621
2018,RS,43025,Região 25 - Vinhedos e Basalto,70.6689011424659,45.1003712113021,52.5049391088963,100,95.6043956043956,90.4395604395604,96.1813186813187,89.2307692307692,94.5879120879121,88.9835164835165,88.4340659340659,95.2747252747253,83.569709777832,0.588707506656647,12.2825794219971,87.1287155151367,,,,,,632.037231445312,175.353729248047,91.0184555053711,1.71198391914368,235.198608398438,41.6609497070312,48.1262397766113,264.804229736328,48.2923355102539,52.4707336425781,17940,2471,5709.33935546875,786.38671875,27,402,127.935028076172,8.5926513671875,282,755,,,2.40275979042053,0.897454679012299,2.46545433998108,0.886395633220673,300,12,95.4738998413086,3.81895613670349,35.5796241760254,20.0238165157944,969.19758853537,551.889296303941,,,,1162.92352705366,662.20248027115,,,2871,21.4103867152447
2018,RS,43012,Região 12 - Portal das Missões,84.7912976191238,88.6941952152253,84.7912976191238,93.5064935064935,91.8290043290043,90.4761904761905,94.1558441558442,89.3398268398268,82.7922077922078,88.6904761904762,89.3939393939394,82.034632034632,75.0131759643555,0.632577776908875,19.4517650604248,79.8102264404297,,,,,,882.97900390625,287.756561279297,165.558563232422,3.1994047164917,370.592468261719,89.8460464477539,96.1005325317383,414.621185302734,100.932563781738,104.737236022949,10210,2249,6707.74951171875,1477.54443359375,8,320,210.233093261719,5.2558274269104,200,243,,,1.59645760059357,1.3139568567276,1.55933833122253,1.28077948093414,190,6,124.825897216797,3.94187045097351,11.2960872650146,20.1053042137661,815.463470848175,534.368102397503,,,,978.460601759501,641.179100872675,,,5526,86.0445461251267
2018,RS,43024,Região 24 - Campos de Cima da Serra,92.9849566904719,81.4759247034348,77.8021164656224,96.2291515591008,90.6453952139231,81.7984046410442,93.2559825960841,90.8629441624365,95.4314720812183,89.1950688905004,98.5496736765772,91.0079767947788,66.7877883911133,1.59883725643158,22.4563961029053,75.9447708129883,,,,,,824.021240234375,252.230880737305,114.559051513672,8.53658580780029,374.669342041016,82.7601547241211,67.1879119873047,418.404510498047,95.4509735107422,73.0483322143555,7017,1452,7051.41064453125,1459.12048339844,8,147,147.72087097168,8.039231300354,86,133,,,1.33652222156525,0.864217400550842,1.57292592525482,0.935565590858459,52,2,52.2550048828125,2.0098078250885,11.9282093048096,23.0312462537235,1049.21128208206,599.104418472064,,,,1258.93058259382,718.855093785178,,,3901,99.1177694259952
2018,RS,43030,Região 30 - Vale da Luz,81.5022748598418,53.1867750609126,47.1112828317077,100,98.6586183769282,93.3601609657948,98.7256874580818,93.9637826961771,93.9637826961771,94.5003353454058,56.9416498993964,89.4701542588867,87.4600143432617,0.319897621870041,11.1964168548584,88.4836883544922,,,,,,801.251037597656,250.826416015625,143.992935180664,1.64251208305359,321.824584960938,76.6586761474609,72.2605285644531,362.017303466797,87.4200897216797,78.681999206543,9344,1446,7233.7099609375,1119.42895507812,14,278,215.215255737305,10.8381786346436,126,211,,,1.63346827030182,0.97543603181839,1.7960410118103,0.990338504314423,105,6,81.2863388061523,4.64493370056152,24.0700454711914,21.6699467737548,893.226321508267,516.484499176004,,,,1071.76690960952,619.720872766472,,,2680,47.8293187318573
2018,RS,43011,Região 11 - Sete Povos das Missões,85.8720116378009,81.6824719347844,76.5840721324074,100,92.2986131602242,91.8560047211567,95.013278253172,91.6789613455297,96.9312481557982,92.3281203894954,90.8232516966657,93.4493951017999,77.1062850952148,0.654956817626953,25.2456092834473,74.0696640014648,,,,,,881.717468261719,237.426544189453,180.116683959961,4.56197023391724,328.877685546875,63.73876953125,93.8486862182617,367.751098632812,72.6860580444336,101.783187866211,22566,4385,8032.634765625,1560.892578125,25,542,192.931304931641,8.89904594421387,312,355,,,1.26366448402405,1.11060094833374,1.90226006507874,1.14708697795868,186,9,66.2089004516602,3.20365643501282,9.10692691802979,18.484715532571,708.434110936514,392.916678663574,,,,850.037912517304,471.453968927179,,,11794,91.6721162585102
2018,RS,43002,Região 02 - Entre Rios,85.9044663550301,78.4805750874023,84.0766783203048,73.7967914438503,91.2146676852559,88.0825057295646,93.2773109243697,91.6730328495034,97.0970206264324,91.9022154316272,72.3453017570665,88.0061115355233,82.8382873535156,0.742574274539948,14.6039600372314,84.6534652709961,,,,,,853.122009277344,230.901977539062,153.934646606445,4.27350425720215,299.589935302734,54.4958343505859,76.0354461669922,333.968414306641,62.8488159179688,82.3893356323242,8452,1844,6847.66162109375,1493.97631835938,9,255,206.59651184082,7.29164123535156,122,154,,,1.24768090248108,0.988422513008118,1.18428409099579,1.01576614379883,71,1,57.52294921875,0.810182392597198,5.70692443847656,19.7490997095412,679.553137683152,428.768847703971,,,,815.384129142444,514.472370299792,,,6442,116.700946923775
2018,RS,43006,Região 06 - Vale do Paranhana e Costa Serra,82.494688022199,49.5800592498222,71.2511834693869,83.0044998269297,84.1121495327103,82.3468328141225,86.5351332641052,82.104534440983,86.1889927310488,82.6929733471789,81.2737971616476,84.1813776393216,81.1042556762695,0.891632378101349,18.1412887573242,80.8984909057617,,,,,,714.009887695312,210.68440246582,137.309585571289,5.82932710647583,370.726135253906,87.2987976074219,90.9731750488281,412.913726806641,98.3471603393555,98.5243225097656,17193,2794,7377.38671875,1198.88439941406,8,426,182.793395996094,3.43273973464966,150,293,,,1.2572408914566,0.643638730049133,1.70553529262543,0.775262832641602,67,2,28.749195098877,0.858184933662415,10.956018447876,20.0807424284379,501.581819248775,306.990475263854,,,,601.839403282303,368.352594443842,,,5542,57.4348402034975
2018,RS,43028,Região 28 - Vinte e Oito,79.69885490151,62.0307179494547,56.8965963132714,65.9616820104504,82.2095048519532,81.1893505847226,83.5531226673302,79.3480965414282,81.4630505100771,78.4772331425728,58.3727295347101,79.4725055984076,78.3192443847656,0.596718072891235,17.7026348114014,81.6509170532227,,,,,,861.075439453125,260.238677978516,161.290786743164,3.75290608406067,357.891723632812,78.2778091430664,88.6476135253906,400.313873291016,89.2233200073242,96.3894729614258,24827,4308,7099.9404296875,1231.98706054688,33,552,157.859069824219,9.43722629547119,398,621,,,1.77591443061829,1.13818669319153,2.72271132469177,1.15205657482147,226,6,64.6307067871094,1.71585941314697,18.6894264221191,21.6420338063962,934.317495220959,407.539528004513,,,,1121.07150263575,488.999674500835,,,10608,64.1299770014917
2018,RS,43023,Região 23 - Caxias e Hortênsias,65.2807277070172,27.3797729478106,38.9876973813676,100,100,82.2222222222222,100,93.6904761904762,89.9074074074074,93.0291005291005,89.3650793650794,87.7645502645503,81.3080368041992,0.726685523986816,13.8339385986328,85.4259185791016,,,,,,579.664245605469,145.691024780273,100.499069213867,1.46355187892914,285.550872802734,56.4755592346191,66.081672668457,318.672393798828,63.6451873779297,71.4798965454102,28875,3742,4710.89404296875,610.499206542969,69,610,99.5201797485352,11.2572011947632,839,1945,,,3.17322540283203,1.36881041526794,2.78664660453796,1.39079451560974,636,105,103.762023925781,17.1305236816406,44.3538627624512,26.1014680337804,935.988007016496,548.577086491548,,,,1123.07592102497,658.228216650467,,,10184,35.8154020437143
2018,SC,42008,Meio Oeste,96.9234962080912,84.4481947159606,88.6405207519877,100,93.5149654643131,92.2102839600921,96.23944742901,94.5510360706063,95.0115118956255,93.3614735226401,94.9731389102072,98.695318495779,78.3934555053711,1.19003343582153,22.3503170013428,76.4224624633789,,,,,,615.777038574219,177.728530883789,116.046272277832,4.58404064178467,286.590484619141,63.2602462768555,74.8993606567383,319.770538330078,72.3866195678711,80.5577926635742,15385,2971,8042.2158203125,1553.03369140625,10,377,197.069564819336,5.2273097038269,195,352,,,1.84001290798187,1.01932537555695,2.03773593902588,1.1229567527771,149,0,77.8869094848633,0,19.7043437957764,21.1707493161985,903.701707905095,590.816075177803,,,,1084.33614568682,708.910053133809,,,3566,42.4855783773216
2018,SC,42003,Xanxerê,99.8207535361122,84.5357366378771,95.5749155088246,100,96.077057793345,93.7653239929948,98.4588441330998,92.6795096322242,87.7408056042031,92.4343257443082,99.7197898423818,90.122591943958,75.8620681762695,0.644537568092346,21.5920085906982,77.7634582519531,,,,,,555.683288574219,141.419387817383,87.9498672485352,5.93525171279907,284.330535888672,51.9948387145996,62.2093811035156,319.915161132812,59.9587631225586,67.1326141357422,19333,4239,9660.9931640625,2118.29248046875,20,387,193.389770507812,9.99430370330811,190,246,,,1.22929930686951,0.949458837509155,1.39420533180237,1.02741432189941,105,3,52.4700927734375,1.4991455078125,11.5789003372192,21.5809476611886,852.03651310552,531.172794842909,,,,1022.34396651412,637.345106261705,,,6951,86.4238928122322
2018,SC,42004,Alto Vale do Itajaí,95.7572326872451,91.4431956133292,93.7828216005347,100,96.0390946502058,93.8014403292181,98.9454732510288,95.8333333333333,93.6728395061728,95.4218106995885,98.5853909465021,92.8240740740741,84.1603546142578,0.391102433204651,17.4040584564209,82.107063293457,,,,,,675.471984863281,186.652481079102,136.178405761719,3.20962882041931,338.7890625,69.3300018310547,84.7572250366211,381.222717285156,79.8825149536133,92.9564819335938,22650,4483,7672.73828125,1518.62634277344,35,686,232.384033203125,11.8563280105591,315,423,,,1.43292200565338,1.06706953048706,1.53124487400055,1.21976208686829,135,11,45.7315521240234,3.72627472877502,7.90918731689453,20.6538788850402,903.319935857215,435.44785952014,,,,1083.87806396881,522.486401773218,,,3425,28.0306592369678
2018,SC,42002,Oeste,96.3287470619636,89.8107080073895,90.669271422862,100,100,100,100,100,97.0791395302941,100,100,94.7700809157292,82.1253433227539,0.47229790687561,18.8555850982666,80.6357879638672,,,,,,538.049987792969,153.491088867188,99.187385559082,3.19258499145508,279.282806396484,58.5897598266602,66.1563110351562,313.107452392578,67.1975784301758,71.5251235961914,27383,5081,7586.7265625,1407.74047851562,28,563,155.984634399414,7.75767230987549,492,842,,,2.33284282684326,1.36313390731812,2.47843790054321,1.4335070848465,232,20,64.2778549194336,5.54119443893433,16.5485000610352,22.8620706607431,1012.15333772117,531.115085646731,,,,1214.46539214009,637.275861989168,,,6257,36.9911923132727
2018,SC,42007,Grande Florianópolis,88.1887352014716,55.5264334394698,73.3100072008982,90.0512163892446,84.7695262483995,83.98847631242,60.9282970550576,87.708066581306,83.98847631242,86.9398207426377,43.5019206145967,55.8770806658131,73.3498229980469,2.20827794075012,23.9290447235107,72.348258972168,,,,,,530.695922851562,104.962661743164,123.28279876709,1.28266036510468,273.228210449219,37.1871795654297,75.0538711547852,305.109527587891,42.6269416809082,82.3418731689453,72137,11046,6062.20263671875,928.276611328125,134,1872,157.317932128906,11.2610054016113,1827,3561,,,2.99257016181946,1.53536248207092,2.94687485694885,1.52809321880341,1127,193,94.7100982666016,16.2192096710205,26.7156429290771,20.8374235775974,657.500838409796,426.118186013535,,,,788.923954298872,511.291886899367,,,17554,33.784247572203
2018,SC,42010,Alto Uruguai Catarinense,93.8821757532231,65.0578383315785,75.312550116095,100,100,100,100,100,100,100,100,100,87.6439819335938,0.209424078464508,14.659686088562,85.1308898925781,,,,,,610.449523925781,173.018829345703,80.9281616210938,1.82857143878937,248.31266784668,48.3213424682617,44.821834564209,278.153625488281,55.7061386108398,48.5119171142578,11995,2028,8368.390625,1414.84753417969,20,347,242.086837768555,13.9531316757202,190,215,,,1.49996161460876,1.32554745674133,1.68815445899963,1.42356824874878,144,2,100.462547302246,1.39531314373016,28.9583282470703,21.0603990369315,1040.35301833116,586.325398174554,,,,1248.30170418283,703.521766987359,,,1756,27.7343724129957
2018,SC,42001,Extremo Oeste,97.1487551661574,99.8237365270493,97.1487551661574,100,98.1366459627329,97.0669427191166,99.7929606625259,97.2394755003451,92.2015182884748,97.7225672877847,99.6549344375431,94.3409247757074,79.3963241577148,0.524934411048889,15.6496067047119,83.7926483154297,,,,,,659.483825683594,197.543212890625,114.730339050293,3.46631789207458,277.932769775391,50.3583602905273,66.0556564331055,308.270812988281,57.8064117431641,71.1425704956055,22290,4927,9614.0576171875,2125.09912109375,20,564,243.262832641602,8.62634181976318,283,268,,,1.15592980384827,1.22062730789185,1.40469181537628,1.34905195236206,165,0,71.1673202514648,0,8.7992992401123,19.9896945985047,926.78789828434,517.671865203694,,,,1112.03686869691,621.145572853594,,,3923,38.8565721343751
2018,SC,42013,Serra Catarinense,97.4083914153613,98.2992892139949,88.953488372093,58.6792452830189,73.4433962264151,73.0660377358491,75.9905660377358,71.5094339622642,70.1415094339623,70.2594339622642,57.4292452830189,71.4150943396226,73.7652816772461,0.537897288799286,24.3520774841309,75.0122222900391,,,,,,735.235473632812,239.532165527344,158.070434570312,4.95049524307251,369.389617919922,95.5268402099609,105.490539550781,409.495056152344,107.003890991211,113.293663024902,23448,5284,8128.14794921875,1831.67578125,36,700,242.651977539062,12.4792442321777,365,506,,,1.7540271282196,1.26525676250458,2.38613557815552,1.34151875972748,199,0,68.9824905395508,0,13.753514289856,19.2825255755587,806.078262162722,383.088033055,,,,967.199451179137,459.660746004951,,,12141,104.211884554689
2018,SC,42006,Médio Vale do Itajaí,94.1366523431471,55.9490163983331,78.2610218251009,57.3943661971831,100,100,100,100,100,100,54.7638773819387,100,77.8804092407227,0.106951870024204,18.1429271697998,81.7404022216797,,,,,,536.003234863281,146.844940185547,94.3181610107422,2.62279438972473,289.220428466797,61.3569564819336,68.2474136352539,322.723541259766,69.7004623413086,73.4941711425781,49997,7533,6389.73583984375,962.7353515625,73,960,122.690292358398,9.32957458496094,1078,1816,,,2.32089138031006,1.37770974636078,2.48233771324158,1.50941014289856,586,61,74.8921966552734,7.79594564437866,25.6084041595459,26.9644625100613,953.7576701734,527.205814086509,,,,1144.39743440617,632.585194240093,,,7098,23.7926592331486
2018,SC,42011,Nordeste,78.9414233333929,49.7896703213806,67.679504817036,100,100,97.1116816431322,100,100,98.2955355869348,100,99.5364427328484,100,80.960334777832,0.452331244945526,21.3013229370117,78.190673828125,,,,,,533.653930664062,138.202682495117,103.407661437988,3.24175834655762,307.383575439453,60.570125579834,77.0103073120117,345.081878662109,69.5064926147461,83.3163070678711,60716,9568,5934.3095703125,935.164978027344,107,1203,117.579788208008,10.4580526351929,1191,2244,,,2.1932590007782,1.1640692949295,2.23780345916748,1.17951202392578,540,86,52.7789573669434,8.40553760528564,30.7164745330811,32.4474739588145,1082.88095875196,683.726387084031,,,,1299.33024888569,820.391539365037,,,13620,32.2392111006158
2018,SC,42014,Extremo Sul Catarinense,93.4991497882017,71.1410949118094,86.28744201958,97.1937808115283,93.9704209328783,90.4816078877512,96.9283276450512,93.8945771710277,96.4353431930224,92.4156238149412,93.8187334091771,95.48729616989,74.1372909545898,0.259740263223648,27.8293132781982,71.5769958496094,,,,,,674.856140136719,192.673416137695,150.245330810547,1.92307686805725,336.694122314453,77.1130218505859,95.9887924194336,375.690277099609,87.2087249755859,104.666618347168,15989,3798,7980.97216796875,1895.78662109375,10,390,194.670028686523,4.991539478302,212,301,,,1.50245332717896,1.05820631980896,1.15441823005676,1.08341360092163,74,0,36.9373893737793,0,7.65103149414062,21.9049707496585,576.207494440923,365.62776364112,,,,691.381468212901,438.710468857873,,,5221,61.4816217509245
2018,SC,42016,Laguna,97.5047102993963,98.8871315995764,97.0651740404054,100,93.668407310705,94.0165361183638,97.3455178416014,93.4290687554395,95.4090513489991,92.4064403829417,100,91.6013925152306,77.3685302734375,0.872897565364838,26.4424095153809,72.6421127319336,,,,,,688.567016601562,211.109497070312,146.29997253418,2.42255759239197,322.365295410156,76.7210235595703,89.1816940307617,360.764923095703,87.3530578613281,95.9113998413086,30232,7622,8267.1796875,2084.29614257812,30,642,175.559967041016,8.20373725891113,455,581,,,1.58879041671753,1.24423348903656,1.77070832252502,1.31417036056519,248,22,67.8175582885742,6.01607370376587,19.3336429595947,18.801280882584,665.124918460248,343.610079903181,,,,798.071956901942,412.291828600245,,,5446,36.2221077263916
2018,SC,42009,Alto Vale do Rio do Peixe,84.1659822039699,71.0947980835045,74.784052019165,96.8564920273349,92.4601366742597,93.3257403189066,94.874715261959,91.4806378132118,90.501138952164,93.8496583143508,93.0068337129841,89.3394077448747,77.8125686645508,0.917020797729492,18.1614856719971,80.8096618652344,,,,,,644.417358398438,166.136184692383,110.530029296875,5.02911615371704,367.808349609375,78.9099426269531,77.5663757324219,409.188415527344,89.3610076904297,83.4525985717773,26528,5343,9049.8173828125,1822.72216796875,56,505,172.276748657227,19.1039562225342,266,396,,,1.35092258453369,0.907437920570374,1.53147208690643,1.01754152774811,163,0,55.6061592102051,0,17.1666107177734,21.2114835741929,678.803109753593,443.484294729637,,,,814.484183521914,532.1291822437,,,8199,66.1915109402299
2018,SC,42005,Foz do Rio Itajaí,91.0395382953118,65.405382455339,77.4003929526202,86.7445255474452,92.3698296836983,88.5936739659367,95.4841849148418,90.4525547445255,89.7810218978102,90.2773722627737,81.7907542579075,86.4136253041362,81.4111862182617,0.671994209289551,19.7965850830078,79.4133682250977,,,,,,540.840637207031,144.796478271484,103.303421020508,4.55026435852051,327.791839599609,69.4650115966797,78.1251754760742,365.93310546875,78.6820907592773,84.0342864990234,36086,4952,5163.16796875,708.529846191406,59,684,97.8664016723633,8.44169235229492,719,1532,,,2.19197845458984,1.02874183654785,2.68649697303772,1.11151337623596,289,37,41.349983215332,5.29394245147705,21.9851703643799,23.3790463587743,1017.12546217319,629.811727571395,,,,1220.43135880476,755.700266148932,,,11004,35.1971913754375
2018,SC,42015,Carbonífera,86.8227018935291,77.9408277971744,82.1435046791972,98.2958538299368,89.2832044975404,88.5980323260717,92.8671820098384,88.3872101194659,92.6739283204498,87.1749824314828,95.2565003513703,91.742796907941,79.2024765014648,0.515641093254089,22.3100719451904,77.1227188110352,,,,,,577.160339355469,141.811264038086,136.968933105469,1.03875350952148,304.602386474609,57.7827682495117,89.9439849853516,340.768951416016,65.1660690307617,98.3280410766602,27740,6019,6396.4951171875,1387.90563964844,28,658,151.726516723633,6.45644760131836,508,836,,,1.92771089076996,1.17138409614563,1.99740588665009,1.23802387714386,289,42,66.639762878418,9.68467140197754,22.3450202941895,23.0517299161439,893.715445465154,410.761020846021,,,,1072.35380103789,492.865088387477,,,7666,45.7440149412569
2018,SC,42012,Planalto Norte,80.9242267081571,68.196494587622,72.4266602835182,94.260054666146,92.6395939086294,91.6634127294026,94.0843420538852,89.9648574775478,86.0210855134713,90.3162827020695,84.6739554861382,86.5872705974229,77.8137512207031,0.533231794834137,14.6638736724854,84.5934143066406,,,,,,663.407531738281,187.271377563477,125.997032165527,4.55817651748657,355.026947021484,77.5087585449219,87.5969009399414,398.336578369141,88.5913314819336,95.4482955932617,31043,5803,8234.3701171875,1539.28588867188,47,640,169.764419555664,12.4670753479004,324,715,,,1.89658689498901,0.859432399272919,1.50818455219269,0.912351191043854,205,10,54.3776664733887,2.65256905555725,11.463077545166,28.0764077545116,771.870788478417,468.974188223091,,,,926.154491493814,562.714067303541,,,8349,50.672128831679
2018,SE,28007,Propriá,100,100,100,62.3766623766624,94.5516945516946,93.3504933504934,96.3534963534964,90.2616902616903,95.8386958386958,91.3341913341913,59.6310596310596,81.5100815100815,63.2075462341309,0.686106324195862,33.7049751281738,65.4373931884766,,,,,,699.353515625,208.358245849609,147.928070068359,9.99099922180176,452.388336181641,112.148193359375,117.941528320312,504.823760986328,127.074157714844,128.226699829102,7517,1524,4731.8095703125,959.329223632812,0,127,79.9440994262695,0,124,132,,,0.830915093421936,0.780556559562683,0.924078285694122,0.816437005996704,6,0,3.77688670158386,0,2.91009116172791,18.4494872459991,648.543027545269,294.429691215849,,,,778.175631017345,353.281125570566,,,27436,436.798884940926
2018,SE,28001,Aracaju,80.462319483464,78.2963557545843,70.064121069592,100,82.5282544997907,79.3804939305149,86.8647969861867,79.0623691921306,85.1318543323566,80.3767266638761,100,73.1854332356635,65.1603164672852,0.914949476718903,41.7933006286621,57.2201461791992,,,,,,546.500122070312,140.152359008789,100.411170959473,4.8838210105896,352.4111328125,72.1591720581055,85.7847290039062,390.659637451172,82.0231475830078,91.3083419799805,33977,5725,3994.93017578125,673.131103515625,220,1657,194.825881958008,25.8670463562012,1226,2744,,,3.22632598876953,1.44149994850159,3.10513305664062,1.4598126411438,792,109,93.1213684082031,12.8159456253052,29.5593318939209,20.9902876495129,716.096851437208,376.882921885892,,,,859.232303130091,452.215339772106,,,58888,147.156521601846
2018,SE,28002,Estância,93.6725441214638,95.3623799636647,90.7198935894108,98.5548313969963,100,98.7531878719184,100,96.3729101728535,94.5310286200057,95.8061773873619,96.0895437801077,83.9047888920374,61.8322639465332,1.20192313194275,39.075855255127,59.7222213745117,,,,,,590.404113769531,171.486663818359,118.40746307373,5.87828493118286,396.456634521484,93.1347045898438,100.047843933105,442.068298339844,105.022430419922,107.867431640625,9839,1417,4017.279296875,578.563354492188,0,177,72.2693786621094,0,164,135,,,0.55120712518692,0.669614613056183,0.876725614070892,0.714833974838257,11,0,4.49131727218628,0,2.49594759941101,17.5831606274247,521.863605064236,218.237404052037,,,,626.175169460906,261.859309863488,,,39234,394.552300544507
2018,SE,28003,Itabaiana,92.3789376941117,100,86.4367433605882,100,100,100,100,100,98.6619942656897,100,98.3434214718063,88.0853775087608,69.3758697509766,0.887656033039093,34.7850189208984,64.2995834350586,,,,,,635.547668457031,154.506576538086,111.897804260254,10.7142858505249,387.353576660156,71.1976318359375,86.2621841430664,428.563598632812,80.4803695678711,92.4604110717773,10395,1074,4139.42236328125,427.680572509766,0,132,52.5640907287598,0,140,138,,,0.549533665180206,0.557497978210449,0.923853754997253,0.636941432952881,42,0,16.7249393463135,0,3.33662533760071,17.4413852806312,557.278648507321,220.56447324428,,,,668.669071343007,264.651520187525,,,34136,293.453100388404
2018,SE,28005,Nossa Senhora da Glória,83.1929609119766,100,79.9705739243263,70.9435452033162,100,99.3288590604027,100,99.5657323332017,100,100,65.2191077773391,89.3407027240426,64.9766235351562,0.683207452297211,32.6501274108887,66.3430404663086,,,,,,481.337951660156,126.453193664551,103.726577758789,11.380145072937,324.316375732422,71.6846542358398,86.6169891357422,362.551574707031,81.7389984130859,93.7817306518555,5189,429,3023.8046875,249.992721557617,0,116,67.5970993041992,0,117,73,,,0.425395518541336,0.681798338890076,0.523294806480408,0.695492565631866,0,0,0,0,1.5524023771286,17.3575842925617,538.730134734354,223.987499710373,,,,646.413028495172,268.758750806168,,,35066,582.544310935066
2018,SE,28006,Nossa Senhora do Socorro,99.1474639603141,96.0789171480702,98.2730680221747,74.1398653702319,94.8952879581152,88.7808526551982,100,93.0628272251309,100,99.4764397905759,69.9513836948392,91.3612565445026,57.8606147766113,0.936430752277374,45.6870155334473,52.7462615966797,,,,,,533.681884765625,140.365646362305,113.754661560059,4.98630142211914,427.618957519531,105.385162353516,106.92301940918,477.192962646484,119.723663330078,115.815444946289,16209,3106,4739.97265625,908.28271484375,0,138,40.3551254272461,0,181,174,,,0.508825480937958,0.52929550409317,0.834663867950439,0.682893514633179,0,0,0,0,10.5288858413696,19.6471243413002,538.582128017395,276.424634444205,,,,646.235437779563,331.677167437195,,,51324,338.620817822171
2018,SE,28004,Lagarto,87.0486370515104,100,74.873857824263,100,96.1391099322134,94.6360153256705,97.465369879163,96.1391099322134,96.1685823754789,96.3159445918067,100,85.2932508104922,77.2875823974609,0.92592591047287,30.9095859527588,68.1372528076172,,,,,,603.162841796875,176.742538452148,113.454811096191,11.1964168548584,347.164703369141,78.3359375,88.2585525512695,387.5146484375,88.7583847045898,95.5915145874023,10068,1570,3885.24853515625,605.864135742188,10,149,57.499210357666,3.85900735855103,175,148,,,0.571133077144623,0.675326287746429,0.820135533809662,0.73822808265686,21,0,8.10391521453857,0,4.24066305160522,16.7956873657037,422.77982924353,160.088804819646,,,,507.286249993683,192.08780515437,,,46235,413.717601291631
2018,SP,35091,Adamantina,81.1849205191775,90.8626221379612,69.5238442467551,98.8958990536278,95.3470031545741,95.6624605678233,96.1356466876972,98.5804416403786,97.7917981072555,96.4511041009464,95.4258675078864,86.98738170347,88.8276977539062,0.314712822437286,8.65460300445557,90.9520034790039,,,,,,769.035278320312,193.166549682617,119.095169067383,9.53729915618896,296.534240722656,59.4381484985352,66.483039855957,330.321594238281,65.7673950195312,72.4827041625977,9687,2636,7034.60302734375,1914.23693847656,4,211,153.226104736328,2.90476012229919,196,191,,,1.38702297210693,1.42333245277405,1.25685346126556,1.32820153236389,81,1,58.8213920593262,0.726190030574799,12.7729568481445,25.6422014039491,829.785771766078,491.749277234942,,,,995.64568444645,590.041505130381,,,4471,78.3254274250561
2018,SP,35156,José Bonifácio,73.9913369348323,66.5878230398598,56.3021365649487,63.1404958677686,100,100,100,100,100,100,50.3305785123967,96.5289256198347,83.6477966308594,0.39308175444603,15.9591197967529,83.5691833496094,,,,,,675.371459960938,179.141082763672,133.158340454102,2.12765955924988,298.151489257812,66.3989181518555,81.0300064086914,332.779388427734,75.0961990356445,88.6332473754883,10272,2520,9840.3056640625,2414.09375,0,202,193.510681152344,0,105,119,,,1.13998866081238,1.00587236881256,0.888041615486145,0.982881009578705,109,0,104.419136047363,0,26.6862735748291,25.0318511770955,894.64220898428,678.049763761133,,,,1073.46580865446,813.580256614741,,,3053,69.7691158165284
2018,SP,35142,Mantiqueira,79.8329633975655,44.5071607312004,62.1880875970198,100,100,100,100,100,100,100,62.788521522146,100,82.6611709594727,0.529879331588745,11.7162199020386,87.3417739868164,,,,,,788.793151855469,232.948715209961,150.02880859375,6.32516717910767,349.197387695312,77.9881134033203,94.6822662353516,391.424896240234,88.4726715087891,102.967346191406,17107,2941,6010.63916015625,1033.33666992188,8,244,85.7307510375977,2.81084418296814,253,500,,,1.75677764415741,0.888929486274719,1.77636575698853,0.922483921051025,219,12,76.9468612670898,4.21626615524292,31.0250453948975,27.0521803361744,740.701985530092,488.220657967285,,,,888.755580593219,585.807575524164,,,5686,45.2572540010656
2018,SP,35074,Circuito das Águas,90.4290724572793,62.9400790985747,82.0767106932318,100,95.9128065395095,95.2316076294278,99.0463215258856,94.8228882833787,98.5694822888283,94.2098092643052,100,89.3051771117166,77.7777786254883,0.261437922716141,16.1437911987305,82.7450942993164,,,,,,829.583801269531,236.072463989258,133.947067260742,2.23015165328979,310.006744384766,59.1651878356934,70.9871292114258,347.914398193359,67.5344085693359,77.3653411865234,8649,1554,6400.59814453125,1150.02075195312,7,141,104.345512390137,5.18027353286743,162,400,,,2.96015620231628,1.19886326789856,2.20901656150818,1.1809173822403,70,2,51.802734375,1.48007810115814,30.64723777771,27.5144563725094,1015.48184053429,668.977235877919,,,,1218.45920545228,802.69428635435,,,2204,35.9665600757806
2018,SP,35061,Vale do Jurumirim,81.7848957273398,61.3508905962775,60.9248589625112,100,96.5113318054495,96.5367965367965,97.9882862235803,95.467277820219,97.0715558950853,94.9070537305831,100,91.3165266106443,78.6868667602539,1.11111116409302,15.4545450210571,83.3585891723633,,,,,,751.109924316406,177.589294433594,127.228149414062,14.38023853302,361.0703125,72.2586669921875,87.7366638183594,403.849426269531,81.2704086303711,94.2628479003906,21619,4133,7162.87841796875,1369.35925292969,9,389,128.884765625,2.98190975189209,271,316,,,1.04698169231415,0.897886157035828,1.08524954319,0.926462769508362,141,1,46.7165870666504,0.33132329583168,9.72036266326904,28.8708446422967,930.088088228916,630.349804766083,,,,1115.99670988481,756.345895725889,,,11734,93.9310102608937
2018,SP,35103,Piracicaba,56.8909230900847,36.8970827273505,37.7791085636068,100,100,100,100,100,100,100,100,99.1434097817077,84.1509399414062,0.48517519235611,16.0781669616699,83.3153610229492,,,,,,674.884399414062,139.782974243164,98.3219299316406,17.7031097412109,315.892608642578,51.0876770019531,64.6896820068359,352.778686523438,57.8297080993652,70.3007354736328,31855,3682,5390.783203125,623.100402832031,61,566,95.7834930419922,10.3229560852051,746,1169,,,1.97828459739685,1.26244676113129,2.31022691726685,1.10684084892273,602,89,101.875732421875,15.0613622665405,45.283763885498,27.1627641127977,923.890127658482,619.317154008042,,,,1108.5598835324,743.108007720327,,,17789,79.8011027660189
2018,SP,35062,Bauru,59.142305763555,34.5667358589285,33.3369559648439,100,100,95.8750813272609,100,100,100,100,97.8529603122967,93.9102147039688,82.4561386108398,0.691509783267975,16.1224231719971,83.0708160400391,,,,,,720.125793457031,208.060302734375,144.610382080078,5.41060733795166,326.799255371094,75.7628860473633,96.5075531005859,364.8525390625,86.2235641479492,104.460067749023,41932,5781,6457.7236328125,890.300964355469,75,1105,170.175155639648,11.5503492355347,1048,1327,,,2.0436418056488,1.61396884918213,2.01056933403015,1.72157955169678,1075,84,165.55500793457,12.9363918304443,32.3129501342773,25.9254569802303,743.508763683844,535.187630224546,,,,892.123385454507,642.162438225571,,,20207,75.557952804494
2018,SP,35161,Itapetininga,71.0746169954811,45.7982224983217,48.1945432502029,86.9691414604338,96.4100213871066,94.0421631530706,99.4958753437214,97.5557592422854,93.9352276199206,98.7778796211427,78.124045218454,88.4815154292698,85.9838256835938,0.419287204742432,11.5902967453003,86.1335754394531,,,,,,674.135498046875,177.685256958008,138.3095703125,8.01291465759277,360.873809814453,75.0604019165039,98.1115493774414,402.475158691406,85.7427825927734,106.481399536133,27061,3628,5354.5,717.864318847656,16,396,78.3556365966797,3.16588449478149,441,614,,,1.21490812301636,0.872596919536591,1.31621646881104,0.896143138408661,159,19,31.4609756469727,3.75948786735535,18.2190704345703,30.9317166459814,785.648838692224,535.604676572849,,,,942.686537115983,642.662844970335,,,17493,77.3587374368837
2018,SP,35112,Alta Sorocabana,73.530491296241,58.5853271800995,62.7240783607472,100,98.6472844740561,97.6983646274985,99.9192408641228,100,97.6983646274985,98.9905108015344,100,86.9775893397941,83.6151580810547,0.524781346321106,14.1885328292847,85.2866897583008,,,,,,738.493103027344,186.630722045898,142.345458984375,5.56836891174316,313.569580078125,59.294548034668,83.8692626953125,349.092224121094,66.8348846435547,91.0781860351562,31919,5611,7766.708984375,1365.2998046875,55,684,166.434692382812,13.3829069137573,676,1153,,,2.80554389953613,1.64488089084625,2.53411436080933,1.66866600513458,474,55,115.336326599121,13.3829069137573,29.278881072998,24.9391756277014,719.768689419929,515.791620435849,,,,863.638078410741,618.889499475975,,,12553,68.2653210939065
2018,SP,35051,Norte - Barretos,68.0466393646753,56.8731149174023,47.4988931625114,100,100,100,100,100,100,100,58.5083713850837,95.7077625570776,82.9600219726562,0.31187978386879,14.9135246276855,84.1508331298828,,,,,,740.980163574219,172.952682495117,154.729034423828,3.57308578491211,346.814025878906,63.6609878540039,94.336296081543,386.456726074219,72.7778244018555,102.01831817627,18367,3551,6315.3515625,1220.98400878906,71,662,227.623596191406,24.4128036499023,601,1089,,,3.74444270133972,2.06649231910706,3.7134108543396,2.18752479553223,212,26,72.8945693969727,8.93989944458008,28.7459049224854,22.7898220023859,982.328166489111,556.43628853178,,,,1178.6786818403,667.658338087588,,,10715,86.3214212951053
2018,SP,35133,Vale das Cachoeiras,76.6312169007599,78.6322818328345,69.6156170849643,100,92.4344112263575,93.2885906040269,94.1427699816962,90.1159243441123,64.124466137889,91.9463087248322,64.6735814521049,80.9640024405125,72.1461181640625,0.684931516647339,16.2671241760254,81.9063949584961,,,,,,715.095458984375,181.803924560547,126.906265258789,3.19042873382568,313.28564453125,60.9894866943359,82.3634262084961,349.238891601562,69.5268020629883,88.1302490234375,14008,2401,9987.095703125,1711.80871582031,7,209,149.007919311523,4.99069595336914,142,242,,,1.72535490989685,1.01239836215973,1.60914301872253,1.02041912078857,124,1,88.4066162109375,0.712956547737122,19.9085998535156,29.8514372384133,928.159395363228,606.460571249712,,,,1113.68250446736,727.681615058983,,,4814,85.625220352048
2018,SP,35023,Consórcios do DRS II,79.8295918849128,70.0445632474876,68.9953112345145,100,100,100,100,100,100,100,100,100,81.4315643310547,0.598981738090515,15.573525428772,83.318359375,,,,,,726.485290527344,167.346588134766,124.971267700195,13.1982202529907,328.179138183594,62.6522636413574,82.2175140380859,365.629333496094,70.8610229492188,88.2792739868164,13236,2228,4753.2177734375,800.103454589844,18,285,102.347160339355,6.46403121948242,255,287,,,1.03065383434296,0.915737748146057,1.24782741069794,0.910261273384094,200,5,71.8225708007812,1.79556429386139,20.1386890411377,32.1789016920719,996.48599813321,668.799693977243,,,,1195.66642067266,802.481256879475,,,8744,75.528586350682
2018,SP,35163,Sorocaba,54.027225449405,18.6722818468315,27.0491890254039,97.8076534422916,89.7280435833223,87.992618953473,94.7629717499231,89.1349237731207,66.3854839418303,74.5397829620843,91.5689117349853,52.5679891041694,81.650390625,0.486167877912521,14.860387802124,84.3565826416016,,,,,,656.820617675781,168.080596923828,131.793762207031,9.95315170288086,349.567291259766,73.1135787963867,93.5668487548828,391.108459472656,83.8799133300781,100.8115234375,72011,10274,4180.88134765625,596.497436523438,138,1907,110.718376159668,8.012131690979,1528,3088,,,1.79285967350006,0.887140393257141,2.13521862030029,0.892002820968628,1483,183,86.1013870239258,10.6247835159302,34.1215209960938,27.4659452183451,787.70008106209,580.877308957918,,,,945.147787577007,696.98469838292,,,49370,64.652264514046
2018,SP,35157,Votuporanga,91.7085414497478,77.6345903313264,78.6300281177222,100,100,100,100,99.6608527131783,99.9031007751938,98.7887596899225,100,93.5562015503876,84.7682113647461,0.176600441336632,11.3024282455444,87.8587188720703,,,,,,810.384094238281,214.337097167969,120.908111572266,7.52157831192017,312.847137451172,56.6518745422363,69.8976211547852,351.4052734375,64.9444961547852,75.4979019165039,15596,3217,7792.078125,1607.27844238281,17,222,110.915702819824,8.49354457855225,373,365,,,1.82361400127411,1.86358368396759,1.72518885135651,1.92016565799713,263,11,131.400131225586,5.4958233833313,24.7701740264893,25.1368184989855,880.153320708023,619.334231390243,,,,1056.08084065967,743.128498577689,,,6423,71.2232768629997
2018,SP,35093,Marília,74.7736310561126,72.3912627534531,70.5787598446574,93.4937238493724,96.234309623431,97.5523012552301,98.5983263598326,96.673640167364,100,96.3389121338912,87.2803347280335,89.3933054393305,79.579460144043,0.687424182891846,17.3069152832031,81.5002059936523,,,,,,723.941833496094,197.976974487305,142.883255004883,1.88477957248688,303.433013916016,60.9322929382324,85.9403228759766,338.756408691406,69.0916442871094,93.2011413574219,23821,3439,6132.65234375,885.361267089844,86,728,187.421646118164,22.1404685974121,665,1136,,,2.92460131645203,1.71202456951141,4.42616271972656,1.93162715435028,317,51,81.6107940673828,13.1298122406006,26.5173301696777,25.0444712677394,913.541627710351,516.704327512295,,,,1096.14289632386,619.984641008582,,,12998,81.5810248134352
2018,SP,35072,Região Metropolitana de Campinas,51.8694009443161,23.7412982980586,31.9466721210778,97.5301507537689,93.8316582914573,85.7035175879397,96.4497487437186,92.1959798994975,93.9321608040201,91.2010050251256,98.891959798995,88.8115577889447,80.3495178222656,0.382897257804871,15.9663248062134,82.6861724853516,,,,,,579.423950195312,144.528289794922,120.622291564941,3.86728429794312,289.020263671875,56.5732727050781,78.4455795288086,325.746917724609,65.261100769043,85.3787231445312,143243,19557,4470.45263671875,610.351928710938,331,2847,88.8516616821289,10.3301372528076,4006,8919,,,2.78351926803589,1.25022745132446,2.95395112037659,1.24414944648743,2801,534,87.4160537719727,16.6655387878418,42.1004257202148,26.3419969559779,1008.46332334981,759.086755817492,,,,1210.03780732314,910.81515044729,,,85635,67.8201903107079
2018,SP,35031,Central do DRS III,65.988210785324,44.3620728470732,48.3731961835668,100,100,100,100,100,100,100,100,100,81.8471374511719,0.769639074802399,14.8619956970215,84.2356719970703,,,,,,669.619079589844,179.462921142578,139.686676025391,3.74181485176086,308.299163818359,63.0055694580078,88.9696350097656,343.44921875,71.6052932739258,96.4792785644531,16062,2395,5030.599609375,750.111206054688,34,441,138.120681762695,10.6487598419189,514,866,,,2.71230173110962,1.60984194278717,2.42932677268982,1.56434977054596,266,28,83.3108901977539,8.76956748962402,43.6339225769043,33.6951602618396,1075.28774451205,698.275479860356,,,,1290.21928163815,837.848745704606,,,6928,46.881183865787
2018,SP,35104,Rio Claro,52.8129218238807,38.1500377496625,34.2034821203871,100,90.1564537157758,86.0821382007823,92.7314211212516,84.2242503259452,85.2672750977836,85.2672750977836,100,76.7275097783572,79.2191467285156,0.724181354045868,17.5062980651855,81.5806045532227,,,,,,702.063659667969,176.269195556641,113.369720458984,12.3390560150146,324.502899169922,67.9327621459961,75.3238983154297,364.634185791016,77.0603866577148,82.6517486572266,10159,863,3826.32202148438,325.043395996094,17,140,52.7301025390625,6.40294075012207,287,373,,,1.40488052368164,1.08096706867218,1.78218328952789,1.07211589813232,232,37,87.3813095092773,13.93581199646,39.7848625183105,29.520132575683,1064.85697747222,728.037850328308,,,,1277.70358356035,873.560102447014,,,5148,43.4855078212992
2018,SP,35022,Lagos do DRS II,91.3656729616602,94.2416530744591,82.6168766089571,100,98.7574781408191,94.5697192820985,100,100,91.1182696732628,100,99.1716520938794,85.6879889553612,84.245964050293,0.359066426753998,16.6965885162354,82.7648086547852,,,,,,795.646911621094,247.599853515625,145.330352783203,6.08856105804443,344.487731933594,85.1817398071289,94.3743515014648,384.414337158203,96.6443634033203,101.673355102539,14747,3303,7216.11669921875,1616.24963378906,14,372,182.029922485352,6.85058879852295,260,355,,,1.73711359500885,1.272252202034,1.48058342933655,1.28693199157715,103,0,50.4007606506348,0,19.6925067901611,26.2183757646603,949.587751979877,688.456385963016,,,,1139.39402124203,826.066983716505,,,6016,70.4626633456746
2018,SP,35063,Polo Cuesta,66.3282779655322,33.4445858884804,42.9342242153625,95.7124518613607,93.2220795892169,94.9165596919127,95.8408215661104,94.6084724005135,92.6829268292683,93.2477535301669,93.196405648267,86.007702182285,83.176383972168,0.661745965480804,13.8457622528076,85.467041015625,,,,,,747.030029296875,178.866348266602,157.823257446289,3.92658972740173,343.243927001953,62.5639495849609,101.721290588379,382.302886962891,71.7338638305664,109.565589904785,22195,3559,7076.53955078125,1134.73327636719,54,633,201.822463989258,17.2170810699463,610,1412,,,4.50194787979126,1.94489252567291,5.72683191299438,1.94210278987885,251,14,80.0275497436523,4.46368789672852,21.8204193115234,27.4155596448987,728.038982798395,538.349649021344,,,,873.561461278406,645.956490228257,,,9877,74.6890687164947
2018,SP,35172,Circuito da Fé e Vale Histórico,70.4353232797994,48.7554184451346,53.0469930743552,100,83.1433506044905,68.7910189982729,86.1485319516408,81.3816925734024,81.3298791018998,80.3108808290155,94.6977547495682,64.7668393782383,74.9914093017578,1.45997941493988,24.3215389251709,73.8234252929688,,,,,,761.747680664062,204.235198974609,139.946578979492,13.5142469406128,381.453186035156,80.9149627685547,92.6093521118164,425.551452636719,92.0189971923828,100.513900756836,27889,4626,5765.0966796875,956.267211914062,63,564,116.587699890137,13.0230941772461,544,905,,,1.87077784538269,1.12453389167786,1.8494861125946,1.18556666374207,361,63,74.624397277832,13.0230941772461,21.2553443908691,28.8637738959091,717.336189047682,477.083797769511,,,,860.719363026062,572.44464840311,,,18572,91.0591441372634
2018,SP,35153,Jales,87.6936357968443,80.3846338305117,82.7586206896552,100,100,100,100,100,100,100,75.7826887661142,100,84.3396224975586,0.188679248094559,13.2075471878052,86.6037750244141,,,,,,895.076599121094,247.615371704102,152.23046875,7.1044135093689,330.764251708984,66.7857894897461,85.8324813842773,366.677459716797,75.2820281982422,91.5527420043945,9823,1965,9464.302734375,1893.24597167969,23,180,173.427108764648,22.1601314544678,156,195,,,1.87879371643066,1.50303494930267,2.08546113967896,1.55506312847137,69,2,66.4803924560547,1.92696785926819,16.3503227233887,23.9169613748293,943.957453935063,637.649202244497,,,,1132.63832339662,765.104317291704,,,3282,79.6829354066356
2018,SP,35162,Itapeva,70.0645950523089,78.0917765937512,63.7005504898547,100,98.5044865403789,97.5324027916251,99.4516450648056,95.8374875373878,95.8125623130608,95.98703888335,100,88.3349950149551,86.588005065918,0.361184686422348,9.60751247406006,90.0072250366211,,,,,,740.080810546875,254.857559204102,166.47380065918,3.45323729515076,399.610229492188,117.536979675293,121.896148681641,447.658935546875,134.66438293457,132.488571166992,18613,3513,6606.77392578125,1246.95629882812,18,331,117.490043640137,6.38918685913086,294,258,,,0.915783405303955,1.04356718063354,1.01259732246399,1.10852384567261,73,2,25.9117012023926,0.709909617900848,9.77723026275635,27.5012113630739,894.852377182779,490.769249961992,,,,1073.71798586328,588.865587251148,,,19808,156.127064290102
2018,SP,35021,Central do DRS II,80.3609137072718,69.887166662787,69.905789317912,100,100,99.971198156682,100,100,98.3582949308756,100,100,90.7258064516129,82.7489471435547,0.78541374206543,14.9509115219116,84.1514739990234,,,,,,800.591857910156,151.927490234375,116.25756072998,21.0396041870117,353.220153808594,54.9711647033691,78.0416107177734,393.982055664062,63.194164276123,83.5461730957031,14656,3373,4840.5419921875,1114.02490234375,33,508,167.780807495117,10.8991470336914,392,659,,,2.17652654647827,1.29468655586243,1.91271770000458,1.21698880195618,129,8,42.6057548522949,2.64221739768982,29.3239879608154,26.3173083489686,792.353406948246,547.969123804076,,,,950.731233322303,657.498732671972,,,8039,60.2103902095321
2018,SP,35083,Alta Mogiana,86.2274198600814,65.422767688613,70.9648918482582,100,100,100,100,100,100,100,100,100,79.6256332397461,0.503959655761719,16.4146862030029,82.9373626708984,,,,,,704.247863769531,208.636428833008,141.489074707031,8.28603839874268,349.209320068359,85.4472503662109,94.4813842773438,391.319946289062,96.8796234130859,103.480178833008,7685,1466,6143.18359375,1171.88122558594,9,175,139.890319824219,7.19435977935791,126,228,,,1.82257115840912,1.00721037387848,1.74223411083221,1.01300585269928,114,1,91.1285552978516,0.799373269081116,30.3833789825439,24.410316753009,861.348602501185,536.90791913318,,,,1033.5173825155,644.226583317185,,,4880,98.4999067458579
2018,SP,35101,Araras,53.2276855455821,46.013127274546,44.5076977843679,100,94.3948412698413,92.2867063492064,96.6765873015873,93.2291666666667,93.6259920634921,92.9315476190476,100,86.5079365079365,81.6575088500977,0.573202788829803,13.0881299972534,86.2431335449219,,,,,,686.93115234375,177.554229736328,115.555786132812,9.74576282501221,326.134368896484,65.7314605712891,77.3360748291016,363.958251953125,74.8280563354492,83.5546340942383,16725,2655,4868.18798828125,772.797546386719,33,434,126.325469970703,9.605393409729,410,612,,,1.78136384487152,1.19339728355408,1.71274352073669,1.16465389728546,307,22,89.359260559082,6.40359544754028,33.8898658752441,25.9950169539034,774.762155438463,533.568897832617,,,,929.623793009788,640.220149052707,,,10581,71.8146680723587
2018,SP,35095,Tupã,86.7985979714011,68.1085021247557,72.2354911752846,100,94.7079037800687,92.3024054982818,96.7697594501718,90.0343642611684,93.3333333333333,90.3780068728522,78.4192439862543,80.8247422680412,86.0264892578125,0.463576167821884,13.9735097885132,85.5629119873047,,,,,,875.48486328125,296.761322021484,149.549011230469,6.58363008499146,330.428405761719,81.5536499023438,86.8055648803711,368.460693359375,92.0335693359375,93.7834625244141,11519,2714,8972.162109375,2113.93774414062,22,484,376.988159179688,17.1358242034912,165,195,,,1.51885724067688,1.28518688678741,1.60025238990784,1.25364136695862,134,2,104.372749328613,1.55780220031738,14.6363306045532,21.409394913036,832.495416963926,456.475062036664,,,,998.896941143556,547.716580638542,,,3853,70.4462127499481
2018,SP,35151,Catanduva,84.4627296064522,60.2112553454819,63.9318057362442,100,95.5699940933255,91.5829887773184,96.1311281748376,94.5363260484347,95.5995274660366,92.6166568222091,100,89.6337861783816,86.9114608764648,0.74030202627182,11.6967725753784,87.5333099365234,,,,,,801.36962890625,206.703735351562,130.996139526367,7.40885925292969,337.962585449219,65.2837295532227,80.4238967895508,378.848083496094,74.3555145263672,87.239875793457,20649,4468,6486.66455078125,1403.57495117188,39,374,117.488143920898,12.2514371871948,404,772,,,2.42515635490417,1.26912319660187,2.76254200935364,1.29818117618561,368,27,115.603302001953,8.48176383972168,31.2260856628418,25.7505510050372,824.877125104061,572.331183048927,,,,989.755883690879,686.730348803132,,,7600,54.3547629601126
2018,SP,35011,Alto do Tietê,44.0452138859054,25.9039296174204,25.3015126495735,93.3293758107425,90.0380361893455,86.6785392344392,93.9252028230328,89.9588857375283,90.9724512455203,89.5169623815491,87.63494052723,81.366664468043,72.4662399291992,1.2543158531189,30.4335479736328,67.6784210205078,,,,,,584.971130371094,131.586013793945,146.984375,5.9483790397644,380.820373535156,74.0099792480469,112.951942443848,426.441314697266,84.5450744628906,122.868621826172,146603,21305,4886.2470703125,710.091186523438,267,3010,100.322662353516,8.8990535736084,2936,5077,,,1.6921534538269,0.978562593460083,1.51110601425171,0.944507896900177,1372,293,45.7284698486328,9.76562786102295,31.3052711486816,26.2592898018383,677.876401446612,476.425572629012,,,,813.372242153453,571.654855371185,,,123937,95.0949628134811
2018,SP,35092,Assis,67.0453989331332,42.9328232818388,50.7989266080488,100,86.6782006920415,94.2214532871972,94.9134948096886,95.916955017301,94.5674740484429,94.6712802768166,100,81.9723183391003,85.2360229492188,0.669568121433258,13.0565786361694,86.2403717041016,,,,,,775.842468261719,203.100112915039,121.453872680664,13.7696332931519,349.387573242188,72.1736831665039,78.7819213867188,387.630859375,81.433967590332,84.6405944824219,17521,2672,7117.0341796875,1085.36706542969,40,355,144.201080322266,16.2480087280273,324,466,,,1.89289307594299,1.31608879566193,1.67557597160339,1.28115558624268,184,13,74.7408447265625,5.28060293197632,16.9182395935059,26.4414582392171,907.730796316536,586.891992014812,,,,1089.17057961616,704.201613197166,,,9470,93.5586084925849
2018,SP,35071,Bragança,55.5576396928988,32.4802024919096,37.9348929867341,100,98.3358049101994,85.5330367441094,99.9340912835723,97.660240566815,98.5664854176965,97.8744438952051,100,90.8222112374362,78.6853866577148,0.877472877502441,19.5756225585938,79.3554534912109,,,,,,755.265502929688,185.947463989258,171.071670532227,1.7163759469986,327.597747802734,61.4103507995605,98.3096771240234,367.010620117188,69.8162231445312,107.676048278809,27186,3675,5777.3349609375,780.979370117188,24,425,90.3173446655273,5.10027360916138,539,1316,,,2.79664993286133,1.14543640613556,2.59348917007446,1.09337115287781,363,58,77.1416397094727,12.3256607055664,32.7894439697266,27.1511946101288,777.055483667191,591.961331224761,,,,932.375518131673,710.284226178875,,,13856,68.1302610675769
2018,SP,35155,São José do Rio Preto,65.8287854930287,43.3651275371091,50.687231784348,100,100,100,100,100,100,100,100,96.5958960977346,87.3774337768555,0.202862620353699,13.3100414276123,86.4194717407227,,,,,,703.187194824219,152.788909912109,148.793533325195,0.80329155921936,297.590576171875,49.0596351623535,82.4241333007812,332.708404541016,55.897834777832,89.9874649047852,51106,8116,7040.96484375,1118.15588378906,205,1095,150.860107421875,28.2432174682617,1364,2648,,,3.64819693565369,1.87920725345612,4.48950052261353,1.91795551776886,1261,83,173.730224609375,11.43505859375,38.5909805297852,25.4946367558476,827.562164804528,545.112640378685,,,,992.977616674619,654.071287309623,,,18903,60.6639469271719
2018,SP,35064,Jaú,54.0370306776557,45.4879235347985,35.9051625457875,98.6287455561199,89.2839004570848,83.5195530726257,89.9187404773997,83.0878618588116,82.0721178263078,83.1132554596242,68.6896901980701,75.2158456069071,84.841796875,0.662251651287079,15.4525384902954,83.7625732421875,,,,,,746.566772460938,151.863296508789,136.846969604492,13.0550289154053,345.701629638672,58.7481117248535,94.1484146118164,386.186492919922,67.0033264160156,101.439826965332,25071,4082,7103.29248046875,1156.541015625,49,788,223.26171875,13.8830251693726,525,646,,,1.83029282093048,1.48746705055237,1.77483153343201,1.57706916332245,350,15,99.1644668579102,4.24990558624268,15.9643459320068,29.0538247732071,828.360620049222,566.000349130037,,,,993.935669398168,679.134090003858,,,8822,57.8071146394917
2018,SP,35121,Vale do Ribeira,93.1481292976661,95.8208871400842,90.8976352525334,100,95.0248756218905,88.5820895522388,97.363184079602,91.2189054726368,91.1940298507463,90.6218905472637,100,74.9253731343284,78.1751861572266,0.875912427902222,18.8077850341797,80.0243301391602,,,,,,739.225769042969,243.592498779297,149.605224609375,3.5238094329834,361.913696289062,87.7498931884766,95.9848022460938,401.936584472656,98.9815444946289,103.908721923828,16487,1986,5803.62646484375,699.096374511719,16,286,100.675514221191,5.6321964263916,394,370,,,1.30244541168213,1.38692831993103,1.5833512544632,1.59056746959686,47,0,16.5445766448975,0,8.96082496643066,29.7064823121594,889.972122130063,598.131119472925,,,,1067.86225171169,717.68724904604,,,19076,156.342165213585
2018,SP,35131,Horizonte Verde,57.6130924174685,30.2747274129931,25.035883278049,93.1000395413207,91.1625148279953,89.5610913404508,93.0011862396204,92.0126532226176,87.149070778964,91.4788453934361,62.514827995255,76.6310794780546,78.7912902832031,0.957207202911377,15.3716220855713,83.1831817626953,,,,,,600.593811035156,153.309478759766,114.925659179688,3.72180461883545,325.205291748047,64.9124526977539,82.1462020874023,362.285675048828,73.79638671875,89.3053970336914,26183,3774,5911.78515625,852.120727539062,25,334,75.4129104614258,5.64467859268188,355,669,,,1.51051604747772,0.801544368267059,1.57678461074829,0.796689927577972,329,29,74.2839736938477,6.54782724380493,38.6651458740234,28.6611843418096,785.651096277067,557.862830646952,,,,942.689245953231,669.370021450909,,,15192,77.4767903189684
2018,SP,35014,Rota dos Bandeirantes,41.6749415746765,14.5982796063684,11.4810993944378,100,90.0500224459693,84.169178477522,94.5424228820625,88.863592637722,87.507214775861,87.1448726992881,97.2006669659463,79.6928108766754,71.9161376953125,0.934309363365173,28.398509979248,69.7746124267578,,,,,,571.308166503906,112.303901672363,163.747711181641,2.47695326805115,369.216918945312,61.7512283325195,120.850761413574,412.186889648438,70.220947265625,131.92610168457,107800,13069,5734.8935546875,695.262756347656,141,1563,83.150634765625,7.5011134147644,1953,4189,,,2.22852230072021,1.03898394107819,1.80420398712158,0.991875886917114,656,140,34.898796081543,7.447913646698,43.547794342041,26.4823373186239,1001.86833159605,827.409901624315,,,,1202.12459007838,992.794918701917,,,74487,94.2141377076605
2018,SP,35052,Sul - Barretos,76.8182187001325,73.3190436264301,76.8182187001325,91.9161676646707,100,97.3652694610778,100,97.9640718562874,100,96.6467065868263,79.6407185628743,87.6646706586826,76.4367828369141,1.03448271751404,23.735631942749,74.6551742553711,,,,,,754.21923828125,179.930328369141,141.373825073242,9.77578449249268,329.128326416016,64.2766647338867,88.5485610961914,366.104278564453,73.7898330688477,94.4811172485352,9115,1672,6165.65771484375,1130.99060058594,0,193,130.55094909668,0,160,240,,,1.62343156337738,1.08228766918182,1.82331657409668,1.10934484004974,112,6,75.760139465332,4.0585789680481,30.7910842895508,30.4867206958957,909.443780461418,638.748058042355,,,,1091.2259598473,766.422815475443,,,4395,70.0507468852692
2018,SP,35094,Ourinhos,65.1227907400581,40.584938718536,37.1540879851881,100,94.5282357067696,92.3184847421957,94.7386881795861,94.2827078218169,99.5790950543669,92.3535601543318,100,86.004910557699,85.4651184082031,0.68399453163147,14.0902872085571,85.191520690918,,,,,,742.263305664062,183.712219238281,119.86604309082,12.2641506195068,325.198913574219,60.1743507385254,78.2540664672852,362.285430908203,68.4753494262695,84.1118927001953,18015,3390,7420.5732421875,1396.37768554688,34,290,119.454132080078,14.0049676895142,281,381,,,1.56938016414642,1.15746939182281,1.77976369857788,1.20916414260864,192,16,79.0868759155273,6.59057283401489,17.2936630249023,26.5612118932809,944.443041043462,548.907146425213,,,,1133.22097102129,658.624249891508,,,7601,72.9234040923095
2018,SP,35041,Baixada Santista,63.3768950209275,44.2837045156689,46.9885330585293,100,93.0632212744606,90.249205552768,94.6604783408597,89.6136477671851,84.470647265429,89.1578859341027,87.4059207225288,73.9295868874394,76.1736145019531,1.35793721675873,20.3024120330811,78.1522064208984,,,,,,771.696594238281,208.638290405273,193.275756835938,1.35286700725555,369.023223876953,81.9677124023438,116.410148620605,413.039764404297,93.2665786743164,127.144889831543,79412,10447,4295.666015625,565.113891601562,215,1956,105.806709289551,11.6300830841064,2179,4298,,,2.32493472099304,1.17869544029236,2.30536651611328,1.24555480480194,1436,231,77.6781387329102,12.4955778121948,37.1775894165039,22.1818299920983,999.414968160148,637.905752330693,,,,1199.18084146224,765.412147330319,,,62677,81.7833700720136
2018,SP,35032,Centro Oeste do DRS III,54.6449603584732,30.3120686426159,31.1097546595268,100,96.740467404674,95.3874538745387,95.2644526445264,100,99.8154981549816,99.3234932349323,100,88.8683886838868,81.854606628418,0.85861474275589,14.5964508056641,84.2587280273438,,,,,,768.348693847656,218.351104736328,148.31396484375,2.94906163215637,361.746826171875,74.254997253418,95.3093185424805,401.720947265625,84.9165115356445,102.820236206055,12269,2406,8424.3701171875,1652.052734375,8,145,99.562614440918,5.49310970306396,97,153,,,1.05055725574493,0.666039526462555,1.1300356388092,0.719425678253174,120,9,82.3966445922852,6.17974805831909,18.7280712127686,26.1778504523583,689.466510990726,479.262641866724,,,,827.279015374327,575.059005983447,,,3921,63.3900419883261
2018,SP,35073,Jundiaí,62.8723250799692,20.7356915819735,22.1981667813905,98.5115864527629,97.1033868092692,87.4777183600713,96.8716577540107,95.3832442067736,97.4866310160428,96.0249554367201,100,91.5953654188948,83.166877746582,0.443875372409821,14.9637212753296,84.3021774291992,,,,,,591.393981933594,117.40909576416,150.581832885742,0.819327712059021,303.0830078125,45.7525520324707,95.6406631469727,338.594635009766,51.885986328125,104.464042663574,43035,6316,5346.77294921875,784.715209960938,66,724,89.9515228271484,8.20000076293945,738,1797,,,2.23263645172119,0.916909158229828,1.98309564590454,0.934023559093475,539,89,66.966667175293,11.0575761795044,50.3137130737305,24.7189179318952,1060.08151329109,800.236440445702,,,,1271.97358617433,960.189949715311,,,15194,43.5923630729054
2018,SP,35171,Alto Vale do Paraíba,59.8529699386463,23.6137953536573,32.6015199842051,100,85.3026735004848,86.5216789028951,99.1342291176063,90.9544258207508,78.452694278986,91.196841667821,100,67.2877129796371,78.8426055908203,0.608796775341034,18.8521785736084,80.053352355957,,,,,,593.173095703125,154.104217529297,109.355422973633,8.91700077056885,306.157867431641,63.3728675842285,77.7160339355469,342.960845947266,72.39208984375,83.7526779174805,51197,7169,4685.0791015625,656.041015625,142,1135,103.864776611328,12.994535446167,1595,2835,,,2.59433174133301,1.45959746837616,2.91054725646973,1.56174647808075,1152,252,105.420463562012,23.0607261657715,40.4743194580078,27.8652583785911,957.991745701581,689.151242080519,,,,1149.47782885338,826.900729628092,,,36787,85.9679991021597
2018,SP,35143,Rio Pardo,58.6581031938321,46.8266264545108,44.9761623443196,100,100,100,100,100,100,100,98.6140277194456,93.4901301973961,84.3928298950195,0.774246156215668,9.73920154571533,89.4050521850586,,,,,,777.094604492188,201.878677368164,141.038528442383,4.5670223236084,321.119567871094,66.46435546875,79.1417236328125,359.832153320312,75.2970581054688,86.487434387207,17889,3309,8245.22265625,1525.15185546875,13,508,234.142379760742,5.9918327331543,233,419,,,1.93121373653412,1.07392072677612,1.9380122423172,1.0294429063797,131,4,60.3792381286621,1.84364080429077,25.778247833252,27.6696572063618,737.747500103442,509.310170840364,,,,885.210544314104,611.112519515271,,,7888,96.4675595306348
2018,SP,35065,Lins,60.4555025978442,60.6428098473506,35.7058918270808,100,95.4787234042553,89.8404255319149,96.063829787234,94.2553191489362,94.468085106383,94.3085106382979,100,86.2765957446808,81.0598602294922,0.883218824863434,22.8655548095703,76.2021560668945,,,,,,765.958984375,200.819869995117,123.216911315918,11.2915697097778,356.945434570312,75.8922729492188,86.0527725219727,397.147064208984,85.8473739624023,91.8136749267578,10116,1429,5992.60693359375,846.523864746094,20,367,217.406753540039,11.8477792739868,226,264,,,1.56390690803528,1.33879911899567,2.14474439620972,1.31539976596832,148,20,87.6735687255859,11.8477792739868,32.4190788269043,23.7552556095049,773.914078585532,472.891529357727,,,,928.606200171454,567.414417596248,,,4998,64.0972041126483
2018,SP,35012,Franco da Rocha,46.3921990187637,27.3414746395086,29.8803258560344,82.107266823424,72.5562646960027,69.4994961370507,75.9265479789497,72.7466129212854,71.5261448885903,73.1497032807076,54.2604411600045,60.7658716829023,75.2759628295898,1.09258842468262,25.0619506835938,73.800407409668,,,,,,513.834899902344,111.391952514648,147.357070922852,0.90732342004776,360.592712402344,69.0617218017578,117.054763793945,404.192779541016,79.205696105957,128.092163085938,29801,3468,4962.02001953125,577.439880371094,46,488,81.2545166015625,7.65923738479614,571,925,,,1.54017269611359,0.950744450092316,1.11391949653625,0.910242080688477,276,30,45.9554214477539,4.9951548576355,25.5883464813232,22.0626441971256,552.8050671904,376.820275011081,,,,663.301298016728,452.140170863851,,,31961,140.449882996627
2018,SP,35114,Extremo Oeste Paulista,92.3394961397806,80.0731409995937,74.8161316537993,82.6976744186046,82.7906976744186,90.1395348837209,86.5116279069767,85.6744186046512,88.2790697674419,85.6744186046512,72.5581395348837,78.6976744186046,73.1372528076172,0.980392158031464,31.1764698028564,67.7450942993164,,,,,,698.103271484375,206.6953125,111.453353881836,12.3367195129395,295.450836181641,74.2253646850586,66.4932403564453,329.462524414062,83.6666564941406,72.7798690795898,8242,1961,8350.8955078125,1986.90930175781,4,132,133.744018554688,4.05284929275513,71,91,,,0.922023177146912,0.719380736351013,1.0362628698349,0.877188563346863,48,2,48.6341896057129,2.02642464637756,15.2995052337646,24.9011573545597,741.98854733848,460.257095591223,,,,890.299303992535,552.254577691702,,,3433,70.4293376417466
2018,SP,35174,Vale do Paraíba/Região Serrana,64.9685090592499,38.3521018144586,41.9144992019252,100,89.1260419297802,75.5746400606214,91.6393028542561,87.6231371558474,89.3912604192978,88.5071987875726,100,75.4357160899217,78.8697204589844,0.537634432315826,18.2545642852783,78.1695404052734,,,,,,667.987060546875,176.303466796875,158.576416015625,3.4499397277832,345.999786376953,76.3596572875977,104.62483215332,385.227661132812,85.8912124633789,113.614677429199,31539,4026,5082.66455078125,648.809631347656,77,764,123.122344970703,12.4089269638062,843,1297,,,2.09017896652222,1.35853576660156,2.78334665298462,1.4009598493576,302,37,48.6687812805176,5.96273136138916,27.2048816680908,27.9457954092596,1129.54199484471,576.208852679787,,,,1355.31802404201,691.383097940368,,,17907,66.7323673582928
2018,SP,35033,Norte do DRS III,80.3471902643555,46.197653014266,58.0904535460449,100,90.6139315230224,94.4510035419126,99.1145218417946,99.1145218417946,100,98.8193624557261,100,88.961038961039,83.9145126342773,0.449943751096725,12.598424911499,86.6141738891602,,,,,,707.958984375,177.786270141602,134.454849243164,3.42034196853638,311.880828857422,68.4974136352539,84.0977325439453,347.315948486328,76.7535095214844,90.0020980834961,12531,2333,7985.0888671875,1486.65014648438,28,204,129.994262695312,17.8423500061035,162,195,,,1.24259221553802,1.03230738639832,1.65694892406464,1.11275732517242,140,18,89.2117538452148,11.47008228302,34.6071510314941,25.2558340640068,756.634363335379,528.806049048934,,,,907.872566861906,634.505288665245,,,5483,84.975459070068
2018,SP,35173,Litoral Norte,91.6398912315466,81.9942529267788,86.1116512495718,100,100,100,100,100,100,100,100,100,82.4429016113281,0.754716992378235,18.5501480102539,80.5759658813477,,,,,,576.515014648438,132.507904052734,106.851470947266,12.1465969085693,340.723358154297,64.7850341796875,80.7215194702148,378.574066162109,72.7902374267578,87.1090545654297,25742,3801,7769.9736328125,1147.29504394531,23,351,105.945953369141,6.94232749938965,442,604,,,1.8231155872345,1.33413422107697,1.96445226669312,1.26395630836487,76,1,22.9398651123047,0.301840335130692,16.2501773834229,30.577984620671,1593.13245080882,1000.47981792704,,,,1911.57224354837,1200.45853639395,,,14717,100.663638234962
2018,SP,35102,Limeira,51.0505762453567,40.3711918141864,46.9432462955656,100,84.6952595936795,79.6613995485327,88.1264108352144,82.8893905191874,81.4221218961625,82.7313769751693,100,68.7133182844244,81.1976547241211,0.628140687942505,22.2780570983887,77.0728607177734,,,,,,612.848876953125,133.859100341797,115.581146240234,3.81578946113586,307.419982910156,55.8038139343262,77.5590209960938,342.349487304688,62.7902488708496,83.6050338745117,14914,1999,4008.7841796875,537.317932128906,52,246,66.1231689453125,13.9772548675537,375,795,,,2.13690710067749,1.00797510147095,2.37485647201538,1.02376663684845,242,42,65.0479965209961,11.2893209457397,43.3450813293457,21.770054605815,765.004773379778,483.679550923217,,,,917.91607799613,580.358779238573,,,13947,109.147782265732
2018,SP,35013,Mananciais,47.3632564104624,26.1645751392492,25.2021244599379,99.2078987002845,100,97.2053327383277,100,95.5095665755564,95.5263011100575,94.8513415518492,78.9535337758688,83.3212472806381,76.3976898193359,1.51965463161469,22.5256538391113,75.4500122070312,,,,,,563.017028808594,109.696830749512,138.675003051758,2.13030624389648,376.423950195312,63.3435745239258,106.162162780762,422.868560791016,72.761604309082,116.170013427734,71691,10566,6276.357421875,925.025329589844,75,831,72.7518463134766,6.5660514831543,1088,1309,,,1.14599478244781,0.952515184879303,1.16378891468048,0.997886598110199,865,28,75.7284622192383,2.4513258934021,25.0646324157715,26.9194071654713,635.884314802766,476.832592547969,,,,762.986659186826,572.143231575721,,,45385,91.962654347099
2018,SP,35132,Aquífero Guarani,55.3925186087546,25.9030119858223,25.1176883950541,100,100,96.2077726545591,100,100,100,100,37.3388538628023,96.4336124964713,73.1881408691406,0.578348100185394,13.4737033843994,84.0954284667969,,,,,,657.944580078125,156.256423950195,126.261260986328,2.50164580345154,304.231628417969,57.7245407104492,77.1724166870117,339.666168212891,65.7520217895508,84.2609405517578,58909,8916,6379.0087890625,965.476318359375,140,1467,158.855285644531,15.1600141525269,1511,3430,,,3.71420335769653,1.63619863986969,4.40861320495605,1.51502680778503,989,146,107.094673156738,15.8097286224365,38.3984756469727,27.0906609442823,886.795035234925,626.120196936687,,,,1064.05011975681,751.270861993658,,,17410,42.7531372975384
2018,SP,35081,Três Colinas,36.8740122862677,20.6680212454996,27.2153899167053,100,88.2801899592944,92.1641791044776,68.4023066485753,91.6383989145183,100,90.0101763907734,35.634328358209,67.7238805970149,79.7283554077148,0.730050921440125,24.4142608642578,74.5331039428711,,,,,,647.637268066406,218.392044067383,121.093330383301,2.76464176177979,322.252471923828,87.5904541015625,84.6299514770508,358.959777832031,98.4710235595703,91.3304290771484,23203,3270,5466.39794921875,770.379699707031,45,410,96.5919494628906,10.6015558242798,266,810,,,1.90828001499176,0.626669764518738,1.93307590484619,0.61388897895813,260,28,61.2534332275391,6.59652376174927,30.4815940856934,29.2292714588574,666.667226963248,483.680183723666,,,,799.922546364123,580.359538524954,,,10958,66.8709639344757
2018,SP,35034,Coração do DRS III,64.2521243488867,32.4205175151703,42.8600653095041,73.5970180161524,80.3893145578795,77.5522882584386,82.2737626837855,76.6411265272313,77.0345827293436,76.9724580658521,68.1714640712363,64.6510664733899,76.1179046630859,0.481251239776611,13.7958688735962,84.8004837036133,,,,,,688.324523925781,169.678817749023,134.782135009766,5.65760469436646,313.282379150391,57.8271179199219,82.2541198730469,351.083862304688,66.3460388183594,89.946403503418,22105,3856,5589.7919921875,975.084289550781,29,359,90.7819671630859,7.33336210250854,362,806,,,2.03816890716553,0.915405869483948,2.28459525108337,0.989750981330872,311,46,78.6439819335938,11.6322298049927,36.2619590759277,25.9029043660986,841.615972214054,554.488364142679,,,,1009.84053861597,665.321057095761,,,12138,74.9415722099516
2018,SP,35015,Grande ABC,54.4777086996978,32.4107668829079,43.7357585477768,89.4348964261325,81.3936945139995,80.8815160482586,86.2138629638061,80.981106305486,84.4667653084452,80.4945367630321,85.4655133166401,74.7837468700205,80.8111038208008,0.85058206319809,19.7114410400391,79.2492828369141,,,,,,623.080078125,126.788078308105,149.338607788086,1.34923851490021,312.309875488281,49.4785308837891,94.9487457275391,350.386383056641,56.5928001403809,103.62580871582,131039,19516,4727.99755859375,704.153686523438,373,2653,95.7224731445312,13.4581537246704,3193,7907,,,2.85291218757629,1.15206122398376,2.64697170257568,1.17048954963684,2912,630,105.067413330078,22.7309303283691,49.372444152832,26.4751828913807,948.001341335059,606.450715822512,,,,1137.49051437795,727.66978970129,,,77737,67.0164794775323
2018,SP,35111,Alta Paulista,93.3644887587857,68.0661842281231,70.4392469203679,89.5140664961637,91.5601023017903,92.1994884910486,93.1585677749361,90.9846547314578,93.925831202046,89.769820971867,71.9309462915601,86.1892583120205,81.1554336547852,0.550206303596497,18.9133434295654,80.3989028930664,,,,,,869.012145996094,247.76091003418,150.875305175781,7.65957450866699,357.704559326172,73.2679138183594,86.1005706787109,398.990173339844,83.7868804931641,93.9117050170898,11639,2563,8608.02734375,1895.55578613281,10,207,153.094055175781,7.3958477973938,162,184,,,1.36083602905273,1.19812738895416,1.3724844455719,1.18999195098877,81,0,59.9063682556152,0,13.1956720352173,26.5118532422033,939.595430331218,595.060803824836,,,,1127.40440625271,714.003230075213,,,5584,99.1081495804555
2018,SP,35141,Baixa Mogiana,45.6421119655189,51.7491551158348,40.1319978449331,94.2487965543451,98.6825437040791,96.1236382062326,100,96.83303775019,91.183177096529,95.4142386622751,100,85.6093235368634,68.5522079467773,0.62297534942627,14.7271366119385,83.8524780273438,,,,,,774.03662109375,205.517974853516,135.897247314453,6.12725830078125,359.233123779297,70.9206161499023,84.2547836303711,401.382965087891,79.9895248413086,92.0014190673828,19468,3099,5918.67431640625,942.160095214844,32,391,118.872085571289,9.72866153717041,350,546,,,1.65995287895203,1.06407237052917,1.99110746383667,1.07273697853088,378,33,114.919815063477,10.0326824188232,34.0749397277832,28.2614953596678,924.029138677328,623.568276864867,,,,1108.72668046447,748.208856964152,,,6380,43.1404791602651
2018,SP,35154,Fernandópolis,97.3945356314163,95.40982764378,97.1496579418287,100,100,100,100,100,100,100,100,100,88.2882919311523,0.525525510311127,11.7117118835449,87.6876907348633,,,,,,869.23046875,272.917816162109,123.198013305664,5.2165355682373,318.783508300781,67.1614761352539,73.2730102539062,353.900817871094,76.3288803100586,79.475700378418,9011,1683,7709.287109375,1439.87683105469,9,178,152.286437988281,7.699875831604,206,249,,,2.13029909133911,1.76241600513458,2.07746934890747,1.73931646347046,104,1,88.9763412475586,0.85554176568985,18.3582153320312,22.8768867426973,986.900119527711,663.748162475491,,,,1184.16448970452,796.420011060738,,,4148,86.3107215980162
2018,SP,35115,Pontal do Paranapanema,100,100,100,100,90.7158836689038,88.5906040268456,90.9395973154362,90.7158836689038,97.8747203579418,91.2751677852349,100,87.248322147651,79.4082870483398,0.355029582977295,13.4911241531372,86.0354995727539,,,,,,699.383422851562,199.612609863281,113.85311126709,8.03382682800293,350.742980957031,73.5767211914062,76.9449768066406,391.670837402344,83.9924468994141,83.0353546142578,8204,2115,12130.5322265625,3127.26416015625,0,111,164.125915527344,0,82,84,,,1.24203395843506,1.2124617099762,1.33296859264374,1.2982212305069,6,0,8.87167167663574,0,14.6441717147827,24.6917269996464,971.116105295476,697.787863972631,,,,1165.22552233694,837.2636637825,,,4351,150.701491467671
2018,SP,35113,Alto Capivari,97.8157548791587,83.6586105774092,88.2579971011562,96.319018404908,85.6441717791411,86.2576687116564,87.239263803681,87.361963190184,86.3803680981595,87.1165644171779,82.8220858895706,82.4539877300613,83.2674560546875,1.44927537441254,12.1212120056152,86.4295120239258,,,,,,777.568359375,205.331893920898,161.572647094727,4.11255407333374,357.976684570312,79.1944122314453,98.6235656738281,399.943176269531,90.1575546264648,108.055458068848,5790,1319,9744.849609375,2219.94067382812,5,97,163.25569152832,8.41524124145508,73,52,,,0.875185132026672,1.22862529754639,1.17266392707825,1.14699745178223,34,0,57.2236442565918,0,21.4066925048828,25.6316454438332,983.183348333165,722.318958775744,,,,1179.70479983535,866.698102774486,,,2707,111.385883096021
2018,SP,35082,Alta Anhanguera,78.9794312132423,62.4475554811881,65.4631540458971,100,100,100,100,100,100,100,83.5722160970232,95.4244762954796,83.7273254394531,0.549752593040466,12.8642110824585,86.4760894775391,,,,,,606.807250976562,178.977493286133,137.910751342773,4.74747467041016,305.343200683594,76.2300186157227,93.5888442993164,339.630157470703,86.0776901245117,100.456398010254,10921,2522,6693.880859375,1545.826171875,8,225,137.910751342773,4.90349292755127,121,252,,,1.54460036754608,0.741653323173523,1.51901030540466,0.742113053798676,119,0,72.9394607543945,0,36.4844398498535,25.2836482578792,828.578586213521,575.883354218182,,,,994.197203252115,690.992537931244,,,4182,62.3923396647059
2018,SP,35152,Santa Fé do Sul,98.4110550003169,99.964079700805,98.4110550003169,100,100,100,100,100,100,100,100,97.9919678714859,85.5481719970703,0.498338878154755,12.9568109512329,86.5448532104492,,,,,,940.636779785156,277.771942138672,132.572967529297,6.26398229598999,362.326049804688,89.6086349487305,69.4885635375977,404.414215087891,102.124244689941,76.2293243408203,4030,685,8480.4609375,1441.46801757812,6,52,109.425308227539,12.6259965896606,71,65,,,1.36781632900238,1.49407625198364,1.36045122146606,1.47566342353821,25,1,52.6083221435547,2.10433292388916,15.2101173400879,22.8017971360771,1113.99711221924,639.471166775836,,,,1336.66598657897,767.290461215311,,,1523,93.826841353567
2018,SP,35016,São Paulo,60.9524759393801,34.7842390963185,34.5016569036551,99.4912356218763,90.4775569744362,86.6621230599995,94.3163067651912,92.5508764378124,92.6931630676519,92.2615204342731,83.3703995982495,89.1001267427123,80.2189254760742,0.921048641204834,18.5062446594238,80.5509338378906,,,,,,636.2392578125,138.385360717773,152.814361572266,3.00100684165955,307.300018310547,52.9922370910645,95.290771484375,355.587646484375,63.8923187255859,105.160842895508,600291,82700,4929.76611328125,679.156677246094,1946,16664,136.849655151367,15.9811239242554,22337,41832,,,3.4353666305542,1.83438003063202,3.66932058334351,1.83455455303192,17628,3023,144.766311645508,24.8257637023926,47.221363067627,19.7552441856004,869.825737594698,641.672763014871,,,,1043.68895120168,769.932118699535,,,491339,87.640072384027
2018,TO,17007,Cantão,98.0840582421351,100,96.4783462725657,100,95.0715421303657,89.8251192368839,100,95.1245363010069,90.5140434552199,95.0715421303657,100,82.5649178590355,67.6869049072266,0.351229310035706,32.7145004272461,66.9342727661133,,,,,,497.326873779297,139.096115112305,101.796592712402,2.5,312.727325439453,68.9268951416016,79.0868453979492,351.611572265625,77.9772796630859,85.5980072021484,5908,1220,4590.94873046875,948.029357910156,0,180,139.873184204102,0,122,114,,,0.885863482952118,0.948029339313507,1.24797964096069,1.02457106113434,46,0,35.7453689575195,0,3.17123579978943,16.7853630545563,651.416912512082,285.338555638699,,,,781.623956190133,342.372828258066,,,9818,208.219378508007
2018,TO,17002,Bico do Papagaio,97.0550108984761,100,97.0550108984761,100,93.8593700286351,77.28285077951,100,94.1457206490614,96.0229080496341,92.4594336621063,100,87.4005727012408,62.0721549987793,0.98674064874649,34.5975952148438,64.3848266601562,,,,,,536.544616699219,193.578750610352,126.330551147461,1.70098483562469,358.462585449219,101.891426086426,102.100158691406,400.413391113281,115.46231842041,110.698921203613,7732,1108,3714.02221679688,532.221496582031,0,212,101.832992553711,0,228,181,,,0.86942321062088,1.09518504142761,0.960208296775818,1.05363523960114,9,0,4.32309865951538,0,1.94875681400299,18.6120442450954,598.908527313406,226.066120382551,,,,718.620047351055,271.252852021534,,,23987,329.158683264602
2018,TO,17005,Ilha do Bananal,98.3219979324229,100,94.9632733010501,100,95.0627276406313,87.090246863618,100,92.6345609065156,93.2416025900445,92.0275192229866,98.9477944152165,88.7494941319304,68.3194580078125,0.7191521525383,30.7342929840088,68.4708557128906,,,,,,553.318298339844,163.703628540039,100.950569152832,0.690335333347321,327.914764404297,70.5419998168945,74.1429595947266,365.812133789062,80.7685852050781,80.7086486816406,9502,1991,5185.03955078125,1086.44641113281,20,293,159.883880615234,10.9135751724243,283,246,,,1.34236979484558,1.54427087306976,1.66950416564941,1.44441175460815,152,4,82.9431762695312,2.18271517753601,7.29627084732056,19.0422624782197,720.089680287284,352.313042004462,,,,864.023229835004,422.734363231321,,,11029,145.898319721537
2018,TO,17003,Sudeste,95.9586113057341,100,95.9586113057341,100,96.9889064976228,97.068145800317,100,99.7622820919176,96.1965134706815,99.8415213946117,100,82.2503961965135,63.3333320617676,1.11111116409302,38.0740737915039,60.8148155212402,,,,,,523.80029296875,149.802810668945,110.059204101562,4.66926050186157,317.062896728516,61.596076965332,82.4312744140625,351.818786621094,70.3352508544922,89.8365783691406,2819,473,2872.7490234375,482.0185546875,0,148,150.821884155273,0,112,54,,,0.550296068191528,1.14135479927063,0.790286242961884,1.11842572689056,4,0,4.07626676559448,0,3.25184202194214,21.1145104651563,705.98964348453,354.060230095145,,,,847.104838039349,424.83078418911,,,11188,346.131910910283
2018,TO,17006,Capim Dourado,97.8482096873253,94.3369880443853,97.8482096873253,89.2129246064623,92.162386081193,75.990057995029,96.5700082850041,90.1905550952775,89.2957746478873,87.0919635459818,86.0149130074565,82.5186412593206,72.5959396362305,0.797592163085938,29.1045894622803,70.0827713012695,,,,,,371.8291015625,80.7851104736328,72.625,1.6093635559082,304.931304931641,57.1581039428711,71.1696014404297,337.631011962891,64.5168991088867,76.6818008422852,14073,2145,3827.90869140625,583.447998046875,60,713,193.938674926758,16.3202247619629,981,898,,,2.44259357452393,2.6683566570282,3.43683528900146,2.55153107643127,319,79,86.7691955566406,21.4882965087891,15.3649473190308,16.8084898605327,748.634907861071,391.087439113395,,,,898.274157740038,469.259095833515,,,21186,141.035698602855
2018,TO,17001,Médio Norte Araguaia,81.7568409740914,99.9966313066151,81.7568409740914,100,90.8093562409439,72.138273649348,100,85.1583523080108,87.228317118609,83.1711860898365,100,80.3146346512109,70.8349227905273,0.781547844409943,34.5024795532227,64.6206665039062,,,,,,551.396606445312,158.308517456055,107.32780456543,2.25060820579529,387.601470947266,82.8883209228516,90.9040145874023,429.981048583984,95.1148529052734,96.857551574707,16820,2651,5641.41796875,889.143798828125,54,546,183.128067016602,18.1115665435791,560,487,,,1.63339507579803,1.87823665142059,1.8789074420929,1.88276445865631,157,12,52.6577033996582,4.02479267120361,5.69005060195923,21.5123494246948,579.778680550175,281.565758781342,,,,695.666473040671,337.845914159109,,,20292,173.659675268194
2018,TO,17004,Cerrado Tocantins Araguaia,97.6267233692297,97.8175333137951,95.7560376381969,100,93.6051502145923,76.3519313304721,100,93.7339055793991,88.412017167382,93.862660944206,100,85.1502145922747,69.4267501831055,0.806794047355652,34.7770690917969,64.3736724853516,,,,,,511.142272949219,155.836059570312,106.591865539551,2.92682933807373,311.538909912109,72.3610076904297,77.4893569946289,348.245147705078,81.6901397705078,84.4579162597656,8479,2104,5285.3359375,1311.51623535156,0,232,144.615859985352,0,181,119,,,0.741779625415802,1.12825310230255,1,1.11703288555145,3,0,1.87003266811371,0,3.95137906074524,16.5189615514077,686.119888569487,302.221995398113,,,,823.263460655804,362.630977417812,,,13920,234.041785144973
2018,TO,17008,Amor Perfeito,98.2716694286332,100,98.2716694286332,100,96.6998428496595,87.8470403352541,100,96.3331587218439,97.5903614457831,94.0806705081194,99.0570979570456,88.4232582503929,70.6380844116211,0.847457647323608,31.6550350189209,67.4975051879883,,,,,,592.319702148438,175.167724609375,99.3218994140625,1.98170733451843,362.850006103516,76.2682113647461,81.0288467407227,403.709594726562,87.9450988769531,85.2932662963867,7389,1590,6671.72314453125,1435.65295410156,0,222,200.449661254883,0,223,126,,,1.13768720626831,2.01352572441101,1.42210900783539,1.90675485134125,0,0,0,0,3.73811531066895,18.4303298215927,713.345786259817,328.075314774119,,,,855.931347311493,393.65193094724,,,10019,251.368856403131
2019,AC,12002,Baixo Acre e Purus,70.9860733857307,81.7988088082619,59.5324422603383,98.5355014644985,85.950914049086,92.3139076860923,94.010705989294,85.041914958085,88.8193111806888,78.8304211695788,95.7479042520958,83.4057165942834,48.2733573913574,1.25479626655579,43.088249206543,55.6465835571289,,,,,,465.950378417969,126.382965087891,102.425750732422,8.56929969787598,372.908142089844,87.6827850341797,98.787483215332,416.322662353516,100.073913574219,107.172386169434,27887,3844,4841.26611328125,667.329833984375,59,1025,177.943054199219,10.2425756454468,739,742,,,1.28813409805298,1.28292596340179,1.53938102722168,1.35544860363007,128,11,22.2211799621582,1.90963268280029,7.06494665145874,15.7404609575475,394.314099740716,231.17451091162,,,,453.598089012125,265.93093284459,,,46216,277.948355451976
2019,AC,12001,Alto Acre,100,100,100,74.964639321075,80.8345120226308,85.007072135785,81.6831683168317,81.7538896746818,78.005657708628,80.0565770862801,67.6096181046676,70.5799151343706,50.5998573303223,1.97600567340851,41.2844047546387,56.5278739929199,,,,,,522.196838378906,156.799057006836,125.999244689941,9.38337802886963,400.490814208984,100.312377929688,109.263847351074,444.439666748047,114.47631072998,117.795600891113,4215,973,5900.96435546875,1362.19177246094,0,89,124.599250793457,0,81,49,,,0.685995876789093,1.13399314880371,0.863794803619385,1.16409301757812,21,0,29.3998241424561,0,0.968794167041779,15.366285235551,508.354050883131,196.467506328394,,,,584.783618373743,226.00583007845,,,8279,356.482827495878
2019,AC,12003,Juruá e Tarauacá/Envira,91.7186204752694,96.6966876208897,91.7186204752694,89.9662899068015,82.6690462026571,85.7822724568709,89.4308943089431,75.2329962324013,87.2298235177474,70.6523894507238,89.0739639103708,77.9694626214555,45.8812255859375,2.72030639648438,52.4329490661621,44.6934852600098,,,,,,434.580505371094,125.810836791992,115.148902893066,4.02355241775513,403.992248535156,113.801406860352,115.128196716309,449.354064941406,127.556678771973,125.207794189453,11735,1922,5004.71240234375,819.689636230469,0,306,130.502090454102,0,229,165,,,0.703687727451324,0.976633310317993,1.09306168556213,1.14999639987946,44,12,18.765007019043,5.11772918701172,0.768085837364197,16.7162702793634,390.078756951161,135.208441256217,,,,448.725974631948,155.536640998779,,,32492,621.208775960905
2019,AL,27010,10ª Região de Saúde,80.9310452418097,100,80.9310452418097,75.5390043120345,85.4958839670717,89.6119168953352,90.0039200313603,82.5166601332811,100,73.6965895727166,56.4876519012152,93.9631517052136,70.6751861572266,1.3583699464798,22.2532958984375,76.2684783935547,,,,,,591.572448730469,187.23796081543,151.780944824219,6.72975826263428,371.320098876953,98.4507141113281,112.069129943848,412.187133789062,110.141700744629,123.002655029297,7123,1341,4430.8837890625,834.173095703125,0,146,90.8197402954102,0,135,100,,,0.622053027153015,0.839771568775177,0.683169722557068,0.810535073280334,0,0,0,0,1.69322836399078,17.4125221754085,619.876031700468,215.801943088924,,,,713.072607823662,248.247143722747,,,22083,443.484332232411
2019,AL,27005,5ª Região de Saúde,100,100,100,100,97.4581939799331,99.2976588628762,100,99.3311036789298,100,81.8394648829431,96.5886287625418,85.9531772575251,73.0781936645508,0.494886189699173,16.9910926818848,82.1840972900391,,,,,,532.048583984375,180.980316162109,131.964813232422,2.04724407196045,382.228668212891,115.463813781738,112.534805297852,428.519104003906,130.328384399414,122.971321105957,13461,1994,5639.29638671875,835.358215332031,15,296,124.005027770996,6.28403854370117,206,123,,,0.515291154384613,0.863007962703705,0.951927125453949,0.835358202457428,8,0,3.351487159729,0,3.0058650970459,19.0541249139147,740.205278050342,224.015586653584,,,,851.49300981401,257.69568494206,,,29480,308.845614049487
2019,AL,27007,7ª Região de Saúde,100,100,99.4840299972844,98.4338389443828,93.85867554569,96.2634110247873,97.6445924281662,92.0705389073868,100,84.8193365396473,88.9505487729683,93.6243679861882,18.9098854064941,0.565625429153442,6.53040218353271,92.7497100830078,,,,,,629.115295410156,214.561416625977,121.47127532959,10.9774436950684,386.042602539062,108.409523010254,96.877082824707,430.952117919922,122.815994262695,104.886627197266,27803,3207,5260.5390625,606.788757324219,83,866,163.853775024414,15.7042303085327,549,713,,,1.34905016422272,1.03874969482422,1.36314618587494,1.06329941749573,287,37,54.3025817871094,7.00068092346191,4.69916009902954,20.9146740342679,812.376715244188,235.954386998392,,,,934.515214736212,271.429449534965,,,65187,386.183690712772
2019,AL,27004,4ª Região de Saúde,100,100,100,87.7142857142857,93.4761904761905,95.1428571428571,100,97.5238095238095,100,89.6190476190476,83.1428571428571,91.7619047619048,68.0972061157227,2.43019652366638,29.7311267852783,67.3216094970703,,,,,,624.365539550781,203.023101806641,140.447479248047,2.22717142105103,422.983093261719,113.82186126709,117.202934265137,472.327301025391,129.416412353516,127.472534179688,6935,1082,4821.79833984375,752.297912597656,0,200,139.056915283203,0,96,78,,,0.542321979999542,0.667473196983337,0.822347819805145,0.721010088920593,0,0,0,0,2.40985631942749,16.6904768557072,726.782619830974,224.619012207422,,,,836.052293588616,258.389833790053,,,22669,446.755307169186
2019,AL,27001,1ª Região de Saúde,53.763110967745,39.2851481197261,41.3530905170408,89.5855139208708,82.9914172074524,86.9426418254134,90.9409671341846,82.494243248901,100,75.9838810969228,83.4100900146535,86.8536738538832,65.1083297729492,2.21392512321472,39.5140914916992,57.5147247314453,,,,,,607.150573730469,172.867080688477,145.988830566406,1.62622606754303,393.892333984375,94.8263931274414,117.823516845703,439.11669921875,107.488410949707,127.281555175781,65732,8848,5150.90625,693.348999023438,149,1967,154.13850402832,11.6759719848633,1631,2804,,,2.19727683067322,1.27808797359467,2.59608197212219,1.31707310676575,904,137,70.8394546508789,10.7356252670288,23.6315402984619,22.7978155468024,777.960973502418,326.432318895331,,,,894.925165340902,375.510477916165,,,89567,173.661321281889
2019,AL,27008,8ª Região de Saúde,100,100,100,85.2092645266152,91.5481511580658,93.6204794798862,93.9861844778545,86.6720845184884,100,72.8565623730191,76.1479073547338,88.5412433969931,67.7142868041992,0.816326558589935,29.1020412445068,70.0816345214844,,,,,,749.629028320312,243.93196105957,138.843780517578,9.09090900421143,404.494201660156,99.3098373413086,98.7546844482422,449.68798828125,112.930084228516,107.146148681641,9925,1459,6321.21337890625,929.234252929688,16,146,92.9871139526367,10.1903686523438,115,88,,,0.560470283031464,0.732432782649994,1.09419083595276,0.874779462814331,16,0,10.1903686523438,0,8.13064098358154,17.2771188110421,883.592014532012,212.300998247235,,,,1016.4375291719,244.219841906832,,,24725,454.038720846222
2019,AL,27003,3ª Região de Saúde,96.7516519109377,100,95.4095441754761,92.9939948527309,90.3059765513297,92.7366313983414,97.4263654561052,91.5641978839005,96.0251644266514,80.8979124964255,86.7886760080069,79.8112668001144,65.0299758911133,1.14187836647034,31.3160152435303,67.513557434082,,,,,,619.823669433594,193.667007446289,145.027130126953,3.45572352409363,444.778198242188,115.816184997559,125.175430297852,495.442047119141,130.704956054688,135.713363647461,11692,1453,5217.40673828125,648.3828125,0,249,111.113098144531,0,153,108,,,0.481936305761337,0.68274313211441,0.691890954971313,0.683635592460632,4,0,1.78494930267334,0,1.84519135951996,18.9183424555484,680.213415753661,231.995398941524,,,,782.481543797586,266.875239025634,,,33372,388.818389148595
2019,AL,27009,9ª Região de Saúde,95.7235433981936,100,95.5217997567209,94.1814334832055,91.430838402539,93.3615445649299,94.631049986776,90.2935731288019,98.7040465485321,81.0103147315525,87.7810103147315,88.0719386405713,73.321418762207,0.357416391372681,21.5726318359375,77.8401870727539,,,,,,581.601745605469,183.441253662109,144.132415771484,4.72383737564087,364.827850341797,88.0822525024414,114.22216796875,403.066619873047,99.8604202270508,123.342666625977,11353,1283,4798.63720703125,542.292907714844,20,248,104.823577880859,8.45351409912109,188,121,,,0.511437594890594,0.794630348682404,0.742007195949554,0.840279281139374,13,0,5.49478435516357,0,1.66407430171967,17.2018569454785,821.096759598717,223.033956421678,,,,944.546292645716,256.566469431883,,,42377,567.203049142695
2019,AL,27006,6ª Região de Saúde,100,100,100,87.8982941744448,96.6849050531059,96.1377534599292,99.7103315094947,90.6340521403283,100,78.1783070485999,81.1393627293209,89.1213389121339,67.6613693237305,0.454103142023087,21.2455406188965,78.1057434082031,,,,,,599.603515625,223.457733154297,119.726806640625,6.54810047149658,397.006774902344,121.108345031738,98.3042755126953,445.492919921875,138.436737060547,106.00545501709,13157,1904,6377.5126953125,922.914367675781,28,432,209.400741577148,13.5722694396973,169,179,,,0.867655813694,0.81918340921402,1.06602907180786,0.843177258968353,23,9,11.1486501693726,4.36251544952393,2.68149280548096,17.9554265731679,822.093505726722,231.257980059821,,,,945.692896683439,266.026951338832,,,30138,390.21047536002
2019,AL,27002,2ª Região de Saúde,100,100,100,89.5645645645646,87.987987987988,93.8438438438438,94.6321321321321,88.3258258258258,100,80.03003003003,82.4324324324324,93.8813813813814,66.7182083129883,0.88906067609787,35.6397361755371,62.1955947875977,,,,,,552.499572753906,187.994918823242,122.106025695801,4.1575493812561,432.621337890625,137.319137573242,111.702278137207,481.683197021484,154.711853027344,120.740707397461,8121,1034,4909.02490234375,625.037780761719,0,96,58.0305862426758,0,122,79,,,0.477543383836746,0.737472057342529,0.72341775894165,0.761349201202393,0,0,0,0,2.11146712303162,15.9473129783276,673.683206395807,225.650803297383,,,,774.969536269782,259.576751698831,,,27597,406.095188446242
2019,AM,13008,Triângulo,98.3541593429421,100,98.3541593429421,98.5280865124662,100,100,100,100,100,100,93.8119555422049,100,44.0722389221191,1.95164573192596,54.6752128601074,42.9070777893066,,,,,,354.057281494141,89.5133514404297,92.7102584838867,4.51467275619507,349.761291503906,87.1584930419922,95.83203125,390.550659179688,101.280372619629,103.329437255859,7556,1584,6038.9541015625,1265.97448730469,0,186,148.656097412109,0,111,58,,,0.46355128288269,0.887141227722168,0.565652430057526,0.969661355018616,16,0,12.7876214981079,0,0.599419772624969,18.4529372805995,639.800953788629,253.070133584737,,,,735.993184564003,291.118499327217,,,18383,624.056219523673
2019,AM,13009,Alto Solimões,90.9401908214789,100,86.5963752742206,99.4459833795014,82.8838023035428,88.1032220440297,92.9873159352675,85.6247266365359,97.6527190552559,81.4258638285464,91.8209651552704,86.2953783350343,50.4954872131348,2.42567658424377,48.2177200317383,49.3566055297852,,,,,,372.815826416016,96.4794921875,81.3921661376953,12.3535680770874,321.891143798828,86.6717834472656,73.4199066162109,355.849670410156,95.6084899902344,76.9234085083008,11213,2090,4451.95263671875,829.803039550781,0,322,127.845252990723,0,284,139,,,0.551878571510315,1.12757921218872,0.715258479118347,1.20827662944794,34,0,13.4991884231567,0,0.275939285755157,18.6243700833172,525.075130081855,204.722669174591,,,,604.018663673287,235.502132883703,,,33431,510.29207696277
2019,AM,13002,Rio Negro e Solimões,88.9051661874327,100,85.838977391968,61.7720170454545,73.6860795454545,81.9247159090909,86.3636363636364,71.0404829545455,89.3465909090909,60.7599431818182,58.2208806818182,79.6697443181818,44.5865440368652,2.52277493476868,53.5739326477051,43.8332176208496,,,,,,350.059906005859,93.9758148193359,86.9276275634766,5.56088209152222,305.897766113281,75.0404205322266,92.4727935791016,342.030792236328,84.9964828491211,100.307670593262,14405,3417,4834.72021484375,1146.84057617188,0,329,110.421585083008,0,207,142,,,0.476591616868973,0.694749772548676,0.524838149547577,0.705573797225952,4,0,1.34251165390015,0,0.461823999881744,22.0692002506747,624.16390618825,272.052977882558,,,,718.005151891604,312.955359594624,,,44125,513.444301698727
2019,AM,13003,Rio Madeira,77.783211831293,100,77.783211831293,90.1050788091068,87.6532399299475,96.4681844716871,99.7664915353182,91.5061295971979,100,85.0262697022767,87.2737886748395,94.2790426152948,56.0824737548828,1.62002944946289,37.0544929504395,61.2665672302246,,,,,,318.622894287109,87.6713943481445,69.1351623535156,11.6352205276489,258.853790283203,69.1836090087891,64.0058822631836,286.9833984375,78.4581985473633,67.2990417480469,9046,2220,4531.85986328125,1112.17431640625,0,215,107.710571289062,0,136,97,,,0.485950022935867,0.681331992149353,0.508995056152344,0.684838831424713,0,0,0,0,0.437856018543243,21.967889901027,521.793610113453,215.554559969026,,,,600.243776628413,247.962567263236,,,21773,394.191038026136
2019,AM,13001,Manaus,57.3881465860368,41.3889335530415,44.5406731965438,98.8740839440373,84.0928270042194,90.5707306240284,92.8580946035976,83.7486120364202,91.9387075283145,79.6691094825672,97.0997113035754,85.616255829447,49.1260643005371,2.41478872299194,46.9731216430664,49.8265571594238,,,,,,490.790344238281,111.255645751953,92.3895492553711,14.0393896102905,404.826965332031,86.2377700805664,91.5794830322266,453.876770019531,98.2455139160156,98.301383972168,125481,21140,4871.06396484375,820.636535644531,364,3518,136.565719604492,14.130166053772,2929,3848,,,1.49376034736633,1.13701248168945,2.18831253051758,1.1929315328598,953,169,36.9946365356445,6.56043434143066,19.7818832397461,20.0187480982679,476.123351080914,321.383237219589,,,,547.707125680678,369.702281351831,,,168021,173.258108248276
2019,AM,13005,Baixo Amazonas,97.2426738296736,100,94.208644152818,85.550677610231,67.0738690589807,74.4416873449131,76.9803397594961,67.531971750334,74.5562130177515,59.8778392823058,70.3951135712922,72.8955907615957,46.3837432861328,1.95258021354675,50.4482955932617,47.5991249084473,,,,,,382.284057617188,102.55428314209,91.3810501098633,8.66388320922852,286.504333496094,68.7078170776367,82.2488861083984,318.392944335938,78.6952438354492,88.4198913574219,12857,2195,5130.50732421875,875.9013671875,0,328,130.88639831543,0,203,101,,,0.403034329414368,0.810059070587158,0.478653132915497,0.805968880653381,0,0,0,0,0.418197989463806,19.6172544341637,529.513153691807,179.385726548973,,,,609.123931351488,206.355853904719,,,36217,542.537058319289
2019,AM,13006,Regional Purus,95.6587635854043,100,85.376887866625,90.7429963459196,76.1266747868453,81.0799837596427,85.9926918392205,75.6800649614292,87.7791311408851,72.1071863580999,85.7084855866829,74.9492488834754,47.3946342468262,1.9157087802887,42.9118766784668,55.1340980529785,,,,,,365.794799804688,91.2601470947266,78.4384689331055,12.7835054397583,309.783416748047,70.161018371582,76.3363342285156,343.243347167969,80.0295867919922,81.6275253295898,4939,1171,3725.0732421875,883.18701171875,0,197,148.58056640625,0,126,69,,,0.520409107208252,0.950312256813049,0.623548150062561,0.961248397827148,1,0,0.754216074943542,0,0.273780435323715,20.9092258518903,592.108497856039,259.115151676707,,,,681.13030523622,298.072368479663,,,20722,593.353049385059
2019,AM,13007,Regional Juruá,88.3236023884377,100,83.1771228307846,76.872399445215,69.1054091539528,75.1733703190014,82.2815533980583,71.1511789181692,82.5589459084605,68.377253814147,73.5783633841886,76.9417475728155,54.0718994140625,2.60454869270325,40.1320610046387,57.2267074584961,,,,,,372.955627441406,98.6808700561523,86.3457641601562,8.36575889587402,360.469970703125,94.4028091430664,88.9557495117188,398.686157226562,105.84903717041,95.9642868041992,6475,1450,4698.22509765625,1052.11218261719,0,212,153.826065063477,0,102,57,,,0.41358894109726,0.740106523036957,0.433905571699142,0.710901319980621,0,0,0,0,0.347559839487076,16.4945320450108,598.871990340227,200.971877323831,,,,688.910669336548,231.187420280462,,,21998,701.708404457252
2019,AM,13004,Médio Amazonas,100,100,98.0349549591763,83.7778475054911,90.9632883589583,93.9755255726388,97.0818951992469,91.590837778475,91.9359899592093,91.0887982428616,81.8638217759649,88.7668653906495,53.1297721862793,1.55725193023682,41.1297721862793,57.2519073486328,,,,,,381.509490966797,94.2212905883789,85.5506134033203,12.8787879943848,294.457275390625,63.7335929870605,82.6601638793945,326.542083740234,71.7665863037109,89.2736206054688,7065,1388,4083.8857421875,802.326049804688,0,239,138.152679443359,0,150,100,,,0.578044712543488,0.867067039012909,0.708682835102081,0.90724116563797,0,0,0,0,1.68789052963257,20.2102891442049,649.405390139047,253.108108461115,,,,747.041620258929,291.162183616891,,,22560,444.915129597395
2019,AP,16002,Área Norte,86.8741779921087,87.4017243898875,86.8741779921087,100,100,100,100,93.0124223602485,100,72.8260869565217,93.3229813664596,90.7608695652174,38.3055763244629,8.3997106552124,55.1049957275391,35.9160041809082,,,,,,271.696380615234,67.2091064453125,64.3491439819336,6.84210538864136,282.038757324219,69.2427825927734,65.0008316040039,316.535949707031,79.671257019043,71.498161315918,3260,824,4661.73779296875,1178.30432128906,0,121,173.027694702148,0,53,35,,,0.500493347644806,0.757889926433563,0.533382892608643,0.694255769252777,0,0,0,0,1.93047428131104,18.1633881112746,388.891707145989,126.017414876516,,,,447.360455307271,144.963770273045,,,8123,378.438178983356
2019,AP,16001,Área Central,58.9462839316495,55.170326929,43.3732530975492,98.6905449643751,78.9428076256499,84.9508954361641,84.0843443096476,72.8673213941845,86.472174080493,51.0398613518198,95.1088003081071,77.209705372617,47.3121490478516,2.8809027671814,55.3905563354492,41.6790428161621,,,,,,439.040161132812,98.505989074707,95.5049133300781,6.63449954986572,397.251708984375,89.2250289916992,98.9637069702148,439.983825683594,100.968421936035,106.235954284668,25864,3205,4565.87646484375,565.791564941406,37,728,128.516784667969,6.53175926208496,700,657,,,1.15982866287231,1.2357382774353,1.06935489177704,1.18419027328491,209,50,36.8956146240234,8.82670211791992,10.0140695571899,16.1876492791075,379.020486854216,192.099072653491,,,,436.005125473745,220.980614981614,,,39907,209.108133419223
2019,AP,16003,Área Sudoeste,97.5100428917699,97.2404513593728,91.9287695453861,99.248322147651,70.4697986577181,78.3355704697987,81.1543624161074,66.496644295302,83.3020134228188,50.2281879194631,78.6040268456376,72.3489932885906,34.3056259155273,2.63293743133545,48.6060905456543,48.7351570129395,,,,,,404.610748291016,101.749809265137,102.705207824707,8.50059032440186,363.266937255859,83.7920684814453,108.777313232422,402.595611572266,94.7147979736328,117.824996948242,9929,1495,4743.06982421875,714.159484863281,0,173,82.6418609619141,0,174,114,,,0.544576466083527,0.831195652484894,0.795845925807953,0.86523163318634,15,12,7.16547966003418,5.73238372802734,3.65248370170593,19.2885234881378,407.336235919307,123.287596895083,,,,468.578065861415,141.823532019979,,,27093,446.189142385672
2019,BA,29023,Seabra,90.6166336311059,98.9698335550789,88.9874826902713,91.2600763682647,90.9206618582944,97.2422571064913,95.3754773016546,90.708527789563,97.0725498515062,78.616885871871,83.2838353839627,82.4352991090369,71.3584289550781,1.26841247081757,25.613748550415,72.8723373413086,,,,,,662.588623046875,180.263092041016,111.514099121094,11.2745094299316,340.797882080078,64.9795150756836,81.4606857299805,377.791198730469,72.712516784668,87.882568359375,15689,4859,8492.935546875,2630.32543945312,0,293,158.60986328125,0,134,92,,,0.498024135828018,0.72538298368454,0.833784461021423,0.889676809310913,41,10,22.1945533752441,5.41330575942993,1.30893731117249,18.7374577678903,533.257264492655,263.873388579652,,,,613.430958428204,303.545992597243,,,29073,473.118746418477
2019,BA,29017,Paulo Afonso,84.9617766422952,89.3922743988797,84.9617766422952,93.6206407711936,83.4703714204707,85.3132974199036,87.1845761270201,80.9186277289481,91.1823079104054,75.815140345903,90.4734902183158,79.018996314148,65.3262329101562,1.8109188079834,28.3888149261475,69.6671142578125,,,,,,596.999572753906,183.174819946289,126.995933532715,4.50629568099976,341.976654052734,73.1077499389648,97.3779754638672,379.472717285156,82.9899673461914,104.605346679688,7369,1465,2915.36767578125,579.592041015625,0,249,98.5108642578125,0,252,247,,,0.977196097373962,0.996977388858795,0.756535768508911,0.974822342395782,27,0,10.6819009780884,0,4.32221364974976,20.3670475221065,665.01396209798,307.809750824173,,,,764.996896059201,354.088060368505,,,36831,423.666726745246
2019,BA,29001,Alagoinhas,88.3210024265441,92.3316747613403,86.6943260487464,49.9928067903899,66.4077111207021,70.7092504675586,70.1625665371889,67.2852826931377,77.1112070205726,62.2500359660481,45.5761760897713,64.0771112070206,62.7504959106445,1.57564628124237,29.6007347106934,67.7221984863281,,,,,,673.228820800781,180.975479125977,100.418190002441,14.1439208984375,401.454437255859,86.3516159057617,79.0752792358398,449.497344970703,98.3595581054688,85.6826477050781,25703,4045,4770.88525390625,750.816223144531,10,575,106.729133605957,1.85615885257721,483,509,,,0.944784820079803,0.896524727344513,0.897499203681946,0.863253057003021,146,18,27.0999183654785,3.34108591079712,6.39910745620728,21.1586798736954,596.447179690606,284.928091223937,,,,686.121295389211,327.766209146553,,,76924,355.011431096053
2019,BA,29019,Ribeira do Pombal,91.3300593857144,100,91.3300593857144,88.4154460719041,81.5978695073236,85.1664447403462,84.7936085219707,81.8641810918775,90.9187749667111,70.439414114514,84.0745672436751,79.4940079893475,63.6089820861816,1.15005481243134,24.6166477203369,72.6451263427734,,,,,,592.570190429688,159.170333862305,90.6900787353516,17.9593963623047,296.465606689453,56.5683250427246,64.5796508789062,329.418273925781,64.0873718261719,69.4095916748047,17183,4302,5300.43408203125,1327.03649902344,7,416,128.323379516602,2.15928745269775,278,143,,,0.441111594438553,0.857545614242554,0.640228748321533,0.846132278442383,21,0,6.47786283493042,0,1.15213418006897,19.2101686581591,473.647805282121,225.785605581697,,,,544.859388700609,259.731821118361,,,53958,465.561427360581
2019,BA,29025,Serrinha,92.4220651678578,100,90.0784230909082,78.3186360964139,76.8253968253968,86.3844797178131,80.7172251616696,77.0958259847149,86.1845972957084,74.7442680776014,74.3915343915344,75.1557907113463,67.9352493286133,0.803163230419159,28.5678977966309,69.7392807006836,,,,,,613.862548828125,160.777297973633,88.2140884399414,20.7313938140869,319.659851074219,62.0775489807129,65.0786285400391,357.533050537109,70.5333099365234,69.6563262939453,37950,9223,5999.5068359375,1458.06188964844,0,920,145.442581176758,0,514,340,,,0.537505209445953,0.812581419944763,0.747962236404419,0.845622181892395,159,0,25.1362724304199,0,2.396324634552,19.6146967175372,493.114809134488,200.917117907744,,,,567.253200517208,231.124427943873,,,110124,504.936447566016
2019,BA,29015,Jequié,93.9378778911917,99.9515973878859,87.0862644368926,87.1349195042029,79.9971505912523,81.2081493090184,84.9408747684855,79.1423279669469,88.616612052999,68.870209431543,80.9089613905115,76.7345775751532,55.51123046875,3.17671394348145,33.0969276428223,63.608154296875,,,,,,759.072631835938,227.210968017578,113.196830749512,13.9165544509888,376.508026123047,82.1921920776367,81.6841125488281,419.392364501953,93.5459060668945,87.9249420166016,38677,11780,7902.732421875,2406.96508789062,46,1071,218.833587646484,9.39901447296143,687,440,,,0.899036169052124,1.40372240543365,1.34441673755646,1.40780889987946,199,4,40.6609535217285,0.817305624485016,3.88955760002136,19.0166799922915,619.17283389159,267.728323642642,,,,712.263686249429,307.980506044741,,,64630,350.742546379698
2019,BA,29026,Teixeira de Freitas,95.8777713068877,99.4565193230165,95.8777713068877,84.7259658580413,75.3369272237197,79.2752321054208,81.4315663372267,77.1787960467206,85.2051512428871,69.2273135669362,81.8209044624139,74.5283018867924,59.8514175415039,1.59418046474457,33.5087432861328,64.5256118774414,,,,,,613.331604003906,164.099884033203,90.3322448730469,13.7198419570923,374.497589111328,75.02294921875,69.4291000366211,418.248199462891,85.5621643066406,74.7577667236328,24853,4599,5489.06396484375,1015.74078369141,22,772,170.504867553711,4.85894680023193,442,429,,,0.947494685649872,0.976206600666046,1.06339156627655,0.985151529312134,140,26,30.9205722808838,5.74239206314087,8.28428363800049,18.4940297118179,746.260294013044,273.250693254616,,,,858.458379988258,314.333148023451,,,45906,256.446352740886
2019,BA,29012,Itabuna,92.1810278499844,99.2532276504515,85.0527463315669,92.3728813559322,77.5862068965517,81.8381063705435,84.1174751607247,78.7112799532437,88.1209818819404,74.8977206312098,82.9924021040327,81.2390414962011,58.6616058349609,2.27812051773071,37.7788314819336,59.5475387573242,,,,,,782.619689941406,218.951873779297,145.507247924805,13.9253282546997,434.740661621094,94.6333618164062,107.265663146973,484.314117431641,106.985549926758,114.816604614258,28543,5893,5635.2958984375,1163.46569824219,59,990,195.457489013672,11.648476600647,681,554,,,1.09377217292786,1.34451055526733,1.53804314136505,1.40931761264801,189,15,37.3146133422852,2.96147704124451,8.92648410797119,17.168500547674,722.513282984413,223.135590343712,,,,831.141074242865,256.683383721389,,,59517,295.460274928931
2019,BA,29022,Santo Antônio de Jesus,96.0426689068718,99.5103926703289,93.3780499276965,70.0581907952742,86.0342091341915,88.7321460059954,91.62405219538,86.3516134720508,100,76.9176512078998,59.4956797742902,83.5655087286193,71.6822280883789,1.37287199497223,26.212703704834,72.1947631835938,,,,,,674.269348144531,226.207901000977,111.471069335938,10.7523412704468,377.943115234375,94.7927703857422,85.8209381103516,421.393524169922,107.698768615723,92.1754760742188,32560,6581,7088.86328125,1432.79516601562,30,790,171.996383666992,6.53150796890259,488,380,,,0.827324330806732,1.06245863437653,1.1565123796463,1.05385887622833,129,12,28.0854835510254,2.61260318756104,3.10529661178589,19.0335679203906,577.285445929893,243.383405439936,,,,664.078650143368,279.975399503622,,,66592,373.866162517129
2019,BA,29006,Feira de Santana,84.2810547412269,84.8165468097091,77.783890700934,82.9885767212103,71.8802099413399,73.4609447360296,76.0790367397345,70.3179993825255,82.2414325409077,58.0426057425131,80.4137079345477,71.8184624884224,64.751335144043,1.00389671325684,36.2789764404297,62.4925689697266,,,,,,664.736450195312,163.273178100586,97.234001159668,18.1699352264404,382.402770996094,72.8676300048828,75.8596801757812,427.075012207031,82.7592697143555,81.4089202880859,53466,6542,4645.8564453125,568.458312988281,81,1606,139.551208496094,7.03838634490967,1373,1342,,,1.16611289978027,1.19304990768433,1.4296178817749,1.15462112426758,550,42,47.7915115356445,3.64953351020813,12.7528600692749,24.4191384418999,611.532625352039,293.266929618423,,,,703.474794359757,337.358767877795,,,115620,256.710026784702
2019,BA,29010,Irecê,97.3240375871476,97.2379508942104,95.5955137920582,85.5193449991973,81.2650505699149,84.5240006421576,85.1822122331032,82.3888264568952,89.5007224273559,81.1687269224595,79.6275485631723,80.7352705089099,65.8938140869141,1.02486562728882,27.0665321350098,71.6733856201172,,,,,,632.787231445312,192.52424621582,116.483222961426,5.31955623626709,352.159698486328,75.6690216064453,87.2809600830078,391.864410400391,85.8779067993164,94.1380462646484,25268,6028,6119.123046875,1459.7939453125,20,739,178.962783813477,4.84337711334229,380,274,,,0.663542687892914,0.920241713523865,1.08079969882965,0.978241145610809,93,6,22.5217037200928,1.4530131816864,1.37963604927063,21.2774566291479,606.960359987875,269.916018478327,,,,698.215102066215,310.49711449841,,,68394,461.179117708059
2019,BA,29028,Vitória da Conquista,79.1858906415612,95.2729284868134,72.9900554897438,40.5687693898656,66.1427094105481,65.1602895553257,69.0382626680455,65.253360910031,75.1396070320579,60.8376421923475,26.2978283350569,65.9152016546019,68.3347778320312,0.41250541806221,31.9474601745605,62.9722099304199,,,,,,688.388671875,179.430404663086,126.693473815918,9.74614715576172,356.103637695312,65.7257766723633,83.8411712646484,397.546203613281,75.2593841552734,90.9466323852539,39659,7671,6187.8525390625,1196.87890625,56,1091,170.224853515625,8.73748111724854,726,909,,,1.41828036308289,1.13275194168091,1.91920328140259,1.18907749652863,375,83,58.5099143981934,12.9501943588257,7.81005954742432,20.9491617898107,692.651980594177,252.160397515431,,,,796.790211038807,290.071987059931,,,70314,312.218861847245
2019,BA,29011,Itaberaba,96.626699786631,100,96.626699786631,72.8448275862069,77.9597701149425,82.2701149425287,83.1896551724138,79.0229885057471,89.051724137931,70.3735632183908,69.1954022988506,75.4885057471264,71.4285736083984,0.375939846038818,20.4164257049561,79.0052032470703,,,,,,666.35107421875,203.684616088867,106.616172790527,15.2835817337036,361.433380126953,82.8191757202148,81.0373764038086,403.852325439453,94.5273590087891,87.3589706420898,15818,3778,6292.74072265625,1502.9697265625,0,446,177.428405761719,0,197,146,,,0.580819427967072,0.783708393573761,0.887539863586426,0.842784881591797,23,0,9.14989471435547,0,1.77189707756042,20.4147774534563,609.528832162988,264.130534338078,,,,701.169736635657,303.84179947987,,,43034,502.596870635591
2019,BA,29024,Senhor do Bonfim,92.2768949993097,100,90.1683284003246,85.2660934231931,82.872414594469,88.0548454566581,90.7041598884499,84.173832210086,95.1196839414362,87.6597722519173,79.5723913548687,88.1013246572159,70.8989791870117,0.926784038543701,17.2381839752197,81.8350296020508,,,,,,659.357666015625,139.395523071289,100.767852783203,28.578706741333,360.937377929688,60.7573089599609,72.5651702880859,402.974761962891,69.3752746582031,78.4762344360352,16247,2767,5457.2509765625,929.415466308594,0,383,128.646957397461,0,162,172,,,0.577735662460327,0.544146418571472,0.792119264602661,0.843426883220673,45,0,15.1151781082153,0,5.9194393157959,19.0751132363497,544.25402610959,223.995554332124,,,,626.081051483572,257.672640818763,,,46897,411.090488654661
2019,BA,29002,Barreiras,85.2547075791036,89.9456032594141,81.188562196241,92.559081701553,87.4679270762998,90.6144496961513,93.1532748143147,87.5489534098582,93.0047265361242,83.3490884537475,91.6948008102633,84.2268737339635,55.297420501709,0.510594844818115,16.7092170715332,82.639778137207,,,,,,497.129364013672,109.533302307129,105.62914276123,10.8638744354248,353.834838867188,65.2672424316406,94.1360397338867,393.443237304688,74.2357482910156,101.64185333252,27702,5531,6008.498046875,1199.66076660156,24,701,152.04524230957,5.20554304122925,528,458,,,0.993391156196594,1.14521944522858,1.18914127349854,1.20334804058075,131,1,28.4135894775391,0.216897621750832,4.78324317932129,21.5555961100377,859.997171193875,490.237511338142,,,,989.29526909102,563.943309283799,,,56381,363.708090846459
2019,BA,29003,Brumado,96.4862693687655,97.8120194771912,95.7470035090486,86.1483820047356,100,100,100,100,100,86.2470402525651,82.0441988950276,96.6456195737964,70.3726577758789,2.63537168502808,21.000617980957,75.3757476806641,,,,,,622.638610839844,163.048568725586,124.133651733398,5.93354415893555,268.757537841797,46.591724395752,73.7185592651367,298.660217285156,52.8281898498535,79.5582427978516,23345,4840,5749.8017578125,1192.0771484375,10,589,145.068893432617,2.4629693031311,431,306,,,0.753668606281281,1.06153976917267,0.964190900325775,1.06326377391815,104,10,25.6148796081543,2.4629693031311,2.37110042572021,22.7202577941186,689.464217487088,304.250228063518,,,,793.123176929325,349.993373612211,,,50532,303.516178127456
2019,BA,29009,Ilhéus,83.3046825057716,79.5850432743424,69.3369900401112,87.955117929929,45.7980306846806,50.0114495076712,50.4236317838333,47.7673460041218,58.0261048774903,38.8596290359515,84.8179528280284,47.6070528967254,39.4552917480469,8.38756370544434,45.6013488769531,45.8182678222656,,,,,,788.466613769531,223.315170288086,146.309936523438,11.12526512146,456.955627441406,100.338829040527,107.875076293945,508.726593017578,114.62296295166,116.204040527344,22448,4857,7515.7109375,1626.14965820312,28,636,212.93620300293,9.37454986572266,401,363,,,1.2153434753418,1.34256947040558,1.43388772010803,1.24957728385925,241,24,80.6880950927734,8.03532886505127,9.09632682800293,17.1856523025469,617.187997389959,246.298277704357,,,,709.980435296107,283.328514418167,,,40395,339.374449801408
2019,BA,29008,Ibotirama,93.3264892333753,98.1120550265637,93.3264892333753,100,100,100,100,100,100,86.4744249914178,100,99.2790937178167,60.9450988769531,1.1813759803772,34.2599029541016,64.4544830322266,,,,,,585.287292480469,177.931411743164,106.045082092285,10.7142858505249,323.626342773438,70.6697998046875,76.3865356445312,356.803985595703,79.6721954345703,81.4556655883789,11214,2262,5717.25732421875,1153.240234375,0,246,125.418701171875,0,170,102,,,0.52002876996994,0.866714596748352,0.718353450298309,0.929933786392212,29,0,14.7851314544678,0,0.844791829586029,20.362481315218,519.938241921823,260.974376665041,,,,598.109459172633,300.211122590425,,,33976,536.522094999559
2019,BA,29018,Porto Seguro,100,94.7260489367269,100,97.37132063592,79.3325987722336,84.0705178655753,86.7621596096332,79.505745317173,85.6288367700299,65.2447662521643,96.8046592161184,75.6650401385172,65.78466796875,1.49026763439178,32.3448905944824,66.0583953857422,,,,,,565.587463378906,162.681701660156,116.575454711914,8.47614669799805,392.130157470703,92.658073425293,97.5582427978516,434.883972167969,103.62345123291,105.032928466797,21371,3996,5598.50341796875,1046.82141113281,15,462,121.028900146484,3.92950987815857,436,389,,,1.01905286312103,1.14217758178711,1.26864230632782,1.20799684524536,206,14,53.9652671813965,3.66754245758057,9.00565052032471,20.112312313194,645.056284714606,309.518402355136,,,,742.038639359347,356.053602736232,,,34938,240.50201194608
2019,BA,29021,Santa Maria da Vitória,98.0690776916566,100,96.5816334998589,95.1320321469575,93.2491389207807,100,96.3490241102181,94.1676234213548,93.8691159586682,87.256027554535,91.9402985074627,86.5671641791045,62.8390579223633,2.35081362724304,23.7115726470947,73.5307388305664,,,,,,530.263122558594,143.502456665039,95.7787704467773,11.0625,281.501525878906,53.0609741210938,72.9475708007812,312.093841552734,60.5123519897461,77.9650192260742,18324,4629,6072.83837890625,1534.11743164062,0,463,153.444885253906,0,273,186,,,0.616430878639221,0.904761433601379,0.951987981796265,0.935085833072662,34,0,11.2680912017822,0,1.61199986934662,19.9879732137479,732.113911935072,310.759528140612,,,,842.185130106443,357.481328209112,,,43434,415.064556122998
2019,BA,29013,Itapetinga,85.9201890472375,98.5453235896315,84.7062727103515,45.8318800139519,63.3065922567143,66.4108824555284,68.5734216951517,62.5392396232996,75.3749564004186,58.1792814788978,42.7973491454482,64.5622602023021,48.8644180297852,18.3069515228271,33.6889190673828,47.0061950683594,,,,,,679.557067871094,197.277725219727,124.107093811035,17.251636505127,368.955993652344,82.844482421875,90.4404830932617,409.959320068359,93.1126403808594,97.1347885131836,17160,6387,6937.06103515625,2581.99365234375,9,406,164.128601074219,3.63831877708435,227,144,,,0.582131028175354,0.91766482591629,0.834994196891785,0.980830073356628,55,0,22.2341709136963,0,2.56703591346741,17.8277245070074,548.040944629229,221.304565458415,,,,630.437322296313,254.577069517939,,,32148,346.863476467725
2019,BA,29005,Cruz das Almas,93.1879779396478,100,93.1879779396478,60.0630914826498,80.5362776025237,85.4258675078864,83.7539432176656,82.5236593059937,91.6719242902208,76.7192429022082,55.7097791798107,82.9337539432177,69.0865707397461,1.22699391841888,27.0279483795166,71.6087265014648,,,,,,660.295104980469,232.046569824219,112.438827514648,7.25714302062988,376.558959960938,101.43822479248,89.1245651245117,421.932586669922,115.486259460449,95.9345169067383,16463,2211,6211.67919921875,834.235717773438,9,325,122.626235961914,3.39580345153809,249,219,,,0.826312184333801,0.939505636692047,0.951956927776337,0.937147438526154,20,0,7.54623031616211,0,3.0173602104187,17.5625213408265,559.420130336008,193.439498614613,,,,643.527335802052,222.522570125564,,,40281,401.994023226667
2019,BA,29007,Guanambi,93.9947746226116,100,89.901122488476,89.0994405341996,88.4677855982675,91.5358238585093,90.9402634903447,87.4932322685436,98.9352102508573,82.5302292005053,87.8722252301029,92.3118570655116,72.1775665283203,1.38838148117065,19.0902442932129,79.3569564819336,,,,,,603.643371582031,146.470672607422,95.38134765625,11.2967672348022,293.474212646484,48.6454200744629,64.1320571899414,324.181732177734,54.4678039550781,68.783935546875,26354,5324,5778.57470703125,1167.38000488281,20,870,190.7626953125,4.38534927368164,491,398,,,0.87268453836441,1.07660329341888,1.00945258140564,1.10850667953491,74,0,16.2257919311523,0,1.71050548553467,21.0316697853278,619.761421870052,277.122033366762,,,,712.940766735319,318.786532971998,,,61265,376.474963895413
2019,BA,29014,Jacobina,95.1818181818182,97.9831460674157,93.1532175689479,85.3577981651376,80.6422018348624,83.9266055045872,84.5137614678899,78.5137614678899,89.302752293578,71.7614678899083,81.7981651376147,80.7522935779816,66.1091918945312,2.05690121650696,24.9134941101074,72.7604751586914,,,,,,660.170349121094,183.777145385742,112.407379150391,13.706563949585,360.797393798828,78.1448669433594,80.8500442504883,400.495788574219,88.9693832397461,86.997184753418,29477,5548,7513.4521484375,1414.14086914062,0,782,199.325561523438,0,332,232,,,0.591349482536316,0.846241474151611,0.887087941169739,0.908180236816406,91,13,23.1951732635498,3.31359624862671,2.38527941703796,19.5310907603371,597.08551721144,251.249740526047,,,,686.855605117891,289.024415414885,,,62661,432.180064462038
2019,BA,29027,Valença,89.789228976025,99.7540038766928,86.1176402403292,87.4045801526718,69.0203562340967,74.2154368108567,77.2688719253605,71.0347752332485,81.234096692112,64.8854961832061,81.4885496183206,71.5860899067006,61.7935028076172,2.13618159294128,37.9172210693359,59.323543548584,,,,,,582.986633300781,175.312652587891,87.1755752563477,18.5816383361816,391.161865234375,99.1631774902344,75.9551010131836,434.609222412109,111.009078979492,80.9152450561523,18425,4542,5905.18359375,1455.70385742188,0,311,99.6750183105469,0,231,171,,,0.548052310943604,0.740351378917694,0.76703292131424,0.783618688583374,13,0,4.16647958755493,0,1.83934056758881,18.9352854086997,474.510265701572,232.683817125709,,,,545.851517560238,267.667158901166,,,40965,365.935604148794
2019,BA,29004,Camaçari,82.0587582232177,80.0991243154409,67.5158791772487,60.8512056895211,71.807978664296,74.6082898099789,76.2195799533282,71.3079231025669,77.2752528058673,59.6288476497389,54.6505167240805,68.7187465273919,56.7050247192383,5.63974046707153,32.5395927429199,57.8101844787598,,,,,,508.669067382812,119.546012878418,80.1229629516602,10.4800748825073,399.086853027344,81.5740509033203,73.713752746582,444.571655273438,91.9810485839844,79.4809951782227,29660,3747,4733.9580078125,598.049255371094,8,555,88.582160949707,1.276859998703,552,771,,,1.23057377338409,0.881033360958099,1.35730218887329,0.888574838638306,232,10,37.028938293457,1.59607493877411,17.1507835388184,21.5730764938037,777.621613574002,563.811858305389,,,,894.534783624606,648.579347423452,,,65503,251.477878587512
2019,BA,29016,Juazeiro,94.1932989447677,99.7685844421603,91.0247729694558,62.9280821917808,51.048801369863,52.4721746575342,53.3497431506849,50.2568493150685,58.0479452054795,45.558647260274,57.8981164383562,50.5029965753425,60.8766403198242,1.47553431987762,37.3440399169922,61.0827827453613,,,,,,583.6630859375,125.700500488281,114.63134765625,16.875602722168,366.347381591797,63.8038139343262,90.9427185058594,406.567626953125,72.3484573364258,97.5776901245117,29435,4913,5522.37939453125,921.741149902344,31,730,136.957260131836,5.815993309021,481,647,,,1.21385407447815,0.902417004108429,1.04420530796051,0.94040858745575,186,8,34.8959579467773,1.50090146064758,7.20376443862915,20.7846004142509,645.858556019728,250.071577661892,,,,742.961529844653,287.669119157214,,,83604,461.944179888491
2019,BA,29020,Salvador,48.8092258074061,34.1720000591777,39.4121876525676,77.1780705482363,71.3627992633517,74.5573027340983,75.1782594324031,69.5117344288615,82.9650092081031,59.4489304434056,75.3057562449828,75.674080370213,61.4256401062012,3.20368432998657,33.3984069824219,62.5168952941895,,,,,,589.745239257812,130.093887329102,102.804756164551,7.36973333358765,349.804077148438,60.4348602294922,77.036247253418,392.451477050781,69.5234985351562,82.9512710571289,182392,26591,5363.49072265625,781.945434570312,655,6733,197.993255615234,19.2611885070801,6828,9679,,,2.84624481201172,2.00786852836609,3.44892168045044,2.15827488899231,3435,664,101.010963439941,19.5258445739746,26.2570858001709,19.0101551192172,605.579313414111,318.695773772432,,,,696.6264191175,366.610765515289,,,216397,152.734770576595
2019,CE,23019,19ª Região Brejo Santo,100,100,100,98.5294117647059,100,100,100,100,100,90,84.8039215686274,99.1830065359477,70.9828414916992,1.21684873104095,19.0639629364014,79.531982421875,,,,,,643.830444335938,191.946563720703,120.718200683594,4.02298831939697,306.178833007812,55.7725715637207,80.0713958740234,339.806457519531,64.1128921508789,86.2811508178711,17194,5601,7952.6005859375,2590.5849609375,8,545,252.074417114258,3.7001748085022,190,184,,,0.851040184497833,0.878791511058807,1.00401937961578,0.913249373435974,39,2,18.0383529663086,0.925043702125549,2.4490532875061,22.7366912073381,702.402511388808,256.757178826338,,,,808.006706056882,295.359881202202,,,32134,397.664686983845
2019,CE,23003,3ª Região Maracanaú,100,78.2398950955314,98.9500318591916,87.0731999520786,81.694021804241,82.7482927998083,85.8152629687313,78.4952677608722,82.5206661075836,62.1061459206901,84.7849526776087,71.8581526296873,72.5564346313477,1.46554780006409,19.4066886901855,78.7968292236328,,,,,,554.488342285156,134.776565551758,111.520286560059,1.88243067264557,351.793426513672,67.5276565551758,91.2322692871094,392.560424804688,76.177604675293,98.5083847045898,29285,4462,5362.67919921875,817.082946777344,0,485,88.813362121582,0,389,323,,,0.591478705406189,0.712338089942932,0.931807816028595,0.823492169380188,70,10,12.8184232711792,1.83120334148407,12.6697292327881,21.4556159261591,731.464542877353,290.427163924405,,,,841.438130281079,334.092051590207,,,51570,229.895050529926
2019,CE,23012,12ª Região Acaraú,95.8119010940233,100,95.8119010940233,100,100,100,100,100,100,84.7749932632714,100,100,79.5328979492188,0.678051233291626,14.4902057647705,84.8066329956055,,,,,,564.776611328125,141.625930786133,107.083023071289,2.37003064155579,336.196380615234,58.181526184082,84.2733001708984,376.153656005859,66.6621322631836,90.9356460571289,11709,2123,5055.78662109375,916.682495117188,0,261,112.696243286133,0,190,128,,,0.55268657207489,0.820394158363342,0.641742527484894,0.8424152135849,3,0,1.29535913467407,0,1.22540974617004,22.2884664999351,596.476848960373,278.909049844643,,,,686.15542534824,320.842222230722,,,33548,425.234791333595
2019,CE,23018,18ª Região Iguatú,98.9737774100893,100,98.9737774100893,100,100,100,100,100,100,90.5879105713497,98.040298095501,99.0063483301132,82.1360778808594,0.460829496383667,16.210355758667,83.3288116455078,,,,,,727.635925292969,201.31364440918,135.446044921875,4.33489179611206,326.331726074219,64.9926986694336,85.939811706543,365.529693603516,74.3198699951172,93.7697677612305,16643,3604,5146.640625,1114.49206542969,0,503,155.546478271484,0,292,201,,,0.621567487716675,0.902973651885986,0.90683913230896,0.987936675548553,55,6,17.0080642700195,1.85542523860931,2.94146752357483,22.5718169340321,604.056680269074,237.115557714176,,,,694.87486246429,272.765198923696,,,40640,360.339298594898
2019,CE,23014,14ª Região Tauá,99.1864689624003,97.6871729796443,99.1864689624003,86.6035182679296,88.6332882273342,89.3098782138024,89.5805142083897,86.468200270636,95.3315290933694,80.5818673883627,79.4316644113667,80.8525033829499,71.1051940917969,0.998668432235718,18.9747009277344,79.9600524902344,,,,,,691.927795410156,211.037979125977,138.385559082031,2.75,306.135559082031,60.2384262084961,93.5471420288086,338.296936035156,67.9543228149414,101.371681213379,14115,2321,12208.201171875,2007.45556640625,0,215,185.955596923828,0,118,65,,,0.562191307544708,1.02059352397919,0.832043170928955,1.1220041513443,6,0,5.18945837020874,0,1.51878154277802,20.3664887683401,636.050449962626,215.704134841031,,,,731.678803289211,248.134630286472,,,11925,259.135162369121
2019,CE,23011,11ª Região Sobral,96.9182146920139,99.731985202997,96.9182146920139,100,89.2228571428571,89.3485714285714,92.8685714285714,87.6,100,74.8342857142857,96.4342857142857,84.7771428571429,83.5854263305664,1.13975286483765,13.197699546814,85.6199417114258,,,,,,641.291320800781,178.051193237305,127.245208740234,3.11153650283813,331.954620361328,65.9978713989258,89.590950012207,371.743499755859,75.5330123901367,97.6051177978516,35833,6053,5500.09375,929.089599609375,130,1356,208.135711669922,19.9540138244629,818,590,,,0.905605256557465,1.25556790828705,1.35077166557312,1.3102879524231,164,14,25.1727561950684,2.1488938331604,4.42441892623901,21.2727540053001,782.890675224872,282.809800613001,,,,900.596033519787,325.32943964294,,,77819,315.012666855815
2019,CE,23020,20ª Região Crato,99.8768954646909,92.6447916426977,99.8768954646909,100,98.5821189444663,99.6849153209925,100,95.116187475384,100,83.8912957857424,100,89.4643560456873,78.4994430541992,0.615901470184326,20.7726764678955,78.3501281738281,,,,,,677.967102050781,173.573318481445,134.333145141602,7.68905782699585,341.143432617188,58.895866394043,90.8116683959961,378.753723144531,66.8062362670898,97.3000106811523,23239,3990,6656.2216796875,1142.83422851562,41,626,179.301818847656,11.7434091567993,280,247,,,0.707468807697296,0.801988959312439,0.820320129394531,0.821322619915009,221,4,63.2998390197754,1.14569842815399,5.78978729248047,21.4867597887468,750.058194994132,238.177479981132,,,,862.827284443899,273.986778145152,,,47518,391.609359500631
2019,CE,23010,10ª Região Limoeiro do Norte,99.8629805044608,99.0188346734222,99.674854058817,100,100,100,100,100,100,77.7818181818182,87.8545454545455,98.1818181818182,80.8424911499023,0.659340679645538,14.0659341812134,85.0549468994141,,,,,,686.211181640625,180.234832763672,141.550277709961,3.52338242530823,327.493408203125,54.9321403503418,90.4887924194336,364.829650878906,62.7803916931152,97.7134475708008,15920,3076,6998.38671875,1352.20080566406,0,542,238.261657714844,0,235,159,,,0.698959469795227,1.03305327892303,0.968212723731995,1.04745006561279,25,0,10.9899291992188,0,4.57224988937378,23.3588437780475,739.968904857363,317.544814186584,,,,851.221098592222,365.286762470473,,,26885,289.654563853405
2019,CE,23006,6ª Região Itapipoca,100,98.6058029467722,100,91.7710583153348,100,100,100,100,100,99.9136069114471,81.4254859611231,100,46.5433921813965,2.08026885986328,29.0187015533447,68.8800201416016,,,,,,563.076538085938,172.38395690918,145.09538269043,1.59574472904205,329.374786376953,75.5062789916992,107.02214050293,367.354736328125,85.3877944946289,116.992866516113,16048,1929,5340.57470703125,641.947204589844,0,240,79.8690185546875,0,246,142,,,0.472558349370956,0.818657398223877,0.706507980823517,0.895697712898254,14,0,4.6590256690979,0,1.80836760997772,23.9630770403693,561.937819247637,227.920515567695,,,,646.4235519906,262.187708672213,,,49919,489.558466824608
2019,CE,23002,2ª Região Caucaia,83.5789561605418,82.1953299805483,83.0970803142473,77.4685720425486,82.2284302138176,85.6452132803266,88.288385086494,80.4233372730203,99.1189427312775,61.5128397980015,69.9580960567315,79.5852584076502,67.4964828491211,2.45697593688965,24.8078804016113,72.5727920532227,,,,,,566.610900878906,133.499771118164,116.631561279297,3.43067765235901,347.266723632812,62.0475387573242,90.1643218994141,388.611877441406,70.4245758056641,98.651611328125,30525,4825,4903.8271484375,775.134033203125,0,404,64.9024124145508,0,390,391,,,0.628139674663544,0.626533210277557,0.723846673965454,0.702399969100952,64,0,10.2815704345703,0,9.77359676361084,26.3306087868776,584.642840449301,311.346622596443,,,,672.542207739473,358.156690625546,,,62882,262.247628949837
2019,CE,23001,1ª Região Fortaleza,63.6270215202571,47.7271306418567,57.1553860318669,65.8526750837933,95.647791134296,99.4228976084272,98.8684760968726,94.6069907512411,100,84.5492805120839,55.5656359466747,96.9758826642474,63.0825042724609,4.26051998138428,27.3582668304443,68.0290145874023,,,,,,578.837707519531,125.369079589844,118.224235534668,1.84239327907562,323.124176025391,54.1000137329102,86.3678207397461,362.854217529297,62.1167182922363,93.9413223266602,151433,30824,5329.875,1084.88952636719,440,5703,200.724273681641,15.4863538742065,4759,7009,,,2.46690583229065,1.67498993873596,2.62214779853821,1.99884831905365,3250,448,114.387840270996,15.7679243087769,33.3561973571777,26.0403264865981,873.308440317731,427.596192139266,,,,1004.60784919119,491.884048150372,,,216292,194.591888104337
2019,CE,23007,7ª Região Aracati,100,93.5263318422123,95.6926935068456,100,86.9170984455959,88.2124352331606,93.0699481865285,87.1113989637306,90.5440414507772,67.4222797927461,100,74.6113989637306,73.0199584960938,1.28782999515533,20.6052799224854,77.6561508178711,,,,,,544.667785644531,175.101867675781,115.331512451172,1.23647606372833,275.034973144531,62.1052742004395,79.2044906616211,307.403991699219,70.5739822387695,86.4052886962891,5750,771,4840.55615234375,649.055480957031,0,141,118.698860168457,0,188,131,,,1.10280501842499,1.58265149593353,1.08281135559082,1.60117185115814,14,0,11.7857027053833,0,4.01892423629761,19.5520809305576,834.716653534635,283.645527060458,,,,960.213898409605,326.29081515488,,,12287,262.959872898786
2019,CE,23004,4ª Região Baturité,100,99.6095398147817,100,89.0263582571275,100,100,100,100,100,93.7600860677784,67.0790747713825,97.5255513717052,71.56298828125,1.51594352722168,22.477783203125,75.7971801757812,,,,,,651.417114257812,173.711227416992,134.55500793457,3.06010937690735,356.406066894531,69.2708206176758,100.910430908203,393.566772460938,77.6510162353516,107.98486328125,8587,1893,6113.353515625,1347.68591308594,0,199,141.67431640625,0,155,113,,,0.804482340812683,1.10349345207214,1.01058638095856,1.08605110645294,14,0,9.96703720092773,0,1.35978865623474,25.7278092404468,808.609572870252,338.817993520101,,,,930.181693355724,389.758303050027,,,23165,456.60518914111
2019,CE,23015,15ª Região Crateús,94.4505409944663,98.3833733698234,94.4505409944663,100,100,100,100,97.5777594274704,100,77.2089182493807,100,87.1456096889623,78.4248352050781,1.05182147026062,20.9594669342041,77.8091354370117,,,,,,780.223205566406,190.469207763672,167.786361694336,4.23257780075073,343.354644775391,59.6099891662598,100.197105407715,383.612915039062,68.1701965332031,109.290031433105,20420,4540,6811.525390625,1514.41357421875,0,439,146.437789916992,0,252,165,,,0.550392627716064,0.840599656105042,0.679401338100433,0.985703110694885,41,10,13.6764221191406,3.33571290969849,2.00976705551147,22.9980790732285,633.393513185276,252.510537347688,,,,728.622403719365,290.474769407566,,,43282,408.523182618255
2019,CE,23017,17ª Região Icó,96.6001991708932,100,96.6001991708932,100,91.8918918918919,90.1849217638691,94.1678520625889,89.1417733522997,89.805595068753,74.8221906116643,100,80.0379326695116,79.502815246582,0.750469028949738,15.4784240722656,83.771110534668,,,,,,724.880615234375,248.563537597656,152.6064453125,2.87081336975098,312.706268310547,74.1001205444336,94.0986328125,349.555328369141,84.1782379150391,102.973327636719,11016,3544,6367.85107421875,2048.6259765625,0,250,144.513687133789,0,138,87,,,0.502907633781433,0.797715544700623,0.675312459468842,0.822138369083405,8,0,4.62443780899048,0,1.60641407966614,25.7887015690539,693.712564209454,271.674667083536,,,,798.01025034616,312.520170856504,,,28538,511.015624863021
2019,CE,23008,8ª Região Quixadá,93.4453828066331,100,93.4453828066331,72.1802791123313,91.8554106611759,94.2804850148707,94.1203385952871,90.0022878059941,95.4930221917181,79.158087394189,70.2127659574468,82.3610157858614,37.7905693054199,0.642019033432007,19.8804512023926,79.2782821655273,,,,,,659.443603515625,163.48323059082,136.542175292969,4.87465190887451,331.675628662109,57.9480323791504,88.1300582885742,370.342926025391,66.194450378418,95.3141784667969,21837,4468,6685.3623046875,1367.87097167969,10,615,188.28125,3.06148386001587,372,165,,,0.505144834518433,1.13887190818787,0.950514197349548,1.32064759731293,67,40,20.51194190979,12.2459354400635,2.07109379768372,23.6064159055942,662.847835686762,231.398242407268,,,,762.5050987805,266.188301726263,,,45295,371.771798845567
2019,CE,23021,21ª Região Juazeiro do Norte,87.7761134201143,100,85.5890068004248,96.2139068945197,91.6470241602829,92.2804949911609,95.8750736593989,89.8939304655274,94.3724219210371,80.9516794342958,89.4814378314673,85.8721272834414,79.6091384887695,0.273027747869492,24.8167839050293,74.8814468383789,,,,,,676.349182128906,171.18342590332,152.551208496094,2.75482082366943,387.44775390625,71.8839492797852,115.029411315918,430.426483154297,81.3134613037109,124.099517822266,26915,4675,6268.57421875,1088.81970214844,101,1034,240.821304321289,23.5231647491455,497,773,,,1.80033719539642,1.15752601623535,1.52428948879242,1.06803321838379,205,14,47.7450370788574,3.26063656806946,10.8187923431396,16.8426126933483,799.161430058299,163.670618648776,,,,919.313049482646,188.278024791238,,,41910,243.148917157946
2019,CE,23016,16ª Região Camocim,97.2749116428081,99.5340588369905,97.2749116428081,100,92.8510638297872,98.7659574468085,100,93.4042553191489,100,74.0425531914894,100,92.2553191489362,71.528923034668,0.578512370586395,27.3553714752197,72.0247955322266,,,,,,606.106689453125,215.560958862305,126.800567626953,2.30125522613525,351.875640869141,95.7965469360352,95.4959259033203,393.635101318359,108.389633178711,103.645294189453,8479,2078,5375.7099609375,1317.45788574219,0,193,122.362548828125,0,116,97,,,0.614982783794403,0.735443294048309,0.719593226909637,0.762705445289612,1,0,0.634002864360809,0,1.19572937488556,19.1724280063603,553.490485773856,203.920554934018,,,,636.706186257357,234.57942307715,,,21233,386.660921649872
2019,CE,23022,22ª Região Cascavel,97.2267039164077,90.0990310390787,96.7170615810197,68.5265911072363,87.8160418482999,88.1647776809067,92.7855274629468,86.8134263295554,91.9572798605057,65.12641673932,60.1133391455972,81.0810810810811,72.1994247436523,1.43619203567505,20.2092742919922,78.1083297729492,,,,,,630.073303222656,154.500732421875,132.774078369141,2.68199229240417,363.210815429688,61.3562774658203,104.315055847168,406.652740478516,70.5331039428711,113.116775512695,16196,2754,4887.29296875,831.044982910156,0,245,73.9310150146484,0,247,189,,,0.570325016975403,0.7453453540802,0.771749317646027,0.812788546085358,6,0,1.81055557727814,0,4.91897773742676,27.1971394294351,676.597164607459,298.56956017043,,,,778.321599706357,343.458633661721,,,41398,313.610555365503
2019,CE,23005,5ª Região Canindé,78.1494847350342,97.2977536763287,76.2244779806245,100,100,100,100,100,100,96.5477560414269,84.3498273878021,99.6931338703491,55.8060874938965,1.16497552394867,29.42502784729,69.2220993041992,,,,,,601.219787597656,167.647827148438,108.874732971191,4.00641012191772,303.111022949219,55.9921035766602,79.7962188720703,336.302551269531,63.0837593078613,86.5594711303711,11621,1804,5598.37744140625,869.070922851562,0,259,124.77237701416,0,165,97,,,0.467294216156006,0.794881939888,0.548709392547607,0.832578599452972,4,0,1.92698645591736,0,1.45294785499573,25.2904518009553,550.854419072523,239.759932069937,,,,633.67379451935,275.807147348048,,,33352,500.757387681107
2019,CE,23013,13ª Região Tianguá,92.51976069787,97.823094104712,92.51976069787,91.1851126346719,100,100,100,100,100,86.0920666013712,89.5984329089128,97.6297747306562,77.522346496582,0.821018040180206,15.3074254989624,83.8168182373047,,,,,,638.016723632812,213.503387451172,115.946365356445,1.80752325057983,360.117645263672,88.707893371582,87.1396560668945,400.7685546875,101.099464416504,94.1012496948242,20106,3778,6266.7138671875,1177.54125976562,0,431,134.335708618164,0,262,160,,,0.498694032430649,0.816611528396606,0.680639445781708,0.872247040271759,14,0,4.36357307434082,0,1.7095855474472,22.7353221248679,595.772395289566,221.420694278612,,,,685.345059096854,254.710657971802,,,46060,416.813527334135
2019,CE,23009,9ª Região Russas,99.5089085192394,99.7958776263912,99.5089085192394,92.8747940691927,100,100,100,100,100,88.0148270181219,93.9456342668863,100,77.6582565307617,0.661977648735046,13.6119155883789,85.6433563232422,,,,,,680.947875976562,172.844528198242,119.203125,2.55288100242615,337.116943359375,60.4866561889648,79.5156097412109,377.079162597656,68.8098220825195,85.5766448974609,14243,3668,7074.208984375,1821.82116699219,0,356,176.817977905273,0,156,84,,,0.417210936546326,0.774820327758789,0.862235963344574,0.840630412101746,88,0,43.7078132629395,0,2.85839176177979,21.0080077870666,653.425087238609,210.246992264311,,,,751.665667240682,241.857022039912,,,26976,337.739005097136
2019,DF,53001,Distrito Federal,53.3629743876952,13.8013778182225,43.1438029275528,93.2417878298331,85.3841321127266,85.6892837910608,88.0631843475139,84.3183450008975,85.7094776521271,69.9470472087596,100,87.3182552504039,70.2182846069336,1.28471076488495,22.1111679077148,75.6800689697266,,,,,,424.638885498047,97.5037689208984,82.7123794555664,2.07747578620911,260.524780273438,47.8997497558594,63.6403274536133,293.010864257812,55.0390319824219,69.2736587524414,182433,30933,6050.30810546875,1025.87890625,344,4342,144.000473022461,11.4086046218872,5965,10199,,,3.38245224952698,1.97826528549194,3.88373446464539,1.9808189868927,3472,929,115.147308349609,30.8098640441895,29.6326236724854,,,,,,,,,,,66683,57.2739054320931
2019,ES,32002,Metropolitana,61.8261481182094,39.4321487967868,44.1603821661217,90.1383929888755,87.3823364513559,89.6603617693057,91.3275694178052,85.6472601729175,93.1983829561214,65.7204402608516,83.6584142347074,92.8914987163976,71.1037673950195,1.39494609832764,27.4082870483398,71.0909423828125,,,,,,589.07861328125,149.237411499023,122.778450012207,0.437834978103638,322.065765380859,65.5040130615234,82.3056106567383,361.073608398438,75.1187591552734,89.6959686279297,123073,18444,5472.91259765625,820.183166503906,309,3216,143.011764526367,13.7408695220947,3255,6102,,,2.71348810195923,1.44746053218842,2.43379044532776,1.53560888767242,2111,498,93.8737030029297,22.1454792022705,35.2215385437012,20.1455131440648,538.252690288909,371.094269310505,,,,619.177432106099,426.887223949844,,,82418,100.119013499834
2019,ES,32003,Norte,90.6313373454713,89.1775429679349,85.114842956916,,,,,,,,,,79.662712097168,0.300550997257233,21.3558197021484,78.2935409545898,,,,,,629.893432617188,182.32536315918,130.298751831055,1.21681416034698,363.350921630859,79.6433486938477,95.6198272705078,405.072723388672,89.5835266113281,103.89176940918,34672,8232,8052.97412109375,1911.9775390625,10,550,127.743881225586,2.32261610031128,372,517,,,1.20079243183136,0.864013135433197,1.17959856987,0.919117212295532,208,58,48.3104133605957,13.471173286438,12.9223384857178,20.2382068734668,587.871456115384,324.505499450226,,,,676.256236472539,373.293966716729,,,27947,164.031667154574
2019,ES,32001,Central,85.8167060330065,94.2569565070875,82.7440636478658,,,,,,,,,,80.6070861816406,0.404721766710281,20.5958404541016,78.9095001220703,,,,,,578.891357421875,150.166946411133,114.628952026367,1.41065835952759,315.169281005859,62.3464775085449,79.5298080444336,351.599334716797,70.6230697631836,86.3962020874023,39471,6247,5969.02294921875,944.705871582031,88,836,126.424545288086,13.3078470230103,710,1217,,,1.84041476249695,1.07370126247406,1.70174098014832,1.15627038478851,490,60,74.1005096435547,9.07353210449219,23.5869483947754,22.6762523853696,815.385392637116,440.389330174836,,,,937.976238110175,506.600597645351,,,26021,87.9834626470933
2019,ES,32004,Sul,97.2474163447922,90.2937395533045,93.2583002057424,99.2650334075724,97.1492204899777,98.5077951002227,99.1314031180401,95.7572383073497,99.6547884187082,73.2516703786192,89.4654788418708,94.6436525612472,75.5899276733398,0.191938579082489,34.7860450744629,65.0220184326172,,,,,,681.197082519531,191.425384521484,152.491409301758,1.29898250102997,323.875335693359,74.4361343383789,94.9616317749023,361.924530029297,83.9517822265625,103.398590087891,52721,10426,7775.14453125,1537.59704589844,86,1109,163.552200317383,12.6830377578735,821,1146,,,1.69008851051331,1.21078765392303,1.58755505084991,1.27811098098755,520,63,76.6881332397461,9.2910623550415,16.2739601135254,21.0597339752438,842.732764993513,403.346764708502,,,,969.435209139924,463.988789143743,,,31642,109.642834483298
2019,GO,52001,Central,66.9448168907709,45.6693214075077,55.1941942218017,82.3211329777451,75.5563729998161,76.7371712341365,77.8480779841825,72.5326466801545,79.2606216663601,59.8859665256575,85.7752437005702,73.4338789773772,72.7077178955078,1.46404039859772,24.6321029663086,72.224739074707,,,,,,613.688903808594,144.27734375,121.199241638184,1.28762686252594,345.649475097656,61.208553314209,88.6550674438477,386.938995361328,70.1973114013672,95.8242568969727,104259,15120,5456.0068359375,791.248962402344,509,3917,204.981628417969,26.6366214752197,2641,5950,,,3.11371111869812,1.38206911087036,3.34494996070862,1.45980727672577,3564,475,186.508682250977,24.8573589324951,30.5255165100098,19.4677357631141,847.185179958757,382.787827675567,,,,974.557031872238,440.338875137645,,,44565,51.7284648904877
2019,GO,52011,Pirineus,82.6378630618809,73.2826442687517,73.3348603462566,92.36276849642,80.6682577565632,81.8992588870745,85.4038437382238,78.0429594272076,85.064690365532,59.2513503328728,88.2426830800151,84.3486999120714,73.6036071777344,0.579150557518005,34.3886756896973,64.8777313232422,,,,,,676.365905761719,179.009841918945,137.419769287109,1.30348539352417,390.001342773438,81.4433822631836,103.376281738281,436.111907958984,92.4962310791016,110.768310546875,29672,4359,5686.9169921875,835.443176269531,81,696,133.394912719727,15.5244083404541,555,1003,,,1.92234349250793,1.06370949745178,1.78482782840729,1.04094994068146,461,44,88.3549652099609,8.43301200866699,15.8055734634399,21.0883260598291,832.176368614449,368.72278703799,,,,957.29168896769,424.159196147525,,,17997,75.1383856145293
2019,GO,52015,Sudoeste I,65.0958309497504,53.1153246549082,57.248566575108,94.3429772102796,94.4399547438177,95.7168256020689,97.2846290609342,92.4842411508001,96.1047357362211,78.9235493777275,91.1750444480362,93.0822692742848,79.4122314453125,0.460683077573776,27.2120723724365,72.2478179931641,,,,,,553.395629882812,148.529495239258,117.880554199219,0.852052688598633,342.657562255859,78.1712417602539,94.7669830322266,383.287506103516,88.3348617553711,102.70760345459,25273,5149,5416.71826171875,1103.57629394531,38,715,153.244720458984,8.14447402954102,416,467,,,1.00091302394867,0.891605615615845,1.56615030765533,1.02234590053558,370,51,79.3014602661133,10.9307422637939,22.0948867797852,21.6638760906337,703.001144272632,529.565556142657,,,,808.695341670727,609.184212359904,,,13845,68.9874983124748
2019,GO,52010,Oeste II,100,99.9391923000078,96.3836792133221,85.0582590815627,92.1178889650446,95.0651130911583,95.5448937628513,88.6908841672378,95.5448937628513,77.039067854695,80.4660726525017,92.8032899246059,84.2599258422852,0.361010819673538,14.8736457824707,84.4765319824219,,,,,,730.304626464844,220.729614257812,142.267135620117,0.354191273450851,344.728546142578,70.2790222167969,89.8754653930664,383.439361572266,80.6525726318359,97.7119598388672,7266,1654,6264.92724609375,1426.12023925781,0,186,160.37385559082,0,98,106,,,0.913958549499512,0.844980537891388,1.21077954769135,0.925383031368256,96,9,82.7736053466797,7.76002550125122,8.04973316192627,19.7061490120161,880.757203975086,510.877414977805,,,,1013.17651301199,587.686362992763,,,4596,86.2105912017541
2019,GO,52003,Entorno Norte,89.0395782540047,84.4347390277082,85.6481254686799,83.9369302783937,80.9312638580931,84.6760285784676,85.7107661985711,79.7979797979798,87.4353288987435,57.6250307957625,53.9049026853905,78.1473269278147,71.573600769043,0.961795330047607,28.6401290893555,70.2110595703125,,,,,,472.293579101562,107.305702209473,92.4536972045898,8.176100730896,344.054504394531,68.5593719482422,77.4114532470703,386.555877685547,78.4128341674805,84.0325775146484,15813,2935,5871.36669921875,1089.76550292969,0,223,82.7998962402344,0,209,285,,,1.05820500850677,0.776017010211945,0.917110979557037,0.777502179145813,88,0,32.6744003295898,0,5.38162231445312,21.256168852918,543.663521420793,249.246947767859,,,,625.401766115467,286.720508533547,,,17191,153.77627028664
2019,GO,52017,Sul,84.077869096895,86.6365273818186,82.885021411616,88.9677610174505,89.5593019816622,87.488908606921,91.5409642117717,83.6734693877551,91.8367346938775,67.7314404022479,84.0579710144928,89.1156462585034,75.8535842895508,1.29191017150879,26.6687164306641,71.7317733764648,,,,,,714.744689941406,222.347503662109,146.260498046875,0.992829561233521,354.783416748047,87.8241882324219,94.858757019043,396.060546875,99.3113174438477,102.877265930176,16755,3621,6605.37646484375,1427.51831054688,10,417,164.395233154297,3.94233155250549,216,365,,,1.43895101547241,0.851543605327606,1.76784002780914,0.913142561912537,245,9,96.5871200561523,3.54809832572937,19.4183483123779,19.2135231589866,753.629262024899,437.475783800333,,,,866.935251118068,503.249007964456,,,8562,75.637460282205
2019,GO,52004,Entorno Sul,62.2212827135006,52.1945814769002,54.1650452665021,79.312257348863,84.2563980667142,88.4795182632121,86.69677521591,84.7714127248237,95.4837176135013,57.3884795182632,34.8229141906347,88.7885270580778,59.5398330688477,1.93300986289978,39.5680084228516,57.7633438110352,,,,,,397.355651855469,102.855331420898,82.1963577270508,3.42920351028442,353.479675292969,88.6697998046875,86.1979293823242,395.392883300781,100.300888061523,93.5500946044922,45453,6043,4994.74755859375,664.054260253906,0,209,22.9666290283203,0,517,680,,,0.747239589691162,0.56812185049057,0.588066577911377,0.523397386074066,218,5,23.955623626709,0.549440860748291,7.10416078567505,17.9719965845311,382.701647862163,163.254300502737,,,,440.239738437493,187.799114410938,,,56090,152.999458664652
2019,GO,52014,Serra da Mesa,98.0994755830535,94.1449198569347,94.4846609991195,91.1138923654568,89.0488110137672,92.1151439299124,92.0525657071339,88.6107634543179,96.558197747184,73.279098873592,87.4843554443054,87.0463078848561,83.1696166992188,0.327439427375793,18.5985584259033,81.0739974975586,,,,,,610.936462402344,174.995742797852,119.244888305664,1.39416980743408,339.630645751953,74.4043350219727,82.4837036132812,380.75048828125,85.0376358032227,89.0005798339844,6492,1430,5026.86865234375,1107.27392578125,0,215,166.478256225586,0,109,89,,,0.689142525196075,0.84400600194931,0.967316091060638,0.839747250080109,150,0,116.147613525391,0,7.74859476089478,18.1743388689858,765.081450211559,385.756326587861,,,,880.10924281629,443.753679312126,,,6164,103.728698676792
2019,GO,52007,Nordeste II,94.4355172380613,97.0363813061091,91.5488756531027,95.4031650339111,92.0120572720422,95.4031650339111,95.0263752825923,92.0120572720422,96.1567445365486,68.8771665410701,87.4152223059533,90.5802562170309,74.3233871459961,1.17973625659943,26.3705768585205,72.3802947998047,,,,,,496.100708007812,132.356994628906,91.4120330810547,3.83877158164978,335.421264648438,66.3241271972656,71.9468078613281,373.503295898438,74.480224609375,78.1236724853516,6066,1375,5776.09765625,1309.28686523438,0,171,162.827682495117,0,83,53,,,0.504670560359955,0.790333151817322,0.674163699150085,0.870080649852753,16,0,15.2353382110596,0,3.08706045150757,22.3967351766163,722.295099156138,415.491202478663,,,,830.890087104378,477.959108156667,,,10705,264.395683915605
2019,GO,52012,Rio Vermelho,94.2715902861942,96.499891878844,94.2715902861942,89.343339587242,91.4071294559099,90.093808630394,94.4090056285178,88.2926829268293,95.234521575985,64.0900562851782,84.4277673545966,88.5178236397749,77.7008819580078,0.768935024738312,21.337947845459,77.0088424682617,,,,,,736.079956054688,213.247436523438,149.524078369141,1.70415818691254,388.381713867188,81.4604187011719,94.9191741943359,434.288757324219,93.4740829467773,102.613105773926,13949,3739,6999.03173828125,1876.07568359375,10,433,217.261505126953,5.01758670806885,155,132,,,0.662321448326111,0.7777259349823,0.976046025753021,0.847219526767731,150,0,75.263801574707,0,4.48923492431641,21.2366227482424,813.962858220477,459.764858310997,,,,936.339829740894,528.889180635263,,,13207,151.478884395705
2019,GO,52009,Oeste I,96.5178446220726,99.8352264759501,96.5178446220726,100,94.289897510981,96.4128843338214,97.510980966325,90.7027818448023,93.0453879941435,75.3294289897511,93.5578330893119,89.311859443631,83.1168823242188,0.0721500739455223,20.274169921875,79.5093765258789,,,,,,856.179443359375,281.002471923828,174.748413085938,1.53846156597137,361.062683105469,89.8380432128906,101.063125610352,403.138610839844,101.896965026855,108.948219299316,6468,1626,5679.7626953125,1427.84387207031,0,276,242.364639282227,0,115,110,,,0.965946018695831,1.00985264778137,1.18394243717194,1.07154142856598,64,0,56.200496673584,0,4.45915794372559,21.1755570673338,875.95480481349,512.637401311177,,,,1007.65208696736,589.710958202596,,,7481,161.57271700163
2019,GO,52005,Estrada de Ferro,66.3120108241783,56.2740744097521,62.2335225838194,95.6337325349301,91.2924151696607,93.4630738522954,92.8892215568862,86.0778443113772,98.1287425149701,69.9850299401198,92.3403193612775,92.065868263473,81.0309829711914,0.584052801132202,17.3692226409912,81.8689727783203,,,,,,597.100463867188,157.550491333008,105.988510131836,2.7718551158905,332.754180908203,68.4966125488281,75.9781265258789,370.905487060547,77.8537826538086,82.1234283447266,14785,2644,4705.826171875,841.542419433594,20,612,194.789688110352,6.36567640304565,296,448,,,1.42591142654419,0.94212007522583,1.51200723648071,0.995432615280151,223,24,70.9772872924805,7.63881158828735,18.0947532653809,20.2172595622885,856.349767073005,490.226762877988,,,,985.099488265102,563.930944823617,,,9248,64.7511733682502
2019,GO,52002,Centro Sul,70.033889158707,54.6150774378069,65.9769035669958,83.2531930879038,86.0030052592036,87.4305033809166,89.3613824192337,83.2907588279489,88.4447783621337,66.6040570999249,76.5214124718257,83.6438767843727,72.7307281494141,1.12513303756714,28.135929107666,70.1155548095703,,,,,,543.622131347656,136.090881347656,113.744438171387,1.5195791721344,383.362884521484,79.4521179199219,96.8613510131836,427.363220214844,90.5713882446289,104.731185913086,53646,9403,5681.5029296875,995.846313476562,57,1025,108.554977416992,6.03671598434448,895,1313,,,1.39056277275085,0.947870314121246,1.2869325876236,0.962167799472809,236,56,24.9941215515137,5.93080854415894,14.1309986114502,20.7637118009006,783.860845955426,338.105669256921,,,,901.712066625588,388.938882885371,,,26800,60.9490446399816
2019,GO,52016,Sudoeste II,89.1474017423456,56.4260985585098,85.5371360302774,92.5789024736992,86.4373045208985,86.6079044640318,89.6787034404322,83.309638896787,91.0150696616435,63.0935456354848,88.2570372476543,87.2334375888541,80.7078628540039,0.638236165046692,15.9268932342529,83.3188247680664,,,,,,576.636352539062,148.241088867188,121.170974731445,1.93740689754486,330.10546875,66.7350158691406,85.5025253295898,366.980621337891,76.2275695800781,92.9791564941406,13118,2691,5636.5986328125,1156.28051757812,10,433,186.053314208984,4.2968430519104,230,312,,,1.34061503410339,0.988273918628693,1.52376794815063,1.02716028690338,163,20,70.0385437011719,8.5936861038208,18.3114261627197,24.1850007570841,1016.61730346289,661.673264020301,,,,1169.4627871807,761.153933646753,,,7128,73.4051993635822
2019,GO,52018,São Patrício II,91.249256361928,83.9768930106361,90.0383077855431,98.2056892778993,89.0153172866521,90.328227571116,93.6980306345733,85.5142231947484,88.0962800875273,62.800875273523,77.9868708971554,85.0328227571116,71.2146453857422,0.415973365306854,32.6955070495605,66.6389389038086,,,,,,596.307189941406,148.392318725586,120.466094970703,4.49954080581665,355.133728027344,76.5275497436523,89.8931198120117,397.548034667969,87.1555252075195,96.9679336547852,8659,1735,4741.43603515625,950.039428710938,5,328,179.603988647461,2.73786568641663,173,209,,,1.14442789554596,0.9473015666008,1.45983004570007,1.02820551395416,106,5,58.0427551269531,2.73786568641663,5.98004627227783,16.4869717559266,585.943477057028,276.205832791242,,,,674.038391315338,317.732584278607,,,8641,113.143187684112
2019,GO,52008,Norte,85.8921889616464,92.6362254443405,85.8921889616464,100,96.6386554621849,97.7591036414566,100,93.9495798319328,97.1428571428571,74.1736694677871,93.9495798319328,90.6442577030812,76.9675903320312,0.578703701496124,24.8842601776123,74.5370407104492,,,,,,668.781188964844,189.719955444336,156.757034301758,3.50492882728577,347.435729980469,75.5921478271484,102.65266418457,385.155303955078,84.6210479736328,111.147216796875,8562,2019,6271.74658203125,1478.93664550781,0,309,226.345443725586,0,111,100,,,0.73250949382782,0.813085556030273,1.07788777351379,0.954276740550995,123,0,90.0986709594727,0,3.66401243209839,21.0189087385347,882.124679899439,470.057775447264,,,,1014.74958500324,540.729608219367,,,9649,174.070278125126
2019,GO,52006,Nordeste I,100,100,100,89.9109792284867,82.0474777448071,89.4658753709199,88.7240356083086,83.3827893175074,86.3501483679525,67.5074183976261,78.9317507418398,82.9376854599407,65.7185592651367,1.64670658111572,27.9940128326416,70.3592834472656,,,,,,540.796752929688,185.292907714844,101.26473236084,7.17131471633911,319.104919433594,83.565559387207,82.2399215698242,355.971740722656,93.0906677246094,88.6267166137695,2079,400,4479.3486328125,861.827514648438,0,84,180.983779907227,0,40,35,,,0.754099071025848,0.861827492713928,1.03850209712982,0.920000851154327,14,0,30.1639633178711,0,3.88899660110474,24.6929701842921,786.653186459009,458.330041098854,,,,904.924227481944,527.238642787548,,,4924,262.387875241487
2019,GO,52013,São Patrício I,98.1006401523828,99.2055359317171,98.1006401523828,89.6567936060179,92.6187118006582,93.8410907381288,95.3925716972261,88.9045604137283,92.6657263751763,75.5994358251058,89.6097790314998,87.4471086036671,80.1435394287109,0.669856488704681,22.2488040924072,77.0334930419922,,,,,,715.790771484375,178.797180175781,162.542892456055,1.76619005203247,362.104949951172,63.7193183898926,99.5892562866211,400.897155761719,72.4239807128906,108.838447570801,10287,2251,6192.88427734375,1355.12609863281,4,459,276.322906494141,2.40804290771484,224,216,,,1.3003431558609,1.348503947258,1.67464327812195,1.40133047103882,238,15,143.278549194336,9.03016090393066,6.64077997207642,20.0366898551575,895.918156397304,447.224294626819,,,,1030.61687096735,514.463179317993,,,10210,144.930115226164
2019,MA,21001,Açailândia,89.3104126269543,96.8127517051541,89.3104126269543,90.2576995600251,87.9321181646763,93.9660590823381,94.7831552482715,87.4083385711293,94.7831552482715,62.4554787345485,87.3873873873874,86.6959983239053,55.2480087280273,1.15146148204803,49.4906997680664,49.3135528564453,,,,,,475.441131591797,129.11555480957,99.1903381347656,6.71852922439575,388.782745361328,94.5930938720703,97.2210845947266,435.471923828125,108.792930603027,105.67765045166,19515,5324,6561.69287109375,1790.13342285156,0,414,139.202713012695,0,188,142,,,0.477458566427231,0.632128238677979,0.620948314666748,0.735689699649811,98,0,32.9513664245605,0,4.55939292907715,22.2588519183966,590.507841641016,228.513282879304,,,,679.288994969159,262.869596841952,,,29386,261.771020004854
2019,MA,21005,Caxias,99.6893594105053,100,99.6893594105053,96.5156794425087,88.3377741340439,81.5740930518549,93.1133428981349,85.3453576552572,93.7282229965157,62.0414019266243,96.6181594589055,85.4273416683747,62.7627639770508,1.52152156829834,35.0950965881348,63.3433418273926,,,,,,517.746887207031,181.080673217773,114.728004455566,3.03030300140381,347.393280029297,104.193054199219,95.7720031738281,387.340393066406,117.869186401367,103.507339477539,18406,3061,6016.19287109375,1000.51971435547,31,569,185.98356628418,10.1326723098755,365,300,,,0.980581223964691,1.19304049015045,0.816579043865204,1.13943541049957,43,6,14.0549974441528,1.96116244792938,5.06862449645996,17.1126712500698,619.195402683462,161.213839530821,,,,712.289648194161,185.451876008422,,,39381,366.968082137255
2019,MA,21006,Chapadinha,98.7349593322716,100,98.7349593322716,91.8309388573338,72.4858002004678,74.2900100233879,79.2682926829268,71.9846308052122,85.7500835282325,54.3935850317407,81.8743735382559,69.5121951219512,50.6516761779785,2.16682958602905,49.560115814209,48.1427192687988,,,,,,436.880889892578,150.119995117188,97.2608413696289,9.3163948059082,295.567413330078,86.6507873535156,82.1772537231445,330.661926269531,98.1830902099609,89.5701293945312,18022,4940,4763.13818359375,1305.62109375,10,510,134.790832519531,2.64295768737793,244,149,,,0.393800675868988,0.644881665706635,0.532225608825684,0.654264152050018,52,0,13.7433795928955,0,0.907855927944183,16.5501846673476,478.992345997944,138.433757756697,,,,551.007465720778,159.246874546194,,,65245,653.899211976192
2019,MA,21016,São Luís,53.2994835976286,50.8954460055858,46.395882631166,47.4244279122328,58.9038515867784,56.8556361239288,65.3451360768434,57.152274225445,78.8963179207082,52.4107731424805,33.5389396365006,59.9491477540258,59.0499572753906,1.05105102062225,46.3235969543457,52.0839004516602,,,,,,500.609771728516,131.236480712891,117.555992126465,1.46937656402588,341.029388427734,74.5835723876953,101.608062744141,379.948852539062,85.0188064575195,109.64338684082,80426,7394,5528.9814453125,508.309356689453,262,2929,201.357604980469,18.0115032196045,2650,2486,,,1.70903038978577,1.82177412509918,1.82079446315765,1.80240488052368,1077,264,74.0396499633789,18.1489944458008,22.7642707824707,19.9252093536765,649.281332971845,331.04122157519,,,,746.898911453923,380.812315840302,,,118446,199.686100718854
2019,MA,21002,Bacabal,99.5450679798419,100,99.5450679798419,67.302313755403,67.9633867276888,68.4973302822273,73.9130434782609,65.6496313246885,77.0404271548436,52.606153063819,61.022120518688,62.9799135519959,52.3241653442383,8.05548763275146,47.7975158691406,44.1469955444336,,,,,,517.636413574219,173.411911010742,129.594772338867,4.23242473602295,358.399658203125,103.07056427002,105.561416625977,398.680786132812,114.897964477539,114.305694580078,18083,4778,6714.791015625,1774.22290039062,10,423,157.073318481445,3.71331715583801,216,156,,,0.579277455806732,0.802076458930969,0.835774838924408,0.889246582984924,44,0,16.3385944366455,0,1.85665857791901,16.1902983858779,650.423064644912,148.62185118338,,,,748.212299195848,170.96671847787,,,41125,478.953429322333
2019,MA,21007,Codó,91.845907527629,100,91.845907527629,100,75.631067961165,74.5436893203884,80.8932038834951,69.7087378640777,74.4854368932039,54.2330097087379,100,69.8640776699029,52.9459075927734,2.2923789024353,49.105167388916,48.5220184326172,,,,,,541.151794433594,165.414749145508,134.399490356445,4.95522403717041,370.686492919922,94.8563766479492,111.846725463867,411.494171142578,106.45036315918,121.4658203125,20194,3624,6524.1904296875,1170.82629394531,20,413,133.430252075195,6.46151351928711,349,217,,,0.701074242591858,1.12753415107727,0.789193153381348,1.19877231121063,22,10,7.10766506195068,3.23075675964355,1.18278002738953,19.2343751219697,551.570950217427,133.89604720722,,,,634.498054058281,154.02693228421,,,41752,410.646248842163
2019,MA,21014,Santa Inês,98.5127110875721,100,96.2210486647247,91.9747381392483,80.2372150338879,84.211337030191,85.6746765249538,78.373382624769,84.9969192852742,49.3530499075786,87.8465804066543,75.2156500308072,55.5865936279297,1.31905651092529,52.0639343261719,46.601490020752,,,,,,501.460998535156,165.124496459961,113.634056091309,8.14365196228027,357.590423583984,102.042602539062,95.0422744750977,400.502777099609,116.039207458496,104.367614746094,28509,7514,7231.2353515625,1905.90698242188,10,652,165.378143310547,2.53647446632385,330,168,,,0.426127701997757,0.837036609649658,0.567853212356567,0.901716709136963,108,0,27.3939247131348,0,0.957011818885803,19.599503633898,534.312548863335,171.642551689719,,,,614.644901764797,197.44851500572,,,53737,448.363344951152
2019,MA,21003,Balsas,100,100,100,100,87.1497584541063,90.3140096618358,92.2946859903382,84.4685990338164,89.9033816425121,69.3478260869565,98.695652173913,84.7826086956522,61.9434204101562,0.984009861946106,31.0701103210449,67.9212799072266,,,,,,545.270690917969,181.904083251953,123.1826171875,4.93927145004272,392.018859863281,113.25048828125,112.78458404541,436.729522705078,128.215698242188,121.287902832031,20238,5714,8935.375,2522.81518554688,10,414,182.787109375,4.41514730453491,219,153,,,0.675517559051514,0.966917276382446,0.797706782817841,1.00720548629761,38,0,16.7775611877441,0,3.50783467292786,23.6657365755014,694.678025753364,367.683927365729,,,,799.120866252668,422.964146915455,,,26295,350.59713961717
2019,MA,21019,Zé Doca,97.8452369804556,100,96.5108423742191,85.8716785482826,83.0416936703392,85.547634478289,90.2138690861957,79.2179736444156,90.6675307841867,57.8526679628429,76.1719593864766,76.9712680924606,33.3479309082031,19.4438362121582,41.0335006713867,39.4131813049316,,,,,,380.284973144531,122.554718017578,103.623504638672,5.24017477035522,307.334625244141,85.8802108764648,94.9686279296875,343.164886474609,97.9779281616211,103.40355682373,18143,5120,6025.77294921875,1700.48828125,0,529,175.694976806641,0,168,96,,,0.318841546773911,0.55797266960144,0.49677836894989,0.608289897441864,4,0,1.32850646972656,0,0.991730034351349,20.1181591545586,531.102750190628,198.947053663398,,,,610.952519105868,228.858170214175,,,46787,514.278453379656
2019,MA,21008,Imperatriz,86.4408785251664,100,81.6374262518466,94.6760678520335,86.3376251788269,89.01491927243,93.1126098508073,82.0662170447578,90.0980993255671,57.5720416922134,96.065808297568,78.6940527283875,64.5011367797852,1.21625626087189,37.9511528015137,60.7633743286133,,,,,,598.910522460938,172.248947143555,135.404251098633,4.95232248306274,403.369445800781,94.0221099853516,115.2197265625,450.014739990234,107.183410644531,124.218933105469,37192,8244,6851.63916015625,1518.73828125,105,1189,219.041702270508,19.3434638977051,724,628,,,1.15692341327667,1.3337779045105,1.30089402198792,1.37674808502197,306,73,56.3723831176758,13.4483137130737,8.54612636566162,23.5745896121738,883.570973632782,306.856112698087,,,,1016.41332483407,352.99104549664,,,48095,254.93259037852
2019,MA,21009,Itapecuru Mirim,96.8811830591713,99.4428531370304,96.8811830591713,97.1358828315704,83.9056143205858,76.273393002441,96.5012205044752,87.5834011391375,94.8738812042311,66.4442636289666,90.3498779495525,76.2896663954434,53.1610145568848,0.872571587562561,36.894962310791,62.0513648986816,,,,,,416.607116699219,150.477554321289,108.375022888184,5.11540842056274,305.107055664062,96.4351272583008,96.7175369262695,340.422180175781,108.866333007812,105.353164672852,18868,4911,4903.64501953125,1276.33032226562,0,477,123.968551635742,0,255,141,,,0.366447925567627,0.66272497177124,0.533103764057159,0.716522634029388,17,0,4.41816663742065,0,0.77993631362915,21.1917337053795,508.553813782964,187.651124147311,,,,585.013415050249,215.863930227622,,,59408,539.551198496189
2019,MA,21011,Pinheiro,98.8279778890459,100,98.8279778890459,93.7802126973896,78.2790847566871,73.9445697711892,86.0779890428617,76.119883983242,87.3187238156623,51.3213019658395,89.4940380277151,71.2536255236868,43.0666236877441,2.67771744728088,60.1051979064941,36.3563919067383,,,,,,460.395904541016,154.22004699707,105.916213989258,5.90163946151733,311.099914550781,82.4015960693359,85.3522567749023,345.722564697266,92.8859329223633,92.5053253173828,26709,9051,6719.515625,2277.07275390625,10,722,181.642532348633,2.51582455635071,301,191,,,0.480522483587265,0.75726318359375,0.585369467735291,0.793491065502167,24,0,6.0379786491394,0,0.622415006160736,22.2939372285535,529.569784552157,193.634800867453,,,,609.189076498594,222.747235509648,,,76091,596.095422275623
2019,MA,21004,Barra do Corda,83.0224154139391,100,83.0224154139391,92.2077922077922,67.5953079178886,72.2036028487641,76.0787599497277,65.0816925010473,80.6242144951822,51.6547968160871,88.4373690825304,68.8521156263092,52.3830528259277,8.00970840454102,44.969108581543,47.021183013916,,,,,,465.779968261719,139.691131591797,106.696601867676,6.25574970245361,344.996765136719,84.9993896484375,94.8928070068359,379.590637207031,95.4258880615234,101.181442260742,16542,4703,7088.25390625,2015.23742675781,0,446,191.111190795898,0,181,94,,,0.402790397405624,0.775585770606995,0.541410267353058,0.773657500743866,38,0,16.283016204834,0,0.783727288246155,17.7184997008974,532.117353963449,140.26162237919,,,,612.119665633874,161.349553350429,,,30641,363.913532878227
2019,MA,21013,Rosário,100,100,100,80.8258974891056,82.1539738534966,87.4040257314796,88.9811164141938,83.3160406723387,91.0977381199419,62.6063498651172,76.4681469184478,81.8427059555925,49.8104476928711,1.51642799377441,58.0033683776855,40.1853408813477,,,,,,403.792663574219,135.262237548828,96.0461578369141,4.44444465637207,302.544006347656,87.2878265380859,82.5522384643555,339.854919433594,100.853981018066,90.3511123657227,19563,7372,6501.560546875,2450.0078125,0,386,128.283096313477,0,220,132,,,0.438688308000565,0.731147229671478,0.643575727939606,0.749010443687439,23,0,7.64381170272827,0,1.11499953269958,17.8381270405206,496.632569589271,160.849458139145,,,,571.299846125217,185.032710923926,,,50302,562.79933348692
2019,MA,21018,Viana,99.2425079358065,100,99.2425079358065,82.5362836069474,75.1605995717345,77.9443254817987,82.0366404948846,75.5174875089222,91.0302165120152,60.5281941470378,77.1591720199857,75.4461099214846,41.8195343017578,6.54437303543091,54.2389678955078,38.9687652587891,,,,,,472.480743408203,163.720077514648,125.628601074219,7.05426359176636,302.221038818359,85.7246780395508,96.5469589233398,336.406921386719,96.4371948242188,104.111206054688,17410,6204,6376.65869140625,2272.302734375,0,416,152.36589050293,0,171,90,,,0.329637736082077,0.626311659812927,0.578972041606903,0.651492357254028,10,0,3.66264152526855,0,0.47431206703186,20.4835778891314,523.249511294254,172.763249372132,,,,601.918568358753,198.737706357074,,,52750,623.023448975604
2019,MA,21015,São João dos Patos,97.3174153866234,100,97.3174153866234,93.3595800524934,92.3097112860892,91.5223097112861,97.0341207349081,90.498687664042,98.6089238845144,64.0682414698163,89.3438320209974,91.0236220472441,60.8928108215332,1.28307938575745,41.192195892334,57.3643417358398,,,,,,516.031494140625,153.996810913086,108.082191467285,10.3149604797363,326.097747802734,74.1749725341797,85.9588775634766,360.240905761719,82.6407699584961,92.6553421020508,25712,10530,10447.4033203125,4278.591796875,0,547,222.259246826172,0,221,114,,,0.463209390640259,0.897976100444794,0.627364277839661,0.969692289829254,3,0,1.21897208690643,0,1.20881402492523,19.4270582286511,635.749144321992,208.716009895013,,,,731.332197213267,240.09586088062,,,41510,557.200251549565
2019,MA,21010,Pedreiras,100,100,100,97.412254610351,96.6389054134444,96.8173706127305,99.1671624033313,97.1148126115408,98.3938132064248,94.6460440214158,91.4931588340274,83.7299226650803,73.4128189086914,0.864381492137909,27.8390464782715,71.2071533203125,,,,,,601.573120117188,208.746337890625,153.933288574219,3.41685652732849,370.779296875,109.48747253418,108.527435302734,412.762451171875,122.580184936523,119.050880432129,22029,7336,10062.3037109375,3350.90405273438,0,453,206.919235229492,0,207,104,,,0.475046366453171,0.945524990558624,0.752309024333954,1.04784262180328,72,0,32.887825012207,0,1.51923477649689,20.1973772447573,746.374185745634,206.685475770321,,,,858.589395014835,237.760041798218,,,32288,424.3404508528
2019,MA,21012,Presidente Dutra,100,100,100,83.0723020810985,83.1152113280412,82.6646642351427,87.4704998927269,80.1973825359365,84.8744904526926,58.056211113495,78.3308302939283,73.7824501180004,71.5298385620117,0.548822343349457,30.5053730010986,68.9229354858398,,,,,,499.707672119141,157.512817382812,122.777450561523,5.57467317581177,305.298217773438,75.9465866088867,90.9141845703125,340.539947509766,86.6860885620117,98.7396850585938,23449,7653,8064.44970703125,2631.97705078125,10,575,197.750793457031,3.43914437294006,279,142,,,0.488358497619629,0.959521293640137,0.824190974235535,1.08995079994202,10,1,3.43914437294006,0.343914419412613,0.953330814838409,19.5687257658591,720.415839247657,241.106324256657,,,,828.728285880925,277.355965722432,,,41498,421.185674107652
2019,MA,21017,Timon,100,100,100,91.8397997496871,88.8610763454318,92.6408010012516,96.8710888610763,86.9336670838548,97.9474342928661,69.5118898623279,86.8085106382979,87.7596996245307,50.5373840332031,5.02336454391479,46.7523345947266,48.1308403015137,,,,,,563.986450195312,184.795562744141,120.397109985352,3.97163128852844,369.000762939453,102.019996643066,102.084968566895,409.441955566406,114.93571472168,110.363616943359,14163,2344,5665.06396484375,937.577514648438,0,249,99.5976104736328,0,217,223,,,0.891978621482849,0.867979168891907,0.654884278774261,0.795380890369415,5,0,1.99995195865631,0,8.2326021194458,19.0792317259455,485.599413300402,166.848467541453,,,,558.607886563807,191.933654112724,,,32914,374.101404070692
2019,MG,31074,Patrocínio / Monte Carmelo,84.8475807364273,95.6347287523534,84.7879093406311,100,93.9222042139384,95.5429497568882,94.5705024311183,93.8006482982172,98.3792544570502,81.5235008103728,100,96.1912479740681,86.5800857543945,0.31483668088913,13.9708776473999,85.7142868041992,,,,,,655.836730957031,164.855133056641,103.418441772461,6.86963319778442,330.959564208984,66.1000747680664,72.4099349975586,370.420257568359,75.6157684326172,76.6526260375977,14406,2672,7375.4755859375,1367.99047851562,23,335,171.510772705078,11.7753667831421,187,230,,,1.17753672599792,0.957388520240784,1.64842343330383,1.06605470180511,121,18,61.9486694335938,9.21550464630127,12.6150016784668,27.77332148359,1000.28791839422,558.963730439614,,,,1150.67832609559,643.002317495666,,,5967,69.3316140378143
2019,MG,31024,Sete Lagoas,89.5200425372481,80.1382909269575,78.9341906593049,93.2029043969342,96.2888261395724,97.1964501815248,98.5276321097217,95.3206938281565,100,73.7394110528439,91.1052843888665,96.7527228721259,56.4868659973145,0.140364944934845,19.4305191040039,75.9173889160156,,,,,,663.145324707031,179.703918457031,109.781951904297,7.05171251296997,329.1552734375,66.4228820800781,76.8855209350586,366.585876464844,75.8309020996094,82.3333892822266,26285,4322,5853.181640625,962.42919921875,32,370,82.3921356201172,7.12580633163452,400,477,,,1.06219041347504,0.890725791454315,1.56244432926178,1.00724387168884,154,6,34.2929420471191,1.33608865737915,20.5172004699707,26.826537675847,848.327700902122,498.224050304334,,,,975.871327548977,573.130601382326,,,16944,97.2501946972302
2019,MG,31059,Manhuaçu,95.1163662463785,98.6731719791125,95.1163662463785,100,98.5696255784602,100,99.9579301640724,95.8561211611275,100,80.8792595708877,100,95.3512831299958,83.05615234375,0.39131286740303,19.3112888336182,80.2582702636719,,,,,,660.333190917969,199.776809692383,136.172027587891,4.85989475250244,329.428344726562,80.516242980957,94.8154907226562,366.069702148438,91.1341018676758,101.749328613281,23955,4361,6925.6923828125,1260.82006835938,20,502,145.134521484375,5.78225183486938,315,356,,,1.02924084663391,0.910704672336578,1.16888225078583,0.897911429405212,121,6,34.9826240539551,1.73467564582825,7.33709955215454,25.6271702427345,729.326672149107,377.777409198295,,,,838.978836845909,434.57515467232,,,27666,186.921822048889
2019,MG,31060,Ponte Nova,98.6576452880755,96.0224779537702,93.0381568455372,100,98.7168520102652,100,99.5722840034217,99.3584260051326,99.5722840034217,78.3575705731394,65.0128314798973,100,79.491455078125,0.791996657848358,22.7594833374023,76.3651504516602,,,,,,822.416625976562,262.473388671875,126.270988464355,5.46290969848633,331.828430175781,82.5473022460938,83.3157196044922,369.556518554688,93.5702285766602,89.482048034668,14609,3252,6908.9619140625,1537.95227050781,38,341,161.267440795898,17.9711513519287,202,283,,,1.33837783336639,0.955308556556702,1.51548826694489,1.23717188835144,103,2,48.7112808227539,0.945850074291229,11.6878690719604,22.100987038414,922.610493533578,427.721302154845,,,,1061.32232411813,492.027968096476,,,13620,168.609519139865
2019,MG,31037,Ipatinga,78.7851486440248,84.0748918739954,74.723500205544,98.5909902758484,100,100,100,100,100,92.3992855725342,52.8279420519944,100,78.4962997436523,0.428515791893005,20.7635364532471,78.74951171875,,,,,,544.977783203125,169.35856628418,97.5094757080078,2.60089683532715,263.713989257812,58.7460556030273,67.2677230834961,294.59619140625,66.353515625,72.5068130493164,22755,3925,5560.97265625,959.209777832031,43,428,104.596633911133,10.5085401535034,437,660,,,1.61293864250183,1.06796097755432,1.59100520610809,0.97265088558197,255,17,62.3180847167969,4.15453910827637,31.0238990783691,28.1538134364496,1067.87784993563,495.049107323521,,,,1228.43020918524,569.478314868184,,,22520,155.59413913672
2019,MG,31081,Santa Maria do Suaçuí,92.5404855961374,100,92.5404855961374,76.1996161228407,84.8368522072937,85.6046065259117,85.7965451055662,84.2610364683301,94.0499040307102,82.9174664107486,70.4414587332054,87.7159309021113,59.7510375976562,0.829875528812408,41.0788383483887,58.0912857055664,,,,,,654.543762207031,138.283889770508,87.5798034667969,26.4084510803223,317.782379150391,43.700065612793,67.3620223999023,354.575073242188,50.6134719848633,71.093147277832,2701,1011,6225.080078125,2330.08374023438,0,38,87.5798034667969,0,33,21,,,0.483993649482727,0.760561406612396,0.813570261001587,0.898845314979553,18,0,41.4851684570312,0,2.12035298347473,17.124527160549,573.975075195786,268.52067040913,,,,660.270574703256,308.891979865612,,,5255,330.071570893933
2019,MG,31072,Uberaba,72.4433016273897,60.3124646049369,61.5627086049465,84.0900491865305,86.2845251608021,88.0628074158154,88.4979190314037,82.0658342792282,92.1301551267499,60.6507756337495,57.1509648127128,85.6034808929247,72.220085144043,0.173143520951271,22.4509429931641,77.3566741943359,,,,,,682.746826171875,175.454483032227,121.578521728516,5.58659219741821,338.44970703125,71.5510559082031,81.8335418701172,377.128326416016,81.3945465087891,88.5084991455078,24252,4360,5781.416015625,1039.37719726562,74,666,158.767242431641,17.6408042907715,765,1409,,,3.35890460014343,1.82367777824402,3.5663628578186,1.85496640205383,317,47,75.5693893432617,11.2042951583862,34.4398574829102,23.4013712019057,906.248755154124,507.348353668676,,,,1042.50064549513,583.626717479503,,,8892,52.8788093023029
2019,MG,31089,Campo Belo,100,99.9899203709303,100,55.5129434324065,100,100,100,100,100,85.4266538830297,9.58772770853308,100,81.926513671875,0.0993048623204231,21.0526313781738,78.6494522094727,,,,,,868.13232421875,268.277008056641,163.779586791992,4.28240728378296,333.912841796875,83.9920501708984,96.0296325683594,372.099945068359,94.5980377197266,102.179359436035,7192,1365,7226.3974609375,1371.52844238281,10,125,125.597846984863,10.0478277206421,113,138,,,1.38660025596619,1.1354044675827,1.5091837644577,1.16429209709167,40,8,40.1913108825684,8.03826236724854,12.0372972488403,24.3510879137846,942.077419917347,397.001478782381,,,,1083.71604681895,456.689507753053,,,3722,82.1363956214517
2019,MG,31062,Águas Formosas,100,100,100,97.2431077694236,93.2330827067669,91.1027568922306,94.2355889724311,92.4812030075188,100,92.4812030075188,98.9974937343358,95.7393483709273,67.8347930908203,2.50312900543213,23.9048805236816,73.5919876098633,,,,,,774.725830078125,223.027130126953,130.797866821289,10.3896102905273,393.967803955078,99.0761260986328,86.8315124511719,432.932739257812,110.072700500488,92.0271224975586,3710,1670,6221.283203125,2800.41577148438,0,103,172.720260620117,0,37,38,,,0.63722038269043,0.620451390743256,0.794848561286926,1.01871418952942,6,0,10.0613746643066,0,2.96475172042847,20.5592540353044,796.743768232707,378.638279369555,,,,916.531899164442,435.565454194523,,,8868,475.217222431709
2019,MG,31068,Pedra azul,100,100,100,99.4389901823282,100,99.2987377279102,100,95.0911640953717,100,92.5666199158485,98.0364656381487,100,18.0977535247803,0.660501956939697,13.0779390335083,86.1294555664062,,,,,,628.457275390625,193.607864379883,101.413642883301,8.80195617675781,342.4697265625,85.6919250488281,76.4614791870117,379.380035400391,96.2340469360352,83.4320831298828,4728,1358,7264.90478515625,2086.66259765625,0,133,204.363861083984,0,53,45,,,0.69145667552948,0.814382314682007,0.756760895252228,0.873156130313873,10,0,15.3657035827637,0,3.40350341796875,16.1893634465219,554.086969860896,223.316822565688,,,,637.392350009009,256.89186368599,,,9613,460.062276031287
2019,MG,31040,Resplendor,95.9711102401881,100,95.9711102401881,83.6138175376439,97.5199291408326,100,99.7342781222321,100,100,97.4313551815766,88.3082373782108,100,73.4939727783203,0.556070446968079,28.0815563201904,71.2696914672852,,,,,,815.530944824219,246.45166015625,133.30793762207,3.02197813987732,326.774261474609,68.3157577514648,69.4552459716797,365.183349609375,78.9871673583984,76.2321472167969,8950,2567,10026.1015625,2875.64282226562,0,140,156.832870483398,0,94,86,,,0.963401913642883,1.0530207157135,0.83037406206131,1.06954419612885,28,0,31.3665752410889,0,8.44320964813232,22.7053989885891,626.167600806226,401.459112703656,,,,720.310096224751,461.817334096406,,,7557,216.385696618673
2019,MG,31008,São Lourenço,92.2548761854684,93.1986786004138,92.2548761854684,93.2084309133489,91.9371027099364,93.7771830043493,93.4091669454667,90.4650384744062,98.0595516895283,80.327868852459,100,93.4091669454667,86.6266784667969,0.352858155965805,14.1848974227905,85.4622421264648,,,,,,840.032958984375,258.237976074219,159.879684448242,4.88245916366577,337.519744873047,80.6648025512695,92.7342147827148,377.079803466797,91.5000534057617,100.197174072266,21550,4950,8183.865234375,1879.82055664062,30,589,223.679656982422,11.3928518295288,283,428,,,1.62538027763367,1.07472574710846,1.69582605361938,1.16131138801575,125,2,47.4702186584473,0.759523451328278,25.2742824554443,23.117443139193,778.433361529288,445.285651002671,,,,895.468575547135,512.233066208248,,,11756,110.630971103956
2019,MG,31006,Poços de Caldas,78.1848902781591,63.370012883604,69.6310220288508,96.3576158940397,85.0993377483444,88.6313465783664,87.0125091979397,85.9823399558499,91.0228108903606,74.6136865342163,93.4878587196468,86.9021339220015,85.0113525390625,0.151400446891785,14.2694931030273,84.8599548339844,,,,,,735.324951171875,185.404235839844,114.933853149414,11.6371936798096,311.578918457031,57.6842269897461,70.185417175293,347.73291015625,65.6895980834961,75.9157333374023,12306,1511,5161.9560546875,633.814025878906,42,303,127.09838104248,17.6175975799561,507,601,,,2.52099418640137,2.12669563293457,2.38288497924805,2.09523558616638,404,41,169.464508056641,17.1981315612793,35.4168243408203,29.0417749649876,1175.25152326441,634.108805837751,,,,1351.94720506283,729.445238562096,,,4094,40.46805534143
2019,MG,31041,Além  Paraíba,91.1226378846624,80.4900625240141,80.2245974361661,91.6184971098266,93.4971098265896,94.0751445086705,95.5202312138728,93.2080924855491,98.2658959537572,82.9479768786127,81.7919075144509,88.728323699422,80.0898208618164,1.19760477542877,21.4071865081787,77.0958099365234,,,,,,907.330200195312,273.943908691406,214.61848449707,2.5,371.998260498047,91.3173294067383,114.861404418945,416.603332519531,103.071273803711,125.435478210449,4044,1026,7056.23681640625,1790.23229980469,5,79,137.844390869141,8.72432899475098,63,87,,,1.51803314685822,1.09926545619965,1.302978515625,0.985849142074585,46,0,80.2638244628906,0,17.6946830749512,26.3772882185907,761.404042753851,512.406688497677,,,,875.878947738249,589.44555838204,,,3304,158.442446670691
2019,MG,31001,Alfenas / Machado,86.3208315466515,82.9891270023302,84.5058952190057,93.6957779063042,93.609022556391,92.4233661075766,94.3030653556969,88.9242336610758,95.6333140543667,67.4667437825333,87.7964141122036,90.5725853094274,82.2393798828125,1.21770119667053,16.4538173675537,82.1502838134766,,,,,,752.073852539062,223.437423706055,136.379592895508,3.125,327.543151855469,74.0591278076172,87.2746429443359,366.555023193359,84.4725570678711,94.7136001586914,22706,4437,7516.10400390625,1468.72863769531,44,541,179.080963134766,14.5648097991943,308,525,,,1.7378466129303,1.01953673362732,1.60444629192352,0.990738093852997,193,19,63.8865547180176,6.2893500328064,16.0381736755371,25.4051925774037,927.025705880593,435.568332419217,,,,1066.40135092571,501.054776761649,,,9245,71.8452660325698
2019,MG,31013,Barbacena,80.1634322454682,84.9384814771178,78.9010822547254,98.2529118136439,97.9201331114809,97.3793677204659,98.8768718801997,95.2579034941764,100,85.7321131447587,100,97.7953410981697,73.1857299804688,1.27101266384125,26.5272655487061,72.1197204589844,,,,,,725.788513183594,211.61848449707,138.285339355469,3.69515013694763,324.688781738281,74.548583984375,86.5331344604492,361.590240478516,85.1077880859375,93.662841796875,13617,2697,5706.15625,1130.16845703125,45,473,198.208999633789,18.8570919036865,373,689,,,2.88723039627075,1.56304347515106,3.15772485733032,1.64119565486908,140,5,58.6665115356445,2.09523248672485,17.0170593261719,20.6311386552752,886.139291863734,326.437724740377,,,,1019.36778231429,375.516696514445,,,11969,121.059894679577
2019,MG,31094,Almenara/Jacinto,98.9656702993774,100,96.8094053334268,83.3249623304872,92.7674535409342,95.0276243093923,95.2787543947765,93.3199397287795,100,90.8086388749372,83.2245102963335,89.7538925163235,57.1785888671875,1.30065035820007,23.2616310119629,75.2876434326172,,,,,,696.898681640625,239.686477661133,97.9740371704102,12.2175731658936,319.532562255859,81.7689208984375,72.471435546875,353.326690673828,91.9495239257812,77.4579925537109,13078,3527,7626.81201171875,2056.87158203125,0,316,184.28450012207,0,134,121,,,0.705646336078644,0.78145956993103,0.966618835926056,0.847796142101288,133,0,77.5627822875977,0,3.81573891639709,21.950966037246,627.085120078027,320.352701288386,,,,721.365561876613,368.516807311315,,,21168,365.057010578139
2019,MG,31036,Governador Valadares,94.656636162004,79.9498630085922,83.2989301623395,95.1650312221231,91.9536128456735,93.9518287243533,95.5040142729706,92.149866190901,95.5040142729706,89.2239072256913,97.0383586083854,90.7582515611061,76.6167373657227,0.0548045299947262,27.2013149261475,72.1593017578125,,,,,,739.662170410156,237.109909057617,132.140579223633,3.29670333862305,366.895782470703,90.2258758544922,89.5771636962891,408.072326660156,102.064224243164,96.5951309204102,25476,5334,5916.3681640625,1238.73083496094,42,546,126.799224853516,9.75378608703613,576,786,,,1.82535147666931,1.33766210079193,2.0762791633606,1.36210465431213,205,45,47.6077690124512,10.4504852294922,17.6213760375977,19.9985140590987,931.344259663952,304.229236319497,,,,1071.36918683296,349.969225819933,,,27059,168.835673300407
2019,MG,31092,Passos,87.768726707191,80.0205782780628,79.4046523977961,89.0661478599222,87.6264591439689,91.1673151750973,91.011673151751,84.124513618677,96.1867704280156,76.6147859922179,84.9416342412451,92.7626459143969,82.6907272338867,0.861361801624298,15.2173910140991,83.8392105102539,,,,,,724.200378417969,177.749694824219,124.943420410156,6.96614599227905,322.734497070312,62.596565246582,84.9463348388672,358.455444335938,70.1413345336914,90.7095489501953,14282,2946,6733.7431640625,1388.99365234375,58,347,163.605163574219,27.3461074829102,370,418,,,1.97080564498901,1.74449300765991,2.31298565864563,1.71137130260468,191,13,90.0535583496094,6.12930011749268,14.7503957748413,27.0747758663082,784.68549525372,487.17879702421,,,,902.66069957089,560.424726081865,,,5523,60.1967444945481
2019,MG,31095,Serro,100,100,100,97.6323119777159,88.4401114206128,85.933147632312,88.7186629526462,82.8690807799443,84.6796657381616,59.0529247910863,90.9470752089136,78.5515320334262,78.4883728027344,1.45348834991455,12.2093019485474,86.3372116088867,,,,,,718.065002441406,204.87727355957,119.345985412598,9.14127445220947,404.185791015625,78.5157623291016,90.1363677978516,443.120758056641,87.3157501220703,96.0261306762695,3882,875,7721.68505859375,1740.46228027344,0,79,157.138885498047,0,60,45,,,0.895094871520996,1.19345986843109,1.30087125301361,1.28694748878479,19,0,37.792896270752,0,10.1861801147461,20.5035884690599,1079.05788077762,739.574961118826,,,,1241.29112546584,850.767926547153,,,4467,250.171072924774
2019,MG,31090,Lima Duarte,100,96.7641918935678,100,57.6086956521739,100,100,100,100,100,100,47.8260869565217,100,80.3797454833984,0.632911384105682,16.2974681854248,83.0696182250977,,,,,,799.073852539062,247.0634765625,125.649421691895,9.18727874755859,305.569519042969,74.8456497192383,66.392951965332,339.974792480469,84.0616989135742,71.3439254760742,4628,1123,6533.77001953125,1585.44165039062,0,114,160.944198608398,0,82,90,,,1.27061212062836,1.15766882896423,1.22825849056244,1.17425739765167,25,0,35.2947807312012,0,7.53755378723145,22.6070864997985,891.720029173009,570.330278905237,,,,1025.78756740549,656.077793787436,,,5169,177.92371093007
2019,MG,31099,Teófilo Otoni / Malacacheta,99.9016351376395,100,99.105093589177,98.0121479845389,87.2998343456654,88.9287686361127,91.606847045831,88.7078961899503,92.6283821093319,88.6526780784097,97.3495306460519,87.3826615129763,54.4321708679199,3.48343253135681,28.773717880249,67.6862106323242,,,,,,691.901123046875,180.449523925781,91.8263854980469,17.1810703277588,332.857788085938,63.5671005249023,62.7893562316895,370.259613037109,71.4118728637695,67.4598999023438,16260,3516,5787.19775390625,1251.4013671875,35,441,156.959045410156,12.457067489624,351,317,,,1.12825441360474,1.24926590919495,1.40257680416107,1.4976954460144,85,10,30.2528781890869,3.55916213989258,12.5147256851196,22.8232255275507,907.180974239811,267.831173464296,,,,1043.57302103556,308.098819040874,,,22644,232.174076310223
2019,MG,31035,Coronel Fabriciano/Timóteo,88.0630220394994,71.2710225252184,67.7799172542999,90.4924242424242,85.1515151515152,89.469696969697,88.1060606060606,86.2121212121212,86.8560606060606,78.4469696969697,61.2121212121212,82.8409090909091,79.7444534301758,0.563697874546051,21.9842166900635,77.3769226074219,,,,,,602.2587890625,207.660552978516,116.997947692871,2.29390692710876,289.221405029297,78.5942764282227,77.1538467407227,322.378143310547,89.8701324462891,83.2237701416016,11477,1902,4954.927734375,821.144226074219,18,111,47.9216690063477,7.77108144760132,240,277,,,1.19588303565979,1.03614413738251,1.36091065406799,1.0907576084137,111,10,47.9216690063477,4.31726741790771,31.2419052124023,20.6730956080739,607.761021961437,312.14291791349,,,,699.136141261596,359.07270665018,,,9631,108.925075950992
2019,MG,31045,Muriaé,100,88.7616263007643,99.3306243668846,100,91.9037199124727,96.1706783369803,96.0065645514223,93.7089715536105,100,74.835886214442,100,95.9518599562363,67.2852630615234,0.795334041118622,23.4888648986816,75.5567321777344,,,,,,821.024658203125,242.354095458984,158.704696655273,5.37334251403809,351.325134277344,83.0704650878906,101.192657470703,390.700805664062,95.1177368164062,108.97834777832,13604,3426,7794.291015625,1962.89636230469,53,437,250.375274658203,30.3658809661865,259,351,,,2.01102328300476,1.48391759395599,2.11744713783264,1.50841081142426,225,17,128.911758422852,9.73999977111816,10.9850006103516,22.25412543335,644.848675695276,349.853043673451,,,,741.799816921874,402.452441212988,,,7257,101.139758126662
2019,MG,31046,Santos Dumont,100,98.9065547609197,96.6408574186812,90.8203125,100,100,100,100,100,100,90.234375,100,74.7169799804688,0.566037714481354,15.0943393707275,80.5660400390625,,,,,,958.901428222656,378.825256347656,238.738830566406,3.90946507453918,403.675201416016,134.065322875977,142.748565673828,450.073425292969,150.88298034668,155.519515991211,3398,915,6704.41748046875,1805.33911132812,6,60,118.382888793945,11.8382892608643,40,58,,,1.14436793327332,0.789219260215759,1.39494502544403,0.823254346847534,21,0,41.434009552002,0,25.3043422698975,25.0470592914675,685.619702504088,381.148697913588,,,,788.700650190835,438.453306936646,,,2308,106.929103316953
2019,MG,31064,Araçuaí,100,100,100,84.5117845117845,90.7968574635241,91.0213243546577,95.0617283950617,87.6543209876543,98.0920314253648,73.0639730639731,79.2368125701459,91.8069584736251,73.1042633056641,1.06635069847107,21.9194316864014,77.0142211914062,,,,,,663.781005859375,163.992950439453,85.9010696411133,16.6386547088623,305.856262207031,54.0289611816406,60.7800445556641,339.869049072266,60.3819007873535,64.66796875,5314,1162,5928.28955078125,1296.3251953125,0,165,184.073715209961,0,79,95,,,1.05981838703156,0.881322681903839,0.942959487438202,0.879091441631317,12,0,13.3871793746948,0,2.70309472084045,20.1746259418888,645.242160124889,271.261851248885,,,,742.252460602244,312.045289350023,,,7948,228.475546827853
2019,MG,31075,Uberlândia / Araguari,69.7445929118351,47.0117503157263,49.8306559157828,85.4005167958656,98.5949612403101,100,98.7726098191214,98.1992894056848,100,79.0213178294574,85.2874677002584,99.265180878553,84.8149948120117,0.425671249628067,12.6555337905884,86.9106063842773,,,,,,619.49951171875,124.773971557617,130.236923217773,3.75661373138428,315.05615234375,50.6701240539551,81.4075698852539,351.565643310547,57.4709243774414,88.5613021850586,57602,7941,6293.54638671875,867.627075195312,157,1219,133.186920166016,17.1536903381348,1416,2671,,,2.91831231117249,1.54710984230042,3.84720659255981,1.71403050422668,672,143,73.4221572875977,15.6240606307983,30.5460224151611,29.6969697643633,960.641146660367,637.279343234185,,,,1105.07077641425,733.092457124936,,,20342,52.8149122299558
2019,MG,31061,Viçosa,93.258312763177,76.5601858574125,93.258312763177,100,95.9276018099548,94.6347769877182,96.961861667744,94.4408532643827,100,77.5694893341952,100,95.9922430510666,81.7150039672852,0.378310203552246,19.546028137207,79.8865051269531,,,,,,629.626403808594,154.695816040039,124.334953308105,4.82204341888428,283.279357910156,50.3137664794922,81.3025131225586,313.034973144531,56.7687530517578,86.0211944580078,7419,1055,5363.029296875,762.635925292969,19,155,112.046035766602,13.7346754074097,109,196,,,1.41684019565582,0.787936627864838,1.6779797077179,0.969198167324066,88,6,63.6132316589355,4.33726596832275,21.5272960662842,22.7144452579328,867.900957673878,364.70592231741,,,,998.387367105388,419.538407384776,,,8249,150.908634861988
2019,MG,31082,São Gotardo,100,100,100,98.6745213549337,93.2253313696613,97.0544918998527,96.1708394698085,92.1944035346097,99.7790868924889,68.9985272459499,54.4369873228934,92.5625920471281,82.6685028076172,0.206327378749847,16.712516784668,83.0811538696289,,,,,,759.595458984375,243.324447631836,140.705001831055,2.92479109764099,364.245239257812,86.4276809692383,94.9392852783203,401.988464355469,99.6014404296875,100.658622741699,5429,1074,5743.5146484375,1136.21936035156,0,106,112.140830993652,0,95,104,,,1.10024964809418,1.00503575801849,1.22799503803253,1.08226478099823,31,0,32.7959022521973,0,10.8226480484009,24.3494321309278,879.847781668842,573.93464720427,,,,1012.13036168114,660.224068479648,,,3258,76.2893089376235
2019,MG,31086,Divinópolis,73.1556481119267,48.0500839910716,60.3757737533654,91.571072319202,99.1022443890274,96.4339152119701,98.1546134663342,93.6159600997506,100,78.3042394014963,49.1770573566085,100,84.6897888183594,0.518990337848663,18.1646614074707,79.6650161743164,,,,,,603.6142578125,156.387084960938,105.682350158691,3.44502115249634,286.661926269531,57.2294425964355,69.0641555786133,320.612731933594,65.1148529052734,74.9832763671875,13836,1759,3941.29638671875,501.065368652344,42,289,82.3239898681641,11.9640398025513,704,711,,,2.02534103393555,2.00540089607239,2.3337709903717,2.21854591369629,415,52,118.216102600098,14.8126201629639,47.6641654968262,25.3149343460212,862.245527360379,374.722164467174,,,,991.881659131893,431.06056269498,,,4995,31.8738808641801
2019,MG,31070,Araxá,89.4643467852257,70.5337294801642,67.5492689808482,90.0714853057982,83.6378077839555,82.8038125496426,84.6306592533757,78.4352660841938,91.1040508339952,60.3653693407466,87.6886417791898,88.6417791898332,75.1876754760742,0.98775190114975,18.0956134796143,80.8771209716797,,,,,,687.043518066406,222.667678833008,136.985580444336,4.38799095153809,349.692565917969,94.8007125854492,93.4654769897461,389.534942626953,106.857131958008,101.195198059082,10583,2241,5597.3681640625,1185.26904296875,17,308,162.901763916016,8.99133110046387,219,312,,,1.65017378330231,1.15829503536224,1.81426560878754,1.17283987998962,181,12,95.7312316894531,6.3468222618103,23.0897388458252,22.3263541016435,976.507424172794,676.382373941946,,,,1123.32250305579,778.074515882881,,,6283,91.4222632255189
2019,MG,31002,Guaxupé,90.8869979436548,87.6217709494499,85.6942069223366,89.5276038702333,86.6249288560046,86.9095048377917,87.877063175868,80.5350028457598,89.9829254410928,63.3466135458167,84.8605577689243,91.0073989755265,87.9675827026367,0.685785531997681,8.16708183288574,91.1471328735352,,,,,,795.2080078125,232.828063964844,159.594314575195,4.17028665542603,331.087768554688,73.7223587036133,100.204116821289,367.064147949219,82.9007949829102,107.538703918457,10506,2570,7258.43212890625,1775.57312011719,9,191,131.958938598633,6.21796035766602,153,214,,,1.47849273681641,1.05705320835114,1.51666414737701,1.0810614824295,94,1,64.9431381225586,0.690884470939636,15.9117603302002,28.0595732296161,789.931556106376,523.91566395026,,,,908.695490564088,602.684875148069,,,4389,73.2860096429316
2019,MG,31087,Lagoa da Prata/Sto Ant do Monte,91.3090792368337,88.3199849684102,86.6117074163672,100,100,100,100,100,100,85.4393842206543,100,100,84.0101547241211,0.507614195346832,18.654821395874,80.6472091674805,,,,,,617.130615234375,160.68684387207,110.229621887207,5.66037750244141,304.021697998047,62.7304077148438,73.0289993286133,340.350494384766,72.6946487426758,79.5473785400391,7427,1472,5765.31982421875,1142.66198730469,10,144,111.782150268555,7.76264905929565,132,153,,,1.18768537044525,1.0246696472168,1.43317914009094,1.11917996406555,34,0,26.3930072784424,0,28.4679641723633,25.920098346932,642.501595149181,472.704012103561,,,,739.099859575266,543.773698935777,,,3377,70.7772805034935
2019,MG,31044,Leopoldina / Cataguases,90.2993612094872,74.9426621197773,88.6572262150431,93.7,86.6,87.6,88.6,89.1,92.55,74.15,95.55,86,78.5675811767578,0.861604750156403,22.7248249053955,76.1981658935547,,,,,,862.793029785156,272.145202636719,173.431213378906,4.99367904663086,352.681030273438,91.5600509643555,103.653121948242,390.130096435547,102.188026428223,110.566528320312,11798,3158,6434.4072265625,1722.31372070312,16,232,126.528427124023,8.72609901428223,179,269,,,1.46707534790039,0.976232290267944,1.43926095962524,1.00813710689545,88,2,47.9935417175293,1.09076237678528,15.0236148834229,25.6003026395796,666.99836481671,368.635134956128,,,,767.279648011612,424.058365827593,,,6702,84.8840210074316
2019,MG,31027,Turmalina/Minas Novas/Capelinha,100,100,100,92.570281124498,91.4993306559572,92.6372155287818,94.9799196787149,89.6921017402945,95.7831325301205,73.1593038821954,55.6224899598394,96.7871485943775,60.1279335021973,0.284292817115784,12.1535177230835,87.3489685058594,,,,,,489.764556884766,120.040336608887,66.4223175048828,14.8692808151245,303.055541992188,53.0977783203125,55.9699592590332,335.960815429688,59.0541343688965,60.2328300476074,10523,2396,8421.2294921875,1917.44421386719,0,133,106.435760498047,0,115,84,,,0.672225892543793,0.920309245586395,0.96272349357605,0.927111506462097,45,0,36.0121002197266,0,4.51751804351807,21.8800931208326,611.120346402192,309.454666015093,,,,703.000530457164,355.980283821024,,,9628,189.384725360924
2019,MG,31058,Unaí,76.1651889257509,78.581442118552,73.3026775491031,86.3755230125523,85.5125523012552,91.0564853556485,88.2845188284519,86.7416317991632,89.9320083682008,73.0387029288703,89.9320083682008,89.56589958159,77.4817123413086,0.809822380542755,21.4994773864746,77.6384506225586,,,,,,585.439086914062,150.916427612305,99.5173568725586,12.5778331756592,351.940155029297,73.0761337280273,78.0896835327148,392.278717041016,84.1185684204102,83.5094985961914,14628,2104,5332.380859375,766.976257324219,8,232,84.5715255737305,2.91625952720642,235,270,,,0.984237611293793,0.856651246547699,0.987427294254303,0.806710302829742,213,0,77.6454086303711,0,11.3486242294312,28.0027300180637,969.619417515634,645.265646487185,,,,1115.39890443519,742.279478071471,,,16400,165.010028060324
2019,MG,31019,Curvelo,89.4929848663501,87.2910874809342,82.7428793959521,98.6577181208054,99.424736337488,100,100,98.56184084372,100,71.7641418983701,80.2013422818792,100,35.218017578125,0.862482011318207,29.3723049163818,69.1423110961914,,,,,,738.782287597656,185.772521972656,114.6943359375,9.25655937194824,331.391143798828,58.1914253234863,78.8798370361328,365.390380859375,65.4612503051758,84.2760696411133,10626,1355,5721.79345703125,729.628295898438,20,153,82.3860702514648,10.7694215774536,133,208,,,1.12001979351044,0.716166496276855,1.3448314666748,0.7141472697258,75,0,40.3853302001953,0,12.3385257720947,24.1751583774829,827.947051209935,439.949020477483,,,,952.426505871841,506.094088653094,,,10210,135.177558841286
2019,MG,31030,Formiga,96.0071382589493,99.8207286565243,92.7558079840937,87.1326449563145,93.6457505957109,93.8046068308181,95.6314535345512,88.3240667196187,97.6171564733916,72.6767275615568,78.1572676727561,93.9634630659253,82.3107604980469,0.398406386375427,14.9800796508789,84.5418319702148,,,,,,820.518676757812,238.267562866211,146.3759765625,3.36967301368713,332.327209472656,63.5057487487793,80.9258346557617,369.466491699219,73.2849807739258,87.9866638183594,7447,1193,6055.8994140625,970.1474609375,35,232,188.662368774414,28.4619941711426,151,165,,,1.34177982807159,1.22793173789978,1.89434909820557,1.30823528766632,187,1,152.068374633789,0.813199877738953,18.5775508880615,25.2041238885314,784.343940221156,488.64124585435,,,,902.267792722859,562.107049881764,,,2802,59.484866697758
2019,MG,31021,Itabira,94.9679046309032,98.450846536587,94.9679046309032,91.2982456140351,94.8421052631579,94.5263157894737,94.3508771929825,90.5614035087719,100,75.5087719298246,29.6140350877193,95.1228070175439,81.5252380371094,0.966702461242676,15.5388469696045,83.4586486816406,,,,,,613.24853515625,157.740676879883,103.332801818848,6.67125177383423,314.157470703125,58.1635437011719,71.7202758789062,349.228759765625,65.6025543212891,76.804573059082,14804,2968,6243.83154296875,1251.80310058594,22,294,123.999359130859,9.27886390686035,346,439,,,1.85155510902405,1.45931220054626,2.28544735908508,1.58731830120087,105,8,44.2854843139648,3.37413215637207,32.5359115600586,24.5845220118086,1269.20852836789,693.121979002157,,,,1460.03037528744,797.330872353831,,,9965,117.162255947638
2019,MG,31015,São João Del Rei,91.3037673104766,88.7785969699625,84.7321491903349,87.2047244094488,88.0314960629921,88.6220472440945,90,87.3228346456693,92.7165354330709,75.748031496063,72.4803149606299,87.007874015748,81.6895751953125,0.929668545722961,30.1535968780518,68.8763122558594,,,,,,777.474426269531,241.428451538086,178.681991577148,6.94815587997437,344.237274169922,81.4659194946289,109.274513244629,385.33447265625,92.7441635131836,119.814422607422,14928,3558,6203.173828125,1478.48962402344,30,412,171.202285766602,12.4661855697632,228,331,,,1.3754358291626,0.947430074214935,1.50352585315704,0.931847393512726,150,0,62.3309288024902,0,16.9112110137939,22.7123035875495,776.50465921466,390.66614398311,,,,893.249898394166,449.401673612476,,,9061,85.8557252476268
2019,MG,31023,João Monlevade,75.6441527978645,55.0550075190134,64.5706967139393,95.6968529222865,92.1001926782274,94.3481053307643,92.485549132948,90.0449582530507,97.1740526653821,74.373795761079,8.02825947334618,93.2562620423892,81.8882446289062,2.24791264533997,13.5517015457153,84.2003860473633,,,,,,666.231567382812,186.458786010742,102.552337646484,13.4553279876709,284.773284912109,59.1934013366699,68.2570114135742,317.21923828125,67.0412139892578,73.7176666259766,8591,1918,6161.02880859375,1375.4921875,8,163,116.895317077637,5.73719358444214,99,130,,,0.932293951511383,0.709977686405182,1.92231845855713,0.836195945739746,85,2,60.9576797485352,1.43429839611053,25.3956871032715,27.2408366313444,790.790078571891,479.685028457127,,,,909.683089409749,551.804290992774,,,5357,99.5572588874388
2019,MG,31097,Juiz de Fora,76.3425162275059,48.7192989847074,60.9365126174327,43.9144505417194,48.7547488391726,48.2763472632616,50.3165892781764,47.3476853806107,71.3662586182637,37.2590403827213,43.3938370620515,49.9226115097791,76.7072296142578,1.31710803508759,19.7566204071045,78.8833236694336,,,,,,779.913269042969,191.520980834961,137.489868164062,9.11340236663818,334.452972412109,69.9644012451172,89.4370422363281,371.952545166016,78.8208694458008,95.9059677124023,37861,7051,6088.30859375,1133.84924316406,183,1610,258.899047851562,29.4276561737061,1133,2733,,,4.39485168457031,1.82194173336029,4.38250970840454,2.02391529083252,864,99,138.937133789062,15.9198799133301,35.190975189209,26.7985712394902,1046.2603082497,454.192874512689,,,,1203.56253236535,522.479465120193,,,14939,63.9296554919799
2019,MG,31016,Belo Horizonte/ Nova Lima/ Caeté ,92.749084255562,56.4164889409196,76.2904716599644,82.9846974589358,86.0779634049324,85.3315550563901,86.7986335345594,82.9332210211053,95.7602133932332,70.4712433899574,82.4207964808835,93.7713510225092,79.6605529785156,0.544298470020294,20.8565273284912,78.3913497924805,,,,,,625.018676757812,158.416625976562,107.174537658691,4.59171724319458,289.642944335938,54.0981979370117,72.2877197265625,326.105621337891,62.5668869018555,77.8439407348633,205125,36178,6013.177734375,1060.54711914062,862,6331,185.591354370117,25.2692699432373,6897,17279,,,5.06528663635254,2.02183485031128,4.93727684020996,2.07840490341187,4540,818,133.088729858398,23.9794235229492,40.0072364807129,22.3455826731453,1411.80946720002,476.693935802984,,,,1624.07095458228,548.363496172428,,,92787,71.168611370229
2019,MG,31085,Taiobeiras,100,100,100,91.9975565058033,96.0904092852779,97.8008552229688,97.6175931582163,96.4569334147831,100,81.1850946854001,88.9431887599267,96.212583995113,83.4224624633789,0.237670823931694,11.4676170349121,88.2947082519531,,,,,,536.225769042969,121.314796447754,81.1158065795898,15.79651927948,281.88037109375,45.4013481140137,65.7643585205078,310.156585693359,51.238094329834,70.2118835449219,10678,2007,7665.0849609375,1440.70288085938,18,183,131.364547729492,12.9211025238037,130,89,,,0.638876736164093,0.933190703392029,0.830719232559204,0.985951900482178,9,0,6.46055126190186,0,1.11695754528046,22.4706288752837,760.395055891925,300.991095900297,,,,874.718262607515,346.24424031455,,,14974,288.327201332128
2019,MG,31017,Betim,93.4799654054897,67.7542675615188,80.2521611123723,91.3056680161943,91.3157894736842,94.0789473684211,92.1356275303644,91.9433198380567,96.5587044534413,68.2186234817814,89.9797570850202,94.9898785425101,73.5128936767578,0.904742121696472,20.5802822113037,77.7454223632812,,,,,,558.467407226562,149.126052856445,103.262237548828,7.20432758331299,351.983581542969,76.2096786499023,80.6941604614258,390.937622070312,86.4255905151367,86.7775497436523,36586,5264,5023.87255859375,722.835632324219,46,582,79.9183807373047,6.31657266616821,798,1341,,,1.84141826629639,1.09578812122345,2.35076069831848,1.11254072189331,234,43,32.1321334838867,5.90462255477905,27.2295093536377,30.451974081372,1060.1933040682,709.871984114936,,,,1219.59031397813,816.599192495303,,,43982,168.008240868414
2019,MG,31047,São João Nepomuceno / bicas,87.6083343634541,89.1109371351656,87.6083343634541,79.3060718711276,100,100,100,100,100,100,75.7125154894672,100,74.9077453613281,0.615006148815155,13.8991394042969,85.3628540039062,,,,,,871.635559082031,229.881912231445,176.516464233398,7.692307472229,350.488952636719,68.0072860717773,110.56315612793,388.695892333984,77.1137619018555,117.044990539551,6197,1932,8479.6318359375,2643.64208984375,0,93,127.256057739258,0,64,105,,,1.43676197528839,0.875740587711334,1.17027688026428,0.974603533744812,27,0,36.9453086853027,0,16.0465793609619,24.2918693023796,771.008118862197,499.595001030121,,,,886.926969029746,574.707670601396,,,3187,125.234678932758
2019,MG,31011,Três Pontas,79.3001541545859,67.6946301488031,61.4397878577305,100,100,100,100,100,100,92.9802169751117,99.4894703254627,100,82.8963775634766,0.873907625675201,14.4194755554199,84.6441955566406,,,,,,756.929870605469,228.672500610352,161.74397277832,1.4736841917038,357.988739013672,83.7001647949219,105.97631072998,399.003234863281,94.3919906616211,114.127433776855,8765,1533,6983.67431640625,1221.44580078125,10,160,127.482933044434,7.9676833152771,111,152,,,1.21108782291412,0.884412825107574,1.40888559818268,0.900148987770081,77,0,61.3511581420898,0,21.2928371429443,30.9704698446243,830.157879695525,492.487726579286,,,,954.969726053053,566.531837905829,,,4717,91.8401222449699
2019,MG,31083,Bocaiúva,93.4723806837848,100,93.4723806837848,50.7352941176471,76.0504201680672,73.844537815126,77.4159663865546,70.2731092436975,78.5714285714286,56.7226890756302,49.7899159663866,75.1050420168067,76.6153869628906,1.64102566242218,18.5641021728516,79.7948684692383,,,,,,615.097351074219,135.551605224609,94.6303634643555,24.3243236541748,341.4150390625,66.5509948730469,72.963020324707,382.325042724609,75.9001541137695,78.748161315918,5168,971,6608.7802734375,1241.70385742188,0,64,81.8424758911133,0,76,68,,,0.869576334953308,0.971879422664642,0.857108175754547,0.957173347473145,0,0,0,0,5.53331899642944,24.5752168599017,712.561379107003,390.396350199341,,,,819.692930278969,449.091317110323,,,9806,369.985314974188
2019,MG,31028,Bom Despacho,99.1381727767288,91.8060982221308,99.1381727767288,72.0911310008137,100,100,100,100,100,94.060211554109,75.1020408163265,100,78.4061660766602,0.171379610896111,20.9083118438721,78.8346176147461,,,,,,781.475341796875,220.487670898438,123.733589172363,5,334.633972167969,65.1569595336914,75.4294815063477,374.997619628906,76.5932006835938,81.4949035644531,8600,1824,8000.81884765625,1696.91784667969,0,174,161.877029418945,0,121,147,,,1.36758184432983,1.12569653987885,1.55783379077911,1.17244553565979,40,0,37.2131118774414,0,18.6037635803223,25.0549438373822,889.804462526406,479.094287917594,,,,1023.5840008304,551.124734314455,,,3401,77.1495943955151
2019,MG,31034,Caratinga,100,85.6892439721705,95.7026254326754,94.4558521560575,99.2607802874743,100,100,98.1519507186858,100,87.1457905544148,94.2915811088296,96.0574948665298,79.3538208007812,0.748620986938477,23.3648548126221,75.8471221923828,,,,,,711.18017578125,198.205825805664,158.367919921875,4.21853399276733,347.635375976562,80.1941604614258,106.977638244629,386.916717529297,91.3667373657227,115.671180725098,8569,1381,4214.45556640625,679.211486816406,26,241,118.530029296875,12.7874717712402,192,259,,,1.27382898330688,0.944305658340454,1.2397700548172,1.02471911907196,87,12,42.7888488769531,5.90191030502319,9.27091693878174,20.3840741195492,714.434194816289,292.26536087972,,,,821.847318436437,336.206616163747,,,16758,207.861032651058
2019,MG,31007,Pouso Alegre,86.7558046319382,78.769793114607,78.1093484544271,95.0459268182503,95.8590573708779,96.8378256286704,98.042463484415,91.853636500527,100,76.4945038397832,89.3690709230538,96.6571299503087,74.353874206543,2.0033643245697,17.0209503173828,80.9145126342773,,,,,,686.1982421875,185.67073059082,132.647979736328,4.96548080444336,307.64697265625,67.4792098999023,82.4852676391602,344.853149414062,77.0138397216797,89.203971862793,27770,5318,5059.9375,968.986267089844,52,514,93.6553115844727,9.47485637664795,560,1007,,,1.8348423242569,1.02036917209625,2.02165198326111,0.992217838764191,281,31,51.2006645202637,5.64847183227539,23.5094871520996,22.3491428556071,864.28567901507,556.735813512639,,,,994.22854171223,640.439439675121,,,15476,64.841992755561
2019,MG,31053,Januária,98.2071678774179,93.4688454437216,97.4375787275896,23.9854633555421,80.7389460932768,81.1629315566323,83.7068443367656,78.9218655360388,87.038158691702,70.4421562689279,24.1671714112659,74.9242883101151,59.7454795837402,2.14333558082581,40.1205635070801,57.7361030578613,,,,,,648.561706542969,158.290130615234,89.8403396606445,19.5250663757324,351.302032470703,64.5104827880859,72.0570068359375,389.983093261719,72.5485534667969,78.7096710205078,4887,1008,4181.42626953125,862.46728515625,0,109,93.2628326416016,0,104,80,,,0.684497833251953,0.889847159385681,0.681930959224701,0.948457300662994,0,0,0,0,4.30035781860352,24.4416647428749,571.822977326454,279.373611288458,,,,657.794915117312,321.376629149677,,,13343,393.067441545761
2019,MG,31051,Francisco Sá,100,100,100,45.4790823211876,100,100,100,100,100,78.4075573549258,45.6140350877193,90.9581646423752,74.8184051513672,2.42130756378174,15.2542371749878,82.2033920288086,,,,,,575.807983398438,143.616455078125,93.9546890258789,8.85780906677246,352.957946777344,66.1350708007812,74.6287002563477,392.960571289062,75.7885894775391,81.3251647949219,5098,1096,6842.58544921875,1471.06201171875,0,119,159.722961425781,0,70,45,,,0.603994429111481,0.939546883106232,0.865054249763489,0.942902386188507,0,0,0,0,3.44813704490662,23.2586821980906,736.116215681258,377.255178073707,,,,846.789168694234,433.974407602176,,,8880,347.026594797626
2019,MG,31048,Ubá,85.4659348412666,79.9572219026401,84.0834331806755,98.7139182623607,92.7979422692198,94.0840240068591,94.8556730494427,91.4547013432409,100,75.2786510431552,100,93.5410117176336,81.1741485595703,0.818515360355377,23.2571258544922,75.8679122924805,,,,,,749.560363769531,221.01611328125,132.925399780273,5.2232518196106,343.266784667969,80.0091857910156,86.2365036010742,384.071044921875,90.1092300415039,92.7107696533203,23155,6526,7310.89697265625,2060.50146484375,44,414,130.715240478516,13.8924407958984,304,428,,,1.35135567188263,0.959841370582581,1.39129638671875,0.976259708404541,185,3,58.4113998413086,0.947211861610413,21.729040145874,22.9831895793955,582.4500625145,365.343203748963,,,,670.019751957375,420.271502244193,,,12712,88.7103740668292
2019,MG,31077,João Pinheiro,89.1559944037882,97.3283469651313,77.6931769263883,72.3684210526316,68.3198380566802,67.2064777327935,69.4331983805668,64.17004048583,70.0404858299595,57.6923076923077,31.6801619433198,64.6761133603239,75.7986450195312,0.968054234981537,26.8151016235352,72.2168426513672,,,,,,671.90771484375,168.656997680664,141.454254150391,2.22672057151794,416.873168945312,83.8065490722656,104.908714294434,466.768798828125,95.789909362793,114.002174377441,4031,501,5482.712890625,681.4287109375,0,50,68.0068588256836,0,70,81,,,1.10171103477478,0.952095985412598,1.21358239650726,0.813362002372742,17,0,23.1223316192627,0,11.9011993408203,32.3790664277993,875.396568015497,596.570924316616,,,,1007.00992087451,686.263644663358,,,5357,214.701786588167
2019,MG,31049,Brasília de Minas/São Francisco,100,92.4466732044897,99.5876032597757,79.5960287572749,95.2755905511811,97.3981513180418,97.6035604245122,96.1656966792195,100,84.3546730571722,77.9869907565902,97.1927422115714,73.6447906494141,0.998573482036591,19.9714698791504,78.9942932128906,,,,,,623.757507324219,141.937973022461,85.5047988891602,17.7518844604492,342.41357421875,56.4149284362793,65.9329147338867,382.049407958984,64.3705215454102,71.2265548706055,14123,2783,6037.92138671875,1189.79931640625,10,284,121.416816711426,4.27523994445801,208,149,,,0.637010753154755,0.889249920845032,0.808127224445343,0.950920224189758,0,0,0,0,1.17782855033875,22.2516244470702,694.999879749736,279.626300034688,,,,799.491110070455,321.667308921159,,,29655,352.48030996226
2019,MG,31003,Itajubá,85.5897864519945,74.2559545630062,75.3801486868924,100,96.4300202839757,98.580121703854,98.8235294117647,95.3346855983773,99.5943204868154,89.5740365111562,100,97.606490872211,78.8121337890625,0.926705956459045,18.0707664489746,81.0025253295898,,,,,,792.993225097656,256.370269775391,144.756591796875,2.70436382293701,344.095428466797,90.1288757324219,91.5424880981445,383.019775390625,102.517669677734,98.3703460693359,11349,2760,5531.45654296875,1345.21276855469,33,222,108.20189666748,16.0840663909912,268,488,,,2.3784921169281,1.30622112751007,2.32963085174561,1.27161598205566,106,5,51.6639709472656,2.4369797706604,21.8913879394531,23.5434086272886,842.643277221383,429.777577508297,,,,969.33226713898,494.393398527246,,,6925,83.7551292367068
2019,MG,31055,Pirapora,99.1643035293314,96.0210461580512,99.1643035293314,100,91.4041644420715,95.72877736252,93.3262146289375,92.2584089695675,96.2092899092365,84.1430859583556,100,91.671115856914,79.6703262329102,0.384615391492844,17.3076915740967,82.3076934814453,,,,,,590.512329101562,152.390289306641,98.6454925537109,11.5207376480103,351.819091796875,73.5135269165039,76.2685852050781,392.492034912109,83.4745254516602,82.0020446777344,8492,1321,5777.224609375,898.694458007812,18,157,106.809257507324,12.2456474304199,138,125,,,0.85039222240448,0.938832998275757,1.19786250591278,0.986454963684082,73,0,49.6629028320312,0,9.8618278503418,22.3994391000061,826.852818408555,348.272456728962,,,,951.167758320164,400.634217573486,,,13259,217.924771098116
2019,MG,31073,Ituiutaba,70.6059515855476,62.6715320964177,64.7016497918487,92.6963711529628,91.0427193385393,91.3183279742765,92.2829581993569,87.2301332108406,96.1874138723013,71.5204409738172,94.0284795590262,92.3288929719798,87.0461273193359,1.22669279575348,11.2365064620972,87.5368041992188,,,,,,755.439331054688,219.568740844727,110.040283203125,4.5392951965332,310.128967285156,76.6943283081055,72.1894073486328,347.436187744141,87.2449569702148,79.1202392578125,10949,2352,5603.865234375,1203.78942871094,10,220,112.59935760498,5.1181526184082,131,263,,,1.34607410430908,0.670477986335754,1.67274022102356,0.776423752307892,121,5,61.9296455383301,2.5590763092041,16.5782070159912,21.936096519329,843.143159788251,547.010281543917,,,,969.907305610114,629.251701984434,,,6003,66.3584662700251
2019,MG,31042,Carangola,98.0059641992323,100,98.0059641992323,96.3668850506254,100,100,100,96.0095294818344,100,79.2733770101251,93.4484812388326,91.6021441334128,88.3484191894531,0.395927608013153,12.3868780136108,87.2171936035156,,,,,,825.926147460938,264.949035644531,154.618347167969,8.27845764160156,390.298400878906,94.7770614624023,98.3040084838867,435.699188232422,107.681549072266,107.45629119873,10648,2867,8273.2470703125,2227.59204101562,25,284,220.661361694336,19.4244155883789,142,169,,,1.31309044361115,1.10330677032471,1.39622700214386,1.06290400028229,103,2,80.0285949707031,1.55395328998566,5.43805932998657,23.813747205608,645.017451200237,381.891770728707,,,,741.993967337933,439.308098609468,,,11143,199.167627435392
2019,MG,31010,Três Corações,88.9149237538424,80.8005846543307,82.1341389910192,95.8781362007169,95.8781362007169,96.1768219832736,96.9534050179211,95.9976105137395,99.1636798088411,86.4396654719235,75.3285543608124,94.5639187574671,84.7946014404297,0.245248317718506,12.8142242431641,86.9405288696289,,,,,,696.597900390625,209.728408813477,106.362258911133,7.31182813644409,336.490112304688,85.7026138305664,77.7877655029297,375.822967529297,97.1941833496094,82.4611206054688,9216,1842,6903.060546875,1379.71325683594,15,202,151.304061889648,11.2354497909546,129,191,,,1.43064725399017,0.966248691082001,1.66546821594238,0.966997742652893,61,1,45.6908302307129,0.749029994010925,17.2816200256348,30.0366992880763,818.095529654632,488.279841706347,,,,941.09383642308,561.691309660952,,,4539,80.2678126786014
2019,MG,31096,Itambacuri,99.4141677141318,100,99.4141677141318,68.2432432432432,65.5405405405405,65.0337837837838,66.3851351351351,64.8648648648649,75,63.1756756756757,68.9189189189189,68.0743243243243,53.8175048828125,2.42085671424866,29.7951583862305,67.4115447998047,,,,,,833.258483886719,276.255493164062,139.250747680664,12.9380054473877,375.306243896484,96.3478240966797,92.6216812133789,414.110107421875,106.765594482422,99.1249771118164,3769,867,8465.09765625,1947.26440429688,0,79,177.432403564453,0,46,38,,,0.853472292423248,1.0331506729126,0.907937288284302,1.25101065635681,9,0,20.2138175964355,0,4.48297548294067,21.9063825931216,854.62772266116,418.601649982043,,,,983.118539435424,481.537202484092,,,5715,358.319460338304
2019,MG,31080,Peçanha/São João Evangelista,96.5463650492143,100,96.5463650492143,91.025641025641,97.5783475783476,99.2877492877493,98.5754985754986,95.4415954415954,93.7321937321937,90.5982905982906,77.6353276353276,86.3247863247863,80.0841522216797,0.420757353305817,18.0925674438477,81.4866790771484,,,,,,817.674194335938,274.863006591797,140.024551391602,10.3594083786011,361.049774169922,91.0828704833984,89.0655670166016,402.323608398438,103.130874633789,95.1265029907227,4944,1666,8546.68359375,2880.01098632812,0,84,145.210647583008,0,46,26,,,0.44946151971817,0.795201122760773,0.809895098209381,0.788286328315735,2,0,3.4573962688446,0,4.98902273178101,19.4058383707446,678.724501295113,359.613756518736,,,,780.76877533827,413.680649123709,,,5881,293.51263766999
2019,MG,31091,Cassia,93.4196396611383,75.2396293202879,85.2026408940858,100,100,100,100,100,100,94.2115768463074,85.6287425149701,98.4031936127744,81.8853988647461,1.84842884540558,17.1903877258301,80.961181640625,,,,,,596.689453125,132.817916870117,95.1531372070312,7.30896997451782,279.366149902344,50.1838722229004,62.8685722351074,311.501892089844,56.7105712890625,67.4622268676758,4619,850,9156.5068359375,1685.00341796875,0,63,124.888488769531,0,49,64,,,1.26870846748352,0.971354961395264,1.14084649085999,1.00901973247528,19,0,37.6647834777832,0,10.4291801452637,28.858475052046,1020.07766058147,705.747593365947,,,,1173.44339902624,811.854711475448,,,2180,111.82564374517
2019,MG,31093,Piumhi,99.2704826038159,99.835564951844,99.2704826038159,100,100,100,100,100,100,85.3254437869822,51.5976331360947,96.4497041420118,84.8101272583008,0.575374007225037,18.8722667694092,80.552360534668,,,,,,722.462585449219,174.118682861328,119.544174194336,6.65467643737793,334.30126953125,51.1217308044434,76.7282638549805,370.168029785156,58.328483581543,81.8391952514648,6498,1565,8443.45703125,2033.55029296875,10,115,149.430221557617,12.9939317703247,90,91,,,1.18244779109955,1.16945385932922,1.40139555931091,1.2604113817215,58,0,75.3648071289062,0,8.92293262481689,24.062270361958,898.376056168924,577.93734006734,,,,1033.44430889088,664.828554686925,,,2788,92.9814370931213
2019,MG,31067,Padre Paraíso,100,100,100,97.6387249114522,98.1109799291617,100,100,98.5832349468713,100,98.3471074380165,94.9232585596222,95.3955135773318,62.7160491943359,1.35802471637726,27.6543216705322,70.9876556396484,,,,,,720.076293945312,220.950561523438,122.397071838379,10.1545257568359,412.301361083984,112.233406066895,93.8473205566406,456.180694580078,123.48828125,101.888854980469,4577,1607,7275.47265625,2554.44287109375,0,109,173.263397216797,0,36,27,,,0.429184556007385,0.572246074676514,0.522571921348572,0.736766815185547,0,0,0,0,2.04577970504761,19.777524383385,411.823819893116,253.616275823562,,,,473.740345161445,291.74675247876,,,9158,491.028091014051
2019,MG,31079,Conselheiro Lafaiete,92.7915045623047,86.4080551253757,88.8902079072754,98.3501374885426,100,100,100,99.2208982584785,100,82.9972502291476,70.5316223648029,99.6333638863428,74.7461395263672,0.618101537227631,23.5320091247559,75.4966888427734,,,,,,671.205810546875,212.638000488281,128.871520996094,5.76000022888184,328.225799560547,81.0691986083984,91.2085113525391,363.393676757812,91.2643203735352,97.1080551147461,9328,2433,5008.80615234375,1306.43493652344,9,243,130.482406616211,4.83268165588379,175,277,,,1.48739206790924,0.939688146114349,1.71197760105133,0.987746477127075,74,1,39.7353820800781,0.536964654922485,28.4005966186523,29.0158142524008,761.010922173718,438.789553212499,,,,875.426722611081,504.760298824085,,,5905,76.7005826725929
2019,MG,31026,Diamantina,100,100,100,52.112676056338,83.0464267083985,86.1241523213354,84.3505477308294,82.6812728221179,95.8789775691184,74.8043818466354,50.7042253521127,84.8200312989045,76.7617950439453,0.873616755008698,18.2294692993164,80.8386688232422,,,,,,636.473388671875,178.942352294922,94.7341842651367,6.17420053482056,331.921356201172,65.0667953491211,70.9329681396484,368.111907958984,72.9409561157227,76.0286102294922,10487,1913,7359.091796875,1342.41845703125,30,353,247.712341308594,21.0520401000977,202,199,,,1.39645206928253,1.41750407218933,1.63802421092987,1.44206476211548,53,0,37.1919403076172,0,7.59347105026245,23.0318833052673,1004.04469131464,374.837486173285,,,,1154.99991900509,431.193222687479,,,10833,191.373260939688
2019,MG,31066,Nanuque,95.7843895463367,100,95.7843895463367,100,97.9892761394102,95.4423592493298,99.0616621983914,92.0911528150134,95.7104557640751,89.4101876675603,89.9463806970509,87.9356568364611,70.0125503540039,2.38393974304199,23.9648685455322,73.6511917114258,,,,,,827.402404785156,254.810653686523,143.514038085938,10.2654867172241,380.988861083984,90.0798263549805,99.9257202148438,423.330200195312,103.217178344727,105.41024017334,4363,1292,6389.3037109375,1892.04223632812,0,81,118.618751525879,0,45,61,,,0.893301725387573,0.658993065357208,0.911240994930267,0.834724545478821,31,0,45.3973007202148,0,9.31962585449219,26.0728476556119,636.703742393953,367.402009893333,,,,732.430316356106,422.639843963007,,,4916,182.472047289714
2019,MG,31020,Guanhães,96.7794449978044,99.6604868853688,96.7794449978044,99.7342781222321,97.2542072630647,97.9627989371125,98.5828166519043,99.2028343666962,98.8485385296723,88.2196634189548,90.1682905225864,99.3799822852081,77.9069747924805,0.536672651767731,13.685152053833,85.7781753540039,,,,,,697.046936035156,201.297729492188,106.00252532959,11.6743469238281,306.118560791016,59.8418769836426,60.6921501159668,343.278991699219,66.7504806518555,66.9952392578125,8511,2591,9113.0048828125,2774.26806640625,0,195,208.792861938477,0,85,83,,,0.888708055019379,0.910122692584991,1.1253399848938,0.972225189208984,31,0,33.1927108764648,0,8.14506244659424,22.4341663173739,727.220799408797,399.45691782069,,,,836.556352204008,459.514114979107,,,6241,174.096292673198
2019,MG,31088,Oliveira/Santo Antônio do Amparo,99.8773682659493,100,99.8773682659493,55.5450236966825,100,100,100,100,100,93.2701421800948,45.781990521327,100,84.1864700317383,0.0914076790213585,12.6142597198486,87.1115188598633,,,,,,777.064758300781,223.370620727539,136.2939453125,3.41047501564026,332.438659667969,64.3580627441406,85.6021041870117,367.996490478516,71.2613677978516,92.4082336425781,6583,1411,6230.71533203125,1335.49133300781,18,201,190.243621826172,17.0367431640625,95,136,,,1.28722059726715,0.899161398410797,1.58228743076324,0.985054969787598,37,1,35.0199699401855,0.946485698223114,17.0802803039551,25.6634335959146,759.106642742388,415.584330231099,,,,873.236140251575,478.066237398474,,,4142,93.7064724348072
2019,MG,31071,Frutal / Iturama,82.4813293710419,79.4673166605452,68.7218271060803,92.3965351299326,93.9364773820982,96.1501443695861,97.0644850818094,88.5466794995188,100,66.2656400384986,85.7555341674687,96.3426371511068,82.0873794555664,0.970873773097992,18.6407775878906,80.3398056030273,,,,,,615.459167480469,160.195541381836,102.94352722168,9.48121643066406,322.140930175781,71.0147933959961,69.473876953125,356.863464355469,80.7895812988281,75.0386352539062,7688,1474,4232.2451171875,811.437194824219,0,128,70.4640197753906,0,152,238,,,1.31019032001495,0.836760222911835,1.35423028469086,0.845981061458588,57,0,31.3785076141357,0,26.0634288787842,26.1522294587684,1029.04253965074,783.72947410598,,,,1183.75612184471,901.560943396929,,,7172,106.245628875545
2019,MG,31004,Lavras,88.0974327368323,64.4390145461884,65.1251452164475,91.0262105730786,91.6481563749445,90.1377165704131,93.0697467792092,88.2718791648156,95.9129275877388,75.7441137272323,79.9200355397601,93.2030208796091,83.9160842895508,0.611888110637665,20.9353141784668,78.4527969360352,,,,,,714.030334472656,199.906814575195,130.020690917969,5.76631259918213,322.4833984375,73.6720275878906,84.884765625,357.712463378906,82.3457260131836,90.3645095825195,9808,1950,5313.51220703125,1056.41809082031,33,216,117.018623352051,17.8778457641602,179,313,,,1.69568657875061,0.969737708568573,2.40660190582275,0.961205065250397,116,3,62.843334197998,1.62525868415833,21.4924201965332,27.2506363867452,901.511912002923,481.714666888468,,,,1037.05163161826,554.139079716909,,,6144,81.623231199629
2019,MG,31052,Janaúba/Monte Azul,100,98.9768752184047,100,96.2200282087447,89.1960507757405,92.12976022567,91.0014104372355,86.8547249647391,95.6840620592384,67.475317348378,95.0916784203103,88.688293370945,74.0660552978516,0.839198708534241,18.2187328338623,80.9420700073242,,,,,,597.714050292969,149.787704467773,94.4704284667969,9.254807472229,324.835174560547,62.7567901611328,69.6337203979492,360.685089111328,71.638786315918,74.8957366943359,16974,3571,6097.1142578125,1282.71447753906,20,288,103.450508117676,7.18406295776367,277,245,,,0.880047678947449,0.994992733001709,1.04914259910583,1.04177892208099,33,0,11.8537034988403,0,3.99326133728027,19.4464410008734,719.375636048577,264.57012771047,,,,827.531691126649,304.347484449771,,,30132,287.682408797309
2019,MG,31038,Mantena,100,100,99.9428269228021,77.030162412993,94.5475638051044,95.5916473317865,96.8677494199536,94.5475638051044,99.7679814385151,88.631090487239,73.2018561484919,95.3596287703016,74.9696197509766,1.09356009960175,25.0303764343262,73.6330490112305,,,,,,719.681274414062,217.046737670898,177.064437866211,5.15873003005981,306.503570556641,74.9932708740234,93.4062881469727,343.341857910156,85.2173614501953,103.216346740723,5228,1819,7465.265625,2597.42114257812,0,145,207.051162719727,0,85,64,,,0.913881003856659,1.21374821662903,0.99705845117569,1.23552429676056,19,0,27.1308422088623,0,5.22340106964111,18.5842393730137,836.946104083587,322.338876120235,,,,962.778540427775,370.801597808949,,,5816,214.324841388483
2019,MG,31084,Montes Claros ,100,100,100,100,80.8363417569194,80.9416365824308,81.5734055354994,79.7533092659447,87.8309265944645,57.2352587244284,100,84.4163658243081,76.6172180175781,1.98807156085968,21.5935153961182,76.3266525268555,,,,,,541.787780761719,120.672973632812,87.5160980224609,6.45295572280884,307.777191162109,55.4582672119141,69.2850341796875,343.017974853516,62.5665550231934,74.7683334350586,28680,4698,6468.9736328125,1059.66662597656,113,805,181.573348999023,25.4879360198975,604,1289,,,2.90742921829224,1.3623640537262,2.8946852684021,1.36884880065918,279,8,62.9303894042969,1.80445563793182,19.6672134399414,24.1375999312145,928.815876933877,259.705866951107,,,,1068.46066904116,298.751896094309,,,17070,87.7173753739546
2019,MG,31065,Itaobim,100,100,100,94.2202835332606,92.5845147219193,99.5637949836423,93.4569247546347,97.7099236641221,98.8004362050164,93.3478735005453,94.5474372955289,96.5103598691385,25.7297306060791,1.72972977161407,19.1351356506348,79.1351318359375,,,,,,716.3359375,211.560348510742,90.3152389526367,12.0898103713989,342.736114501953,66.3829574584961,60.2148132324219,379.325012207031,74.4459686279297,64.7244033813477,6450,1660,7979.90771484375,2053.74365234375,0,112,138.565841674805,0,69,54,,,0.668085336685181,0.853664577007294,0.853973865509033,0.894801318645477,8,0,9.89756011962891,0,3.20433521270752,20.4658356257557,649.253926939512,289.263752686047,,,,746.867385003558,332.753724822787,,,9030,340.976802454182
2019,MG,31032,Pará de Minas,84.775047457067,78.7497128394037,84.775047457067,92.5782414307004,100,100,100,97.0193740685544,100,70.521609538003,90.4321907600596,96.0655737704918,81.1030197143555,0.503919363021851,20.6886901855469,78.6394195556641,,,,,,520.604309082031,118.859428405762,103.803894042969,6.16438341140747,337.786773681641,66.5840072631836,84.6996383666992,375.297393798828,75.654914855957,91.5694198608398,13850,1760,5487.34326171875,697.308654785156,10,155,61.410701751709,3.96198081970215,216,220,,,0.871635794639587,0.855787873268127,1.43235516548157,0.906204044818878,83,0,32.8844413757324,0,24.9438381195068,28.0867578642852,736.875832201484,439.63440780432,,,,847.66299137058,505.732174870605,,,4557,42.4955177863459
2019,MG,31025,Vespasiano,88.7099807901626,60.7564297453386,71.6052085485318,61.8310482087572,85.8027421494914,85.3162317558602,86.4661654135338,84.6306943830164,87.5276426360018,73.6842105263158,58.0495356037152,78.8146837682441,77.1210021972656,0.463606864213943,27.723690032959,71.4881744384766,,,,,,521.281372070312,139.818908691406,94.2257843017578,7.0553936958313,299.575744628906,64.6324691772461,72.2202911376953,334.272644042969,73.0193862915039,77.4285736083984,19351,3265,5881.81640625,992.410278320312,0,190,57.7512855529785,0,259,346,,,1.05168128013611,0.787241220474243,1.85746371746063,0.872652351856232,82,0,24.9242401123047,0,21.9521751403809,28.2949420910949,700.818939265463,480.047192681144,,,,806.18504842548,552.22090556484,,,11909,104.119101510718
2019,MG,31078,Congonhas,81.2184127851386,90.4135564893899,78.2519263681432,93.5326418547895,93.0445393532642,91.8242830994509,93.8987187309335,89.2617449664429,95.1799877974375,64.0634533251983,83.3435021354484,91.5192190359976,79.8340759277344,0.319081038236618,11.6145496368408,88.002555847168,,,,,,598.630554199219,170.581817626953,116.378242492676,3.99467372894287,318.374725341797,75.0127487182617,76.4786071777344,356.133941650391,85.2668685913086,82.0441207885742,7423,1659,5916.95703125,1322.40759277344,0,136,108.407135009766,0,132,232,,,1.84929811954498,1.05218684673309,2.90527129173279,1.03484976291656,83,8,66.1602325439453,6.37689018249512,34.0573768615723,27.9574808660419,1330.19486666077,966.481721397752,,,,1530.18583390201,1111.78946474255,,,3517,66.0096948344601
2019,MG,31018,Contagem,83.730006412658,54.3029164952411,73.7455668766678,87.8101309441764,82.5982081323225,82.1157822191592,84.7777394900069,81.0992419021365,92.5913163335631,64.9465885596141,83.5889042039972,88.0427291523088,76.2492218017578,0.718913614749908,21.886926651001,76.9415130615234,,,,,,534.778869628906,134.578598022461,97.9686584472656,9.25570487976074,314.683563232422,65.3403472900391,75.6866073608398,352.897796630859,74.9894638061523,81.6434555053711,41733,5959,4759.634765625,679.621948242188,77,522,59.5339241027832,8.78182411193848,618,965,,,1.10057926177979,0.704826951026917,1.89248311519623,0.81306004524231,236,18,26.9157199859619,2.05289387702942,34.130500793457,29.1617481605504,788.483713147328,488.733200582885,,,,907.029968585935,562.212829738904,,,31768,94.5983079059327
2019,MG,31050,Coração de Jesus,100,100,100,84.0085287846482,100,100,100,100,100,77.6119402985075,77.1855010660981,100,73.757453918457,2.18687868118286,25.0497016906738,72.7634201049805,,,,,,586.516418457031,136.643615722656,58.8618621826172,12.5448026657104,298.033477783203,43.4785118103027,48.1497383117676,328.779510498047,49.5760650634766,49.959529876709,2598,412,5461.5400390625,866.110290527344,0,33,69.3729095458984,0,51,49,,,1.03008258342743,1.07212674617767,1.2397780418396,1.07055020332336,0,0,0,0,1.43791127204895,20.7678300583211,753.252591705534,337.854754821631,,,,866.501949500997,388.650244187369,,,7056,402.316016063574
2019,MG,31012,Varginha,78.8007847297987,53.5783278448958,61.3480536899316,100,87.3994638069705,88.5484488701647,89.2761394101877,85.8291842206051,96.8977403293757,78.3224818077365,97.4722328609728,90.6549214860207,84.21875,0.703125,15.078125,84.1796875,,,,,,696.441772460938,172.868576049805,142.56689453125,6.49072742462158,338.169677734375,67.2139053344727,97.8069610595703,376.994995117188,76.3518981933594,105.706954956055,11634,2111,5779.17529296875,1048.63671875,44,298,148.031143188477,21.8569469451904,235,420,,,2.08634495735168,1.1673595905304,2.74130821228027,1.28993237018585,178,12,88.4212799072266,5.96098518371582,27.4990196228027,30.7163532449968,1352.63888306125,593.839297146346,,,,1556.00424352952,683.121325215123,,,3846,47.4441772051527
2019,MG,31057,Patos de Minas,97.2956998326604,94.1830296145048,94.6270936641233,89.5388424636335,91.4887031878675,90.776849272671,91.7053543794491,83.6273599504797,97.4620860414732,72.0210461157536,51.1606313834726,88.4865366759517,83.015266418457,0.254452913999557,20.6106872558594,79.1348571777344,,,,,,718.220703125,182.116195678711,116.857887268066,1.63761222362518,340.925354003906,67.0807647705078,79.5546798706055,380.003387451172,76.0732574462891,84.7600631713867,11366,1827,4312.359375,693.179748535156,81,387,146.831176757812,30.7321071624756,377,517,,,1.96154308319092,1.43037092685699,2.68649840354919,1.48965346813202,199,21,75.5023345947266,7.96758317947388,20.035816192627,25.6708013263415,1019.01564444939,569.763950020726,,,,1172.2217118273,655.426318986166,,,8140,79.0987466358414
2019,MG,31098,salinas,98.9428529882216,100,98.9428529882216,81.8659658344284,90.53876478318,93.2982917214192,90.0131406044678,92.3784494086728,100,79.1064388961892,79.7634691195795,96.5834428383706,76.5463943481445,1.15979385375977,14.304123878479,84.5360794067383,,,,,,689.855895996094,174.647064208984,94.6004943847656,16.455696105957,328.339935302734,60.3636665344238,65.3000869750977,366.233428955078,68.7105941772461,71.3552169799805,5680,1292,8266.6279296875,1880.36669921875,0,52,75.6803970336914,0,61,52,,,0.756803929805756,0.887789249420166,1.30257606506348,0.930359482765198,26,0,37.8401985168457,0,5.26706457138062,18.6853545337064,440.45939144976,282.706058746546,,,,506.681192431184,325.210100485641,,,6629,268.394416106903
2019,MG,31022,Ouro Preto,98.1495763603122,79.0785095217806,81.8695157401964,81.522633744856,87.201646090535,88.7242798353909,89.3827160493827,85.761316872428,92.5925925925926,80.4526748971193,78.3127572016461,89.3827160493827,77.2647323608398,0.835532128810883,14.9076519012451,84.2128372192383,,,,,,621.254272460938,165.346740722656,120.39811706543,5.59862184524536,337.662017822266,71.6744003295898,87.0144577026367,375.457489013672,81.7417449951172,93.2711639404297,11781,2520,6304.04541015625,1348.45886230469,10,190,101.66951751709,5.3510274887085,175,276,,,1.47688353061676,0.936429798603058,2.25385284423828,0.960375666618347,77,0,41.2029113769531,0,35.0556488037109,31.9137912264415,1320.82241725408,960.463518663337,,,,1519.40426371967,1104.86644255944,,,8670,140.847779943634
2019,MG,31031,Itaúna,86.1221278701023,82.7562714421276,83.6889786450603,96.8727789623312,91.9687277896233,95.0248756218905,92.5373134328358,86.7803837953092,100,66.8088130774698,91.2579957356077,94.2430703624733,79.3850479125977,0.768693208694458,17.1907749176025,82.04052734375,,,,,,736.342590332031,189.322219848633,123.260856628418,2.73522973060608,342.816101074219,71.4648971557617,78.2449188232422,382.961273193359,80.8188781738281,85.1029357910156,6939,1663,5590.2421875,1339.7568359375,10,110,88.6189117431641,8.05626487731934,119,176,,,1.4179025888443,0.958695530891418,1.61286425590515,1.05980169773102,41,0,33.0306854248047,0,23.900520324707,28.8403022533084,898.577067081924,539.610341533046,,,,1033.67554121574,620.739202304756,,,3081,61.0250310597617
2019,MG,31009,São Sebastião do Paraíso,99.3780757776044,97.4716909012725,92.7288219274077,100,100,100,100,100,100,78.7348586810229,83.9165545087483,100,86.4120254516602,1.25234818458557,13.0870380401611,85.6606140136719,,,,,,838.214965820312,223.047729492188,129.383560180664,10.4166669845581,345.52001953125,62.9852294921875,80.7886276245117,384.471282958984,71.831413269043,86.7955017089844,9442,1232,7494.7216796875,977.91748046875,30,192,152.402725219727,23.8129253387451,191,213,,,1.69071769714355,1.51608955860138,2.18027186393738,1.63555109500885,99,7,78.5826568603516,5.55634927749634,17.3556537628174,29.2843285772786,1112.68703180493,485.61823504117,,,,1279.97632249815,558.629538099093,,,3835,78.8784369433405
2019,MG,31076,Manga,100,100,100,88.963963963964,100,100,100,100,100,94.2567567567568,85.2477477477478,100,74.5519714355469,0.955794513225555,17.3237762451172,81.6009521484375,,,,,,636.092102050781,186.259002685547,100.158142089844,15.7458562850952,315.640930175781,63.1140441894531,72.658317565918,351.153381347656,71.1895141601562,78.9789047241211,3941,1166,6924.96923828125,2048.84912109375,0,59,103.672462463379,0,59,29,,,0.509576499462128,1.03672468662262,0.72922158241272,1.08943951129913,4,0,7.02864170074463,0,0.94008082151413,19.604192575873,653.727557575439,300.991115080824,,,,752.013613121541,346.244262378815,,,7484,458.170826627703
2019,MS,50004,Três Lagoas,97.6595577857927,91.8371420017962,82.9593567793348,86.3038548752834,99.3424036281179,100,96.7573696145125,100,100,91.4965986394558,84.2403628117914,100,81.0722579956055,0.489510476589203,20.2564105987549,79.1608428955078,,,,,,627.230041503906,174.524383544922,132.568008422852,3.37268137931824,354.868957519531,78.5556106567383,94.1903686523438,397.537414550781,89.5404357910156,102.67830657959,17927,3357,6320.60302734375,1183.59265136719,10,364,128.337112426758,3.52574491500854,378,501,,,1.76639819145203,1.33273160457611,1.49006795883179,1.42281436920166,253,14,89.2013473510742,4.93604278564453,24.4372901916504,26.219056588446,1374.67511518668,825.729215825338,,,,1581.35355969066,949.875225324536,,,11200,105.871889027191
2019,MS,50001,Campo Grande,69.4701837320307,95.2925115369178,64.1025299680301,100,98.8285499121412,100,100,97.5441385658104,100,85.653920174044,100,97.895573592168,71.4738235473633,0.809040725231171,30.8890895843506,68.2633438110352,,,,,,589.455444335938,165.060684204102,148.811187744141,2.58928561210632,330.057342529297,71.3151702880859,104.173202514648,368.566833496094,81.1514205932617,113.403396606445,94990,14844,6249.14892578125,976.548767089844,193,2243,147.561233520508,12.6969757080078,1977,3522,,,2.31703352928162,1.30061769485474,2.68075585365295,1.48970723152161,1187,168,78.0896911621094,11.0522899627686,21.8458061218262,26.5307447358957,1340.71128423384,619.602812358763,,,,1542.2833645699,712.758310740803,,,57731,97.354704982349
2019,MS,50003,Dourados,81.8718648879479,83.538992674213,76.1670135087994,94.203718102778,90.7471548738248,92.2881176221107,93.2777267265145,90.2028698664028,91.6307344313282,89.7504771329611,91.8215876157489,87.4178271011522,72.6213607788086,0.99964040517807,26.3430423736572,72.3624572753906,,,,,,624.237854003906,169.056976318359,146.571563720703,3.4305317401886,380.644378662109,78.2213897705078,108.386825561523,423.9375,89.4367523193359,117.399215698242,58293,12946,6935.14306640625,1540.19116210938,76,1177,140.028198242188,9.04175281524658,1064,1232,,,1.46571564674377,1.26584541797638,1.64488518238068,1.34516894817352,550,44,65.4337387084961,5.23469877243042,19.9256439208984,25.3527225842441,1024.66514055848,560.280125700138,,,,1178.72059340585,644.516628992392,,,38886,130.769490404033
2019,MS,50002,Corumbá,86.9137500560647,97.5473559884582,84.2226441610477,78.0594405594406,69.4493006993007,74.0821678321678,74.2132867132867,70.7167832167832,82.9108391608392,49.8688811188811,75.9615384615385,73.8636363636364,64.8433837890625,3.31930804252625,27.02197265625,69.6587219238281,,,,,,613.65625,206.283477783203,161.761871337891,4.95767831802368,395.661285400391,115.061462402344,135.474609375,439.979553222656,130.283874511719,146.494140625,8893,1792,6598.84521484375,1329.71228027344,7,143,106.109848022461,5.19418859481812,126,175,,,1.29854714870453,0.934953927993774,1.1566344499588,1.04551589488983,77,3,57.1360740661621,2.22608065605164,15.4067049026489,19.2455686193427,1159.58273476161,534.151819710856,,,,1333.92265933475,614.460007447142,,,6580,125.528976943639
2019,MT,51002,Baixada Cuiabana,55.4067984550148,52.6053878510887,42.8955375202847,76.6048757227156,70.0721225487274,75.5021755975443,76.0267032246528,68.3435655957561,76.1637956726471,54.3899386064255,77.9102342492698,64.6420694999106,70.2058715820312,0.510173439979553,29.1879234313965,70.0378112792969,,,,,,565.993530273438,155.440567016602,132.99462890625,2.39343118667603,358.017425537109,81.1913528442383,102.547645568848,400.634552001953,92.5722274780273,111.017478942871,50866,6588,5029.6689453125,651.426513671875,180,1920,189.85107421875,17.7985382080078,1641,2387,,,2.36028385162354,1.62263345718384,2.62956094741821,1.81508016586304,1198,383,118.459159851074,37.8713340759277,27.0029544830322,27.1418282491658,1034.16881279502,490.95933719213,,,,1189.65311539257,564.773659576076,,,46512,104.224246798312
2019,MT,51006,Médio Araguaia,91.9067342565117,98.1464309264754,91.9067342565117,97.4061810154525,92.6600441501104,99.3377483443709,97.9580573951435,96.7439293598234,100,77.6490066225166,99.0618101545254,100,63.8253631591797,2.59875249862671,27.4948024749756,69.6465682983398,,,,,,442.486846923828,98.217903137207,106.318344116211,13.5011444091797,322.773468017578,65.254508972168,91.6981048583984,356.2197265625,72.5171203613281,96.3680725097656,5645,1309,5715.876953125,1325.43542480469,0,191,193.398132324219,0,115,93,,,0.941676795482635,1.16443908214569,1.1307715177536,1.2003847360611,42,0,42.5273399353027,0,7.27521276473999,23.3413118127384,1110.37878163122,704.227121043521,,,,1277.32103355859,810.105640518306,,,4483,149.128375198962
2019,MT,51001,Alto Tapajós,95.6879099144486,91.3524961049381,95.6879099144486,100,92.4066135946111,93.0189834660135,95.4072259644825,90.2020820575628,86.0992039191672,88.426209430496,93.8763012859767,84.996938150643,84.1250762939453,0.0601322911679745,17.6187610626221,82.3211059570312,,,,,,558.659240722656,177.881546020508,127.852355957031,4.97512435913086,341.547698974609,91.5574798583984,98.5239944458008,384.861450195312,105.281799316406,106.893630981445,6853,1120,6349.07421875,1037.64233398438,0,178,164.911010742188,0,100,113,,,1.0469069480896,0.926466345787048,0.923918604850769,0.960282385349274,68,10,62.9997138977051,9.26466369628906,4.30065679550171,23.6844352281097,788.058872904363,429.666738597031,,,,906.54125483598,494.265895304888,,,3997,96.5304688971322
2019,MT,51013,Sul Matogrossense,81.6370325539304,81.1167729778131,74.4005559617929,99.1774791473587,81.5685820203892,87.8127896200185,85.275718257646,79.8076923076923,82.5532900834106,75.3591288229842,94.0801668211307,77.8382761816497,71.2447357177734,0.603575885295868,26.0448703765869,72.8049163818359,,,,,,554.177978515625,155.283325195312,96.6501541137695,8.49829387664795,359.357940673828,83.98876953125,77.1520156860352,400.757293701172,95.4060668945312,83.2345657348633,33903,5646,6412.3876953125,1067.88012695312,64,827,156.418151855469,12.1049118041992,606,705,,,1.33343172073364,1.14618384838104,1.75436103343964,1.2321949005127,403,37,76.2231140136719,6.99815225601196,16.4774322509766,25.2484194130967,1171.10983382241,645.858574488761,,,,1347.18282454129,742.961551090452,,,21242,94.3194714327171
2019,MT,51009,Norte Araguaia Karajá,100,100,100,85.2112676056338,100,100,100,100,100,100,61.2676056338028,100,63.4241256713867,0.389105051755905,27.2373542785645,72.3735427856445,,,,,,381.602722167969,76.3205490112305,80.3374176025391,25.2631587982178,279.021270751953,47.0226707458496,61.4894485473633,311.040069580078,54.6417465209961,65.2721481323242,1397,289,5611.568359375,1160.87573242188,0,40,160.674835205078,0,28,16,,,0.642699360847473,1.12472379207611,0.818437457084656,1.10263109207153,0,0,0,0,2.94838309288025,20.5207457610647,1299.15129594204,756.531691562538,,,,1494.47495173119,870.274052577694,,,1462,158.484147534454
2019,MT,51004,Centro Norte,95.6841403599534,97.2142906887666,95.6841403599534,80.1846590909091,83.7357954545455,88.4943181818182,90.4829545454545,86.71875,90.3409090909091,79.6164772727273,75.0710227272727,83.0965909090909,79.2479095458984,0.905292451381683,17.6880226135254,81.4066848754883,,,,,,569.209350585938,141.314117431641,101.785697937012,8.85416698455811,359.519989013672,64.974739074707,76.6166229248047,396.876525878906,71.813102722168,81.1731262207031,6208,1614,6134.8115234375,1594.97192382812,0,188,185.783599853516,0,103,60,,,0.592926383018494,1.01785695552826,0.735722839832306,1.03663301467896,30,0,29.6463203430176,0,7.4264030456543,22.8180606184217,971.916130052829,549.226130251808,,,,1118.04092108782,631.800697163913,,,6062,161.514212679439
2019,MT,51005,Garças Araguaia,94.8627223357478,91.0938481477653,92.4773589256323,85.6751824817518,82.2536496350365,80.5656934306569,90.8302919708029,88.3667883211679,86.6332116788321,83.8959854014599,81.478102189781,67.8375912408759,56.3951034545898,11.7349090576172,27.9864921569824,58.5901222229004,,,,,,682.364501953125,203.20703125,166.044662475586,6.37311697006226,423.728912353516,114.072280883789,125.575126647949,465.616455078125,125.661911010742,132.190979003906,7660,1403,6056.6767578125,1109.33642578125,10,257,203.20703125,7.90688848495483,169,174,,,1.3757985830307,1.33626413345337,1.54876184463501,1.36492657661438,36,0,28.4647979736328,0,12.1457710266113,25.3219138536716,1185.4604338976,562.365745704358,,,,1363.69099600806,646.915815957661,,,6656,155.5656381419
2019,MT,51011,Oeste Matogrossense,72.9741370573809,60.0284776131504,64.1116200822912,97.9227523531321,86.8873742291464,91.5287244401168,91.7234664070107,87.0172022070756,91.5611814345991,72.6062966569296,100,87.990912041545,69.5638427734375,0.916561305522919,33.1542358398438,65.7395706176758,,,,,,619.479309082031,180.597381591797,128.133346557617,4.07166147232056,367.110046386719,84.8976974487305,95.7840805053711,408.569702148438,95.8708343505859,105.353340148926,13254,2086,6686.138671875,1052.3076171875,16,313,157.896591186523,8.07139110565186,204,232,,,1.17035174369812,1.02910244464874,1.19153916835785,1.06983768939972,129,30,65.0755920410156,15.1338586807251,9.29874706268311,22.7723017755071,632.540257007925,382.757896102317,,,,727.640862933126,440.304443438559,,,11669,152.999950557531
2019,MT,51007,Médio Norte Matogrossense,82.9122283330948,58.688638547566,77.9685551307477,91.225453641561,94.2331593338305,97.0917225950783,95.1528709917972,94.9540144171017,97.0668655232414,91.9463087248322,84.464330101914,87.7951777280636,73.8266296386719,0.478927195072174,23.227970123291,76.2212677001953,,,,,,454.349884033203,116.200988769531,106.953163146973,4.9557523727417,361.310760498047,86.1461639404297,99.4307250976562,402.051849365234,98.4778594970703,107.689125061035,12895,2918,5184.81591796875,1173.26818847656,0,284,114.19059753418,0,220,286,,,1.14994752407074,0.884575009346008,1.35068571567535,0.926491796970367,205,73,82.4263076782227,29.351806640625,19.1663284301758,24.3923896372386,903.660111058862,566.038043752939,,,,1039.52280621544,651.140233441627,,,5833,59.6417981547964
2019,MT,51008,Noroeste Matogrossense,73.181597527329,84.969798265935,73.181597527329,97.7905435262925,100,100,100,100,100,96.6858152894388,89.3062306672559,96.155545735749,59.9467124938965,0.31083482503891,25.088809967041,74.5115432739258,,,,,,422.990936279297,102.433700561523,95.8056411743164,4.55840444564819,328.864868164062,70.4467163085938,87.6756439208984,368.079895019531,79.8938980102539,95.5101470947266,8804,2270,5304.86083984375,1367.79125976562,0,222,133.766372680664,0,130,84,,,0.506143033504486,0.783316552639008,0.635992825031281,0.782111465930939,85,10,51.2168502807617,6.02551221847534,2.2782461643219,23.69111251312,810.420000553033,412.275101174273,,,,932.26431362658,474.259475283534,,,5278,77.1483798826351
2019,MT,51012,Sudoeste Matogrossense,80.4652340946511,96.3963355427027,80.4652340946511,81.8092909535452,90.8557457212714,93.1051344743276,95.0611246943765,89.6332518337408,87.1882640586797,85.9168704156479,72.7628361858191,84.1564792176039,69.5522384643555,1.14427864551544,31.0447769165039,67.4626846313477,,,,,,501.211120605469,120.692977905273,82.9764251708984,10.2006692886353,329.548980712891,61.056755065918,69.0348052978516,369.934539794922,71.45166015625,74.5726165771484,9623,2526,8065.47607421875,2117.15600585938,0,166,139.132186889648,0,99,84,,,0.704042375087738,0.829764246940613,0.76019811630249,0.81006783246994,66,0,55.3176155090332,0,8.10654544830322,19.810783344979,959.089223287035,536.383540507451,,,,1103.28552583128,617.02726103815,,,5157,118.01917779001
2019,MT,51003,Araguaia Xingu,82.2110327850509,96.4809220096229,82.2110327850509,100,100,100,100,100,100,100,99.1554054054054,100,66.4609069824219,0.823045253753662,35.5281219482422,63.511661529541,,,,,,387.827514648438,68.3105239868164,70.5140914916992,16.7613639831543,301.970550537109,40.9823989868164,62.737060546875,335.349609375,45.6085472106934,67.5911407470703,4672,724,5147.52880859375,797.690673828125,0,126,138.824615478516,0,69,41,,,0.451730906963348,0.76023006439209,0.549789547920227,0.777307689189911,22,0,24.2392196655273,0,2.21458315849304,23.8587373086651,917.769802170751,473.414015441423,,,,1055.75384875009,544.590449230677,,,4548,148.656959574779
2019,MT,51014,Teles Pires,91.4956296229692,77.4881808157722,85.3669271067489,100,100,100,100,100,100,68.4756391702846,98.5528219971056,100,75.4322891235352,0.336851567029953,21.2104206085205,78.4527282714844,,,,,,417.667572021484,83.0720062255859,88.8408889770508,4.41988945007324,370.763031005859,72.4254760742188,89.6785430908203,414.678833007812,82.8527069091797,96.2388458251953,22402,2696,5169.38623046875,622.117004394531,29,370,85.3795547485352,6.69191122055054,588,705,,,1.62682676315308,1.35684275627136,1.9080023765564,1.33820915222168,333,63,76.8416061401367,14.5376005172729,20.5677051544189,26.0496680117343,1004.86778833367,720.258635079433,,,,1155.94676629041,828.547446518757,,,10322,60.8874831966577
2019,MT,51010,Norte Matogrossense,87.1965834313854,97.6917825133278,87.1965834313854,86.1493123772102,95.1866404715128,98.4282907662082,97.7406679764244,96.7583497053045,92.7308447937132,78.8801571709234,84.2829076620825,99.0176817288802,83.3025817871094,0.461254626512527,15.7749080657959,83.4870834350586,,,,,,599.142028808594,170.14469909668,113.429794311523,8.00970840454102,318.107604980469,62.4241104125977,82.1332015991211,354.994140625,72.2363357543945,88.2915420532227,4415,839,6420.41748046875,1220.09741210938,8,129,187.595428466797,11.633825302124,89,73,,,1.06158661842346,1.29426312446594,1.47458732128143,1.44150364398956,39,10,56.7148971557617,14.5422821044922,4.03257465362549,22.5901869761422,844.22115454453,513.328853009108,,,,971.147373773375,590.506367671931,,,2714,97.2744665967454
2019,MT,51015,Vale do Peixoto,83.8598157469845,98.6855351885269,83.8598157469845,82.5693265421619,84.8330503678551,86.3044708545557,87.1533672891907,84.6066779852858,87.719298245614,73.6842105263158,81.0413129598189,77.4193548387097,72.6269302368164,0.88300222158432,24.1721858978271,74.7240600585938,,,,,,533.898315429688,128.060256958008,99.8116760253906,6.17283964157104,375.031188964844,72.4134826660156,83.4260406494141,418.729187011719,83.2703323364258,89.147705078125,7027,1069,6616.7607421875,1006.59130859375,0,158,148.775894165039,0,74,73,,,0.687382280826569,0.696798503398895,0.822740137577057,0.754708111286163,33,0,31.0734462738037,0,2.98116755485535,28.4603731766588,876.943321113116,480.178690473929,,,,1008.78922384571,552.372173672056,,,5083,133.399386352854
2019,MT,51016,Vale dos Arinos,80.1743688887236,79.1054764471874,80.1743688887236,100,100,100,100,100,100,96.732788798133,69.8949824970829,100,70.3003311157227,0.333704113960266,21.579532623291,77.9755249023438,,,,,,575.320617675781,152.181579589844,126.199356079102,6.77419376373291,400.488555908203,90.1488800048828,103.226669311523,445.994232177734,100.215942382812,111.261177062988,3002,653,5571.33056640625,1211.88500976562,0,89,165.17268371582,0,48,42,,,0.77946662902832,0.890819013118744,1.04392850399017,0.915873289108276,32,0,59.3879318237305,0,5.6567006111145,22.2422204672378,1044.70303509685,538.806180986727,,,,1201.77112767892,619.81413853628,,,1539,68.1437470312833
2019,PA,15011,Tocantins,59.1104561476081,93.768079721698,53.5174125494454,72.612168592794,69.4595513256288,76.6825288919103,76.5295717199184,68.2868796736914,79.2488103331067,60.9619306594154,68.0574439157036,67.7515295717199,43.4306259155273,2.79334282875061,47.8464508056641,49.100944519043,,,,,,383.214019775391,95.5907669067383,86.3720779418945,13.8786087036133,311.092010498047,71.7730255126953,83.4885482788086,344.562835693359,80.2186965942383,89.4915618896484,46837,11619,6642.70751953125,1647.87707519531,20,780,110.624336242676,2.83652138710022,388,348,,,0.493554711341858,0.550285160541534,0.569644391536713,0.584997057914734,103,0,14.6080846786499,0,3.48651027679443,18.0089033863654,420.130180876215,171.189408751806,,,,483.295543596033,196.927243332143,,,115833,488.997265636889
2019,PA,15003,Carajás,64.5345177917979,82.0548515234796,59.530628969236,87.0123939986954,85.2446183953033,85.4468362687541,92.9615133724723,83.9791258969341,93.2093933463796,67.2341813437704,84.8401826484018,79.2433137638617,61.2520370483398,1.00423872470856,42.7518730163574,56.1721534729004,,,,,,443.53955078125,108.199882507324,95.1747665405273,10.8706855773926,389.523162841797,91.3854675292969,96.3163604736328,436.855895996094,105.740707397461,104.451156616211,45109,10037,5153.94775390625,1146.78161621094,38,952,108.771156311035,4.34170579910278,609,652,,,0.744945347309113,0.69581550359726,0.810242295265198,0.694358766078949,381,20,43.5313148498535,2.2851083278656,14.4638223648071,30.1363120458882,905.354616861146,597.372552331033,,,,1041.47207608492,687.185795141053,,,63360,190.505664537889
2019,PA,15007,Metropolitana II,69.8577868368353,99.4769676208894,67.7491752076059,80.070222370841,80.638689182411,81.3576325029259,84.8185922086608,75.3385721451262,88.8814579501756,62.0632001337569,67.7645878615616,77.1442902524661,45.6927604675293,4.22535228729248,54.4710121154785,40.9597129821777,,,,,,474.439056396484,125.682823181152,91.1336517333984,12.2706422805786,372.399719238281,85.6710891723633,87.6814422607422,414.378845214844,96.9008331298828,94.2081527709961,24840,8965,6757.4921875,2438.84521484375,0,437,118.881805419922,0,156,97,,,0.263879507780075,0.424383550882339,0.412957847118378,0.469542324542999,36,0,9.79346656799316,0,1.43175041675568,17.6119467848217,383.006572022712,140.550950138862,,,,440.5905070674,161.682380705503,,,52723,416.250751427671
2019,PA,15013,Marajó I,56.8930540516995,97.6772164764548,55.6484834907715,100,83.3038646122758,82.1166961353877,87.5221015407931,72.9982318767366,88.4061631725183,62.7178580449608,82.6723920181864,78.100530436979,40.465576171875,5.29965353012085,55.8940086364746,37.8405151367188,,,,,,307.752838134766,81.9581451416016,85.2364730834961,7.98934745788574,260.168426513672,60.6742210388184,82.4175872802734,288.143005371094,67.9251861572266,88.795036315918,12813,4223,5250.6484375,1730.54626464844,0,221,90.5637512207031,0,89,59,,,0.241776525974274,0.364713728427887,0.278760135173798,0.391452580690384,0,0,0,0,0.452818751335144,17.1442116443097,359.004899749841,135.380148809153,,,,412.980252493119,155.734164287781,,,41132,564.400219128534
2019,PA,15001,Araguaia,69.6563801166132,97.6498127844306,69.6563801166132,87.4679979518689,79.1730670762929,81.221198156682,83.6021505376344,75.3968253968254,80.0179211469534,77.0993343573989,80.0435227854583,70.7117255504352,63.9276809692383,1.03491270542145,41.9825439453125,56.8703231811523,,,,,,415.047607421875,96.7032623291016,87.3505783081055,14.7534017562866,361.573486328125,81.8468322753906,88.440071105957,404.085876464844,92.6614227294922,95.4983978271484,40540,13644,7153.923828125,2407.69946289062,19,884,155.99577331543,3.35285043716431,375,274,,,0.483516335487366,0.661746799945831,0.643306136131287,0.725848019123077,268,11,47.292839050293,1.94112396240234,2.70645618438721,16.8873499228205,531.262511592309,191.861807468189,,,,611.136300174179,220.707677659026,,,39865,193.897799150618
2019,PA,15002,Baixo Amazonas,66.3884324164873,100,61.5760023285531,82.2720788483984,72.5003242121644,63.6039424199196,76.8123459992219,67.8057320710673,78.2842692257814,45.8371158085851,70.4123978731682,68.9404746466087,48.9310569763184,1.02466797828674,43.0423774719238,55.8254280090332,,,,,,468.955505371094,113.254241943359,98.3523712158203,12.2409505844116,339.626617431641,71.8239974975586,88.4143371582031,377.2060546875,81.8301467895508,94.3101043701172,45235,9029,5861.6201171875,1169.99145507812,56,1028,133.20979309082,7.25656509399414,644,454,,,0.588300108909607,0.834504961967468,0.808977425098419,0.907103002071381,155,0,20.0851345062256,0,5.68438816070557,22.0277737181439,513.826595691916,207.467174514874,,,,591.0789445336,238.659266697723,,,94960,376.609246041595
2019,PA,15012,Xingu,70.8610112366035,85.2452488269955,70.8610112366035,97.4540103016924,83.0169242089772,85.6070640176601,89.7424576894776,81.8837380426784,87.0787343635026,80.206033848418,94.9521707137601,81.8543046357616,54.5933303833008,2.6477472782135,49.2100639343262,47.5716781616211,,,,,,489.328430175781,110.484306335449,101.634140014648,6.88448095321655,418.151733398438,84.87548828125,100.438331604004,465.410339355469,96.7159805297852,108.127311706543,27510,5665,7853.806640625,1617.29602050781,20,500,142.744583129883,5.70978307723999,288,186,,,0.5310098528862,0.822208762168884,0.594888031482697,0.8641756772995,98,0,27.9779376983643,0,1.86909747123718,20.1625725108928,606.540561801319,277.073180010735,,,,697.73218843133,318.73033465459,,,45993,443.310737240291
2019,PA,15014,Marajó II,55.6479771272424,94.1249399084078,55.6479771272424,68.6872637205058,57.8803285099726,62.2213531482206,72.4025550775649,53.2655455612045,79.4811628210142,42.588971450919,50.0195541650371,64.8807195932734,24.7768421173096,13.0196380615234,63.2491722106934,23.6291770935059,,,,,,291.718200683594,73.7103805541992,81.518684387207,8.77944278717041,261.315795898438,69.0976791381836,77.6125946044922,287.982727050781,77.6705780029297,82.8516006469727,18679,3672,5834.0517578125,1146.88354492188,17,294,91.8256454467773,5.30964612960815,149,88,,,0.274852275848389,0.465374857187271,0.381747931241989,0.518393218517303,0,0,0,0,0.404782444238663,18.2227620239385,401.942398951244,116.960335058067,,,,462.373281039454,134.544984588283,,,48089,570.062618750699
2019,PA,15006,Metropolitana I,53.2729018106965,43.8759664815125,38.3146379776627,76.1341675128566,71.6695600904058,76.0948606243244,77.4902551672181,67.7323200890956,75.6395558321596,57.9088735300861,68.6527563955583,69.1277146319892,56.9585075378418,6.17771196365356,37.1829643249512,56.1794281005859,,,,,,581.592712402344,150.892486572266,135.704971313477,1.52073729038239,370.075531005859,78.580322265625,110.334007263184,414.438323974609,89.5138778686523,119.249320983887,109402,20305,4886.8974609375,907.007690429688,364,3659,163.444534301758,16.2595806121826,2328,4280,,,1.91184091567993,1.03989851474762,2.05271625518799,1.05649316310883,2349,440,104.92790222168,19.6544399261475,23.2165832519531,23.0249927767788,618.188031274685,241.413946802806,,,,711.130821395304,277.709838432441,,,170721,176.589929344444
2019,PA,15009,Rio Caetés,95.2986188632971,100,95.2986188632971,84.2117564567021,78.1699193642632,76.2299871450275,81.6991936426318,74.1615052004207,82.2367652214561,69.9076779245062,82.7626504616104,67.1964473530443,49.0257415771484,10.6687517166138,41.6406059265137,47.6064453125,,,,,,483.694244384766,144.295349121094,94.4109115600586,17.1504974365234,357.138122558594,95.8811874389648,88.6977844238281,400.195465087891,109.155960083008,96.1228256225586,35007,6557,6467.7939453125,1211.45275878906,36,764,141.154479980469,6.65125799179077,357,236,,,0.436026901006699,0.65958309173584,0.654363691806793,0.776765286922455,233,13,43.0484199523926,2.40184307098389,1.33191442489624,20.4245153251389,453.915583605268,158.927744317324,,,,522.160484323439,182.82207296353,,,74031,428.282353095854
2019,PA,15008,Metropolitana III,84.7668491924097,98.4090341633089,83.6847169129042,92.6644615950018,82.3667769202499,87.4604924660051,88.0411613377435,81.337743476663,89.5994119808894,78.3608967291437,83.9397280411613,80.374862183021,55.7091217041016,1.50258696079254,40.8108291625977,57.4243392944336,,,,,,462.093139648438,145.302261352539,90.0554733276367,7.90140533447266,353.583587646484,96.948600769043,85.3761215209961,395.868988037109,110.709938049316,91.9644470214844,53574,12266,5702.87451171875,1305.69787597656,37,1224,130.293014526367,3.93859624862671,598,404,,,0.430052131414413,0.636562287807465,0.667725145816803,0.676799833774567,208,7,22.1412982940674,0.745139837265015,2.90423560142517,18.7812458151524,496.41271265971,163.791510497383,,,,571.046934339485,188.417092381114,,,113681,326.059410411904
2019,PA,15010,Tapajós,75.0466123800667,100,72.3247215732529,96.0081651168065,85.6203220684963,82.5810841460649,94.2390564753913,84.6677251077342,95.2823769562259,58.3805851667045,84.4409163075527,82.1728283057383,49.6100921630859,2.5917432308197,46.2385330200195,50.8027534484863,,,,,,544.916015625,134.759307861328,94.9646148681641,12.4481325149536,447.693481445312,104.88387298584,94.9159240722656,501.909454345703,121.219177246094,103.463577270508,11675,2442,5279.58056640625,1104.30285644531,0,205,92.7035522460938,0,188,83,,,0.375336319208145,0.850159406661987,0.44102019071579,1.02075660228729,345,1,156.013290405273,0.452212452888489,2.55680918693542,17.7559535769507,539.127372967088,233.550704198517,,,,620.183620805855,268.664379948735,,,24381,333.357486303522
2019,PA,15004,Lago de Tucuruí,59.1312248327328,80.9507217740691,54.0172802371071,85.3886616014027,74.2694330800701,74.1817650496785,77.4839275277615,68.9216832261835,81.0637054354179,60.4178842781999,83.7960257159556,70.7334891876096,58.958911895752,0.571516811847687,40.3460006713867,58.6963233947754,,,,,,347.492279052734,87.5229873657227,86.8730697631836,4.55112218856812,322.872131347656,70.1746292114258,93.8501586914062,361.307678222656,80.6264419555664,102.301536560059,17282,3337,3743.99096679688,722.931213378906,15,475,102.904510498047,3.24961590766907,324,178,,,0.385621100664139,0.701917052268982,0.511056303977966,0.727913975715637,211,15,45.7112655639648,3.24961590766907,1.71709704399109,21.4930110388222,485.179500359454,194.139381629494,,,,558.124840921536,223.327678536069,,,40366,251.32313703626
2019,PB,25011,11ª Região,99.123615146576,100,99.123615146576,65,100,100,100,100,100,96.8085106382979,61.4893617021277,99.5744680851064,84.5298309326172,0.606673419475555,12.9423656463623,86.4509582519531,,,,,,542.678527832031,165.981948852539,130.666641235352,5.6399130821228,300.971954345703,74.6028594970703,91.0705718994141,336.818817138672,85.1601257324219,99.0962371826172,2270,376,2672.19165039062,442.618499755859,0,100,117.71768951416,0,108,74,,,0.871110916137695,1.27135109901428,0.854630410671234,1.29018592834473,4,0,4.70870780944824,0,0.694534361362457,21.432039076175,753.18339274325,275.944900432287,,,,866.422346674026,317.432421490968,,,12679,499.281836432015
2019,PB,25007,7ª Região,100,100,100,81.0316139767055,97.9209979209979,98.1808731808732,99.012474012474,95.1143451143451,100,78.0665280665281,75.0970604547976,98.1288981288981,78.1049270629883,0.481798708438873,19.3790149688721,80.1391830444336,,,,,,653.229797363281,176.257690429688,131.856887817383,13.8002061843872,325.025634765625,66.5786972045898,82.7767791748047,362.969024658203,74.9306564331055,90.29541015625,6129,1457,4123.21875,980.181091308594,10,326,219.313003540039,6.72739267349243,241,124,,,0.83419668674469,1.62130165100098,0.943853199481964,1.5864874124527,21,10,14.1275243759155,6.72739267349243,1.0911830663681,19.6274936194682,860.525513652611,314.534088795721,,,,989.903046316802,361.823383187982,,,24106,502.926698117031
2019,PB,25003,3ª Região,100,100,100,85.195831836148,100,100,100,99.0657563780093,100,85.5551563061445,78.2608695652174,96.802012217032,74.615119934082,1.26582276821136,23.605884552002,74.5124893188477,,,,,,744.572937011719,237.877868652344,135.930206298828,11.3760213851929,366.6865234375,86.0470962524414,92.9068069458008,407.013031005859,97.3176651000977,99.820442199707,8426,1248,4273.6865234375,632.988464355469,0,180,91.2964096069336,0,174,126,,,0.639074862003326,0.882531940937042,0.727581679821014,0.886843204498291,0,0,0,0,3.10357069969177,21.617932247723,617.865501662887,252.648401747302,,,,710.759800385257,290.633361322612,,,29132,424.231692682325
2019,PB,25002,2ª Região,100,100,100,91.1579457364341,100,100,100,100,100,100,84.5203488372093,100,73.7576522827148,0.832313358783722,21.566707611084,77.5275421142578,,,,,,688.810241699219,239.161178588867,157.703002929688,5.01419115066528,322.228271484375,77.8537979125977,106.031845092773,358.893798828125,88.8140029907227,114.747581481934,14405,2411,4693.61962890625,785.582580566406,6,276,89.929817199707,1.9549959897995,308,292,,,0.951431393623352,1.00356459617615,0.910457909107208,1.02287018299103,97,0,31.6057682037354,0,2.33752346038818,19.1208861246272,605.864922354829,252.504078255112,,,,696.954968539901,290.467339209023,,,44602,430.177801519458
2019,PB,25015,15ª Região,100,100,100,87.167522165189,100,100,100,100,100,99.7200186654223,76.9015398973402,100,80.0442504882812,0.884955763816833,18.4513282775879,80.3097381591797,,,,,,697.680603027344,207.847915649414,136.358825683594,9.48766613006592,338.585144042969,80.1345901489258,91.0876541137695,377.071166992188,91.4220352172852,98.600830078125,6875,1075,4550.81005859375,711.581237792969,0,134,88.6994247436523,0,156,107,,,0.708271563053131,1.0326201915741,0.777443885803223,1.08954668045044,0,0,0,0,3.03497672080994,19.0608293739373,744.522901229244,266.336259063439,,,,856.459775203106,306.379148565201,,,24204,479.411723382676
2019,PB,25001,1ª Região Mata Atlântica,96.4994828772785,98.6367953001426,91.4199920797561,100,83.2902584493042,85.0149105367793,91.7395626242545,79.5278330019881,100,71.3667992047714,100,83.2256461232604,65.9063491821289,1.97447752952576,31.4660377502441,66.2479934692383,,,,,,653.170471191406,169.444900512695,144.302459716797,2.3212411403656,368.717163085938,77.8451385498047,104.732734680176,412.674285888672,88.7274856567383,113.499000549316,68136,9744,5191.2314453125,742.388122558594,247,2496,190.168380737305,18.8187465667725,2367,3133,,,2.38700938224792,1.80339968204498,2.42186594009399,1.71694397926331,974,171,74.2083358764648,13.0283632278442,20.7365055084229,20.2836416677002,785.925645711342,324.62132551818,,,,904.087303078182,373.427206900421,,,124364,251.930118394209
2019,PB,25005,5ª Região,100,100,100,94.6856772521063,100,100,100,99.1574854180168,100,78.0298120544394,92.8062216461439,99.0926766040182,68.7087097167969,0.720720708370209,22.8228225708008,76.3363342285156,,,,,,822.519226074219,272.409912109375,179.84342956543,6.00214385986328,375.269653320312,89.4458389282227,117.104034423828,418.170623779297,101.277214050293,127.195007324219,5383,999,4745.57421875,880.703857421875,0,164,144.580017089844,0,150,78,,,0.68763667345047,1.32237815856934,0.878059089183807,1.30077934265137,14,0,12.3421964645386,0,1.96417236328125,19.5258970002893,985.112861312061,383.083158727913,,,,1133.22174288529,440.678608363157,,,19237,446.652419403366
2019,PB,25010,10ª Região,100,100,100,100,100,100,100,98.0055020632737,100,94.3603851444292,53.0949105914718,66.2998624484182,82.7102813720703,0.200267016887665,16.8891849517822,82.9105453491211,,,,,,764.06103515625,162.69303894043,165.248428344727,7.24637699127197,363.678466796875,62.5144882202148,103.775184631348,403.736785888672,70.7021255493164,111.788200378418,3515,516,2994.06298828125,439.526733398438,14,172,146.508911132812,11.9251441955566,153,105,,,0.894385814666748,1.30324792861938,1.04110765457153,1.38118720054626,96,2,81.7724151611328,1.70359206199646,4.13887691497803,20.5884317394965,778.73898858075,256.60990690365,,,,895.820152745579,295.190467370081,,,18758,537.391145258202
2019,PB,25006,6ª Região,99.9767560782855,98.0415939413662,98.5043592918634,100,82.4311784720074,85.7717290442314,85.1221775440767,80.9155583049799,89.8546241880606,71.1722858026601,98.7171464330413,79.8329724713888,87.4117279052734,0.399140298366547,19.8649063110352,79.6745452880859,,,,,,616.24462890625,181.421737670898,130.488952636719,6.69398927688599,318.578125,64.8108520507812,93.0608749389648,354.473693847656,73.7477951049805,100.348358154297,9101,1486,3830.90307617188,625.505126953125,17,417,175.528686523438,7.155846118927,379,231,,,0.972353160381317,1.59533274173737,1.22143971920013,1.54945111274719,64,15,26.9396553039551,6.31398153305054,3.24117732048035,18.788044598726,768.179510060392,290.31399934917,,,,883.673087040983,333.961873047,,,31786,390.594837731259
2019,PB,25016,16ª Região,99.8105673116268,85.9620696206231,90.9194700999591,87.4409019275064,100,100,100,99.9393865923142,100,90.289732088738,82.9191417141472,100,75.919075012207,1.13496172428131,25.3269176483154,71.9590454101562,,,,,,708.406982421875,226.871871948242,139.138397216797,6.87179470062256,364.861877441406,89.435920715332,100.919105529785,404.058044433594,100.894416809082,108.176376342773,28154,4768,5113.9716796875,866.072937011719,144,1429,259.567565917969,26.1565647125244,925,1258,,,2.28506660461426,1.68019604682922,2.15787124633789,1.58179104328156,414,39,75.2001266479492,7.08406972885132,15.6309089660645,18.99311655557,764.347326222453,234.192252824136,,,,879.264745399699,269.402383562557,,,45063,201.15802486231
2019,PB,25014,14ª Região,100,99.7291834550907,100,44.6392985253089,95.177361498605,95.5759266640096,97.2100438421682,89.6771622160223,93.4635312873655,71.5025906735751,42.7261857313671,82.9015544041451,66.3551406860352,0.428348898887634,30.4517135620117,69.0031127929688,,,,,,657.782470703125,242.237243652344,150.987991333008,5.38922166824341,364.268951416016,100.959922790527,114.942749023438,405.379577636719,114.954208374023,124.848251342773,8435,1320,5537.3203125,866.539733886719,10,138,90.5927886962891,6.56469488143921,185,105,,,0.689292967319489,1.21446859836578,0.847830355167389,1.27699732780457,0,0,0,0,1.96481323242188,21.4661460289502,601.715513296432,296.388010753398,,,,692.181707779872,340.949094572701,,,26653,476.177841943897
2019,PB,25004,4ª Região,100,100,100,85.1079136690647,100,100,100,100,100,76.7625899280576,75.3956834532374,100,79.6447067260742,0.592153966426849,15.6920795440674,83.3456726074219,,,,,,668.1396484375,223.59700012207,140.521438598633,8.20105838775635,293.117645263672,76.217041015625,93.2878265380859,327.513153076172,85.2930374145508,101.316116333008,5274,1206,4661.0693359375,1065.841796875,0,260,229.783477783203,0,134,76,,,0.671674787998199,1.18426871299744,0.800707042217255,1.19619977474213,0,0,0,0,1.24436593055725,21.8150871833251,760.314674996229,326.087720137367,,,,874.625796675648,375.114069727386,,,19427,543.115962990478
2019,PB,25008,8ª Região,100,100,100,95.3125,100,100,100,100,100,100,92.3295454545455,100,78.4910659790039,1.32362675666809,18.6631374359131,79.9470520019531,,,,,,663.632751464844,174.773513793945,142.689483642578,3.30788803100586,331.347808837891,64.788703918457,96.7236938476562,369.567077636719,73.908203125,105.093116760254,5553,1323,4688.4892578125,1117.03076171875,0,214,180.683731079102,0,147,90,,,0.759884834289551,1.24114525318146,0.73497748374939,1.07185983657837,3,0,2.53294944763184,0,1.62615358829498,24.0449383437056,752.483173216391,330.171856005021,,,,865.616851157936,379.812243660431,,,16323,355.895763206282
2019,PB,25009,9ª Região,100,100,100,100,100,100,100,100,100,100,100,100,80.3904190063477,5.45696544647217,16.4596271514893,77.950309753418,,,,,,714.797119140625,158.405349731445,136.420257568359,8.43848609924316,343.779083251953,52.6476287841797,90.1430969238281,381.477600097656,59.8666801452637,97.2883377075195,9778,2945,5512.05517578125,1660.15563964844,7,283,159.532791137695,3.94604063034058,285,249,,,1.40366303920746,1.60660231113434,1.18338942527771,1.41014587879181,67,0,37.7692451477051,0,2.32590913772583,18.260389351801,649.766650407886,275.591261386812,,,,747.457194968758,317.025613833486,,,25383,477.475451230807
2019,PB,25013,13ª Região,100,100,100,94.8467966573816,100,100,100,97.2620599739244,100,91.0039113428944,93.5933147632312,96.7405475880052,80.9849548339844,0,28.0437755584717,71.9562225341797,,,,,,745.763854980469,110.544639587402,234.288635253906,4.64601755142212,291.42138671875,33.2104187011719,133.275085449219,324.536560058594,38.3619499206543,144.357650756836,3038,569,5012.45703125,938.804443359375,0,114,188.090881347656,0,99,52,,,0.857958376407623,1.63342082500458,1.37025856971741,1.75139009952545,6,6,9.89951992034912,9.89951992034912,5.27644395828247,20.6128534014529,831.007135885389,313.010120434092,,,,955.946665465206,360.070290572211,,,8592,420.345481052089
2019,PB,25012,12ª Região,100,100,100,50.3572771718691,95.1861602106055,94.6972546069951,97.9691613388492,91.4629559984957,100,75.2538548326439,45.50582925912,88.567130500188,70.5236206054688,0.622482597827911,23.6909561157227,75.4668655395508,,,,,,705.025512695312,214.177780151367,153.389923095703,7.41337633132935,373.807678222656,89.7946090698242,100.899276733398,417.51171875,102.619941711426,110.691902160645,7991,1739,4539.7734375,987.944702148438,0,128,72.7181854248047,0,175,124,,,0.704457402229309,0.994193911552429,0.788679838180542,0.994762003421783,1,0,0.568110823631287,0,1.78500413894653,19.95683835382,627.478716342179,262.323106752943,,,,721.818334205523,301.762630362701,,,32094,549.833900653247
2019,PE,26010,Recife,67.7946280861158,71.6234751624597,60.8938554122689,88.7076855407623,72.5347228096293,75.0469455769654,76.8537158904434,70.5469371183028,92.6037454957622,61.1375209351897,84.7388810881223,74.9369829642537,63.7853012084961,2.07651448249817,31.5751819610596,65.4754867553711,,,,,,679.601257324219,167.149124145508,146.627426147461,0.823545753955841,373.738006591797,74.3475570678711,98.8020324707031,421.735382080078,85.5837783813477,108.168296813965,270437,44241,6386.4521484375,1044.7646484375,849,9208,217.449722290039,20.0493946075439,6408,10183,,,2.40474653244019,1.51326870918274,2.75627207756042,1.67907774448395,4294,801,101.404121398926,18.9158592224121,25.5195713043213,18.9743918778578,597.874320214367,321.341908998614,,,,687.763002380555,369.654739551857,,,357597,187.113977461095
2019,PE,26001,Afogados da Ingazeira,100,100,100,100,99.9609375,100,100,100,100,85.234375,100,96.796875,82.5909423828125,0.259836673736572,14.3652563095093,85.3377914428711,,,,,,752.588012695312,228.407821655273,165.779876708984,4.33566427230835,349.764404296875,79.9972305297852,102.247108459473,389.202697753906,90.2911911010742,111.537223815918,13897,1680,7313.787109375,884.159362792969,0,381,200.514709472656,0,188,164,,,0.863107919692993,0.989416420459747,1.02494072914124,1.0652015209198,60,0,31.5771198272705,0,1.15519630908966,18.1104495715391,625.949394707118,254.917129134074,,,,720.059083467076,293.243185338051,,,29215,447.116225527313
2019,PE,26009,Petrolina,90.7861440701794,82.6750668776761,89.1834898498566,100,89.6447291788002,92.8945835760047,93.5468841001747,86.7909143855562,96.9132207338381,72.9062317996506,100,89.7029702970297,73.3613052368164,1.2361079454422,20.7076435089111,77.9768676757812,,,,,,534.066040039062,124.694709777832,102.689758300781,7.2383074760437,384.475738525391,74.4053115844727,91.0571517944336,427.666137695312,84.1526031494141,97.6265335083008,30586,4212,6063.45361328125,834.998596191406,51,745,147.690872192383,10.1103811264038,653,948,,,1.87934148311615,1.29452538490295,1.94600069522858,1.34854650497437,324,48,64.2306594848633,9.51565361022949,13.6369218826294,21.8616305002689,481.304245165929,238.809102312803,,,,553.6669522704,274.713363075318,,,56638,321.678387997077
2019,PE,26003,Caruaru,82.9726491319556,88.8983775802567,81.4719548136473,93.2341352136043,100,100,100,100,100,86.6341766901701,87.9147656574036,98.9838241393613,76.1440734863281,0.974531590938568,24.3030090332031,74.511474609375,,,,,,698.438903808594,193.96240234375,141.241806030273,5.19858598709106,400.077270507812,87.8813629150391,104.847381591797,448.134735107422,100.23787689209,114.094093322754,71043,11162,5158.9931640625,810.560974121094,79,1917,139.208511352539,5.73681402206421,1383,1390,,,1.00938880443573,1.00430548191071,1.19382011890411,1.03006672859192,347,12,25.1984100341797,0.87141478061676,6.3853645324707,21.0147516986438,508.868029124749,233.486894390377,,,,585.374871763731,268.590976519714,,,191017,349.634192434721
2019,PE,26008,Palmares,91.4116774899483,98.9064492945983,91.4116774899483,85.0132473217371,100,100,100,100,100,100,79.6452021656491,100,65.4052047729492,1.26976227760315,29.0551471710205,69.2767333984375,,,,,,615.850524902344,179.589553833008,134.209396362305,3.18787550926208,415.910400390625,102.880744934082,109.370971679688,465.752716064453,117.014381408691,119.207237243652,33910,5127,5456.88330078125,825.049865722656,30,855,137.588775634766,4.82767629623413,346,332,,,0.534262835979462,0.556791961193085,0.746881723403931,0.592516779899597,95,24,15.2876405715942,3.86214089393616,1.76950418949127,19.4939471030674,525.552985526154,225.332683601919,,,,604.568363307413,259.210803623339,,,93127,407.649793087991
2019,PE,26004,Garanhuns,96.9026475317886,99.450157768801,96.9026475317886,87.5292379662686,88.3786778283885,91.9241659485412,92.2319340145267,86.5197587098363,99.4213960359473,70.4173334974763,84.0576141819525,86.1381263080143,75.0093002319336,1.15341687202454,18.4174633026123,80.3423080444336,,,,,,717.563354492188,212.64533996582,146.411544799805,4.78138589859009,389.717895507812,89.7125778198242,103.633628845215,435.773040771484,102.137031555176,112.790733337402,29513,4589,5414.841796875,841.958068847656,21,677,124.211296081543,3.85293531417847,479,361,,,0.662337899208069,0.878836214542389,0.853425204753876,0.893972754478455,75,5,13.7604827880859,0.917365550994873,4.18850755691528,19.1726373611166,564.615028523641,223.155539223,,,,649.503271970889,256.706331857225,,,88421,501.553385248567
2019,PE,26005,Goiana,98.2355167051955,100,98.2355167051955,82.9631325852988,92.3059308449737,93.6569727501717,95.5117929929013,89.6496450652622,95.763682161667,72.1776963590566,79.6656743760018,89.2145637737577,68.5449371337891,1.71184027194977,22.776985168457,75.1307678222656,,,,,,714.791320800781,214.246948242188,165.366897583008,1.82060396671295,404.234283447266,96.6875,112.821830749512,453.184600830078,110.041481018066,123.605690002441,17819,2774,5655.8017578125,880.4755859375,0,406,128.865570068359,0,271,263,,,0.834769606590271,0.86016184091568,0.814297080039978,0.748039245605469,74,0,23.487813949585,0,10.3286075592041,17.322676458206,597.139918564755,308.268229093464,,,,686.918185558001,354.615469525167,,,38233,325.104252096271
2019,PE,26007,Ouricuri,83.1331501147943,99.096065325326,81.9456225471901,97.0922882427307,96.3337547408344,100,100,97.7063391728373,100,65.2519414845584,86.1657937511288,85.8768286075492,73.7841033935547,0.372818171977997,19.4543304443359,79.9525527954102,,,,,,580.558837890625,137.974060058594,123.92374420166,7.16360139846802,341.446044921875,61.1014175415039,94.4052963256836,379.499420166016,69.5907669067383,102.105117797852,20446,3683,5745.453125,1034.94592285156,0,515,144.718200683594,0,255,260,,,0.730616211891174,0.716565907001495,0.735042035579681,0.71375584602356,93,10,26.1335792541504,2.81006217002869,1.41823840141296,20.1699601877046,495.695213952883,208.564927108427,,,,570.221561768483,239.922063232189,,,62007,531.408900826022
2019,PE,26002,Arcoverde,92.2701898645587,96.3979587721317,92.2701898645587,88.044729485282,100,100,100,100,100,86.5153757605657,85.1504686729156,97.7470810721921,73.876953125,1.611328125,16.6666660308838,81.1686172485352,,,,,,618.117309570312,170.052825927734,122.541526794434,10.0076103210449,360.546051025391,77.4972763061523,95.2623672485352,401.666778564453,87.642936706543,103.452484130859,23253,5054,5469.20947265625,1188.72338867188,8,565,132.890518188477,1.88163566589355,366,310,,,0.72913384437561,0.860848307609558,0.838386297225952,0.909065246582031,106,5,24.9316730499268,1.17602229118347,2.25678682327271,21.3066809630032,510.157920671109,249.091947920695,,,,586.858694789199,286.542204905761,,,65491,455.400541908218
2019,PE,26011,Salgueiro,92.950636769348,100,92.950636769348,100,100,100,100,100,100,100,100,99.3563218390805,82.7751159667969,0.782949090003967,12.8751630783081,86.3418884277344,,,,,,605.481872558594,157.12727355957,108.363639831543,3.91498875617981,335.996398925781,75.1716156005859,82.0267715454102,375.688354492188,84.469596862793,88.9138717651367,10293,1940,6971.16845703125,1313.9091796875,10,321,217.404556274414,6.77272748947144,180,157,,,1.06331825256348,1.21909093856812,1.28546369075775,1.22687959671021,66,1,44.7000007629395,0.677272737026215,2.12392735481262,19.660905258483,542.068531688799,264.35997169914,,,,623.566974270839,304.105732087387,,,20741,414.020189997856
2019,PE,26012,Serra Talhada,90.9624300090878,99.4404914963921,90.9624300090878,100,100,100,100,100,100,100,98.196448390677,96.8091009988901,71.7117614746094,0.616126418113708,22.9574069976807,75.676399230957,,,,,,672.581298828125,185.439071655273,157.519027709961,2.72614622116089,360.259429931641,76.8506317138672,104.690063476562,401.383026123047,87.4300918579102,114.12744140625,16367,2647,6820.4072265625,1103.04992675781,10,397,165.436660766602,4.16717004776001,210,166,,,0.691750228404999,0.875105738639832,1.06971263885498,0.849165141582489,119,7,49.5893249511719,2.91701912879944,2.49530148506165,19.7615201746301,579.526780229583,259.763569421353,,,,666.656962599974,298.818273964773,,,34230,437.338571259757
2019,PE,26006,Limoeiro,97.9913753782253,99.6098703633469,97.9913753782253,91.1342057993328,95.0859635617141,97.2029766487041,97.8316653836284,94.2263279445727,99.8203746471645,81.1008468052348,89.966641005902,92.2504490633821,74.7806701660156,0.851119577884674,19.5626564025879,79.3636245727539,,,,,,720.474548339844,206.539352416992,144.960342407227,4.71240472793579,380.481903076172,86.4947738647461,101.442733764648,426.580261230469,97.8526992797852,110.437698364258,34022,5125,5662.27392578125,852.95263671875,10,859,142.963180541992,1.66429781913757,458,488,,,0.812177360057831,0.762248396873474,0.928553402423859,0.78792017698288,54,10,8.98720836639404,1.66429781913757,2.32502412796021,21.4720224205917,531.663654236541,243.34172935195,,,,611.59775345968,279.927457535836,,,91123,411.245538221469
2019,PI,22009,Vale do Rio Guaribas,100,100,100,83.8961587167581,89.4470240607851,90.4812157028282,91.304347826087,91.1777121148164,97.0240607851414,88.2228788518362,86.7665681722246,88.9193752638244,71.9133911132812,1.06183636188507,28.0241508483887,70.8723678588867,,,,,,672.519592285156,218.157501220703,148.623107910156,5.40647220611572,349.153900146484,85.6976623535156,97.0053558349609,390.294982910156,96.3074264526367,106.609672546387,19950,5400,5294.6982421875,1433.15148925781,0,759,201.437393188477,0,321,299,,,0.793541252613068,0.851928889751434,0.882914185523987,0.902155578136444,107,50,28.3976306915283,13.2699203491211,3.00192141532898,17.958999973301,777.53657776418,253.099946126423,,,,894.436962925681,291.152794098686,,,59979,421.392581973519
2019,PI,22004,Entre Rios,99.9546662065463,93.2081512927863,99.9546662065463,85.8582242225859,78.912643207856,81.6489361702128,83.0861292962357,76.759410801964,85.9247135842881,58.5771276595745,85.8173076923077,77.5726268412439,56.8716430664062,5.21566772460938,30.772439956665,63.3755798339844,,,,,,618.564758300781,190.77685546875,129.69905090332,2.39968538284302,356.050537109375,81.5288238525391,98.5811309814453,398.322326660156,93.6074066162109,106.52823638916,81509,13236,6611.4072265625,1073.6064453125,169,2948,239.119964599609,13.7080307006836,1756,2571,,,2.08540511131287,1.42433738708496,2.04241538047791,1.42561483383179,689,82,55.8865852355957,6.6512336730957,21.1153964996338,31.5288137385382,1120.80853806248,555.527810394054,,,,1289.31887383159,639.049816766706,,,117611,279.712333573115
2019,PI,22002,Chapada das Mangabeiras,100,100,100,85.6376262626263,89.7411616161616,91.1616161616162,93.844696969697,87.8787878787879,93.2765151515152,76.2626262626263,84.0593434343434,81.6603535353535,63.9334144592285,0.801479637622833,33.8471031188965,65.2897644042969,,,,,,505.710784912109,140.869338989258,111.479331970215,9.41883754730225,310.673126220703,65.2610549926758,85.4027786254883,346.085144042969,74.3204574584961,92.8293533325195,12627,3656,6398.40673828125,1852.58374023438,0,274,138.842437744141,0,181,125,,,0.633405268192291,0.917170882225037,0.719295024871826,1.00306057929993,0,0,0,0,2.18144774436951,17.9275996800299,708.656657518373,279.372198030067,,,,815.201145045086,321.375003411958,,,33868,588.348831008749
2019,PI,22006,Serra da Capivara,100,100,100,82.773851590106,79.9028268551237,86.660777385159,87.2349823321555,84.9381625441696,88.6484098939929,68.2862190812721,76.8992932862191,81.8904593639576,61.2596282958984,0.724965989589691,27.0502948760986,72.0888061523438,,,,,,551.760375976562,171.793518066406,132.71891784668,2.68620276451111,303.388671875,68.8263931274414,89.7006759643555,336.838470458984,78.2588119506836,96.7204895019531,13472,2992,9076.087890625,2015.71069335938,0,399,268.806335449219,0,130,87,,,0.586119055747986,0.875810146331787,0.706206142902374,0.918421685695648,0,0,0,0,2.21377849578857,17.4463925355639,709.339089219456,248.981991808652,,,,815.986178387025,286.415717208947,,,27654,603.554058884961
2019,PI,22007,Tabuleiros do Alto Parnaíba,100,100,100,86.9614512471655,100,100,100,100,100,90.4761904761905,71.5419501133787,88.7755102040816,70.4826049804688,0.561167240142822,31.0886650085449,68.3501663208008,,,,,,542.310668945312,185.637115478516,150.178329467773,3.8461537361145,324.188568115234,77.402099609375,129.389450073242,359.201141357422,88.3548202514648,136.841537475586,3138,1016,6545.2724609375,2119.18310546875,0,65,135.577667236328,0,39,22,,,0.458878248929977,0.813466012477875,0.67840975522995,0.907327473163605,0,0,0,0,6.71005153656006,17.7059120581505,819.602355617047,514.025565897323,,,,942.827209329286,591.307829336356,,,7171,470.183288524553
2019,PI,22010,Vale do Sambito,100,100,100,79.5016077170418,99.5176848874598,97.7491961414791,100,98.7138263665595,100,92.8456591639871,77.9742765273312,97.7491961414791,65.0725860595703,1.19555938243866,26.0461139678955,72.6729278564453,,,,,,718.258972167969,229.430816650391,162.94270324707,3.91134285926819,322.868316650391,77.9828338623047,100.916534423828,359.289459228516,88.4604415893555,109.335113525391,6798,1792,6366.0029296875,1678.12255859375,0,185,173.243682861328,0,101,54,,,0.50568425655365,0.945816874504089,0.723877668380737,0.85638564825058,0,0,0,0,1.91129922866821,16.9985558771745,677.67428438975,247.53927549262,,,,779.56066134581,284.756092649822,,,15645,411.907927826648
2019,PI,22011,Vale dos Rios Piauí e Itaueiras,100,100,100,89.5840615169521,81.0905277874869,82.2439706396365,85.5994407549808,80.4963299545613,85.2499126179657,70.115344285215,89.2694861936386,76.7563788885005,68.9034957885742,0.311310976743698,31.8574886322021,67.7274322509766,,,,,,707.970520019531,225.937850952148,172.804168701172,3.51588916778564,368.895141601562,95.7184753417969,118.379730224609,408.743957519531,107.831062316895,127.238090515137,12879,3045,6164.9443359375,1457.58642578125,10,378,180.941757202148,4.78681898117065,274,175,,,0.837693333625793,1.31158840656281,0.988597810268402,1.28179049491882,27,10,12.9244117736816,4.78681898117065,4.48860025405884,20.0834368703133,814.756186142749,315.487334878775,,,,937.252432231495,362.919947074275,,,32176,451.501462296589
2019,PI,22001,Carnaubais,100,100,100,76.6831683168317,92.1287128712871,94.2079207920792,96.5346534653465,90.990099009901,93.2178217821782,80,77.0792079207921,82.1287128712871,65.8333358764648,1.5686274766922,31.470588684082,66.8627471923828,,,,,,626.262634277344,194.674011230469,139.577590942383,6.06060600280762,292.571075439453,62.9163093566895,86.2146072387695,325.132110595703,71.5421600341797,93.3863983154297,12621,3032,7726.3544921875,1856.13708496094,0,282,172.635452270508,0,144,111,,,0.679522514343262,0.881542682647705,0.799204170703888,0.841750860214233,31,0,18.9776554107666,0,3.048668384552,16.8785399588031,669.934892863055,198.327382057397,,,,770.657674592524,228.145332766867,,,26101,479.422313602692
2019,PI,22003,Cocais,100,100,100,80.4301776112107,84.6667752973766,90.9890826136549,91.6571614795503,85.465211015154,93.3680951605019,70.4415838357504,81.8152191624572,84.9763728205964,67.8939895629883,1.42298114299774,30.0604763031006,68.4453964233398,,,,,,604.011474609375,205.154769897461,130.96044921875,5.97691679000854,324.973175048828,83.8943786621094,89.7963943481445,362.327575683594,95.0772552490234,97.9408493041992,24446,5394,6086.423828125,1342.96691894531,10,514,127.972755432129,2.48974227905273,328,255,,,0.634884297847748,0.816635489463806,0.680695533752441,0.81576406955719,45,0,11.2038402557373,0,2.02839303016663,19.7830851855934,538.494566208906,180.53325794926,,,,619.455673374065,207.675913346149,,,68616,563.128914589334
2019,PI,22008,Vale do Canindé,100,100,100,72.133425990271,87.5608061153579,90.4100069492703,92.1473245309243,90.4100069492703,90.2015288394719,84.9895760945101,66.9214732453092,85.6845031271717,70.7351913452148,0.571020722389221,24.5538902282715,74.8037109375,,,,,,659.272033691406,216.696655273438,139.567337036133,4.17827320098877,351.684509277344,89.3723220825195,94.1458511352539,391.793060302734,101.694709777832,102.32307434082,7057,1874,6479.78125,1720.71838378906,0,208,190.986892700195,0,114,81,,,0.743746995925903,1.04675507545471,0.883084833621979,1.1378870010376,66,10,60.6016082763672,9.18206214904785,2.22481369972229,17.0989134724781,643.000605898913,243.932946696351,,,,739.673895154069,280.607562705261,,,18412,481.367446364993
2019,PI,22005,Planície Litorânea,100,99.9005024981747,99.6947073055504,68.370230805464,68.5821950070655,72.6566179934056,71.8323127649552,68.4173339613754,76.4719736222327,55.8407913330193,60.9043805934998,66.4390014130947,61.029411315918,1.13636362552643,40.2629241943359,58.5784301757812,,,,,,660.103698730469,210.519561767578,111.682411193848,6.81081104278564,380.860290527344,99.8001174926758,89.6557846069336,425.886322021484,114.137832641602,97.2991409301758,18561,3638,6622.80224609375,1298.0849609375,27,687,245.130401611328,9.63394546508789,284,336,,,1.19889104366302,1.01334834098816,1.23706996440887,1.04349899291992,109,26,38.8925971984863,9.27713298797607,5.24514818191528,17.6149750527033,637.278559111537,198.199562783639,,,,733.091555111707,227.998296233419,,,30611,278.601788259529
2019,PR,41018,18ª RS Cornélio Procópio,75.6876504864797,67.6954198404955,66.3487616473179,91.8839515240544,90.0844656628718,90.1211898641205,92.3246419390378,84.906353286816,89.8641204553801,63.679764965112,83.9882482556004,89.6070510466397,85.7633590698242,1.14503812789917,8.85496139526367,90,,,,,,805.542175292969,234.519256591797,160.838882446289,3.34634685516357,326.018798828125,71.2817230224609,93.3402328491211,362.149536132812,80.0518569946289,100.784782409668,20823,5260,9355.162109375,2363.16333007812,28,649,291.576629638672,12.5795774459839,263,263,,,1.18158173561096,1.18158173561096,1.06230032444,1.17461800575256,176,23,79.0716247558594,10.3332242965698,11.7915563583374,23.4347395965598,822.240486479713,531.944630150106,,,,945.861975569337,611.92097329264,,,9489,100.175722754085
2019,PR,41002,2ª RS Metropolitana,58.4319563864945,28.2883917602828,43.7325364374872,87.4726905478379,86.1288593923905,88.5568242714044,88.8598046085989,85.5785481676903,88.5485799084876,71.5961086607032,67.3317119419597,89.4472154664248,83.6737823486328,0.489460289478302,13.2154273986816,86.179817199707,,,,,,556.613464355469,138.195770263672,106.977912902832,2.64942979812622,300.952087402344,59.6305923461914,72.8119049072266,339.571014404297,69.0290832519531,79.5583419799805,270207,41604,7392.88525390625,1138.28881835938,876,5613,153.572128295898,23.9674301147461,4591,11066,,,3.0276665687561,1.2561012506485,3.06624436378479,1.27238738536835,3532,395,96.6358032226562,10.8072319030762,37.4227905273438,21.6460676943436,860.406207187388,482.458973487612,,,,989.765802468134,554.99529066963,,,83503,57.4717473061959
2019,PR,41011,11ª RS Campo Mourão,89.5242970160284,80.2661707515053,89.4261639669982,87.6747687674769,88.0619488061949,89.5246289524629,88.4276188427619,86.4917186491719,89.2665089266509,67.8855667885567,76.8982576898258,88.9438588943859,83.1531982421875,1.010338306427,9.89191722869873,89.0742492675781,,,,,,829.828857421875,244.478698730469,180.926406860352,0.76951265335083,376.050476074219,77.3211822509766,100.799255371094,418.891937255859,87.4708251953125,109.333435058594,31798,6892,9669.072265625,2095.70556640625,28,640,194.609909057617,8.51418399810791,402,393,,,1.19502651691437,1.22239351272583,1.32083880901337,1.30745935440063,221,12,67.2012329101562,3.64893579483032,17.1092529296875,22.1015340465804,1079.98042684848,554.057286288027,,,,1242.35237368151,637.358203596447,,,14891,107.838017737093
2019,PR,41012,12ª RS Umuarama,91.596154055397,81.5631131695676,91.1489596291877,98.9247311827957,96.7479674796748,97.0102281667978,96.9577760293732,92.3157618672961,97.4822974036192,86.362444269604,85.6805664830842,91.7650144243378,88.3093490600586,0.462487161159515,12.7183971405029,86.8191146850586,,,,,,805.439086914062,244.236907958984,160.291778564453,1.66217434406281,357.328369140625,73.5649490356445,92.3173065185547,398.018951416016,83.5382080078125,99.7819366455078,24752,3523,8956.0771484375,1274.73571777344,63,614,222.165130615234,22.7954444885254,366,462,,,1.67166602611542,1.32430684566498,2.3274872303009,1.41376984119415,187,21,67.6626739501953,7.59848165512085,10.3520269393921,24.4829847943734,1171.77292018323,559.564136494039,,,,1347.94560402677,643.692992871205,,,8008,67.6199994254184
2019,PR,41014,14ª RS Paranavaí,94.4777743012857,91.6645443895482,91.9883432413357,91.7155034629728,93.5269046350559,94.5657964837507,95.418220564731,91.6089504528503,94.5125199786894,80.5807139051678,35.6419818859883,95.0452850293021,89.2180404663086,1.20096075534821,12.1430473327637,86.6559906005859,,,,,,746.447143554688,234.442367553711,138.056488037109,1.26213586330414,347.185882568359,81.9623184204102,85.1037673950195,387.036285400391,92.4304122924805,92.0439224243164,23134,4612,8382.673828125,1671.171875,20,548,198.569427490234,7.24705934524536,270,274,,,0.992847144603729,0.978353023529053,1.12863898277283,1.08062720298767,113,2,40.9458847045898,0.724705934524536,13.3255310058594,25.566471837844,988.790451753971,618.034233033304,,,,1137.45224845868,710.95390003127,,,9785,82.5698791337082
2019,PR,41017,17ª RS Londrina,71.4621111957222,43.4261010368114,61.2572279729877,76.3670595939751,84.4711853307138,88.1303208906352,86.4603798297315,84.2174197773412,91.7403405370006,76.5062213490504,48.7066142763589,90.2013752455796,83.5119247436523,1.01970267295837,11.8216381072998,86.9512634277344,,,,,,677.002136230469,184.18440246582,116.670867919922,1.50122547149658,310.260925292969,63.6889953613281,74.4049301147461,346.637908935547,72.8116836547852,80.9516906738281,71983,11958,7465.17236328125,1240.13354492188,130,1494,154.938903808594,13.4819669723511,1784,2421,,,2.5107569694519,1.85014069080353,2.77689623832703,1.91778385639191,990,145,102.670364379883,15.0375785827637,26.5475482940674,26.2955382240379,1070.540533688,539.375600894553,,,,1231.49321977126,620.469169087319,,,32057,93.5600733226086
2019,PR,41008,8ª RS Francisco Beltrão,95.4735094881342,89.5863240769817,83.7880198286304,97.1491668339691,94.7600883356756,98.9761092150171,96.2055812085926,93.9369604497089,95.3021481630195,83.8586629190926,89.6406344107609,93.4952820718731,81.0783538818359,0.767366707324982,12.4394187927246,86.7730178833008,,,,,,643.037414550781,188.4716796875,106.661010742188,2.51845407485962,299.613403320312,61.8375053405762,62.2549285888672,336.400268554688,71.7842102050781,68.0057373046875,32713,7201,9134.03515625,2010.64379882812,36,643,179.536727905273,10.0518226623535,409,433,,,1.20901095867157,1.14199876785278,1.47789716720581,1.29870939254761,189,9,52.7720680236816,2.51295566558838,10.4251365661621,24.8969170266211,1120.73736572496,613.728971586066,,,,1289.23700093809,706.001354924593,,,8666,54.9363661476934
2019,PR,41010,10ª RS Cascavel,82.4688261980574,56.0358914555817,65.9168259933394,100,94.5786101527846,97.0305569245934,95.5027106949236,93.6914736323312,93.2109413504189,85.1774273040907,100,91.0793494332183,78.8255157470703,0.434101045131683,15.4708786010742,84.0829620361328,,,,,,609.214660644531,166.149459838867,118.029670715332,1.75856924057007,318.450012207031,58.9945831298828,79.3010864257812,355.786834716797,67.9558181762695,85.9626159667969,40599,5724,7372.1328125,1039.38745117188,67,1059,192.297561645508,12.1661348342896,805,1219,,,2.21351027488708,1.4617520570755,2.56605577468872,1.55622112751007,591,109,107.316207885742,19.792667388916,19.6272449493408,24.8706339853134,992.090576610235,545.753971237118,,,,1141.24853758272,627.806509041182,,,14483,61.6086959630514
2019,PR,41015,15ª RS Maringá,82.96449411938,55.481877596655,67.8872630637179,87.3471605832805,95.5710533466171,96.4224255049361,97.8262838511004,93.1527941309664,93.3792228964768,84.4126437822661,60.5470518974731,96.1959967394258,85.5336990356445,0.498531103134155,13.949969291687,85.5514984130859,,,,,,646.526245117188,173.862823486328,128.398345947266,0.849021792411804,302.109649658203,60.5264892578125,79.0679244995117,337.447113037109,69.1712112426758,86.1327514648438,58278,7872,6954.2744140625,939.360412597656,130,1159,138.302688598633,15.5128116607666,1581,1885,,,2.2493577003479,1.88659656047821,2.73896598815918,2.15553498268127,1027,123,122.551216125488,14.6775064468384,33.3611373901367,22.5782156938667,1006.90740360456,464.241531375984,,,,1158.29303184318,534.038908602753,,,14831,43.5883227759684
2019,PR,41001,1ª RS Paranaguá,67.5656105520805,63.7238237693772,65.0686701115039,78.183477863989,69.7170241898676,72.8206298493838,73.1172980374258,69.0095846645367,78.1606572341397,64.2172523961661,60.0182565038795,71.8621633957097,65.5325088500977,1.4914938211441,30.7154502868652,67.4900970458984,,,,,,708.684997558594,199.98046875,147.797012329102,6.46080780029297,405.338012695312,93.9607009887695,98.7780227661133,451.539947509766,105.354179382324,107.27074432373,19689,3544,6628.6455078125,1193.14953613281,14,259,87.1968765258789,4.71334457397461,204,291,,,0.979702293872833,0.686801612377167,1.41728591918945,0.761120975017548,88,11,29.6267375946045,3.70334219932556,20.3515472412109,22.3802040005638,826.661940950503,567.162285728855,,,,950.948182986021,652.433501960806,,,11498,95.6723950908195
2019,PR,41006,6ª RS União da Vitória,76.5681432888627,66.4616064999348,69.3220540791854,94.1176470588235,92.2385620915033,94.6078431372549,92.8104575163399,90.1552287581699,91.6666666666667,89.7467320261438,74.7957516339869,88.9297385620915,80.482551574707,0.861697554588318,12.3653593063354,86.7298583984375,,,,,,675.085021972656,208.672897338867,124.075775146484,0.918964087963104,360.896850585938,88.2033309936523,83.0415267944336,402.402038574219,100.558113098145,90.4508590698242,14918,2767,8413.4658203125,1560.53491210938,22,243,137.047332763672,12.4075775146484,128,226,,,1.2745965719223,0.721895456314087,1.22101843357086,0.748402535915375,60,8,33.8388481140137,4.5118465423584,8.13260269165039,25.7576069464339,694.965941396261,507.23306660392,,,,799.452069183278,583.494097336588,,,6851,86.6988138637531
2019,PR,41016,16ª RS Apucarana,92.4683841733154,79.6498302708578,89.176190138645,87.3738373243618,85.2958638432614,86.067682564813,86.9978230754007,83.6136948347516,88.8185236493172,73.7383732436177,33.5661544601876,87.2155155353256,84.522834777832,0.530179440975189,10.3792819976807,89.0701446533203,,,,,,749.092895507812,209.26708984375,152.004959106445,0.451702564954758,351.115570068359,74.5063018798828,92.9085311889648,392.577911376953,84.9566192626953,100.393280029297,30094,6659,7832.9404296875,1733.22094726562,94,810,210.828796386719,24.4665508270264,609,797,,,2.07445120811462,1.58512020111084,1.81937444210052,1.69788753986359,164,13,42.6863250732422,3.38367199897766,12.879035949707,22.7746160629018,816.866589717538,417.454002404824,,,,939.680128905792,480.217009398863,,,10324,63.2108912779823
2019,PR,41003,3ª RS Ponta Grossa,79.6364413352115,59.682182934743,72.4931545876134,91.6657886418712,91.9713412706775,94.2471815404067,94.6054156569381,93.0671162153619,95.321883890001,91.2864819302497,96.6599936782215,93.8889474238753,81.8919219970703,0.602871835231781,13.6906719207764,85.4981918334961,,,,,,668.308044433594,180.297225952148,119.884323120117,5.89340209960938,391.201782226562,90.0546035766602,88.7460632324219,436.813201904297,102.133445739746,95.5666961669922,45891,8822,7201.06201171875,1384.31872558594,67,856,134.320648193359,10.5134153366089,659,994,,,1.55975151062012,1.03408074378967,1.68450021743774,1.1075177192688,426,36,66.8464965820312,5.64899921417236,20.4837417602539,21.6963059195898,656.666975372343,409.281188126177,,,,755.394963918686,470.815436031126,,,19959,73.7218744874887
2019,PR,41022,22ª RS Ivaiporã,99.8262781241112,89.6735412358851,96.5286372056913,96.3759909399774,99.3771234428086,100,99.60362400906,99.0939977349943,97.678369195923,94.7338618346546,60.5322763306908,94.563986409966,85.6807479858398,1.05633807182312,7.27699518203735,91.490608215332,,,,,,850.402282714844,270.511871337891,147.693267822266,4.66179180145264,364.653198242188,83.855712890625,86.1175842285156,402.373138427734,94.3547744750977,92.8549041748047,13691,4818,10642.4658203125,3745.19018554688,32,435,338.139831542969,24.8746547698975,144,105,,,0.816199600696564,1.11935949325562,1.02141547203064,1.23362743854523,53,8,41.1986465454102,6.21866369247437,6.25753021240234,20.7443234278872,968.914391396924,548.700870377345,,,,1114.58787967,631.196465980073,,,7573,132.020575991484
2019,PR,41020,20ª RS Toledo,85.7681668963281,58.3693868039232,65.9145254113642,100,100,100,100,100,100,100,63.218781898605,100,85.6723098754883,0.34566193819046,10.3352918624878,89.180778503418,,,,,,662.025512695312,190.297821044922,122.011535644531,2.27531290054321,312.580413818359,64.5740661621094,75.3485260009766,348.445983886719,73.1218109130859,81.5593490600586,25959,3855,6517.07275390625,967.807556152344,30,466,116.99048614502,7.53157615661621,459,554,,,1.39083111286163,1.15233111381531,1.73263907432556,1.18641149997711,398,27,99.9189071655273,6.77841854095459,28.7088623046875,26.6806205414173,1052.06714271602,714.606325534976,,,,1210.24240767,822.045328512942,,,5980,35.516520776767
2019,PR,41019,19ª RS Jacarezinho,88.598936339872,80.4387771375478,87.5588514689465,96.4522107492719,93.7251787132645,96.4786867884564,95.0225046333069,92.6396611066984,96.7963992586709,73.7357691289383,44.2149854381784,92.1366163621922,83.5009002685547,1.28899204730988,11.9876260757446,86.6460418701172,,,,,,836.620300292969,252.923675537109,158.466537475586,3.39123249053955,390.124572753906,90.5776062011719,96.6025161743164,436.409210205078,102.965744018555,105.760055541992,24509,5736,8480.0361328125,1984.6376953125,19,783,270.915496826172,6.57393932342529,230,298,,,1.03107047080994,0.795792698860168,1.15199637413025,0.871479451656342,148,17,51.2075271606445,5.88194608688354,9.9072732925415,23.0465199732088,791.800522781326,487.722584056192,,,,910.845450995992,561.050269927999,,,12431,108.338427661381
2019,PR,41005,5ª RS Guarapuava,90.3326533298236,74.7988505747126,78.5785733087655,86.0471645143178,83.7450870297586,84.6574957888827,85.3453116226839,81.1622683885458,84.9522740033689,70.199326221224,94.2728804042673,83.2116788321168,80.1769638061523,0.356786072254181,17.2113609313965,82.4318542480469,,,,,,703.480407714844,240.917938232422,126.372413635254,1.55666255950928,401.252380371094,107.543319702148,89.4163284301758,447.684020996094,122.527633666992,96.4165954589844,41709,8592,9134.951171875,1881.7880859375,36,789,172.803863525391,7.88458728790283,428,494,,,1.08194053173065,0.93738979101181,1.07153725624084,0.946095705032349,211,24,46.2124404907227,5.25639152526855,8.76393795013428,21.0055315536528,719.30240982276,415.91610158375,,,,827.447455548672,478.447889618494,,,22965,111.800113882432
2019,PR,41007,7ª RS Pato Branco,91.2644292070847,72.2530438151406,85.4194014300383,100,98.4664852832055,100,99.2332426416028,97.8728666831561,91.8377442493198,97.4029186247836,53.0299282710858,91.1451892159288,82.0867080688477,1.09575986862183,9.86183929443359,88.994758605957,,,,,,687.412536621094,199.076461791992,111.138549804688,1.03429508209229,365.363525390625,77.8935165405273,74.4495162963867,406.302886962891,88.3799438476562,79.7941589355469,23219,4958,8688.6396484375,1855.30285644531,52,582,217.786651611328,19.4586009979248,369,478,,,1.78869450092316,1.38081228733063,2.15953063964844,1.41823267936707,96,4,35.9235725402832,1.49681556224823,17.9980850219727,25.846850069159,1346.49750446652,666.729663139841,,,,1548.93952635025,766.970547811486,,,8790,72.4716318046036
2019,PR,41013,13ª RS Cianorte,85.3156904805339,80.3496279148765,83.9050380891872,93.9076630176107,97.1918134221799,97.144217039505,97.9533555449786,94.6692051404093,91.7182294145645,88.6720609233698,84.4835792479771,91.1946692051404,89.3398513793945,0.342298299074173,8.948655128479,90.6601486206055,,,,,,667.322387695312,183.015655517578,140.063003540039,1.02611935138702,327.275756835938,68.5873489379883,82.3777389526367,365.780792236328,78.9577560424805,90.2757720947266,12385,2067,7709.68994140625,1286.71203613281,16,248,154.380554199219,9.96003532409668,171,260,,,1.61850571632385,1.06447875499725,1.54629552364349,1.09793829917908,49,2,30.5026073455811,1.24500441551208,13.9403142929077,24.6113121221589,1152.26559222238,600.142551315036,,,,1325.50540548811,690.372255494704,,,4055,62.367071427046
2019,PR,41021,21ª RS Telêmaco Borba,83.758856910795,81.3328916010302,76.4168385504056,95.0204384986994,87.8855444072835,91.5273132664437,89.5949461166853,86.8450390189521,86.3619472315124,82.5343738387217,82.5343738387217,86.8821999256782,76.9143295288086,0.644427597522736,15.6937074661255,83.5481414794922,,,,,,666.956726074219,229.21662902832,130.526138305664,3.18217968940735,391.132293701172,109.226753234863,99.9653930664062,438.303833007812,124.854019165039,108.648887634277,15254,3057,8093.681640625,1622.02600097656,10,186,98.6904907226562,5.30594062805176,115,118,,,0.626100957393646,0.61018317937851,0.803982615470886,0.627958059310913,131,2,69.5078201293945,1.06118810176849,15.9454126358032,18.9616762249844,736.483909437753,458.437795898302,,,,847.21214414806,527.362598210759,,,9486,125.871491160909
2019,PR,41004,4ª RS Irati,79.8339107514877,69.1975230487678,65.8394815897607,91.9394435351882,90.0981996726678,90.2209492635025,90.7937806873977,87.7250409165303,93.5761047463175,70.0900163666121,88.5433715220949,93.7397708674304,88.6086959838867,0.56521737575531,7.30434799194336,92.1304321289062,,,,,,654.536315917969,217.797668457031,128.620666503906,1.74672484397888,335.426818847656,87.6340713500977,84.9756011962891,373.320190429688,98.3489761352539,92.2808685302734,12629,2756,7219.33544921875,1575.46032714844,20,276,157.774688720703,11.4329490661621,134,157,,,0.897486448287964,0.766007542610168,1.04139876365662,0.809738576412201,59,2,33.7271995544434,1.14329481124878,7.0106840133667,22.257128910001,704.699753973826,452.74329093818,,,,810.6493324485,520.811940830057,,,8576,108.44331565725
2019,PR,41009,9ª RS Foz do Iguaçu,83.8908313282568,72.9818936016791,66.9760803253056,100,100,100,100,100,97.3668461998803,89.6319569120287,92.130460801915,93.2525433871933,79.1184310913086,0.86078953742981,22.2024345397949,76.5212249755859,,,,,,640.927368164062,195.344375610352,114.486640930176,2.81635808944702,356.633331298828,86.7099380493164,81.2790908813477,398.359130859375,98.3420639038086,88.3593444824219,28865,3873,7137.48779296875,957.682006835938,54,520,128.581100463867,13.352653503418,512,724,,,1.79024469852448,1.26602935791016,2.21752953529358,1.33804714679718,583,60,144.159210205078,14.8362817764282,23.5184745788574,28.8630563443037,1202.09031393179,695.480076791745,,,,1382.82113061133,800.043503354763,,,11293,61.7071483723875
2019,RJ,33001,Baia da Ilha Grande,87.0653515900197,56.953328264615,64.9749237948425,100,63.0047194546408,67.3571054011536,66.4918720503408,59.255374934452,98.0597797587834,46.7226009438909,100,68.117461982171,70.6082992553711,1.1085844039917,23.3939743041992,74.7583847045898,,,,,,611.492797851562,157.848861694336,137.259887695312,6.84624004364014,391.550445556641,88.2594985961914,104.184837341309,436.551513671875,99.2580032348633,113.275825500488,14808,2439,5081.36083984375,836.942138671875,12,425,145.838623046875,4.11779642105103,365,638,,,2.18929505348206,1.25249636173248,2.02226710319519,1.15967440605164,98,17,33.6286697387695,5.83354473114014,14.984317779541,26.8705005353767,1625.58592297176,558.72471840712,,,,1869.9880848031,642.727370692442,,,12501,121.900383785072
2019,RJ,33007,Noroeste,78.8855163825979,78.0213476765738,72.4947610853129,90.7262021589794,84.3473994111874,85.5004906771345,87.0215897939156,75.2453385672228,91.5848871442591,51.7173699705594,86.5309126594701,80.6918547595682,77.7462158203125,0.94696968793869,23.8873100280762,75,,,,,,904.675903320312,240.959701538086,192.135925292969,4.9523811340332,379.905456542969,84.2848663330078,112.849868774414,423.442535400391,94.9753112792969,122.476066589355,24789,5560,7119.3681640625,1596.82470703125,98,771,221.430191040039,28.145471572876,423,743,,,2.13388633728027,1.21485042572021,2.02108907699585,1.15446698665619,409,49,117.464263916016,14.072735786438,13.9733648300171,23.0859686047723,1174.08298645521,440.012184605806,,,,1350.60298210975,506.166749326197,,,18815,128.682185672529
2019,RJ,33002,Baixada Litorânea,63.8072142337835,47.5705153180183,54.0372060167569,77.1368641845831,72.9330536619472,73.0291907009264,73.3001223562314,65.1809124278972,80.8949484355882,42.1167628037056,53.1200839014158,62.3142807201538,63.5802993774414,1.49396336078644,31.3211154937744,64.99609375,,,,,,721.464660644531,167.627426147461,154.412475585938,13.2673263549805,382.774536132812,74.8494491577148,100.080238342285,427.289184570312,84.3534622192383,108.785331726074,35643,4350,4243.42626953125,517.883056640625,64,958,114.053321838379,7.61942863464355,891,1438,,,1.71199035644531,1.06076729297638,1.90378570556641,0.945969939231873,402,80,47.8595352172852,9.52428531646729,17.7331485748291,24.657073500623,901.365422157327,414.065816975139,,,,1036.88311744627,476.319420047798,,,41396,131.714801390703
2019,RJ,33003,Centro-Sul,96.5286076367681,96.9269399521411,93.873058867615,84.2800834685834,75.3303964757709,77.1620681660097,79.9211685601669,68.3514954787851,91.1198701599814,48.8059355437051,77.1620681660097,73.7769533967076,67.7450942993164,1.96078431606293,23.8725490570068,73.0392150878906,,,,,,894.49853515625,258.130065917969,220.541168212891,4.13657236099243,412.879791259766,101.778419494629,124.611755371094,460.523162841797,114.082481384277,136.595825195312,21203,4059,6226.54345703125,1191.9794921875,51,685,201.159378051758,14.9768295288086,491,749,,,2.19953846931458,1.44188702106476,2.47176432609558,1.53652000427246,172,19,50.5100936889648,5.57960319519043,13.4494867324829,21.9388626443723,1303.07523514884,428.330669257302,,,,1498.98884389679,492.72895178781,,,20785,168.121340163109
2019,RJ,33004,Médio Paraíba,89.2085452561553,65.8767225145633,76.0402184051671,97.3358967316671,87.668223015655,86.6245536940401,90.1858463791999,79.8956330678385,98.4528060056761,59.7454911654307,72.9286825963563,84.3632701638744,71.4830322265625,2.23027062416077,18.9763622283936,78.6789932250977,,,,,,812.850646972656,224.034637451172,169.859191894531,4.86064338684082,372.956298828125,82.3906631469727,102.110191345215,416.761322021484,93.5840377807617,111.119773864746,60318,10998,6601.52490234375,1203.67993164062,107,1646,180.147048950195,11.7106523513794,1213,2311,,,2.5292820930481,1.32757210731506,2.72579121589661,1.39198076725006,1033,277,113.057052612305,30.3163623809814,26.6725978851318,27.6152930439227,1113.06725618609,582.085627408881,,,,1280.41371251997,669.600525083199,,,37652,125.354284949976
2019,RJ,33005,Metropolitana I,52.2952333342966,42.0529575084061,43.1575483291378,75.2259317887466,71.5016549143762,75.0582817671607,76.7455749028637,71.814649589869,97.9068930781407,55.8073104043747,42.9414304216434,75.7677363649446,69.0819396972656,2.06673622131348,23.6184883117676,72.8613433837891,,,,,,857.843811035156,217.156951904297,199.351898193359,8.13566112518311,405.939544677734,85.6140060424805,121.154991149902,467.421081542969,100.798301696777,133.055206298828,381447,51294,3633.861328125,488.653167724609,987,11542,109.955055236816,9.40267181396484,15709,27347,,,2.60521650314331,1.49652051925659,2.71751761436462,1.5050253868103,11153,2882,106.249244689941,27.4554214477539,35.8034324645996,20.4464735168081,697.922613344696,382.285745029193,,,,802.853268243945,439.761305811386,,,476557,118.157920272843
2019,RJ,33009,Serrana,63.4422811757726,53.5229145003545,52.5365232473286,89.8234946372773,85.0012667848999,91.0480533738704,94.6288320243223,82.7632801283675,98.5051938180897,55.6203023393294,77.6032429693438,92.50063339245,75.4346923828125,1.199143409729,23.297643661499,75.2034225463867,,,,,,843.854919433594,233.181274414062,174.243087768555,6.26523637771606,368.561614990234,82.3421630859375,101.513092041016,411.734375,93.1989669799805,109.817596435547,54522,9560,5608.07666015625,983.331726074219,94,2088,214.769515991211,9.66874313354492,1097,2454,,,2.52415895462036,1.12836289405823,2.52307891845703,1.11743402481079,1111,171,114.276313781738,17.5888824462891,21.1629238128662,28.0374022451152,1119.6203579764,534.687601445426,,,,1287.95205429153,615.076342422453,,,39797,111.662210238937
2019,RJ,33008,Norte,59.7913764514325,38.1253815339187,34.0156665444333,73.3270155999417,84.2178160081645,64.3023764397142,64.2440589007144,84.5823006269136,89.7579822131506,47.2809447441318,33.0004373815425,81.0978276716722,62.2688865661621,2.53366804122925,21.5780258178711,74.4578857421875,,,,,,755.850524902344,187.957794189453,151.783584594727,9.92163467407227,419.257690429688,88.1712799072266,109.807968139648,467.933349609375,99.8719711303711,118.223625183105,53170,8720,5623.92578125,922.336486816406,163,1734,183.409576416016,17.2409229278564,1335,2307,,,2.44017243385315,1.41206336021423,2.84517550468445,1.2095353603363,1134,298,119.94605255127,31.5202159881592,24.8195247650146,40.819738897715,1916.97405069016,1069.30197197042,,,,2205.18557832615,1230.06844386649,,,65917,200.090722832212
2019,RJ,33006,Metropolitana II,77.2916236400823,54.1448281966333,67.5524670531366,88.3446016010618,80.9573188435854,84.3336513335269,85.2254344850471,77.3984818947281,100,62.7732382097972,61.2012111659546,85.3125388858932,74.2113800048828,0.587899804115295,26.5300750732422,72.1098556518555,,,,,,792.721618652344,192.109069824219,166.973297119141,10.6448917388916,373.296661376953,73.0273590087891,99.5605087280273,419.408508300781,83.3353271484375,108.306602478027,83183,14885,3930.20385742188,703.28173828125,161,2058,97.235725402832,7.60687685012817,2583,4936,,,2.33214545249939,1.2204076051712,2.25868725776672,1.17908954620361,2153,430,101.724258422852,20.3165035247803,29.0836887359619,19.5237236577363,707.493215244593,289.02813692114,,,,813.862782576157,332.482684906199,,,105160,134.600793026051
2019,RN,24004,4ª Região de Saúde - Caicó,99.6069542338671,100,99.6069542338671,76.1303581914269,94.7152084556665,94.4803288314739,97.3576042278332,90.4873752201997,98.9724016441574,78.1561949500881,74.0751614797416,90.5167351732237,80.9296798706055,0.506555438041687,16.0011920928955,82.6579284667969,,,,,,701.845764160156,189.36653137207,145.963348388672,6.50480985641479,307.676361083984,57.9365272521973,90.7399597167969,342.613342285156,65.3278198242188,98.5065383911133,17827,3166,5731.47265625,1017.88531494141,0,652,209.621368408203,0,291,311,,,0.999881029129028,0.935580015182495,0.878191351890564,0.90632301568985,79,30,25.3989067077637,9.64515495300293,3.69023609161377,23.6521115075001,738.222115160152,356.563085328656,,,,849.21168409479,410.171318306134,,,31905,249.570913806515
2019,RN,24008,8ª Região de Saúde - Açu,100,100,100,91.437467566165,80.0726517903477,85.1063829787234,84.7431240269849,80.6953814218993,94.3435391800727,70.9911779968863,85.7810067462377,79.7093928386092,74.3315505981445,0.855614960193634,33.4759368896484,65.6149749755859,,,,,,574.46875,169.110427856445,127.941223144531,4.74090385437012,313.220367431641,70.0239791870117,91.3806457519531,349.287567138672,80.101432800293,99.089599609375,7582,1005,4802.2294921875,636.539245605469,0,167,105.77318572998,0,143,116,,,0.734711945056915,0.905722498893738,0.708743691444397,0.885137915611267,4,0,2.5334894657135,0,4.30376529693604,24.2517889627153,783.32509272096,389.257592116811,,,,901.095764435289,447.781350029708,,,20212,345.308937641676
2019,RN,24003,3ª Região de Saúde - João Câmara,98.6777402000656,100,98.6777402000656,41.7861799217731,85.6801390699696,87.4185136897001,91.6340721425467,82.1816601477618,91.1125597566275,68.2312038244242,36.245110821382,86.6145154280748,68.8513793945312,0.898728609085083,33.0995178222656,65.7167892456055,,,,,,575.669311523438,173.835113525391,141.22331237793,3.20197033882141,349.903503417969,83.2119598388672,106.844291687012,391.341033935547,94.1390609741211,116.466911315918,17325,2012,4913.0400390625,570.564880371094,0,310,87.9100952148438,0,322,212,,,0.601191580295563,0.913130640983582,0.733127653598785,0.903630673885345,0,0,0,0,3.64117932319641,20.0958034782856,830.550117756182,437.664614723804,,,,955.420935976485,503.466229073437,,,46809,377.809012899568
2019,RN,24006,6ª Região de Saúde - Pau dos Ferros,90.154784464226,98.9951749287386,90.154784464226,96.7484662576687,97.5460122699387,98.4662576687117,100,96.319018404908,100,89.9079754601227,93.0674846625767,93.680981595092,81.8330078125,0.94585782289505,19.5368556976318,79.4846725463867,,,,,,761.074340820312,211.0341796875,176.855392456055,2.08877277374268,358.109436035156,61.5245513916016,106.390060424805,396.988372802734,70.0815887451172,114.060829162598,16746,3250,6655.32666015625,1291.64050292969,6,862,342.582794189453,2.38456702232361,270,193,,,0.767035722732544,1.07305514812469,1.021488904953,1.11438763141632,45,4,17.8842525482178,1.5897114276886,1.80829668045044,21.2764576367303,875.739379946494,403.365395401054,,,,1007.40427359204,464.010220907264,,,35660,425.026104349237
2019,RN,24002,2ª Região de Saúde - Mossoró,84.4158041565559,86.2225358622625,81.3206721801284,91.3961298576683,80.4413881336958,82.2805053574284,84.1516072285303,74.012474012474,87.1421717575564,68.6070686070686,88.3895730049576,70.4301935071166,76.3566513061523,0.768074810504913,28.7694110870361,70.4458160400391,,,,,,625.1328125,157.713241577148,138.509811401367,3.85620903968811,363.344818115234,68.9877853393555,99.220100402832,407.329406738281,78.3537368774414,108.549491882324,24275,2916,4959.1826171875,595.714782714844,63,851,173.852294921875,12.8703813552856,503,632,,,1.2911239862442,1.02758753299713,1.16732311248779,1.00634121894836,172,59,35.13818359375,12.0532140731812,13.0803928375244,25.3699155527216,734.210450486142,371.231995926806,,,,844.596877190636,427.045657366253,,,45894,224.656492483376
2019,RN,24001,1ª Região de Saúde - São José de Mipibu,100,99.6343129393142,100,76.890756302521,81.6039459261966,78.2426013883814,88.5823894775301,79.0829375228352,93.6974789915966,63.9568871026672,73.1640482279869,81.7500913408842,66.8964233398438,0.743696689605713,27.7344455718994,68.3656845092773,,,,,,599.384765625,183.109329223633,131.755722045898,3.41843366622925,348.885009765625,83.7619934082031,100.768013000488,390.696838378906,95.4219589233398,109.554595947266,19607,1786,5085.30419921875,463.219909667969,0,359,93.1108322143555,0,309,265,,,0.687308371067047,0.8014275431633,0.846232235431671,0.806160867214203,66,0,17.1178703308105,0,3.39971256256104,22.2625065853962,683.695708296656,298.162180304617,,,,786.487388995418,342.990005406337,,,52238,386.602144115266
2019,RN,24005,5ª Região de Saúde - Santa Cruz,100,100,100,100,87.1290944123314,90.9055876685935,94.4894026974952,86.5895953757225,100,77.6878612716763,100,87.3603082851638,70.8317337036133,0.574932932853699,19.4327335357666,78.3058624267578,,,,,,620.105712890625,186.826721191406,127.201179504395,4.64743566513062,307.794647216797,62.6884841918945,83.7489318847656,345.330383300781,72.2540283203125,91.9497375488281,10878,1079,5405.05615234375,536.133056640625,0,390,193.78303527832,0,208,161,,,0.799976170063019,1.03350961208344,1.24915528297424,1.13872385025024,19,5,9.44071197509766,2.48439788818359,2.33732151985168,22.0177529049486,707.025131749935,333.30361202743,,,,813.324324076158,383.414850181351,,,31147,434.483962640785
2019,RN,24007,7ª Região de Saúde - Metropolitana,65.54,45.9178398510242,52.7420484171322,92.0235231221598,82.5126971398022,83.0098904036354,87.1103982892275,77.8134188719594,92.0609462710505,63.7583533814488,92.451216252339,79.2408446939321,65.1177749633789,0.972694218158722,31.0031642913818,66.1666488647461,,,,,,597.554382324219,149.775375366211,142.039810180664,1.60276162624359,336.060882568359,64.4331207275391,101.766647338867,376.859161376953,74.2033081054688,111.407241821289,66127,7135,4871.71484375,525.650390625,263,2468,181.822738647461,19.3757610321045,1860,3426,,,2.52400612831116,1.37030100822449,2.62572884559631,1.36543869972229,1079,177,79.4921951293945,13.0399608612061,28.5933933258057,25.8294685362402,782.209671337058,377.942654070764,,,,899.812642658731,434.765243635459,,,75443,138.73179944963
2019,RO,11005,Zona da Mata,95.1091786446131,98.0654117059485,90.4071155244468,74.8255234297109,93.2701894317049,95.7128614157527,100,100,100,99.7507477567298,74.6759720837488,91.5254237288136,77.3965682983398,2.01816344261169,22.1997985839844,75.7820358276367,,,,,,537.986572265625,150.135787963867,100.826484680176,10.123119354248,333.555755615234,79.8713607788086,78.8353424072266,372.939636230469,91.0938262939453,84.7423553466797,12755,3935,9387.166015625,2896.00146484375,0,242,178.102249145508,0,107,97,,,0.713880956172943,0.787476897239685,1.04064702987671,0.978826463222504,22,0,16.1911144256592,0,3.77179360389709,27.309998539682,727.883571864006,419.050581331296,,,,837.318770589072,482.053629368783,,,5960,92.3723225934408
2019,RO,11001,Vale do Jamari,67.7632654881729,81.3019431765808,62.9350589494655,95.3333333333333,96.5866666666667,99.68,100,100,100,98.24,96.3733333333333,84.1066666666667,80.2035903930664,1.39298152923584,23.9753551483154,74.6048736572266,,,,,,393.600250244141,91.925178527832,90.1012649536133,5.09731245040894,296.401947021484,59.3466148376465,77.1800079345703,331.510864257812,67.2994613647461,84.4650955200195,15195,3768,5542.869140625,1374.50024414062,7,350,127.673858642578,2.5534770488739,190,212,,,0.773338794708252,0.693086624145508,1.13903319835663,0.846660077571869,155,22,56.5412788391113,8.02521419525146,3.67117047309875,21.9051965008155,569.899255177592,276.630962519142,,,,655.581966883688,318.221631036723,,,10177,80.9809904364744
2019,RO,11003,Central,83.2196330003226,89.8640537390309,82.1296212863301,97.5727220188788,96.0508572529378,97.6112502408014,100,100,100,100,96.6673088036987,85.3592756694279,75.3537979125977,1.39680206775665,18.0849113464355,80.3896331787109,,,,,,533.060546875,147.473281860352,112.790832519531,6.50628757476807,328.735748291016,72.7285842895508,88.8955917358398,367.662017822266,83.2641525268555,96.3997421264648,22534,5350,6567.515625,1559.25305175781,6,573,167.000381469727,1.74869501590729,255,339,,,0.988012671470642,0.743195414543152,1.39268982410431,0.904803931713104,163,4,47.5062141418457,1.1657966375351,6.63688039779663,22.3316695081833,648.795517290492,313.578917109696,,,,746.340054784028,360.724604189857,,,12271,78.0160164479954
2019,RO,11006,Cone Sul,89.5845737223193,96.1440707805968,89.5845737223193,100,100,100,100,100,100,100,100,100,72.4897994995117,0.897959172725677,19.0204086303711,79.8367309570312,,,,,,500.275115966797,127.756729125977,98.0311584472656,5.68900108337402,340.921112060547,70.7205963134766,82.8785781860352,379.804809570312,79.8883666992188,89.716064453125,14471,2807,9152.3154296875,1775.31262207031,10,336,212.506240844727,6.3245906829834,176,206,,,1.3028656244278,1.11312794685364,1.52501690387726,1.39014506340027,18,0,11.3842630386353,0,8.33454513549805,24.7053677828534,929.575763151324,486.599669656404,,,,1069.33480196293,559.758528582196,,,4630,72.4520137897377
2019,RO,11002,Café,81.17413516275,79.9918260108013,72.9417603269596,93.3756166314306,83.861874559549,85.0599013389711,92.8470754052149,90.4510218463707,100,80.2677942212826,93.2699083861875,85.2360817477097,77.1842803955078,0.763067543506622,23.6169395446777,75.6199951171875,,,,,,570.080383300781,162.714065551758,111.57536315918,4.38328218460083,353.111999511719,77.7883377075195,91.732780456543,394.047332763672,89.5610275268555,98.8555603027344,14639,4098,8507.0400390625,2381.43676757812,27,420,244.071105957031,15.6902856826782,263,389,,,2.26056337356567,1.5283499956131,2.73621153831482,1.79377734661102,113,10,65.666748046875,5.81121683120728,7.82015466690063,21.3002767188397,644.910603649102,333.96714780324,,,,741.871055565206,384.178146650072,,,5110,67.9504049419355
2019,RO,11004,Madeira-Mamoré,62.9204246300643,52.7046248689267,56.030165081115,78.2977120798418,80.0018830618586,84.3329253365973,93.1268242161755,86.046511627907,95.066377930515,74.6822333113643,77.2055362018642,79.851238113172,38.3914413452148,7.63668775558472,38.024959564209,53.9817733764648,,,,,,421.476654052734,104.902931213379,80.9695205688477,5.86283206939697,353.300079345703,81.913703918457,78.7429275512695,395.877227783203,94.7339477539062,84.5746231079102,39244,5616,6098.978515625,872.792358398438,163,1541,239.489501953125,25.3321151733398,898,1262,,,1.96129620075226,1.39559745788574,2.80642533302307,1.66986036300659,555,82,86.2535171508789,12.7437629699707,12.7187423706055,22.1289614594828,567.588260217384,350.372442177259,,,,652.923520486878,403.049929785976,,,29823,111.875937813814
2019,RO,11007,Vale do Guaporé,98.7791835663983,96.4586234033537,98.7791835663983,92.6729986431479,89.9592944369064,100,100,100,100,100,66.7571234735414,92.1302578018996,70.8806838989258,0.568181812763214,17.6136360168457,81.676139831543,,,,,,388.480377197266,101.084175109863,87.2098770141602,11.2244901657104,305.220855712891,77.5907135009766,82.8391342163086,339.221466064453,87.0583267211914,88.685188293457,2667,631,5286.10791015625,1250.6689453125,0,111,220.006744384766,0,32,26,,,0.515331089496613,0.634253680706024,1.04106795787811,0.969218850135803,0,0,0,0,1.24075877666473,20.9327165483992,632.29222834312,330.264457291604,,,,727.355543872891,379.918767283759,,,3245,150.034261959887
2019,RR,14001,Centro Norte,66.8184398238557,56.4417869342574,57.5788561276534,100,81.1409527543619,86.4536365418545,93.4816702607332,82.7092726916291,81.1115467555381,66.4379533424819,100,84.7186826112527,41.8997001647949,7.33379554748535,49.9037055969238,42.739387512207,,,,,,476.360504150391,117.974411010742,108.66064453125,3.0549898147583,439.908935546875,108.508407592773,112.908828735352,486.344177246094,121.942527770996,120.329231262207,40362,7405,7831.7158203125,1436.84289550781,35,1045,202.768524169922,6.79129028320312,696,779,,,1.51154708862305,1.35049653053284,1.83607375621796,1.41113305091858,74,13,14.3587274551392,2.52247905731201,5.43671894073486,17.6907230044038,658.9326975732,330.97476128514,,,,758.001330927162,380.735863437048,,,33227,203.190698804338
2019,RR,14002,Sul,98.9159769193419,100,98.9159769193419,65.5374592833876,64.3648208469055,64.1693811074919,68.8599348534202,60.1954397394137,81.8892508143322,50.814332247557,62.8013029315961,56.6775244299674,53.5082359313965,4.6979866027832,43.6241607666016,51.6168403625488,,,,,,358.426910400391,94.0317459106445,61.9503288269043,5.55555534362793,320.364929199219,90.5548858642578,61.8159332275391,357.928649902344,103.931221008301,65.276969909668,5383,1233,5954.9755859375,1364.01354980469,0,97,107.306823730469,0,86,46,,,0.508877694606781,0.9513800740242,0.748382091522217,0.954145669937134,4,0,4.42502355575562,0,0.432546049356461,17.9931262154228,607.758457412573,169.426180286589,,,,699.133191140195,194.898918545278,,,10840,369.250824943077
2019,RS,43022,Região 22 - Pampa,81.7943116525548,63.3026645193182,73.1368828366261,76.3266998341625,86.6915422885572,91.5008291873963,90.7545605306799,86.2769485903814,92.4543946932007,68.9469320066335,74.6683250414594,85.9038142620232,81.5767669677734,0.622406661510468,14.5643157958984,84.7302932739258,,,,,,897.28955078125,288.300720214844,179.988845825195,0.41420117020607,383.645263671875,96.1524276733398,94.8588104248047,427.140777587891,109.413230895996,103.446708679199,12458,3179,6614.45751953125,1687.85998535156,35,326,173.086624145508,18.5829200744629,180,254,,,1.34858906269073,0.955693006515503,1.53229451179504,0.994186222553253,122,16,64.7747497558594,8.49504852294922,6.61658143997192,20.4129750877675,660.619055219811,426.994058329214,,,,759.94122758923,491.191385256123,,,10806,135.450302754209
2019,RS,43018,Região 18 - Araucárias,90.1652407944789,72.1518892180006,79.0419341743223,90.6583072100314,93.9184952978056,95.1097178683386,97.8683385579937,90.3448275862069,95.2351097178683,81.6300940438871,82.0062695924765,96.2382445141066,83.5526351928711,0.197368428111076,13.0921049118042,86.7105255126953,,,,,,746.235046386719,234.981460571289,124.622756958008,0.402414500713348,261.793121337891,53.4658355712891,61.8121070861816,291.49951171875,61.7568855285645,66.3910446166992,12056,2278,9050.9150390625,1710.1845703125,0,273,204.951873779297,0,127,156,,,1.17115354537964,0.953439116477966,1.7449061870575,0.987034738063812,85,0,63.8128547668457,0,6.1192774772644,20.3632074579604,878.648888797005,649.843539596145,,,,1010.75121871883,747.545644225031,,,3347,62.5277074675497
2019,RS,43001,Região 01 - Verdes Campos,59.8368426247495,39.6414118576023,43.5213346401838,99.0883868410622,95.3428458184701,99.7027348394768,87.3365041617122,93.7177962742767,97.0868014268728,77.6654776060246,100,92.1521997621879,77.2609786987305,1.59014117717743,15.9212884902954,82.4289398193359,,,,,,818.005737304688,240.845794677734,130.954177856445,3.05065774917603,316.986999511719,67.8360977172852,75.4880142211914,353.437164306641,77.4984588623047,81.381233215332,25002,4832,5723.9794921875,1106.24230957031,30,996,228.025115966797,6.86822605133057,870,1242,,,2.84344553947449,1.99178564548492,2.98573231697083,2.03797435760498,669,101,153.161437988281,23.1230278015137,14.5830755233765,19.6267574955537,581.587697226921,385.302335161241,,,,669.027732532421,443.231431582008,,,12906,70.5151375740914
2019,RS,43013,Região 13 - Diversidade,94.965492253764,90.2793359496069,88.5223001671912,93.8492734031768,93.5451165934437,94.1196350118283,94.8293342345387,91.7201757350456,94.7955390334572,91.2132477188239,80.1622169651909,91.9905373436972,85.7299270629883,0.364963501691818,13.7591238021851,85.8759155273438,,,,,,782.895812988281,248.607574462891,149.16455078125,2.11699175834656,285.106414794922,62.8956527709961,82.1421432495117,318.738494873047,71.5680389404297,88.6168441772461,16691,2649,7279.84033203125,1155.37097167969,27,546,238.139892578125,11.7761487960815,314,440,,,1.91907608509064,1.36952245235443,2.04250764846802,1.35131299495697,319,37,139.133010864258,16.1376857757568,20.5690059661865,24.2136864469966,996.599710012703,631.441921695136,,,,1146.43560620595,726.377396069265,,,6328,63.4380134143824
2019,RS,43014,Região 14 - Fronteira Noroeste,93.592042900692,86.610889833337,93.592042900692,100,97.7688368690563,97.9882955376737,98.8295537673738,95.8302852962692,96.9275786393563,91.8800292611558,100,98.7929773226042,82.1401901245117,0.745712161064148,16.890380859375,82.2893371582031,,,,,,886.963500976562,273.324096679688,158.099243164062,0.906344413757324,309.102478027344,64.4856109619141,74.7437896728516,343.710357666016,73.3409881591797,81.5939178466797,19091,4304,8526.193359375,1922.20092773438,40,567,253.226745605469,17.8643207550049,305,283,,,1.26390063762665,1.36215448379517,1.50116121768951,1.42546105384827,238,10,106.292709350586,4.46608018875122,13.3638515472412,19.4481712351,1131.55674875948,535.771138870964,,,,1301.68304705204,616.322786579334,,,5566,56.8075531412657
2019,RS,43003,Região 03 - Fronteira Oeste,80.297309641358,43.6581917832054,66.747210683138,82.3539040759535,80.6842363725651,84.5146505156327,84.2036339826486,78.3270584383696,81.5190702242593,60.8610247176297,81.8300867572434,75.2496316909478,74.1863632202148,1.31894481182098,20.9146976470947,77.7321014404297,,,,,,903.329772949219,249.518096923828,177.478759765625,5.43740940093994,389.502716064453,82.9850234985352,102.164222717285,435.192199707031,94.174560546875,112.128860473633,31048,6245,6777.81103515625,1363.2900390625,71,750,163.725784301758,15.4993743896484,402,561,,,1.22466886043549,0.87757021188736,1.41399049758911,0.916482388973236,271,13,59.1595840454102,2.83791375160217,7.79836845397949,20.3591281247039,643.257420713804,355.280018682442,,,,739.969321336753,408.695346284893,,,20731,106.815424157436
2019,RS,43017,Região 17 - Planalto,67.7412961776897,45.8324370702469,55.3552222933862,92.4954128440367,92.4770642201835,93.5963302752294,94.5871559633027,87.045871559633,91.0091743119266,72.6788990825688,86.8150055167341,92.3669724770642,80.3146667480469,0.730473875999451,20.3596172332764,78.9099044799805,,,,,,742.713317871094,199.305557250977,122.224731445312,1.29324281215668,322.831665039062,62.906063079834,69.5879669189453,360.27490234375,72.2296829223633,75.5500869750977,33756,5387,8105.73291015625,1293.56506347656,88,1071,257.176208496094,21.1311912536621,741,1332,,,3.19849395751953,1.77934229373932,4.00760221481323,1.82634723186493,543,33,130.389053344727,7.92419672012329,17.9523868560791,20.9379429100108,775.293353167938,562.337418230595,,,,891.85647597188,646.883229529801,,,7746,46.0423695963516
2019,RS,43015,Região 15 - Caminho das Águas,97.0754213376039,94.8715015633341,94.362737087514,92.7463312368973,95.4297693920335,97.8616352201258,97.6939203354298,90.6918238993711,98.6582809224319,74.5911949685535,84.7379454926625,98.2809224318658,84.1453018188477,0.341880351305008,16.1965808868408,83.4188003540039,,,,,,840.073974609375,238.613845825195,147.218185424805,3.12703585624695,321.218139648438,56.5301895141602,76.4092330932617,358.394134521484,64.4594116210938,82.096435546875,19788,4004,10829.56640625,2191.30712890625,26,514,281.301635742188,14.229266166687,244,217,,,1.18759644031525,1.33536195755005,1.78549933433533,1.4378399848938,157,4,85.9228744506836,2.18911790847778,7.57161140441895,20.7680224055399,899.181541817825,598.038140776329,,,,1034.37089698729,687.951452892204,,,7362,97.7615312229879
2019,RS,43019,Região 19 - Botucaraí,98.7067313017031,89.2432077834669,86.0884159588335,90.3030303030303,87.8030303030303,90.4545454545455,90.6818181818182,87.8030303030303,95.2272727272727,72.5,50.6818181818182,97.0454545454545,77.4405212402344,0.656275629997253,19.688268661499,79.5734176635742,,,,,,774.070373535156,252.340118408203,125.317558288574,2.97356820106506,319.035369873047,73.8910064697266,70.8368759155273,356.768188476562,84.8788375854492,76.8701934814453,9907,2310,8445.7216796875,1969.27587890625,0,194,165.385070800781,0,91,103,,,0.878075420856476,0.775775372982025,1.24422430992126,0.842270374298096,88,0,75.0200347900391,0,8.47982120513916,20.2099201356395,713.968835461803,497.614108641386,,,,821.311993643238,572.428956746986,,,5268,95.3398106012774
2019,RS,43026,Região 26 - Uva Vale,75.8995412379648,54.878276205649,59.6593119102297,100,100,100,100,100,100,93.1344696969697,84.5170454545455,100,82.4356002807617,0.421545654535294,14.6135835647583,84.7775192260742,,,,,,619.963439941406,175.321868896484,101.919036865234,2.8960816860199,252.46989440918,48.7144470214844,56.7519340515137,284.751983642578,56.2964134216309,62.0653610229492,10797,1893,5701.6572265625,999.651489257812,8,239,126.21061706543,4.22462320327759,162,215,,,1.13536751270294,0.855486214160919,1.78846788406372,0.921891987323761,134,2,70.7624359130859,1.0561558008194,42.5556869506836,19.2035940149848,818.838196601644,503.831632255074,,,,941.948161206695,579.581267129523,,,2353,33.7466440054029
2019,RS,43010,Região 10 - Capital e Vale do Gravataí,63.3846564040307,26.664739384547,48.3255959455862,81.033181266205,78.0005907643835,80.8132856345794,82.720141783452,76.6713709015721,81.1185138993731,65.0398765958843,73.6453444484558,80.3767763956808,71.3700866699219,1.70754194259644,22.2718048095703,75.8546905517578,,,,,,773.865112304688,200.061111450195,122.400260925293,6.08671951293945,336.591186523438,69.0794982910156,71.1163482666016,378.809692382812,79.2876510620117,77.2838287353516,157648,30350,6653.84716796875,1280.98205566406,590,4930,208.080444335938,24.9021224975586,4664,9967,,,4.20677042007446,1.96853387355804,5.03491353988647,1.94862270355225,2942,372,124.172950744629,15.7009992599487,34.8912086486816,19.1502114172988,835.414492744715,380.501678180906,,,,961.016655735144,437.709009650572,,,72134,92.1606563575392
2019,RS,43021,Região 21 - Sul,81.2797729306424,52.9871817523781,64.232586504648,76.0824548192771,74.7176204819277,77.0990210843374,78.6144578313253,72.5715361445783,81.8618222891566,66.5568524096386,94.484186746988,74.2281626506024,64.8144378662109,2.44002461433411,21.9397163391113,71.0272674560547,,,,,,936.002136230469,248.8193359375,178.166931152344,7.14719820022583,388.816650390625,75.2350540161133,97.8403854370117,435.017822265625,85.8297805786133,106.564552307129,52293,9514,5949.478515625,1082.42663574219,137,1897,215.825454711914,15.5867614746094,1415,2088,,,2.37555909156799,1.6098735332489,2.80470705032349,1.60722839832306,597,30,67.921875,3.41315960884094,14.765100479126,18.626233344448,672.298092776983,330.964958148336,,,,773.376174807495,380.724586426859,,,28579,70.2961110757717
2019,RS,43029,Região 29 - Vales e Montanhas,84.8757087562858,70.2106336826821,73.4033218566408,100,100,100,100,100,99.3987222848553,86.2457722660654,83.3145434047351,99.9624201428035,87.3870620727539,0.578243613243103,9.90242099761963,89.4831924438477,,,,,,756.931884765625,206.717666625977,121.728813171387,2.57309937477112,275.391143798828,48.0765419006348,60.538761138916,308.743530273438,54.4402313232422,66.1164321899414,17402,2735,7702.99951171875,1210.6484375,25,537,237.703170776367,11.066255569458,391,488,,,2.16013312339783,1.73076236248016,2.65003633499146,1.88513672351837,181,6,80.1196899414062,2.65590143203735,26.2212715148926,20.8199379536973,1119.49836018404,627.729411348118,,,,1287.81171448244,722.106720483603,,,2762,31.4684392036195
2019,RS,43009,Região 09 - Carbonífera/Costa Doce,64.0470351230621,43.4924041147217,55.2426693137913,86.3923405989,87.8997759217763,93.990629456101,92.7072723568955,86.4534528417193,92.9109798329599,67.4882868201263,61.9067019759625,91.7091057241801,74.48291015625,1.04506862163544,23.122142791748,75.6803817749023,,,,,,743.254211425781,203.783798217773,140.615661621094,6.05665922164917,353.174774169922,78.2077484130859,84.7585372924805,395.542633056641,89.5242004394531,92.2173919677734,26074,4413,6310.52099609375,1068.0498046875,0,325,78.6576385498047,0,295,520,,,1.25852227210999,0.713969349861145,1.23208117485046,0.755657911300659,92,0,22.2661628723145,0,15.54323387146,21.2279697553822,581.995663070665,411.250767276868,,,,669.497034865829,473.081135734735,,,16130,96.710543197519
2019,RS,43007,Região 07 - Vale dos Sinos,68.4944160082925,33.4318517538504,42.9055206324276,82.4896499811818,83.6093338351524,86.8178396687994,86.8648852088822,82.3955589010162,88.323296951449,66.0425291682349,62.5893865261573,88.5491155438464,76.8831405639648,1.07899022102356,20.236156463623,78.3896560668945,,,,,,670.820678710938,173.519271850586,129.054962158203,5.60445499420166,344.284118652344,75.171875,85.4253768920898,386.106903076172,85.5198822021484,92.5034790039062,47626,7139,5738.90869140625,860.245910644531,61,805,97.0020904541016,7.35046911239624,739,1515,,,1.82556736469269,0.890491247177124,2.0686149597168,0.897871851921082,383,58,46.1513061523438,6.98897075653076,25.3371868133545,27.0791175681671,708.608570301491,468.630759012615,,,,815.145828053637,539.088043973576,,,17057,53.7925378500947
2019,RS,43016,Região 16 - Alto Uruguai Gaúcho,88.2022520088845,69.6334696887837,79.8279691613711,97.5618904726182,99.6249062265566,99.5123780945236,100,93.9234808702176,95.3863465866467,77.569392348087,58.4504367641474,97.8994748687172,79.8487701416016,0.491493374109268,21.1720218658447,78.3364868164062,,,,,,803.633544921875,219.367904663086,130.504592895508,3.41880345344543,279.26708984375,52.4158554077148,64.675666809082,312.534576416016,60.0809326171875,69.9555892944336,17682,2785,7590.73095703125,1195.57653808594,28,519,222.80224609375,12.0201597213745,282,440,,,1.88888216018677,1.21060180664062,1.78563761711121,1.22852468490601,260,14,111.615768432617,6.01007986068726,14.8925485610962,20.8447496080853,897.446649172005,652.068818853071,,,,1032.37516822867,750.105487809431,,,4186,40.4138550474917
2019,RS,43004,Região 04 - Belas Praias,84.2597899961577,56.0541449618604,72.2573208448025,97.0651704790678,94.2166594734571,100,98.144151920587,93.6555891238671,98.4031074665516,81.3552006905481,93.3103150625809,91.6702632714717,80.4663467407227,0.92388916015625,20.8095035552979,78.2666091918945,,,,,,756.200073242188,212.05940246582,137.434387207031,4.60526323318481,343.253204345703,74.6257553100586,79.3971557617188,384.997222900391,85.8808975219727,86.1653671264648,12616,1691,7845.576171875,1051.59069824219,15,158,98.2562637329102,9.32812595367432,223,293,,,1.82209396362305,1.3867814540863,1.88490343093872,1.40015172958374,10,0,6.21875095367432,0,7.78463220596313,21.3935546820633,964.831364017158,687.234920099018,,,,1109.89098088281,790.558711099335,,,4506,76.6368513802622
2019,RS,43027,Região 27 - Jacuí Centro,65.4406733774704,77.0367453422264,54.9860943614482,98.5995623632385,94.7921225382932,94.2231947483589,96.2363238512035,91.5973741794311,100,77.7680525164114,43.2395644283122,98.1619256017506,78.0141830444336,0.709219872951508,19.5035457611084,79.7429046630859,,,,,,986.621765136719,315.738647460938,182.251647949219,6.14078903198242,375.655242919922,84.7720489501953,95.6020431518555,418.902923583984,95.4441604614258,103.982933044434,16596,4005,8174.72509765625,1972.7509765625,15,371,182.744216918945,7.38858032226562,215,358,,,1.76340782642365,1.05902981758118,1.80047392845154,1.07208299636841,197,5,97.0366897583008,2.46286010742188,7.46739196777344,21.6696172338124,746.4347593217,420.590853929266,,,,858.659075653611,483.825477515872,,,8846,98.4703900267845
2019,RS,43005,Região 05 - Bons Ventos,65.7045360038068,59.8725923512541,56.7534199008004,86.6003316749585,85.1077943615257,93.8971807628524,87.4295190713101,84.4776119402985,90.547263681592,75.3897180762852,80.2653399668325,84.4444444444444,74.0572662353516,1.32681560516357,21.5083789825439,76.9902267456055,,,,,,846.381713867188,244.604309082031,168.429962158203,9.10000038146973,365.856292724609,75.9713287353516,98.4159927368164,407.301177978516,86.1704635620117,105.705947875977,16215,3359,6862.03955078125,1421.498046875,19,290,122.72534942627,8.04062652587891,218,292,,,1.23571729660034,0.922556102275848,1.75021159648895,1.07352936267853,69,1,29.2001686096191,0.423190861940384,8.10875988006592,26.1112797936124,860.044433160284,560.36450633823,,,,989.349636757965,644.613696016405,,,9380,106.861128166029
2019,RS,43008,Região 08 - Vale do Caí e Metropolitana,80.6815598145957,47.9733675067046,59.2951483802959,78.4552845528455,81.6978634902628,86.0370580449991,84.8742673473246,80.0340328984685,87.010777084515,65.4377008886368,74.3051616562677,83.0969937606353,73.5503997802734,0.924530208110809,19.3548393249512,79.4292068481445,,,,,,756.705261230469,208.241592407227,134.804977416992,3.91923999786377,370.261840820312,83.1761703491211,84.2974395751953,415.701324462891,94.2963180541992,92.0006790161133,52056,9532,6683.24560546875,1223.7724609375,120,1163,149.312561035156,15.4062833786011,993,1914,,,2.45730209350586,1.27486991882324,2.49081087112427,1.35694050788879,291,21,37.360237121582,2.69609951972961,28.4469318389893,20.4804508174456,1223.53455204291,538.521379784315,,,,1407.48944816305,619.486518293313,,,19832,66.2071663704032
2019,RS,43020,Região 20 - Rota da Produção,93.8547520231143,80.0363609652183,89.1676154797321,95.177304964539,96.9267139479905,99.7163120567376,99.0070921985816,90.7801418439716,93.4278959810875,74.5626477541371,57.1154767609008,93.2860520094563,83.0999069213867,0.513538777828217,15.6395893096924,83.6134490966797,,,,,,794.7060546875,227.321472167969,145.21614074707,2.92983818054199,320.843902587891,58.5800323486328,76.6910858154297,357.747283935547,66.9914627075195,82.746711730957,15118,3733,9263.1962890625,2287.30737304688,0,373,228.546920776367,0,184,161,,,0.986489355564117,1.12741649150848,1.25409758090973,1.19190585613251,104,0,63.7235374450684,0,4.7829418182373,19.1439514132086,1591.98090051542,577.103447925466,,,,1831.33064400292,663.86928926313,,,8244,139.535255430094
2019,RS,43025,Região 25 - Vinhedos e Basalto,65.6621443532625,40.9971796553195,46.6311842264425,100,98.2514571190674,100,98.6677768526228,96.1421038023869,100,84.0133222314738,88.6205939494865,99.8057174576742,82.9930114746094,0.322407305240631,13.2724342346191,86.378288269043,,,,,,687.422668457031,176.028060913086,100.452507019043,3.61887311935425,269.625946044922,41.7198715209961,56.6897506713867,301.699340820312,47.2841796875,61.3364143371582,17767,2439,5594.79541015625,768.036560058594,27,409,128.793334960938,8.5022497177124,313,745,,,2.34599113464355,0.985631167888641,2.49698495864868,0.943119943141937,297,12,93.5247497558594,3.7787778377533,35.1249351501465,21.2475366821018,1004.26220244727,607.37914972656,,,,1155.25013231007,698.696855635997,,,2096,16.4340255225172
2019,RS,43012,Região 12 - Portal das Missões,86.7900601855502,89.7638571315935,86.7900601855502,100,94.0955448201825,100,97.1014492753623,96.1889425657542,88.0300590445518,87.7079978529254,91.8947933440687,100,76.4575271606445,0.721821188926697,18.6007766723633,80.5663528442383,,,,,,910.036743164062,277.883880615234,162.647674560547,6.22286558151245,364.199188232422,80.3697280883789,92.0548706054688,408.154968261719,92.7583236694336,100.728797912598,9677,1988,6372.23291015625,1309.08325195312,8,319,210.059127807617,5.26794052124023,195,264,,,1.73842036724091,1.28406047821045,1.63108611106873,1.29377329349518,191,7,125.772079467773,4.60944795608521,11.2839288711548,20.9516804483474,905.930355594102,618.408184052143,,,,1042.13437547825,711.384073508813,,,4905,80.2523804049345
2019,RS,43024,Região 24 - Campos de Cima da Serra,94.6895851756572,78.3232173004261,74.1689444489107,93.3096085409253,93.3807829181495,100,94.0213523131673,91.5302491103203,94.2348754448399,77.5800711743772,96.7259786476868,91.8149466192171,65.2898559570312,2.31884050369263,20.7971019744873,76.739128112793,,,,,,743.419921875,210.401870727539,126.241119384766,9.97304534912109,355.547546386719,74.3050231933594,79.2728271484375,399.081970214844,83.6818313598633,85.7751083374023,7309,1390,7322.98681640625,1392.66003417969,8,135,135.258346557617,8.01530933380127,87,137,,,1.37262165546417,0.871664881706238,1.69348454475403,0.991393566131592,66,2,66.1263046264648,2.00382733345032,12.0640420913696,23.4476418700765,1054.00213873704,648.323106057561,,,,1212.46832476999,745.79661788277,,,3458,93.576760190895
2019,RS,43030,Região 30 - Vale da Luz,79.995819236159,56.4836679234765,46.6898415180818,94.807821982468,94.0660822656777,98.9211058664869,98.1793661496966,93.2569116655428,100,72.0836142953473,57.316250842886,100,88.2150268554688,0.27567195892334,9.30392837524414,90.4204025268555,,,,,,803.14501953125,211.151885986328,170.457168579102,4.015296459198,314.505126953125,60.5507011413574,87.3992080688477,351.6552734375,68.9214172363281,96.0980453491211,9012,1324,6919.6396484375,1016.60040283203,14,218,167.385864257812,10.749550819397,135,229,,,1.75831937789917,1.03656387329102,1.68767952919006,1.01890385150909,107,6,82.1572799682617,4.60695028305054,24.1588478088379,23.2373412770678,931.950221657905,568.405705271634,,,,1072.06625346753,653.863866050792,,,2310,42.734788704708
2019,RS,43011,Região 11 - Sete Povos das Missões,92.3754302412911,82.778602369842,80.1916375686517,98.5862665897288,92.931332948644,94.9221004039238,95.5856895556838,89.1229082515868,93.3929601846509,69.936526255049,87.0167339873052,91.8926716676284,76.7475051879883,0.770328104496002,25.9914417266846,73.2382278442383,,,,,,884.3544921875,266.057312011719,174.153106689453,3.76061463356018,346.774230957031,75.2968521118164,92.832145690918,385.838104248047,85.4904098510742,100.290046691895,22414,3955,8015.333984375,1414.32348632812,25,511,182.735595703125,8.94009780883789,322,376,,,1.34459066390991,1.15148460865021,1.99095976352692,1.1822384595871,216,11,77.2424468994141,3.93364310264587,9.1550178527832,18.7216917025283,807.962316379958,447.899108443941,,,,929.437123716213,515.239449449056,,,10215,80.760584426719
2019,RS,43002,Região 02 - Entre Rios,89.0143903545732,84.0458287418163,84.8650093991055,75.3435731608731,89.733225545675,92.1584478577203,91.9967663702506,86.661277283751,92.0776071139855,75.1010509296686,72.7566693613581,91.8350848827809,81.9500427246094,1.1281224489212,13.3763093948364,85.4955673217773,,,,,,828.219604492188,234.079727172852,151.989273071289,2.35525035858154,272.994018554688,50.7762145996094,70.1989517211914,305.683746337891,58.3927993774414,76.1681671142578,8641,1869,7023.20458984375,1519.07995605469,9,239,194.253662109375,7.31499147415161,117,154,,,1.25167632102966,0.950948894023895,1.18746697902679,1.01089119911194,71,1,57.7071571350098,0.812776863574982,5.62847948074341,20.025609391887,702.669352758151,459.946607247034,,,,808.313666257603,529.098255000397,,,5793,107.878596433652
2019,RS,43006,Região 06 - Vale do Paranhana e Costa Serra,81.9897407744171,45.9391995059102,70.0749712638748,93.3027846316532,91.1173775114558,95.0652097285865,95.0652097285865,89.8836799436024,94.4659851956292,72.9996475149806,76.7359887204794,85.3013746915756,80.1900100708008,0.703729748725891,17.7339897155762,81.5270919799805,,,,,,701.967956542969,199.650085449219,131.964874267578,4.79078245162964,369.511779785156,90.0513076782227,86.9605178833008,414.196411132812,102.114891052246,94.957389831543,18295,2815,7788.0556640625,1198.326171875,8,427,181.770965576172,3.4055449962616,156,299,,,1.27282249927521,0.664081275463104,1.51706397533417,0.819991409778595,67,2,28.5214405059814,0.851386249065399,10.902853012085,21.2650748852068,533.154505052411,348.805989080272,,,,613.312749402067,401.247964977243,,,4496,49.0087460053426
2019,RS,43028,Região 28 - Vinte e Oito,77.9003028491845,60.3361940522594,54.6592732191524,94.665976178146,96.5820818228897,97.7213878819265,96.4008285862247,91.9212843086484,97.4883480062144,76.7219057483169,29.7304370583617,92.3355774210254,76.0419311523438,0.664791584014893,17.8726673126221,81.2068557739258,,,,,,835.585632324219,254.061279296875,155.907699584961,4.3241400718689,357.560302734375,74.8241729736328,86.3334503173828,398.582183837891,85.3403015136719,93.0402221679688,24476,4155,6963.498046875,1182.11047363281,33,559,159.037246704102,9.38860321044922,396,660,,,1.87772059440613,1.12663233280182,2.88578629493713,1.16767191886902,227,6,64.5822067260742,1.7070187330246,18.2124671936035,22.6587483556356,1013.580634582,441.588510977211,,,,1165.96956387918,507.980071827722,,,9490,57.4994932028195
2019,RS,43023,Região 23 - Caxias e Hortênsias,60.3183070606026,25.3921333522569,35.785400485813,95.3522834433518,93.7087430957834,100,95.662131213795,94.3688535632494,100,79.4826889397818,100,100,79.9726181030273,0.862423002719879,14.4010953903198,84.6817245483398,,,,,,600.60498046875,154.459686279297,99.3760375976562,3.59345674514771,285.85205078125,59.3031845092773,63.3306884765625,320.849945068359,67.7246780395508,68.8479309082031,29904,3882,4816.43603515625,625.247619628906,69,631,101.630928039551,11.1133661270142,920,2011,,,3.23898243904114,1.48178207874298,2.86704707145691,1.54532158374786,628,108,101.147735595703,17.3948345184326,43.5397529602051,24.842690802772,932.88991833512,544.999445311774,,,,1073.14723083384,626.938542315996,,,9128,35.6723091398065
2019,SC,42008,Meio Oeste,96.0810860258334,81.3651641636566,86.5778372529443,95.0510011333585,96.5999244427654,100,98.8666414809218,92.6709482432943,97.8466188137514,69.8904420098224,88.7041934265206,88.4397431054023,80.9255065917969,1.20391273498535,21.5575618743896,77.1632843017578,,,,,,652.466613769531,190.800994873047,100.859382629395,5.01992034912109,299.318572998047,66.3909683227539,60.7434120178223,332.978973388672,75.028694152832,64.6673202514648,16543,3139,8600.6015625,1631.94641113281,10,370,192.360687255859,5.19893741607666,210,388,,,2.01718759536743,1.09177684783936,2.33679246902466,1.18444788455963,104,0,54.0689468383789,0,18.6277923583984,21.6826981669644,999.652603200159,665.454544100197,,,,1149.94749309181,765.503718296575,,,2811,38.3439371391475
2019,SC,42003,Xanxerê,99.4718010733882,87.9363762655287,95.2741937095855,92.2188243289161,98.2670744138634,100,100,96.3982330954808,98.1651376146789,79.0689772341149,86.2385321100917,92.9663608562691,78.1007080078125,0.777289628982544,20.9192295074463,78.3034820556641,,,,,,563.434936523438,141.231704711914,96.9724731445312,4.06001758575439,290.871704101562,51.7339057922363,67.590446472168,321.670654296875,58.9589614868164,71.3013381958008,21195,4087,10540.1611328125,2032.44348144531,20,380,188.971984863281,9.94589424133301,189,263,,,1.30788505077362,0.93988698720932,1.53502452373505,1.03076767921448,92,3,45.7511138916016,1.49188411235809,11.4536914825439,22.0520521697779,912.83374101762,598.736323745465,,,,1050.07566501844,688.754605659983,,,6255,79.7004554069196
2019,SC,42004,Alto Vale do Itajaí,98.1863205070444,89.2076923858659,94.8225107638524,98.0421686746988,94.6034136546185,98.9457831325301,97.7409638554217,93.8504016064257,94.6034136546185,71.5612449799197,96.2600401606426,92.6204819277108,83.4927673339844,0.760362982749939,15.8449840545654,83.1248474121094,,,,,,653.076843261719,184.003143310547,137.330810546875,2.57069396972656,330.805877685547,65.4000778198242,88.9133911132812,368.871124267578,74.6482086181641,95.9103546142578,23768,4916,7980.6328125,1650.65588378906,45,691,232.0185546875,15.1097469329834,333,440,,,1.47739744186401,1.11812126636505,1.58459281921387,1.27719330787659,114,1,38.2780265808105,0.335772156715393,7.56964731216431,20.7391770059298,948.562118658135,481.890003658524,,,,1091.17570133948,554.340777865373,,,2779,25.8053140212815
2019,SC,42002,Oeste,97.8001457334187,88.0853233148535,92.1896861744424,100,95.9111933395005,95.8371877890842,97.4098057354302,92.5624421831637,92.3404255319149,72.0074005550416,100,93.2839962997225,84.0304870605469,0.478553712368011,16.8380012512207,82.5062026977539,,,,,,538.27978515625,163.07356262207,105.244117736816,3.81873726844788,278.365661621094,62.8941612243652,71.9784393310547,310.957366943359,70.9834365844727,77.7108688354492,29703,4981,8140.796875,1365.15869140625,28,555,152.110641479492,7.67405033111572,524,919,,,2.51873278617859,1.43614363670349,2.65124726295471,1.51720082759857,238,15,65.2294235229492,4.11109828948975,15.5087070465088,22.8809504914778,1104.25829428176,589.812366034693,,,,1270.28034856314,678.488956608395,,,5248,33.1435610038046
2019,SC,42007,Grande Florianópolis,93.4341613534048,54.3830103357544,79.2463866037731,42.6739592828927,86.0650258280158,86.3324217563051,89.2130051656032,84.2175630507445,91.0726223032513,61.9203889395321,41.0756608933455,89.4439380127621,76.2585906982422,1.15177404880524,21.4316673278809,76.6796722412109,,,,,,541.651733398438,115.223945617676,121.753852844238,1.61757969856262,272.871032714844,42.7037658691406,71.6797103881836,305.408447265625,49.1230773925781,78.501953125,75765,11448,6262.51220703125,946.258056640625,144,1891,156.304504394531,11.9026165008545,1895,3881,,,3.20792055130005,1.56635129451752,3.17773008346558,1.54990255832672,983,166,81.2518920898438,13.7210721969604,25.0299625396729,21.6596821244773,729.42239399738,478.000803506375,,,,839.088950198391,549.866847671244,,,15607,33.6747289932223
2019,SC,42010,Alto Uruguai Catarinense,97.0726330256668,66.7524784249705,81.2079225880268,94.2885771543086,93.0360721442886,94.3887775551102,95.7414829659319,89.3787575150301,92.5851703406814,64.0781563126253,92.3847695390781,90.5310621242485,86.7830429077148,0.349127173423767,16.3591022491455,83.2418975830078,,,,,,658.929321289062,201.784042358398,84.1926574707031,1.68954598903656,264.020477294922,55.1324691772461,48.9956665039062,294.559875488281,64.0116806030273,52.2918586730957,12743,1987,8866.669921875,1382.56860351562,20,348,242.140853881836,13.9161415100098,195,243,,,1.69081115722656,1.35682380199432,1.84354078769684,1.43788528442383,144,2,100.196220397949,1.3916140794754,29.0005435943604,22.5285665456744,1130.42170897954,691.154240845002,,,,1300.37735731009,795.067290431834,,,1414,23.5893917746654
2019,SC,42001,Extremo Oeste,98.3821296711639,98.8587350332977,98.3821296711639,96.1204013377926,95.5518394648829,95.8862876254181,97.5919732441472,93.1103678929766,94.4147157190636,69.6989966555184,93.8461538461538,92.0066889632107,80.8580856323242,0.363036304712296,14.6534652709961,84.9834976196289,,,,,,665.625427246094,200.505142211914,106.276329040527,2.32708477973938,269.652313232422,51.3228225708008,64.2333908081055,299.319641113281,58.5897789001465,68.0895690917969,21814,4847,9385.8779296875,2085.51147460938,20,540,232.345001220703,8.60537052154541,283,276,,,1.1875411272049,1.21765995025635,1.50282037258148,1.33060538768768,125,0,53.7835655212402,0,8.45735836029053,20.1532131057751,992.206078594596,577.64569511059,,,,1141.38140495779,664.493061750865,,,3285,34.9919484995562
2019,SC,42013,Serra Catarinense,88.7641734753656,98.8463631668163,78.5644708973617,87.3756513500711,84.4860255802937,88.6072951207958,87.9914732354334,85.2676456655613,86.0729512079583,68.0720037896731,82.2122216958787,83.8702036949313,79.929931640625,0.125125125050545,20.1701698303223,79.704704284668,,,,,,791.221618652344,240.142700195312,165.531890869141,4.0789475440979,406.010803222656,93.088996887207,112.584678649902,453.060363769531,105.643623352051,121.598266601562,22591,5048,7839.6875,1751.79235839844,36,708,245.695129394531,12.4929723739624,352,518,,,1.79759991168976,1.22153508663177,2.4834988117218,1.29302263259888,202,2,70.0994567871094,0.694054067134857,12.9475784301758,19.1000509177922,886.042461738983,426.64306504113,,,,1019.25639405915,490.787621138036,,,10402,96.4319485309438
2019,SC,42006,Médio Vale do Itajaí,94.4809178256213,52.2874071196154,78.588754923587,50.3667724028549,100,100,100,100,100,84.892942109437,48.949246629659,100,76.2223281860352,0.265617311000824,18.8391532897949,80.7870178222656,,,,,,538.869384765625,156.279663085938,99.827880859375,3.38310790061951,281.030578613281,59.3261909484863,69.0751571655273,314.858917236328,68.4989395141602,74.7508239746094,52930,7662,6654.77294921875,963.326477050781,76,974,122.458885192871,9.55531311035156,1128,1856,,,2.33350801467896,1.41820967197418,2.62730264663696,1.57307493686676,554,55,69.653205871582,6.91502952575684,24.7294025421143,24.5004658654402,968.550429888889,531.604554301956,,,,1114.16919759744,611.529768020139,,,6340,23.3961361682464
2019,SC,42011,Nordeste,83.6131106843183,48.245832661379,72.1732713669262,100,100,100,100,100,100,79.3199748656008,97.647140962089,100,81.696907043457,0.580936670303345,18.1668224334717,81.2307281494141,,,,,,539.579956054688,142.824325561523,103.321769714355,3.43783402442932,301.562744140625,62.1645393371582,73.5488052368164,338.3154296875,71.1790008544922,80.3577728271484,65471,9855,6292.63232421875,947.196350097656,134,1232,118.411552429199,12.8791790008545,1314,2415,,,2.32113552093506,1.26292848587036,2.40187072753906,1.26617228984833,625,84,60.0707969665527,8.07351493835449,30.375638961792,31.9860247828242,1163.40188053385,741.529023735871,,,,1338.3160026747,853.01577685097,,,12326,32.1399658718535
2019,SC,42014,Extremo Sul Catarinense,87.4367946330969,68.5812547731595,84.7363718497147,100,100,100,100,95.8487768717569,98.7398072646405,69.1252779836916,99.1475166790215,94.7739065974796,76.9981918334961,0.650994598865509,23.5081367492676,75.5153732299805,,,,,,647.804077148438,183.322128295898,143.297622680664,3.05110597610474,314.624176025391,66.4592056274414,88.7839431762695,351.139709472656,75.816276550293,96.0320129394531,16054,3319,7932.7587890625,1640.0166015625,10,400,197.651901245117,4.94129753112793,233,348,,,1.71957147121429,1.15132224559784,1.28992569446564,1.18245244026184,63,0,31.1301727294922,0,7.8270149230957,21.6511390534048,654.113373931187,390.418576313149,,,,752.457435855224,449.116884856331,,,4541,57.4772539180753
2019,SC,42016,Laguna,98.8233106454427,98.8583132569657,98.0535266498399,99.5049504950495,89.9958745874587,90.7590759075908,93.4818481848185,89.4389438943894,89.2739273927393,68.9150165016502,96.0189768976898,87.9744224422442,78.1633071899414,1.20506966114044,24.6000423431396,74.1325607299805,,,,,,722.448486328125,197.425872802734,151.866058349609,1.53903901576996,328.966400146484,69.7517471313477,89.2188339233398,368.166717529297,79.4941253662109,97.2082595825195,31923,7589,8657.1787109375,2058.05615234375,30,602,163.256011962891,8.13568115234375,493,584,,,1.5837459564209,1.33696365356445,1.72320508956909,1.38530313968658,301,30,81.6280059814453,8.13568115234375,18.9184589385986,19.812569762827,665.70043047743,389.576961691282,,,,765.786572982472,448.148735899917,,,4949,36.009546630639
2019,SC,42009,Alto Vale do Rio do Peixe,81.8730746794117,65.6439227244971,77.3188279722856,93.2275633435946,92.7066066777173,95.3587497040019,95.2166706133081,94.3168363722472,95.5481884915936,70.5185886810324,88.7757518351883,91.6173336490646,74.0620651245117,0.393700778484344,15.1459007263184,84.4140777587891,,,,,,630.393859863281,210.92253112793,107.495887756348,2.36686396598816,343.745697021484,91.1079177856445,75.6255493164062,383.401306152344,104.322166442871,81.9058837890625,25429,4916,8623.0693359375,1667.03405761719,56,525,178.02946472168,18.9898090362549,284,397,,,1.34624183177948,0.963054656982422,1.55818176269531,1.04333746433258,184,0,62.3950881958008,0,16.5940418243408,21.2061419198296,756.156743935347,492.422552629694,,,,869.842732654604,566.456865240617,,,6854,60.3601814789028
2019,SC,42005,Foz do Rio Itajaí,89.0585653129435,64.7535025868779,75.4461219724372,89.6512935883015,92.9790026246719,93.4383202099738,96.0442444694413,89.501312335958,90.3824521934758,68.1758530183727,87.0359955005624,86.8203974503187,81.3750686645508,0.615017414093018,18.716724395752,80.5764617919922,,,,,,531.946838378906,142.281112670898,100.631042480469,4.4666314125061,311.290344238281,66.5600051879883,73.1140365600586,348.480133056641,75.9540786743164,79.8126831054688,38452,5084,5374.2568359375,710.566955566406,59,669,93.5030059814453,8.24615478515625,792,1626,,,2.27258443832397,1.10694146156311,2.69093704223633,1.17692899703979,248,30,34.6618041992188,4.19295978546143,20.2350845336914,23.0617260989579,1126.08773590953,699.28796808468,,,,1295.39178387085,804.423900136864,,,9740,35.7241123312418
2019,SC,42015,Carbonífera,86.9273073153859,73.9226379201015,81.9051132760708,92.7437641723356,92.2204779347637,93.825222396651,94.6973661259375,88.2435025292168,91.8541775684633,71.323914181057,88.6970172684458,89.8831327402756,80.5266952514648,0.39412397146225,21.7843074798584,77.7857360839844,,,,,,584.709899902344,147.432708740234,124.382080078125,0.624512076377869,300.241790771484,58.5686073303223,79.7507476806641,336.246124267578,66.9467163085938,87.195556640625,27803,5828,6345.31201171875,1330.08947753906,40,662,151.084289550781,9.12896060943604,568,924,,,2.10878992080688,1.29631233215332,2.17811298370361,1.38046991825104,296,40,67.5543060302734,9.12896060943604,21.6858711242676,23.8234028601917,949.635261497665,453.964242139851,,,,1092.41018811429,522.216458528561,,,6538,44.2867285155584
2019,SC,42012,Planalto Norte,86.1416524975265,68.1463581551912,78.1627245068211,100,100,100,100,96.9086284484445,100,77.5582077871258,98.2195265114459,100,65.4877777099609,0.536459386348724,14.4049272537231,84.6811065673828,,,,,,669.253662109375,208.927429199219,125.039901733398,3.74458026885986,349.807159423828,83.3123321533203,87.5944213867188,390.592987060547,94.3409423828125,95.3917083740234,29213,5173,7706.30908203125,1364.62316894531,57,573,151.155822753906,15.0364437103271,358,753,,,1.98639333248138,0.944394171237946,1.55640387535095,1.01674056053162,170,2,44.8455352783203,0.52759450674057,11.5601234436035,26.6921987042482,825.105244023099,492.964713801052,,,,949.157441158869,567.080538782664,,,7209,47.0542646600501
2019,SE,28007,Propriá,99.4876023693669,100,99.4876023693669,78.0124223602485,98.5093167701863,98.1780538302277,100,95.1966873706004,98.7991718426501,93.2919254658385,76.6045548654244,86.0869565217391,66.1069412231445,0.795404314994812,32.8325233459473,66.1069412231445,,,,,,664.997924804688,188.83430480957,134.254287719727,9.71698093414307,408.230010986328,91.2336654663086,104.811279296875,455.671966552734,103.961296081543,113.597755432129,7850,1617,4924.74853515625,1014.43548583984,0,127,79.6742782592773,0,128,144,,,0.903393387794495,0.803016304969788,0.93413382768631,0.82654219865799,6,0,3.76413893699646,0,2.6970055103302,18.4592540957253,685.657036402893,308.477399298758,,,,788.743597133803,354.856087868416,,,26128,419.406136038549
2019,SE,28001,Aracaju,84.9564316645561,76.9852663659035,74.4838054657068,90.4493464052288,72.4183006535948,82.5735294117647,76.1601307189542,73.3333333333333,84.9183006535948,70.4248366013072,90,76.2581699346405,67.3722229003906,0.774393379688263,37.0418167114258,62.0547256469727,,,,,,562.177551269531,155.29573059082,105.466361999512,3.90495872497559,345.127014160156,76.4563827514648,86.1511383056641,384.763366699219,86.49609375,92.0420989990234,33455,5497,3885.8779296875,638.489624023438,220,1689,196.181381225586,25.553524017334,1336,2889,,,3.35564231872559,1.55179584026337,3.20066595077515,1.59361064434052,857,120,99.542594909668,13.9382858276367,29.1624946594238,19.201320991194,695.244709613017,369.648795924294,,,,799.772749398571,425.22442780298,,,55466,142.943766073668
2019,SE,28002,Estância,98.0111629654128,100,96.7862582017581,88.861985472155,89.7228948076406,89.5345708905031,91.2025827280065,85.7411891310196,97.8746300780199,79.5534032822168,87.8127522195319,88.7812752219532,65.3790740966797,0.893629312515259,37.3306427001953,61.5451126098633,,,,,,595.252624511719,158.761093139648,117.345153808594,8.18553924560547,392.532653808594,86.0734405517578,94.8278961181641,439.006469726562,99.031494140625,102.605087280273,9840,1433,3995.419921875,581.853332519531,0,196,79.5835647583008,0,178,134,,,0.544091761112213,0.722748696804047,0.855218827724457,0.779188096523285,12,0,4.87246322631836,0,2.70908951759338,17.6758954163077,563.915662857213,229.029144975645,,,,648.698758690686,263.463017318795,,,37923,394.424639372503
2019,SE,28003,Itabaiana,93.5514339003045,99.9442062138337,88.099583937766,79.1703442188879,93.498087672845,93.7922918505443,94.5572227125625,89.2027066784348,98.5289791115034,85.672256546043,78.1112091791703,92.4977934686673,69.9239654541016,0.647704899311066,34.412841796875,64.8549728393555,,,,,,639.623413085938,159.015838623047,101.263816833496,12.3067407608032,374.380249023438,73.6453704833984,79.1909561157227,417.142944335938,83.0867767333984,84.8411483764648,10983,1225,4344.455078125,484.563201904297,0,166,65.6632614135742,0,152,129,,,0.510274708271027,0.601253926753998,0.944502711296082,0.716560184955597,33,0,13.053539276123,0,3.45285892486572,17.8217555788492,562.057492587397,241.167080072054,,,,646.561217872333,277.425855999696,,,32813,284.088465222822
2019,SE,28005,Nossa Senhora da Glória,97.3132105330525,100,97.3132105330525,67.4799708667152,80.626365622724,84.7050254916242,82.7021121631464,83.4304442825929,99.9635833940277,77.9679533867444,65.2949745083758,85.8703568827385,67.0141448974609,0.707371532917023,31.1615791320801,67.9076690673828,,,,,,567.765014648438,124.180549621582,120.715049743652,16.276704788208,376.541442871094,75.2302398681641,100.867691040039,421.702087402344,85.5033187866211,110.197654724121,6006,648,3468.96923828125,374.2744140625,0,116,66.9997406005859,0,129,86,,,0.496722221374512,0.745083332061768,0.632310032844543,0.750281572341919,0,0,0,0,1.56294226646423,17.7541234642687,575.099110764612,245.498969908889,,,,661.563605782633,282.409032997657,,,33246,555.641538288554
2019,SE,28006,Nossa Senhora do Socorro,99.1604379408359,96.6946813114831,99.1604379408359,79.6491228070175,79.4912280701754,84.1228070175439,82.9122807017544,77.7894736842105,85.2982456140351,71.2982456140351,78.5964912280702,76.2982456140351,61.5864028930664,0.963172793388367,40.1699714660645,57.7525978088379,,,,,,533.394287109375,139.7880859375,101.006301879883,5.69723272323608,405.433349609375,97.1739959716797,93.1989440917969,452.014831542969,109.989944458008,99.884521484375,15672,2923,4535.73291015625,845.963928222656,0,138,39.939453125,0,192,175,,,0.506478607654572,0.555679380893707,0.875195026397705,0.714279532432556,0,0,0,0,9.55739593505859,21.5539766912867,592.24913318361,315.137929635868,,,,681.292084680262,362.518009759384,,,49551,331.820498778144
2019,SE,28004,Lagarto,83.4487254157008,100,79.2136109943262,98.2191780821918,89.8904109589041,89.9452054794521,91.041095890411,86.7397260273973,94.2465753424657,84,95.9178082191781,88.3287671232877,76.6465530395508,0.892154276371002,31.0679607391357,67.9874038696289,,,,,,636.573608398438,181.494476318359,110.124549865723,13.9240503311157,343.574890136719,71.2016677856445,86.4614868164062,383.521179199219,81.4848327636719,93.4298629760742,11241,1558,4313.275390625,597.818969726562,10,154,59.0912246704102,3.83709239959717,219,174,,,0.667654097080231,0.840323209762573,1.03428828716278,0.930878579616547,16,0,6.13934803009033,0,4.28411388397217,17.1707371408274,425.000969332063,173.840076563772,,,,488.898641068347,199.976431415714,,,44888,415.493145051515
2019,SP,35091,Adamantina,76.7662757343597,82.5895936966704,61.6469990196434,98.8932806324111,96.0474308300395,97.5494071146245,99.604743083004,95.3359683794466,99.2094861660079,80.6324110671937,89.3280632411067,95.098814229249,87.9938049316406,0.232378005981445,10.8443069458008,88.9233169555664,,,,,,843.741638183594,252.833541870117,125.694389343262,9.16095924377441,325.960266113281,81.3219451904297,69.1904983520508,364.821044921875,92.4549179077148,75.2828369140625,10194,2455,7363.95751953125,1773.44665527344,4,192,138.697250366211,2.88952612876892,200,223,,,1.61091089248657,1.44476306438446,1.35518777370453,1.37198317050934,81,1,58.5129051208496,0.72238153219223,12.744255065918,24.7755822972636,814.447891652445,524.491345049199,,,,936.897786552463,603.347108242273,,,4086,73.7967068620745
2019,SP,35156,José Bonifácio,82.0293714734593,65.1268836157759,55.7875980725569,89.2125984251968,100,100,100,100,100,81.6535433070866,90.2362204724409,100,84.495491027832,0.328137814998627,13.6997537612915,85.9721069335938,,,,,,769.879089355469,179.92253112793,152.460678100586,2.21402215957642,347.305877685547,64.2879791259766,92.1658325195312,389.203796386719,73.6865386962891,101.459678649902,10730,2789,10160.888671875,2641.07348632812,0,201,190.339111328125,0,106,116,,,1.09847450256348,1.00377833843231,0.910502731800079,0.994308769702911,110,0,104.165679931641,0,24.5509033203125,27.1491451602437,971.123746156131,796.198510350906,,,,1117.12940455432,915.904663330455,,,2821,70.9741329715499
2019,SP,35142,Mantiqueira,67.8948884797549,41.6180624850674,53.3357693983388,91.3296479487926,93.4535932499273,94.3264474832703,95.1702065755019,91.5333139365726,95.3447774221705,81.5536805353506,39.1038696537678,89.7876054698865,82.4960479736328,0.442338079214096,14.3127965927124,84.9605026245117,,,,,,803.092224121094,229.055877685547,158.872604370117,3.08695650100708,350.083343505859,77.6665267944336,95.2695388793945,390.904052734375,88.4122619628906,102.821090698242,17054,2952,5954.75439453125,1030.75146484375,8,228,79.6108856201172,2.79336428642273,287,539,,,1.88202929496765,1.00211942195892,1.85400831699371,1.03878235816956,186,12,64.9457244873047,4.1900463104248,30.1107215881348,27.0153897745954,773.766568064593,527.61008358748,,,,890.100143125389,606.934740137817,,,5141,45.4418382201738
2019,SP,35074,Circuito das Águas,98.3608134509502,56.530844828607,84.4858208513409,98.4810126582279,89.873417721519,92.4050632911392,90.8227848101266,85.1898734177215,92.0886075949367,81.9620253164557,100,85.0632911392405,81.9400100708008,0.446713477373123,14.3586473464966,84.5564804077148,,,,,,817.498718261719,228.429565429688,135.882537841797,4.31266832351685,305.211364746094,54.8697891235352,72.8177032470703,340.516693115234,61.9473304748535,79.1242904663086,8359,1364,6139.68701171875,1001.85827636719,7,126,92.5470275878906,5.14150142669678,179,391,,,2.8718957901001,1.31475532054901,2.1924831867218,1.31659162044525,94,2,69.0430221557617,1.46900045871735,30.3495483398438,24.8925782583977,1052.28259450299,674.805641761885,,,,1210.49025201264,776.260726560536,,,1842,32.0627775488406
2019,SP,35061,Vale do Jurumirim,76.171393545822,66.6055927373932,65.0940958186999,88.7201195219124,95.2689243027888,98.0328685258964,96.7131474103586,96.8625498007968,99.2280876494024,95.144422310757,88.3466135458167,91.0856573705179,80.9302291870117,1.78294575214386,13.6175708770752,84.599479675293,,,,,,772.045776367188,222.135925292969,137.559722900391,11.0400686264038,369.894226074219,82.1662368774414,87.028450012207,412.806579589844,93.5021591186523,94.4339904785156,22896,4561,7534.8505859375,1500.98071289062,9,385,126.699752807617,2.96181225776672,285,341,,,1.12219774723053,0.93790727853775,1.0711065530777,0.952222645282745,141,1,46.401725769043,0.329090267419815,9.58738708496094,28.2543408439851,954.201325525147,677.924054966536,,,,1097.66274671804,779.847984209477,,,10611,88.6737097994935
2019,SP,35103,Piracicaba,55.604519085623,34.0620325054661,37.3657169546941,91.2023460410557,95.3612370034657,99.1602239402826,97.7072780591842,95.5611836843508,99.2002132764596,88.1898160490536,89.722740602506,92.3220474540123,84.6250534057617,0.44686496257782,16.2966060638428,83.1308441162109,,,,,,696.037780761719,148.432159423828,106.669883728027,15.2048196792603,318.380706787109,54.9677848815918,68.378776550293,355.543609619141,62.7776641845703,73.9654006958008,32815,4017,5503.72998046875,673.731018066406,61,569,95.4326477050781,10.2309169769287,772,1208,,,2.02605700492859,1.29479801654816,2.37701106071472,1.15211021900177,598,132,100.296531677246,22.1390323638916,44.3815498352051,25.6669766468264,979.119700041969,641.432850083599,,,,1126.32752707854,737.87043176706,,,16510,79.0381130959759
2019,SP,35062,Bauru,53.0584555488649,28.8364485909344,31.0739822987044,92.2721598002497,88.2646691635456,91.5730337078652,89.5380774032459,87.5280898876404,95.2559300873908,71.0362047440699,87.940074906367,91.8476903870162,83.9601898193359,0.646245300769806,15.6649866104126,83.5853652954102,,,,,,752.422241210938,217.532867431641,153.633544921875,5.89191389083862,337.920684814453,76.3962554931641,101.632659912109,377.3134765625,86.9285659790039,110.134574890137,43754,5635,6688.63916015625,861.41796875,75,1103,168.614730834961,11.4651899337769,1121,1354,,,2.06984901428223,1.71366369724274,1.98657357692719,1.83958971500397,1037,95,158.525360107422,14.5225744247437,32.2450065612793,26.8143685479732,809.21465266559,595.308499209186,,,,930.877745155661,684.81141757681,,,16942,68.8142548548958
2019,SP,35161,Itapetininga,63.8571750813237,45.4834701259231,48.6267976287526,84.4595616024187,100,100,100,100,100,84.3083900226757,78.6999244142101,96.8253968253968,83.6429443359375,0.377833753824234,9.90239334106445,89.6253128051758,,,,,,674.971374511719,190.24592590332,136.169845581055,6.61828756332397,348.111755371094,76.4200820922852,95.2165298461914,387.302764892578,86.9602661132812,102.561279296875,29192,3584,5719.525390625,702.205383300781,16,383,75.0403594970703,3.13484525680542,450,577,,,1.13050365447998,0.881675243377686,1.12134397029877,0.905970335006714,144,19,28.2136077880859,3.7226288318634,17.9842166900635,31.9853435234007,837.459296975789,595.410568632417,,,,963.368890393323,684.928832843863,,,15185,71.218031399582
2019,SP,35112,Alta Sorocabana,76.2708895009879,59.8121039876196,62.484062174552,91.6441005802708,92.2630560928433,90.4448742746615,93.1334622823985,91.1025145067698,94.6808510638298,86.7117988394584,100,91.8568665377176,80.4142761230469,0.594749808311462,15.6480722427368,83.7571792602539,,,,,,756.996765136719,191.063079833984,143.901947021484,4.60063886642456,303.445770263672,57.0941848754883,85.0154037475586,339.265380859375,65.3294525146484,92.0891265869141,32384,5504,7832.13525390625,1331.15344238281,55,718,173.64973449707,13.3018598556519,711,1225,,,2.96268701553345,1.71956777572632,2.64102387428284,1.7510689496994,598,62,144.627502441406,14.9948244094849,29.2773952484131,25.7450583807724,783.202071017004,580.314444998686,,,,900.954246772445,667.563050498637,,,11174,64.417354898949
2019,SP,35051,Norte - Barretos,67.7826641589102,61.0908053130512,54.3281149533578,93.3407946278679,88.2484611080022,89.6754336877448,89.8433128147734,86.9334079462787,93.2848349188584,69.6978175713486,61.2758813654169,90.7386681589256,80.2788238525391,0.697066485881805,14.5222187042236,84.4612274169922,,,,,,810.516235351562,198.186935424805,143.172973632812,2.69814491271973,354.942230224609,62.9990234375,88.0531463623047,397.223693847656,72.7283096313477,95.2501831054688,18874,3671,6449.27587890625,1254.38659667969,71,662,226.206466674805,24.260814666748,653,1108,,,3.78605389595032,2.23131155967712,3.85815286636353,2.33809328079224,212,26,72.4407424926758,8.88424205780029,29.0114917755127,22.8605795022378,1082.32399204349,634.768072248144,,,,1245.04828715413,730.203623778604,,,9532,87.6458469404459
2019,SP,35133,Vale das Cachoeiras,83.7174980928412,79.1959275921318,64.8191585686684,80.9826589595376,76.0693641618497,75.1445086705202,78.9595375722543,71.9075144508671,79.1329479768786,58.7861271676301,46.878612716763,67.6300578034682,72.2748794555664,1.83649289608002,14.988151550293,81.9905242919922,,,,,,736.2666015625,183.182571411133,135.088302612305,4.70701265335083,294.812286376953,58.3114700317383,82.0520629882812,327.703399658203,67.1117172241211,88.2050857543945,14326,2197,10132.330078125,1553.869140625,7,207,146.404602050781,4.95088005065918,151,260,,,1.83889830112457,1.06797564029694,1.66508710384369,1.08441960811615,124,1,87.7013092041016,0.707268595695496,19.8006916046143,28.7246487462223,956.467317358353,632.849408317351,,,,1100.26942389731,727.996494251569,,,4581,91.9849333285305
2019,SP,35023,Consórcios do DRS II,79.4512037462652,71.8990605607906,71.3251982302919,100,91.0771940123276,90.3727619606692,91.9870854123863,88.6410331670091,95.5385970061638,67.0090989140006,100,90.4901673026123,80.0641021728516,0.32051283121109,16.9551277160645,82.2756423950195,,,,,,754.782775878906,176.507431030273,128.110229492188,15.7001419067383,331.394927978516,63.1902770996094,79.2508850097656,370.498779296875,71.7910461425781,86.1409530639648,14980,2171,5330.80908203125,772.575866699219,18,263,93.5916442871094,6.40551137924194,287,311,,,1.10673010349274,1.02132320404053,1.22327482700348,0.991964638233185,146,5,51.9558143615723,1.77930879592896,20.7456722259521,30.1741663062814,993.063663022868,669.958132972305,,,,1142.36792473501,770.684408785268,,,8114,76.4485380891451
2019,SP,35163,Sorocaba,53.2345209093421,16.947400934052,24.1766082903504,69.2268370607029,84.9712460063898,63.9148029818956,88.6134185303514,82.4238551650692,74.1427050053248,57.0010649627263,74.1086261980831,52.1192758253461,81.8923110961914,0.620429873466492,14.424994468689,84.7285614013672,,,,,,655.765563964844,160.123458862305,123.264633178711,11.0751180648804,335.902069091797,65.026237487793,85.6046905517578,376.114837646484,74.2730331420898,92.4830322265625,77375,10887,4442.2919921875,625.049865722656,144,1871,107.418785095215,8.26739978790283,1708,3317,,,1.90437257289886,0.980605483055115,2.31157088279724,1.00728797912598,1626,214,93.3527221679688,12.2862749099731,33.6341934204102,26.9468542773726,841.279932024608,615.776049113208,,,,967.763946918303,708.356204662357,,,43887,62.5546230100279
2019,SP,35157,Votuporanga,98.4876493864663,77.7883808305688,83.6983892241896,100,100,100,100,100,100,89.0815370196813,100,100,88.2406997680664,0.459347724914551,8.36012840270996,90.5374374389648,,,,,,793.079650878906,225.814300537109,127.5478515625,5.44430541992188,301.856658935547,56.5580673217773,71.4383087158203,337.517272949219,63.9504623413086,78.2856750488281,15647,3170,7765.5302734375,1573.25561523438,17,227,112.659004211426,8.4370174407959,390,384,,,1.90577340126038,1.93555116653442,1.64546656608582,2.01632308959961,258,11,128.044143676758,5.45924663543701,24.8286533355713,26.9305482784633,933.260135996643,704.754430832567,,,,1073.57310965455,810.712229815483,,,5846,71.4044292376736
2019,SP,35093,Marília,74.316026867201,69.5851751542753,70.578664311882,84.7501493131595,87.2586103921959,90.2846904240494,88.911009356958,89.8865219988055,98.4869599840733,80.6689229544097,78.8373481982879,87.5572367111288,79.7402038574219,0.712340235710144,18.8141632080078,80.3268356323242,,,,,,756.933654785156,210.486968994141,137.251846313477,1.86062240600586,313.667938232422,63.8917388916016,80.9390487670898,348.364807128906,72.0048980712891,87.0785903930664,24926,3549,6382.72265625,908.781311035156,86,661,169.260192871094,22.02174949646,697,1212,,,3.1035304069519,1.78478598594666,4.06288480758667,1.79253208637238,287,36,73.4911880493164,9.21840667724609,26.3497924804688,24.7208859727275,994.993172188482,559.967215012267,,,,1144.58753004668,644.156673083782,,,11712,76.9370940083168
2019,SP,35072,Região Metropolitana de Campinas,51.2415738419972,22.6650737369775,30.2829229136257,85.6377799415774,85.6207400194742,90.7887049659202,88.4858812074002,84.5107108081792,90.421129503408,69.5691333982473,84.944011684518,88.1694255111977,82.1826248168945,0.432779908180237,14.9169874191284,83.6100387573242,,,,,,583.040344238281,141.359924316406,118.919883728027,3.67433261871338,283.360687255859,53.8413505554199,76.2308654785156,319.548980712891,62.2372627258301,82.9364166259766,147768,18924,4554.8349609375,583.317749023438,333,2866,88.3422470092773,10.2644691467285,4255,9066,,,2.79452466964722,1.31157100200653,2.90953779220581,1.30916666984558,2527,522,77.8928298950195,16.0902481079102,41.7098083496094,25.3021906178459,1073.411280208,802.863118693548,,,,1234.79557476279,923.571276343341,,,76216,64.4750072555389
2019,SP,35031,Central do DRS III,72.1663336319162,42.0065395914635,46.7264458823751,100,100,100,100,100,100,93.9354161197165,100,100,82.7412567138672,0.615384638309479,13.5384616851807,85.6783218383789,,,,,,700.712829589844,190.454925537109,140.514785766602,3.45285534858704,305.877471923828,63.3927421569824,87.8756713867188,342.100830078125,72.2966537475586,95.5054473876953,16685,2496,5175.47265625,774.227172851562,34,428,132.760101318359,10.5463638305664,553,1077,,,3.34071588516235,1.71533501148224,2.79494142532349,1.69331169128418,249,28,77.2366027832031,8.68524074554443,43.1113624572754,36.164183368853,1181.39611320258,799.100197002061,,,,1359.01561640179,919.242610212753,,,6595,50.5454822862221
2019,SP,35104,Rio Claro,62.2908215726376,43.7471516329382,42.880871402583,95.2334312765263,88.4753509631081,88.3447600391773,90.7933398628795,87.9203395364022,93.0133855697029,66.4707802807705,96.1149200130591,83.4802481227555,80.0693817138672,0.819930613040924,14.5064649581909,84.4213180541992,,,,,,713.606262207031,152.196212768555,111.16291809082,14.6889705657959,327.532806396484,56.8608207702637,77.7213363647461,366.824859619141,64.2388153076172,83.956169128418,9985,853,3724.70385742188,318.194549560547,17,138,51.4781303405762,6.34150886535645,300,391,,,1.45854699611664,1.11908984184265,1.93956911563873,1.10724604129791,228,33,85.0508270263672,12.3099880218506,40.5408935546875,26.8908719840251,1011.98481188536,720.992197187979,,,,1164.13381383607,829.391297577664,,,4389,43.7639204066945
2019,SP,35022,Lagos do DRS II,96.3432536381519,92.5113279376792,92.2216459028587,89.255079006772,95.7562076749436,96.2528216704289,92.5507900677201,91.4672686230248,99.9548532731377,67.7200902934537,71.7381489841986,91.8735891647856,83.7084121704102,0.733855187892914,16.6829738616943,82.5831680297852,,,,,,816.835205078125,227.331359863281,144.576904296875,5.24433851242065,343.969390869141,70.2336883544922,89.2545394897461,383.053955078125,80.0710906982422,96.3867416381836,14637,3214,7125.15869140625,1564.54602050781,24,382,185.954132080078,11.6829824447632,271,372,,,1.81086230278015,1.31920337677002,1.50734806060791,1.38784086704254,103,0,50.1394653320312,0,19.6162147521973,26.7643910045272,1047.40296327106,768.98715832689,,,,1204.87698227833,884.602162898322,,,5544,70.663065071303
2019,SP,35063,Polo Cuesta,64.1881508216374,31.5997219760109,46.4593389915891,93.0824277763053,93.6920222634508,93.7185263715876,96.554465942221,94.2751126424596,100,93.1884442088524,100,92.3138086403392,83.8857421875,0.269469141960144,13.9046077728271,85.7450790405273,,,,,,726.54052734375,185.264678955078,150.547271728516,1.65073847770691,324.600646972656,64.2100143432617,92.6437911987305,363.586547851562,73.1017684936523,101.1376953125,23188,3887,7318.42822265625,1226.78674316406,54,633,199.782852172852,17.0430870056152,641,1382,,,4.36176776885986,2.02307748794556,5.54152822494507,2.0534553527832,143,7,45.1326217651367,2.20928907394409,21.7649688720703,25.1457569265976,744.705664005459,554.800255482365,,,,856.670015836367,638.212876069403,,,8507,70.9473148042067
2019,SP,35172,Circuito da Fé e Vale Histórico,68.6206475992029,49.5793333829451,51.286185597698,65.2590847913863,81.1238223418573,91.5040376850606,86.742934051144,82.4024226110363,89.3169582772544,65.578734858681,58.9165545087483,81.342530282638,75.1911773681641,1.47608041763306,23.1015472412109,75.08447265625,,,,,,775.981201171875,204.789947509766,152.975616455078,11.446741104126,375.192169189453,80.7109603881836,99.2649078369141,418.778717041016,90.8456802368164,107.514961242676,30597,5341,6291.12255859375,1098.17578125,63,521,107.124061584473,12.9535808563232,589,951,,,1.95537388324738,1.21105706691742,2.00980973243713,1.25762820243835,376,63,77.3102645874023,12.9535808563232,21.0133819580078,26.407501833752,806.605126634088,481.584187028171,,,,927.875884400759,553.988982585398,,,17164,87.69912118636
2019,SP,35153,Jales,87.6654783697851,80.1705366605646,79.5404181520378,97.6513098464318,98.2836495031617,96.8383017163505,97.6513098464318,90.6052393857272,100,80.9394760614273,25.293586269196,94.4896115627823,84.2936782836914,0.557620823383331,14.1263942718506,85.1301116943359,,,,,,907.016357421875,255.158538818359,148.280807495117,7.74946928024292,313.592681884766,59.1935997009277,77.5195770263672,346.942962646484,66.2226791381836,83.7983932495117,9856,2084,9489.9716796875,2006.60522460938,23,180,173.315231323242,22.1458358764648,164,198,,,1.90646755695343,1.57909429073334,2.06052565574646,1.69487857818604,66,2,63.5489196777344,1.92572474479675,16.6748504638672,22.1028171551699,972.268309374699,645.979584449369,,,,1118.44604955645,743.100754550128,,,2901,72.5109677572963
2019,SP,35162,Itapeva,70.9650511489887,71.5272995747641,62.4873103653905,100,96.5372248330448,97.4771209497898,97.4771209497898,95.5231263912936,96.8835023497403,85.3821419737818,100,87.9050210239921,85.3758773803711,0.362581580877304,10.2731447219849,89.3642730712891,,,,,,737.985107421875,257.46142578125,139.014984130859,3.26765966415405,380.262847900391,104.264778137207,101.668769836426,422.337066650391,118.449211120605,109.270050048828,20120,3870,7135.15673828125,1372.41833496094,18,306,108.516792297363,6.38334083557129,312,277,,,0.982325255870819,1.10644578933716,1.03312599658966,1.14944469928741,66,2,23.4055824279785,0.709260106086731,9.77289485931396,28.1790812669263,934.131388228279,535.645279491421,,,,1074.57535215,616.178004604551,,,17924,151.627502572091
2019,SP,35021,Central do DRS II,78.4073044098608,70.820672708537,71.1644912410495,83.8497395119276,99.232245681382,93.2821497120921,100,96.7370441458733,100,82.8077872223746,100,99.0128873046339,83.4040145874023,0.593723475933075,14.5886344909668,84.761100769043,,,,,,785.050903320312,155.173034667969,118.430160522461,18.0108642578125,335.267883300781,55.2310371398926,74.3155670166016,376.369537353516,62.6452484130859,80.5233383178711,14410,3028,4727.36474609375,993.369873046875,40,523,171.576110839844,13.1224555969238,411,680,,,2.23081731796265,1.34833228588104,1.95467174053192,1.29239785671234,208,13,68.2367706298828,4.26479816436768,28.6574745178223,26.2348493550198,855.824070302798,591.303157780009,,,,984.494754499501,680.203884599139,,,6595,54.8153813037196
2019,SP,35083,Alta Mogiana,79.4976738237222,61.9194551471646,65.1369326448065,86.7808219178082,81.6438356164384,80.2054794520548,83.972602739726,80,88.1506849315068,77.5342465753425,75.2739726027397,79.5205479452055,78.4770812988281,0.466200470924377,14.0637140274048,85.3146820068359,,,,,,759.123413085938,233.698715209961,126.388084411621,8.48167514801025,364.87353515625,93.1451644897461,81.3123168945312,407.770263671875,104.734260559082,88.0647583007812,8287,1784,6587.283203125,1418.09020996094,9,191,151.824676513672,7.15404224395752,125,235,,,1.86799991130829,0.993616998195648,1.62893569469452,1.02759873867035,117,1,93.0025482177734,0.794893622398376,30.6129417419434,23.4123136538575,899.709914387121,566.310476826168,,,,1034.97870885067,651.453626042809,,,4375,93.1695304705013
2019,SP,35101,Araras,50.7077428199687,45.1890079375475,42.1764074083776,96.3867430849738,85.2728631946175,87.0171941191129,88.1136307002243,85.5220533266883,90.2068278096187,79.9900323947172,98.6792923000249,82.9055569399452,82.0442657470703,0.522258162498474,12.6585426330566,86.7197189331055,,,,,,711.505554199219,181.771499633789,128.394149780273,7.25871849060059,323.640258789062,63.598388671875,78.6023406982422,361.735687255859,72.6434936523438,84.9269104003906,16730,2431,4827.04296875,701.407165527344,33,413,119.161308288574,9.52136421203613,422,673,,,1.94178116321564,1.21758043766022,1.80985260009766,1.18043267726898,260,22,75.0168075561523,6.34757614135742,33.0420188903809,27.5948524404488,855.310201800575,598.904722447803,,,,983.90362734791,688.94832262223,,,9792,71.8274944129114
2019,SP,35095,Tupã,90.3595407598959,68.9335285778823,77.8706401009456,88.7741046831956,95.0413223140496,98.0716253443526,96.763085399449,94.2148760330578,98.1404958677686,85.8815426997245,65.3581267217631,91.1157024793388,84.0447845458984,0.139958009123802,14.8355493545532,85.0244903564453,,,,,,874.939697265625,263.104644775391,126.103401184082,6.93950176239014,310.034881591797,67.9351196289062,74.2622146606445,346.117095947266,76.6981430053711,80.3765716552734,12486,2731,9719.302734375,2125.85424804688,22,484,376.753387451172,17.1251544952393,180,214,,,1.66581046581268,1.40114891529083,1.69908773899078,1.36612021923065,139,7,108.199836730957,5.44891262054443,15.422758102417,25.1922919628305,877.480163335566,597.707547240353,,,,1009.4067787502,687.571155570204,,,3451,65.6541818794657
2019,SP,35151,Catanduva,88.6229698740301,63.0823359406905,66.7942072691861,94.4285714285714,88.9142857142857,90.1714285714286,90,87.2285714285714,91.1714285714286,77.5142857142857,95.3142857142857,88.2571428571429,85.0719451904297,0.659472405910492,14.1187047958374,85.1918487548828,,,,,,825.3017578125,230.810012817383,132.871719360352,4.72411203384399,334.75341796875,70.1048278808594,79.8956604003906,374.920074462891,79.5614166259766,87.0957641601562,21355,4180,6660.740234375,1303.7646484375,39,388,121.019309997559,12.1643114089966,448,864,,,2.69486284255981,1.39733636379242,3.05168271064758,1.43515479564667,407,31,126.945510864258,9.66906833648682,28.636661529541,25.1047474544501,857.847283133855,598.015453271762,,,,986.822151552854,687.925354386666,,,6919,54.0136428714288
2019,SP,35011,Alto do Tietê,43.3663887073341,25.3164746815255,24.7223711878637,86.1879541276372,86.8226385362864,89.2891534623129,91.0400070034142,89.3657533047361,94.1937319443229,73.7371968834807,82.8503895649129,87.6827453383524,72.1836700439453,1.57038569450378,29.9094276428223,68.3669815063477,,,,,,587.244873046875,138.986236572266,148.254180908203,5.94776725769043,364.12451171875,72.3324127197266,108.801513671875,408.413696289062,83.0139465332031,118.779861450195,147966,21382,4880.2177734375,705.221557617188,285,3023,99.7046432495117,9.39987564086914,3032,5266,,,1.73683321475983,1.00001490116119,1.48973190784454,0.949321448802948,1330,265,43.8660850524902,8.74023532867432,30.8286247253418,25.5041625195864,699.496971268722,491.922545132701,,,,804.664326347697,565.881683056473,,,114133,94.5065358160006
2019,SP,35092,Assis,71.3892860624573,45.1515939297436,54.7342638026842,100,81.3999342753861,88.6625041077884,88.1367071968452,82.4843904042064,99.2770292474532,63.9829116003943,96.1879723956622,86.5921787709497,84.46142578125,0.363901019096375,12.263463973999,87.2998580932617,,,,,,760.496215820312,225.077789306641,125.671798706055,9.61742782592773,317.7294921875,74.3210678100586,77.3723297119141,356.357208251953,84.8571395874023,84.2095642089844,17314,2793,6996.40380859375,1128.62170410156,42,357,144.259902954102,16.9717540740967,325,496,,,2.00428342819214,1.31329047679901,1.8272922039032,1.28702473640442,182,11,73.5442657470703,4.44498300552368,17.7896308898926,23.808129995281,943.806135817112,583.51332803919,,,,1085.70467017554,671.242876391498,,,8492,85.2069414468469
2019,SP,35071,Bragança,57.5215220916222,29.9375429007381,37.2160582111216,94.0305790500976,91.9648666232921,99.202992843201,94.7787898503578,88.4027325959662,98.1620039037085,69.5022771633051,98.031880286272,96.1613532856213,79.4349517822266,0.68988174200058,19.3002624511719,79.7141952514648,,,,,,758.735229492188,186.477737426758,175.545562744141,1.1083402633667,323.699890136719,60.5103569030762,99.8873062133789,360.829925537109,68.5177001953125,108.529296875,29875,4079,6280.74658203125,857.545288085938,29,430,90.4007034301758,6.09679174423218,602,1466,,,3.08203339576721,1.26560986042023,2.64931893348694,1.22193372249603,362,53,76.1047821044922,11.1424121856689,31.1947612762451,25.2948396799038,826.579590745554,613.647564343138,,,,950.853451664926,705.907708337143,,,11986,62.5736401867727
2019,SP,35155,São José do Rio Preto,67.5843645551762,41.4465762332642,51.3428616302811,100,100,100,100,100,100,87.7986248688964,100,100,87.0956878662109,0.23503078520298,12.9378843307495,86.8047027587891,,,,,,751.591430664062,174.388854980469,148.735412597656,1.1074800491333,298.573760986328,50.5174980163574,83.171760559082,334.325653076172,57.7127685546875,90.0838241577148,52887,8307,7216.66943359375,1133.52758789062,205,1109,151.328048706055,27.9731731414795,1452,2794,,,3.81253886222839,1.98131942749023,4.64528656005859,2.01782083511353,1319,100,179.983489990234,13.645450592041,38.4557456970215,26.7922940617187,918.194697480705,610.272742416352,,,,1056.2426258462,702.025491653152,,,17360,61.0709301928342
2019,SP,35064,Jaú,44.9742030718319,39.9136985796815,29.7000416490768,86.2985152383433,84.4230268299036,85.2044803334202,86.5850481896327,79.21333680646,87.0278718416254,61.5524876269862,99.0883042458974,75.3321177389945,81.184211730957,0.578947365283966,16.5789470672607,82.7105255126953,,,,,,742.278686523438,155.3671875,128.114715576172,13.3232402801514,330.343811035156,58.0050430297852,84.2238464355469,369.055755615234,64.9789123535156,90.4793243408203,25353,4118,7123.009765625,1156.9658203125,49,815,228.976959228516,13.766713142395,555,654,,,1.83743476867676,1.55929100513458,1.79121792316437,1.62657928466797,290,19,81.4764633178711,5.33811330795288,15.9339876174927,28.5837039836083,863.624953265203,592.26401684096,,,,993.46847774876,681.30920605263,,,8103,58.7015673721257
2019,SP,35121,Vale do Ribeira,93.6577947838821,99.4156596182075,91.4953833589716,100,84.7410759175465,86.8778280542986,87.2800402212167,81.1714429361488,92.7853192559075,76.3197586726998,95.6510809451986,74.73604826546,79.405632019043,0.651720523834229,18.4045886993408,80.7090682983398,,,,,,731.084106445312,237.953811645508,151.489059448242,5.14423084259033,354.082000732422,87.319091796875,92.4563293457031,393.631408691406,98.7682189941406,99.9424209594727,18664,2182,6560.07373046875,766.935302734375,16,316,111.068542480469,5.62372350692749,425,397,,,1.39538645744324,1.49380159378052,1.69889175891876,1.71558725833893,73,20,25.658239364624,7.02965450286865,9.02642822265625,29.3308435895174,925.623001503092,633.153501360527,,,,1064.78775398484,728.346306807999,,,17025,151.660945295733
2019,SP,35131,Horizonte Verde,53.557163661816,33.3656961582316,23.3689700719132,83.1721470019342,79.5938104448743,80.889748549323,81.2959381044487,77.678916827853,87.678916827853,61.5473887814313,46.5183752417795,78.568665377176,79.7028732299805,0.50163996219635,14.470383644104,84.236930847168,,,,,,654.694458007812,176.074829101562,132.726455688477,3.41296935081482,347.812225341797,73.9518814086914,93.9918670654297,386.92578125,84.0921020507812,101.99732208252,26276,3826,5871.24658203125,854.9013671875,25,333,74.4072570800781,5.58613014221191,346,728,,,1.62668108940125,0.77312046289444,1.76359724998474,0.782058238983154,329,29,73.5134735107422,6.47991132736206,37.9821090698242,29.1428832829531,846.050848327482,607.156763047675,,,,973.252156747075,698.441033760415,,,13750,75.9379904307802
2019,SP,35014,Rota dos Bandeirantes,45.2572482831229,16.9160742471888,11.7464240703807,76.2737230925997,88.0238186218316,90.7018214240224,92.0997325181506,86.6577506050185,97.2073621194752,68.6154629983442,70.7139217934021,87.2691376894663,74.1694946289062,0.855468988418579,28.346981048584,70.1151733398438,,,,,,580.573486328125,110.055076599121,171.812591552734,1.61832892894745,365.361938476562,57.3801460266113,124.234916687012,407.735412597656,65.2981262207031,135.388092041016,110006,12879,5806.57958984375,679.807800292969,148,1575,83.1351318359375,7.81206274032593,2113,4543,,,2.39798665046692,1.11533033847809,1.97862923145294,1.07941067218781,728,175,38.4269027709961,9.23723697662354,43.2419853210449,27.7065484170628,1143.43231239104,975.657548790485,,,,1315.34406747397,1122.34485135739,,,68247,95.7404772134711
2019,SP,35052,Sul - Barretos,76.8748943078432,69.8738458416478,76.8748943078432,76.8933112216694,89.4969596462134,89.8839137645108,91.1553344389165,84.8535102266446,93.3665008291874,66.1691542288557,68.4355997788834,87.0646766169154,78.306266784668,0.754060328006744,20.4176330566406,78.7122955322266,,,,,,773.672241210938,204.378967285156,122.762283325195,8.10810852050781,320.781982421875,65.9226989746094,73.6637649536133,359.236206054688,76.1210327148438,80.3196258544922,9328,1656,6291.904296875,1117.001953125,0,193,130.181991577148,0,164,263,,,1.77398252487183,1.10620963573456,1.86082673072815,1.12948048114777,112,6,75.5460205078125,4.04710817337036,30.159725189209,30.5703437934887,962.505952852843,694.900018263605,,,,1107.21595084712,799.376234697485,,,3849,66.5507241840414
2019,SP,35094,Ourinhos,64.435208488658,36.7403849718459,38.3484847860741,90.5816259087905,90.2511566424322,90.5816259087905,91.0773298083278,83.5426305353602,92.7957699933906,62.6569729015202,91.9035029742234,82.8155981493721,83.8204574584961,1.25260961055756,14.3006267547607,84.4467620849609,,,,,,792.656494140625,185.881210327148,116.687545776367,10.4338846206665,353.731750488281,68.1014251708984,71.8938980102539,396.167846679688,76.7967758178711,78.807975769043,18265,3377,7478.23876953125,1382.64514160156,34,290,118.73469543457,13.9206199645996,315,365,,,1.49441945552826,1.28970444202423,1.7505179643631,1.32501780986786,196,20,80.2482757568359,8.18859958648682,17.3770275115967,26.6971699884096,990.494605245272,625.469895498227,,,,1139.41261651944,719.507492933086,,,7147,76.2863373191392
2019,SP,35041,Baixada Santista,61.2223271634389,44.3849957861233,48.6524249535067,87.4700882911131,81.5867645845367,76.7678851390379,80.7739912534038,78.4058090601535,88.7573232114861,61.5479825068075,65.8470170806172,80.9225183596006,75.8167037963867,1.2356104850769,21.0853824615479,77.4745559692383,,,,,,785.516418457031,213.46662902832,185.536911010742,2.96185088157654,367.301666259766,80.2517013549805,111.68238067627,411.533813476562,91.7158432006836,122.038688659668,80172,10198,4297.85205078125,546.693298339844,219,1946,104.320953369141,11.7401285171509,2293,4334,,,2.32336592674255,1.22922897338867,2.2980899810791,1.30335521697998,1404,241,75.2654800415039,12.9195022583008,37.027400970459,22.784467411275,1106.98825625022,719.313209270096,,,,1273.42075245127,827.459878661812,,,56634,79.7441929522016
2019,SP,35032,Centro Oeste do DRS III,50.1589568584906,29.6112938332979,30.7957455866298,94.7990543735225,93.0260047281324,92.9078014184397,95.1536643026005,80.6737588652482,98.2860520094563,72.5177304964539,93.8534278959811,92.434988179669,84.4961242675781,0.536672651767731,12.1049489974976,87.2987442016602,,,,,,819.030395507812,219.225082397461,147.057815551758,3.99002504348755,360.884826660156,76.3327102661133,90.4836349487305,403.655700683594,88.0939331054688,97.4455032348633,12727,2617,8664.837890625,1781.71447753906,8,145,98.719367980957,5.44658613204956,106,165,,,1.1233583688736,0.721672654151917,1.1630163192749,0.766947388648987,126,11,85.7837295532227,7.48905563354492,18.6851940155029,27.3563534083623,793.875006626064,545.862605244546,,,,913.231827512273,627.931475858761,,,3481,59.3472240758737
2019,SP,35073,Jundiaí,54.390970213781,18.6443394257432,20.9374409890973,90.2213700540352,92.9841380512463,97.0019173784208,93.1933066062402,93.1235837545756,95.3111382255534,79.8239497995468,97.1675091511243,93.4286212306083,84.930778503418,0.44969579577446,14.0992860794067,85.2570343017578,,,,,,622.608947753906,128.176986694336,156.142868041992,0.866824269294739,312.26123046875,46.7967491149902,98.7297439575195,349.402008056641,53.7820816040039,107.518699645996,46105,6662,5655.119140625,817.1435546875,66,728,89.2945861816406,8.09538841247559,805,1921,,,2.35624861717224,0.987392067909241,2.10565948486328,0.968901455402374,517,89,63.413875579834,10.9165086746216,50.2282028198242,25.3922542571414,1108.455738655,859.33236629993,,,,1275.10886660925,988.530512695909,,,13132,41.1457085294369
2019,SP,35171,Alto Vale do Paraíba,56.1357544654991,22.0785400730439,33.0915007499311,100,93.3642185583867,85.3317890720807,98.0855702411773,96.334650497343,98.5352227823954,84.7867556887859,100,72.2646137075896,81.7244873046875,0.406445056200027,17.157787322998,82.2615737915039,,,,,,613.499694824219,163.8173828125,114.98023223877,9.27484893798828,302.479949951172,65.3831481933594,77.4231719970703,339.109527587891,74.7871780395508,83.6206207275391,54742,7887,4960.005859375,714.617065429688,134,1069,96.8588409423828,12.1413326263428,1805,2878,,,2.60766816139221,1.63545560836792,3.05286550521851,1.73949503898621,1329,278,120.416648864746,25.1887340545654,39.1016120910645,27.1131662615081,1003.28338853571,717.653253969053,,,,1154.12415654589,825.550353861929,,,33781,86.1791912882782
2019,SP,35143,Rio Pardo,62.3911099639568,44.2012887049345,44.9963588093768,94.9718423169751,97.9082864038616,97.7473853580048,99.7184231697506,98.3507642799678,100,91.9549477071601,83.7087691069992,99.6379726468222,85.635124206543,0.724637687206268,10.4433078765869,88.2352905273438,,,,,,824.571472167969,230.070175170898,166.57080078125,3.45982146263123,333.396759033203,72.8995132446289,89.6578063964844,372.440887451172,82.4105377197266,97.986572265625,18535,3311,8528.701171875,1523.52465820312,13,508,233.75129699707,5.98182439804077,238,396,,,1.82215571403503,1.09513401985168,1.83480966091156,1.05625212192535,129,4,59.3581047058105,1.8405613899231,24.0105838775635,27.0518891509599,829.584157317871,545.738940505711,,,,954.30974616824,627.789218482596,,,7164,93.5550727542841
2019,SP,35065,Lins,66.7877114828681,60.86678356476,37.4739348846026,84.6828261990717,89.8916967509025,91.4904589994843,90.0464156781846,85.8174316658071,95.513151108819,70.6034038164002,99.5358432181537,84.5796802475503,81.6990051269531,0.839014172554016,20.398530960083,78.762451171875,,,,,,817.251098632812,217.109909057617,147.68180847168,12.5989923477173,372.053375244141,88.5044937133789,99.0957717895508,414.600219726562,100.062484741211,106.441207885742,10868,1415,6394.44580078125,832.548828125,22,331,194.751708984375,12.9442224502563,217,238,,,1.40032947063446,1.27677094936371,1.85705459117889,1.24132144451141,146,18,85.9025650024414,10.590726852417,31.6003761291504,22.1409401631097,745.238218153168,494.224206909625,,,,857.282637966429,568.529393052771,,,4399,60.9210189777924
2019,SP,35012,Franco da Rocha,55.5661008821443,38.2961860328814,38.4876669630458,92.2304381414855,80.3774417834676,82.7281756980466,82.8275024831696,78.1812162013023,85.1672000882905,63.7015781922525,63.0725085531398,76.8678953757863,77.8019943237305,1.15865552425385,23.2993011474609,75.4961547851562,,,,,,540.093933105469,119.747100830078,144.386428833008,1.12530410289764,379.023010253906,74.6663513183594,112.970672607422,423.540832519531,84.8637008666992,122.823020935059,29260,3427,4806.31005859375,562.926391601562,46,480,78.8458251953125,7.55605840682983,595,1021,,,1.67711651325226,0.977359771728516,1.21287059783936,0.92918986082077,202,25,33.1809539794922,4.10655355453491,25.19140625,22.5448277434608,610.099875737202,426.964314048706,,,,701.826634966648,491.157169008705,,,28306,129.837997307091
2019,SP,35114,Extremo Oeste Paulista,86.4492988570965,82.4420442571127,78.3638647969523,78.785046728972,84.1121495327103,83.5514018691589,85.5140186915888,82.9906542056075,89.5327102803738,82.0560747663551,79.3457943925234,83.0841121495327,74.1138534545898,0.966702461242676,27.28249168396,70.8915176391602,,,,,,806.980407714844,202.753814697266,108.942352294922,17.625,335.801452636719,68.5539398193359,66.8198318481445,377.950592041016,78.4472351074219,72.4801406860352,7728,1825,7795.4306640625,1840.92395019531,10,138,139.204116821289,10.087254524231,78,96,,,0.968376457691193,0.786805868148804,1.07757103443146,0.913905262947083,46,0,46.4013710021973,0,15.2236852645874,23.8198017768927,771.330735288158,463.819293487071,,,,887.298089906214,533.553188463287,,,2847,64.0246179124346
2019,SP,35174,Vale do Paraíba/Região Serrana,67.0976485888471,38.1705051078046,43.0817006998957,97.6643598615917,86.282748393475,97.1700444883836,91.0528917449333,85.306475531389,93.8457736035591,71.1072664359862,100,87.011863568957,79.6734619140625,0.442981898784637,17.7066192626953,80.4834823608398,,,,,,665.326538085938,175.63215637207,143.699035644531,3.62371015548706,332.219085693359,70.8877716064453,91.9852981567383,372.086517333984,80.7933502197266,100.179954528809,32639,4257,5211.3251953125,679.696472167969,77,774,123.581169128418,12.2942504882812,891,1360,,,2.17145204544067,1.42262041568756,2.90830898284912,1.48900139331818,354,42,56.5216217041016,6.70595502853394,26.3842601776123,26.9420576659379,1248.48279118676,602.43060017308,,,,1436.18858321125,693.004305908975,,,15977,63.7565228356153
2019,SP,35033,Norte do DRS III,42.3016631619193,9.38189001465622,9.61129165870133,86.1429350791053,78.9961811238407,81.1783960720131,84.3426077468631,80.7965084560829,86.9612656846699,71.0856519367158,82.214948172395,80.3055100927441,83.870964050293,0.527859210968018,14.2521991729736,85.0439910888672,,,,,,797.879089355469,176.319854736328,171.880157470703,3.65659785270691,348.354431152344,60.6919631958008,106.198272705078,387.416778564453,69.0970077514648,114.477104187012,12451,2296,7896.97314453125,1456.22448730469,28,208,131.922775268555,17.7588348388672,165,203,,,1.2875155210495,1.04650282859802,1.63555705547333,1.09105837345123,137,14,86.8914413452148,8.87941741943359,33.9808959960938,23.3932970097782,750.593042503027,508.008517874211,,,,863.442544735394,584.386135472068,,,4906,81.4955795753178
2019,SP,35173,Litoral Norte,96.2918916634722,90.3734066604085,91.8107702663137,100,100,100,100,100,100,100,100,100,83.3263854980469,0.666944563388824,17.9866619110107,80.9712371826172,,,,,,634.588317871094,153.740478515625,120.434989929199,11.4339265823364,360.297912597656,71.6588973999023,87.3198699951172,402.408447265625,81.9434280395508,93.7693786621094,27512,3564,8181.25341796875,1059.82788085938,23,364,108.242805480957,6.83951807022095,503,642,,,1.90911769866943,1.49577283859253,1.97922277450562,1.42826974391937,87,1,25.8712215423584,0.297370344400406,15.6916389465332,31.8705852740668,1642.30484737444,1076.2824435785,,,,1889.22065133923,1238.09840927709,,,13496,101.930081277407
2019,SP,35102,Limeira,51.0841780164663,39.2572701883973,45.4395174621606,100,80.776214253291,85.5197458011802,83.5451656831593,81.6159782115297,89.2419428052656,62.3694961416251,100,84.0671811166591,82.9614105224609,0.674105048179626,20.339376449585,78.9632720947266,,,,,,678.290954589844,180.487152099609,139.757751464844,2.66875982284546,321.917572021484,61.6967964172363,87.8428192138672,360.5263671875,70.5938720703125,96.1404724121094,15778,2231,4200.1865234375,593.903869628906,52,241,64.1554641723633,13.8426723480225,413,844,,,2.24677228927612,1.09942770004272,2.50432586669922,1.12611472606659,248,42,66.0188980102539,11.1806201934814,42.5505142211914,20.4156503337538,822.106777490169,494.005708310822,,,,945.708163818296,568.278043818914,,,12428,101.547927835685
2019,SP,35013,Mananciais,49.6885940683167,24.3806243702062,27.5610445799872,69.104501869007,86.3643751015765,86.7598461455117,89.6527439189555,82.30673384257,91.6084294923885,68.1889593152392,54.7266915867598,81.1419903570074,76.4801940917969,1.13749051094055,23.677303314209,74.7243804931641,,,,,,572.24609375,116.28067779541,147.467391967773,1.88707733154297,374.754272460938,64.6146011352539,110.691879272461,419.777465820312,73.8253707885742,121.340934753418,71629,9841,6188.01513671875,850.162048339844,75,831,71.789924621582,6.47923517227173,1150,1399,,,1.20859336853027,0.993482768535614,1.35390102863312,1.02371919155121,965,28,83.3661651611328,2.4189145565033,24.7875671386719,24.6564846816113,673.439415892821,483.445696802508,,,,774.689092566789,556.130364993158,,,40740,91.8161644584983
2019,SP,35132,Aquífero Guarani,53.2736967260867,27.4585752618892,26.0389482415467,96.3243243243243,87.3243243243243,86.045045045045,90.009009009009,89.3603603603604,99.4144144144144,76.9279279279279,28.3243243243243,92.2882882882883,71.7279891967773,0.503027498722076,11.718677520752,85.5146713256836,,,,,,651.613891601562,152.553176879883,125.808235168457,2.3805615901947,297.081634521484,54.3593330383301,81.0715637207031,331.997802734375,61.8798027038574,88.1201934814453,59399,8755,6354.49267578125,936.608032226562,145,1508,161.32551574707,15.5120697021484,1606,3515,,,3.7603394985199,1.71809542179108,4.31056356430054,1.63194990158081,1014,149,108.477508544922,15.9399890899658,38.4005012512207,25.2636375872088,886.315444047637,623.793478064543,,,,1019.57041847172,717.57903096633,,,16782,46.9132369578285
2019,SP,35081,Três Colinas,31.6912308641917,17.7041270678924,21.9864488557387,76.2264784946236,73.3870967741936,73.7567204301075,75.4536290322581,73.2022849462366,78.2258064516129,67.1538978494624,22.5638440860215,70.1444892473118,78.1619491577148,0.752418458461761,24.5252590179443,74.292366027832,,,,,,688.94091796875,230.737945556641,119.69384765625,2.13776731491089,324.877258300781,86.723014831543,78.8807220458984,363.739044189453,98.4605178833008,85.4111099243164,23351,3468,5458.927734375,810.73876953125,45,411,96.0823669433594,10.5199670791626,285,845,,,1.97541606426239,0.666264593601227,1.90732848644257,0.661063015460968,242,28,56.5740432739258,6.54575729370117,30.1707973480225,29.8974517023131,705.461191025901,543.132593941564,,,,811.525249368415,624.791015218808,,,10322,67.8186986199324
2019,SP,35034,Coração do DRS III,63.1776721886039,30.1598420039802,44.11851724478,52.9965228062999,82.859480466353,84.1276334628758,85.232153814686,82.6140314992841,90.9183882184496,70.8120269993864,49.1102474943751,80.9777050521579,69.1845474243164,0.40772533416748,14.313304901123,82.3605117797852,,,,,,693.903198242188,170.405990600586,140.835540771484,4.44203662872314,305.542114257812,55.1272010803223,80.3608932495117,341.839965820312,62.7779197692871,88.5129470825195,23318,4001,5843.421875,1002.63879394531,29,352,88.2101593017578,7.26731443405151,381,823,,,2.06241369247437,0.954774737358093,2.45528721809387,1.06184232234955,315,46,78.9380722045898,11.5274639129639,36.099006652832,26.1548264448437,873.388242016118,606.549941813566,,,,1004.6996488451,697.742978701403,,,11212,75.4427383635564
2019,SP,35015,Grande ABC,60.5792815149912,31.6591341897001,43.8850550990527,69.3624823695346,78.9816643159379,81.1424541607898,81.0747531734838,77.3229901269393,82.2341325811001,64.4992947813822,62.6741889985896,77.2863187588152,80.8019180297852,0.822558104991913,20.6337642669678,78.4951095581055,,,,,,622.215148925781,134.701568603516,147.569549560547,1.50354278087616,303.028747558594,50.3937377929688,92.6701812744141,341.386871337891,58.3138008117676,101.291954040527,135114,19407,4843.01953125,695.62353515625,389,2706,96.9937286376953,13.9432973861694,3448,8134,,,2.91554689407349,1.23589944839478,2.6886100769043,1.23669695854187,3041,636,109.001457214355,22.7967529296875,49.5494956970215,26.6356323369789,987.50151067596,653.188631893876,,,,1135.96951880174,751.393661515861,,,69618,66.9208407045039
2019,SP,35111,Alta Paulista,81.6590366168433,69.6474399272249,65.2742750220027,100,100,100,100,100,100,93.7786509495743,95.8742632612967,100,81.9235992431641,0.61391544342041,18.8267402648926,80.5593414306641,,,,,,890.729370117188,255.96516418457,135.337905883789,6.68868684768677,351.518096923828,74.3185348510742,80.0927352905273,387.857971191406,83.7186050415039,87.1110076904297,10756,2430,7911.38330078125,1787.34301757812,10,207,152.255142211914,7.35532093048096,178,185,,,1.36073434352875,1.30924713611603,1.39272999763489,1.29729473590851,81,0,59.5780982971191,0,13.4344930648804,26.0406867607149,926.82599581395,626.08198630289,,,,1066.17161502571,720.211609827408,,,5192,100.176462195481
2019,SP,35141,Baixa Mogiana,47.2995363684731,48.9473284183324,40.9059816067493,89.5443037974684,97.2658227848101,97.2151898734177,98.6582278481013,97.0632911392405,99.8481012658228,93.6708860759494,100,100,70.9151153564453,0.356869757175446,15.5493240356445,83.023193359375,,,,,,796.910217285156,240.069580078125,149.175308227539,4.85032224655151,364.20166015625,89.2938385009766,91.8654327392578,405.931884765625,100.578811645508,100.101524353027,19972,2711,6031.03076171875,818.65234375,32,378,114.146286010742,9.66317749023438,378,541,,,1.63368105888367,1.14146292209625,1.98163092136383,1.15905284881592,379,37,114.448265075684,11.1730489730835,33.2537117004395,28.3510804571923,1006.80177715285,671.51921103595,,,,1158.17152475866,772.480190439878,,,5674,42.578444063625
2019,SP,35154,Fernandópolis,97.4573298541301,90.4324763656586,97.2400222440861,97.542242703533,100,100,100,93.9324116743472,100,83.6405529953917,81.3364055299539,98.1566820276498,84.7775192260742,0.936768174171448,14.2076501846313,84.6213912963867,,,,,,916.508239746094,282.199279785156,163.692626953125,4.1860466003418,327.496765136719,77.7894287109375,86.3269195556641,365.823974609375,89.2725982666016,93.5276336669922,9314,1651,7940.7978515625,1407.58618164062,9,193,164.545196533203,7.67309236526489,205,268,,,2.28487634658813,1.74775993824005,2.18363404273987,1.76076149940491,105,1,89.5194091796875,0.852565824985504,18.5347805023193,23.5338620507859,1065.05800239552,744.260771869786,,,,1225.18640568864,856.158235449386,,,3841,90.1725206623052
2019,SP,35115,Pontal do Paranapanema,100,100,100,90.2857142857143,96.9142857142857,99.4285714285714,97.2571428571429,96.5714285714286,98.6285714285714,94.9714285714286,100,90.6285714285714,81.6831665039062,0.247524753212929,12.9950494766235,86.7574234008789,,,,,,783.138793945312,213.583297729492,154.254608154297,6.81818199157715,359.433288574219,77.6080856323242,95.8646926879883,402.047515869141,86.9590072631836,105.670188903809,7852,1881,11646.22265625,2789.93188476562,0,111,164.637130737305,0,84,84,,,1.24590265750885,1.24590265750885,1.36938047409058,1.33563721179962,6,0,8.89930438995361,0,14.3975915908813,22.8771637378547,1060.11231136609,679.745657021189,,,,1219.49714425652,781.943458886832,,,3858,137.038894865292
2019,SP,35113,Alto Capivari,99.6532920425475,88.7437727211526,96.1390871145819,91.523178807947,90.9933774834437,92.0529801324503,91.1258278145695,93.7748344370861,94.8344370860927,90.5960264900662,95.7615894039735,91.523178807947,86.7043838500977,0.424328148365021,9.05233383178711,90.5233383178711,,,,,,796.458679199219,241.452743530273,181.089553833008,2.73684215545654,380.603912353516,87.8411331176758,114.942535400391,423.245269775391,99.418083190918,125.071334838867,6046,1397,10137.6611328125,2342.42700195312,5,93,155.938232421875,8.38377571105957,81,49,,,0.821610033512115,1.35817170143127,1.28649044036865,1.27852582931519,44,10,73.777229309082,16.7675514221191,20.6525936126709,26.8267334734648,1064.69874814865,795.025035007405,,,,1224.7731386004,914.554759348668,,,2499,110.244122579339
2019,SP,35082,Alta Anhanguera,74.9854427547824,60.4380045234724,67.9060245542418,97.3282442748092,97.8735005452563,97.0010905125409,99.1821155943293,97.164667393675,100,88.7677208287895,83.4787350054526,93.1297709923664,83.1923294067383,1.46644103527069,11.5059223175049,87.0276336669922,,,,,,662.758544921875,179.813507080078,119.065696716309,5.95783662796021,323.285583496094,70.9973907470703,80.2599334716797,360.050994873047,80.2904739379883,86.8022232055664,10675,2439,6484.828125,1481.63891601562,8,226,137.2900390625,4.85982465744019,140,268,,,1.62804114818573,0.850469291210175,1.58764386177063,0.841205239295959,119,0,72.2898864746094,0,35.9499435424805,24.3307443556632,771.081050573402,591.589383998676,,,,887.010865813688,680.533144105451,,,3840,61.4404369530436
2019,SP,35152,Santa Fé do Sul,97.8409545253677,100,97.8409545253677,100,97.0840480274443,100,99.4854202401372,100,100,96.2264150943396,96.0548885077187,100,84.1483993530273,1.18043839931488,13.4907255172729,85.3288345336914,,,,,,1059.21997070312,349.58447265625,165.372299194336,8.89328098297119,369.329864501953,88.531364440918,90.027946472168,410.821044921875,99.7645721435547,96.9859237670898,4612,677,9654.392578125,1417.177734375,6,63,131.879180908203,12.5599212646484,67,71,,,1.48625731468201,1.40252459049225,1.36170482635498,1.46166086196899,26,1,54.426326751709,2.09332013130188,15.8192205429077,22.2437839553734,1212.22294880158,677.466006397172,,,,1394.47717795181,779.321069356888,,,1249,83.4961147482749
2019,SP,35016,São Paulo,62.5884566685714,39.2262261898916,38.0518517654707,77.6755917046173,84.9420256469324,86.1534917512803,87.6851015068016,85.1085948528934,89.0513233982481,70.2886608899048,73.5981901842303,89.6721185594717,80.2064514160156,1.01710736751556,17.7183494567871,81.2468872070312,,,,,,641.371643066406,140.295196533203,154.431640625,3.27560091018677,298.827514648438,51.3291397094727,94.0661468505859,347.258331298828,62.0942611694336,104.037612915039,606162,83561,4947.4443359375,682.018005371094,1937,16468,134.410461425781,15.8096342086792,23511,43212,,,3.52692770957947,1.91894841194153,3.82837390899658,1.93699443340302,17463,3320,142.53157043457,27.0975666046143,46.838264465332,18.6367633685832,942.756829548753,673.713357617633,,,,1084.49760373174,775.004220640974,,,398505,80.1750060863401
2019,TO,17007,Cantão,97.9143354469725,100,97.9143354469725,100,99.8973832734736,100,100,99.3842996408415,90.6618778860954,91.6880451513597,100,85.0692662904053,69.9445266723633,0.554715096950531,29.1477565765381,70.2975311279297,,,,,,533.33740234375,137.561096191406,116.811653137207,2.16138339042664,318.768737792969,57.7590942382812,85.7251052856445,358.519775390625,66.1087036132812,93.2312240600586,7164,1351,5505.517578125,1038.24047851562,0,171,131.413116455078,0,121,124,,,0.952937185764313,0.929882287979126,1.23670494556427,1.00519502162933,46,0,35.3508949279785,0,3.13316535949707,17.4106323173363,687.744213757304,314.278234023374,,,,791.14457559238,361.529061387475,,,8820,189.251249528263
2019,TO,17002,Bico do Papagaio,97.8437343888099,98.5243822772163,97.8437343888099,100,93.6321483771252,98.2689335394127,99.0417310664606,91.468315301391,95.8887171561051,77.6506955177743,100,92.8902627511592,68.16015625,1.33460438251495,30.6005725860596,68.0012741088867,,,,,,510.495910644531,183.988250732422,105.340423583984,2.89449119567871,329.385223388672,98.4347152709961,84.689811706543,368.013824462891,111.865447998047,91.7797470092773,7893,939,3762.22607421875,447.57763671875,0,181,86.274284362793,0,233,163,,,0.776945233345032,1.11060273647308,0.842842578887939,1.06353318691254,9,0,4.28988170623779,0,1.99288833141327,18.1781776278816,622.31022710679,239.12813828152,,,,715.872777498842,275.080365183109,,,21853,307.208649057506
2019,TO,17005,Ilha do Bananal,100,99.5798273472372,100,100,89.6804004620716,92.6453600308048,93.8390450519831,88.1016557566423,89.9884482094725,81.82518290335,100,85.4062379668849,69.3016128540039,0.498848795890808,29.0483493804932,70.3376846313477,,,,,,568.228088378906,171.499588012695,103.116844177246,1.71919775009155,322.802429199219,69.4594955444336,74.8186416625977,361.242858886719,79.2873992919922,80.9187545776367,10461,1884,5677.396484375,1022.48492431641,20,297,161.187911987305,10.8544044494629,295,251,,,1.36222779750824,1.60102462768555,1.78839886188507,1.5018424987793,148,3,80.3225936889648,1.62816071510315,7.59699773788452,18.0817020250815,719.306475624529,363.180845965797,,,,827.452132632027,417.784040195918,,,9826,131.436802591369
2019,TO,17003,Sudeste,93.4973351404784,97.8283687798714,93.4973351404784,97.4944731024318,92.7044952100221,97.1997052321297,99.0420044215181,95.2837140751658,98.8209285187914,91.8201915991157,95.4310980103169,94.620486366986,62.8571434020996,1.26050424575806,34.5378150939941,64.2016830444336,,,,,,526.385192871094,140.977920532227,97.3660430908203,8.47784233093262,305.620788574219,60.0338287353516,67.5247421264648,339.489379882812,68.0990447998047,73.0487060546875,3724,621,3776.9912109375,629.836608886719,0,107,108.522575378418,0,98,40,,,0.405691862106323,0.993945062160492,0.565940141677856,1.03223216533661,4,0,4.05691862106323,0,2.95952200889587,19.8968558636497,718.815200195661,367.016342875195,,,,826.886995357302,422.196193019413,,,10421,324.137535131674
2019,TO,17006,Capim Dourado,99.8446858628775,91.3081203997367,99.285718171482,100,81.9824065347157,89.2554194156456,87.5431982406535,82.3437009110902,85.0141376060321,67.1850455545083,100,82.7207037386114,75.1480178833008,0.607665956020355,26.1763782501221,73.2003707885742,,,,,,402.897888183594,95.1916198730469,72.2603073120117,2.51489090919495,308.467590332031,60.7718925476074,69.6714324951172,345.372467041016,69.6754760742188,75.3401336669922,21485,2829,5728.8291015625,754.333618164062,61,708,188.783386230469,16.2652359008789,1050,916,,,2.44245171546936,2.79975366592407,3.4619619846344,2.72756004333496,551,96,146.92041015625,25.5977478027344,13.9753036499023,17.1702349260717,813.791275588752,414.731760517025,,,,936.142450154647,477.085486283289,,,18877,136.195298087885
2019,TO,17001,Médio Norte Araguaia,75.6077437011994,96.774464031769,75.6077437011994,100,89.2335766423358,93.7145174371452,95.3568532035685,88.7875101378751,95.5190592051906,72.242497972425,100,89.4971613949716,76.7569732666016,0.590751707553864,29.0486869812012,70.3401947021484,,,,,,542.963317871094,171.601593017578,112.634246826172,2.9286150932312,362.767120361328,97.9776916503906,93.5625305175781,404.051330566406,109.752304077148,101.338859558105,17375,2929,5755.94140625,970.310913085938,64,587,194.459716796875,21.2017402648926,578,527,,,1.74583089351654,1.91478228569031,2.01308870315552,1.90799105167389,134,2,44.3911437988281,0.662554383277893,5.67709732055664,19.1681661020979,590.067055662883,268.064879692237,,,,678.781938088678,308.367662327112,,,18478,158.800065307807
2019,TO,17004,Cerrado Tocantins Araguaia,100,100,99.9613526570048,100,88.1334981458591,91.1001236093943,92.0065925010301,85.2492789451998,86.4853728883395,78.2035434693037,100,83.8895756077462,72.2077941894531,0.519480526447296,30.2164497375488,69.1342010498047,,,,,,546.346740722656,165.634536743164,111.247077941895,4.41176462173462,351.443878173828,79.3037948608398,87.5422058105469,392.608978271484,91.9240264892578,94.950813293457,8856,1865,5473.3564453125,1152.64331054688,0,233,144.003158569336,0,186,127,,,0.784909963607788,1.14955317974091,1.05978298187256,1.13966453075409,3,0,1.8541179895401,0,3.95050740242004,16.8981195355449,702.040970110644,326.834029110176,,,,807.590808088785,375.972584104887,,,12486,217.320934277607
2019,TO,17008,Amor Perfeito,98.2049823477892,100,98.2049823477892,100,87.0468825519575,92.7501208313195,92.2184630256162,87.7235379410343,93.6201063315611,78.9753504108265,100,88.5451909134848,71.443733215332,0.849256873130798,29.2993621826172,69.8513793945312,,,,,,568.248107910156,184.927505493164,85.2821044921875,2.68562412261963,333.380554199219,76.3370742797852,66.1387939453125,371.981201171875,87.9123611450195,72.1922378540039,8154,1925,7319.8974609375,1728.08471679688,0,222,199.290817260742,0,229,146,,,1.31065130233765,2.05574750900269,1.60846531391144,1.963059425354,0,0,0,0,3.78203678131104,18.5420700657815,772.440421756914,371.700417964623,,,,888.574614539652,427.584505308401,,,8937,227.474242136489
2020,AC,12002,Baixo Acre e Purus,84.4667003456435,82.3470080395537,66.0206900023784,81.3756186243814,68.982931017069,69.9121300878699,77.1134228865771,65.8216341783658,64.963135036865,67.2558327441673,78.2648217351783,64.3167356832643,55.7406997680664,3.93745708465576,47.2951393127441,48.5277328491211,,,,,,590.797973632812,109.64143371582,94.2471618652344,16.2999420166016,474.823974609375,79.7092514038086,93.520378112793,531.246459960938,90.7201080322266,99.5725402832031,25834,2629,4418.84033203125,449.683807373047,59,1140,194.994125366211,10.0918016433716,820,792,,,1.35469603538513,1.40258932113647,1.67985725402832,1.46673214435577,156,17,26.683406829834,2.90780711174011,7.0847864151001,17.0959906629629,467.452444381947,242.036398224389,,,,514.478160286771,266.385259885762,,,49393,86.20968946912
2020,AC,12001,Alto Acre,98.3746097523415,98.3746097523415,98.3746097523415,57.4964639321075,60.5374823196605,57.991513437058,64.4271570014144,57.1428571428571,53.7482319660538,57.0721357850071,52.4045261669024,51.6973125884017,54.4041442871094,2.29459667205811,44.6336059570312,53.0718002319336,,,,,,544.617248535156,126.847564697266,100.650779724121,7.34177207946777,412.198791503906,82.3153991699219,89.7410888671875,454.773315429688,91.3813858032227,94.8510208129883,4381,800,6040.42578125,1103.02233886719,0,90,124.090003967285,0,95,51,,,0.70317667722702,1.30983901023865,0.952735483646393,1.32017982006073,6,0,8.27266693115234,0,0.893448054790497,17.4246800764827,580.184075795545,212.474710831735,,,,638.550593820577,233.849666741408,,,8782,104.196886132252
2020,AC,12003,Juruá e Tarauacá/Envira,90.6405264437327,96.930641976467,90.6405264437327,55.7406305770375,62.0067420186397,62.026571485227,68.847907991275,58.7943684314892,51.9730319254412,61.2730517549078,48.9787824707515,52.3101328574261,44.680850982666,3.14177775382996,54.2851448059082,42.4736518859863,,,,,,415.913421630859,92.2847442626953,82.5927352905273,6.28166151046753,372.172485351562,67.7932434082031,82.2446060180664,413.608459472656,76.6778411865234,88.415901184082,10855,1188,4574.205078125,500.613128662109,0,373,157.17903137207,0,256,170,,,0.716365575790405,1.07876229286194,1.10499393939972,1.28598153591156,86,18,36.2396697998047,7.58504724502563,0.773674845695496,17.1916482765767,457.778510357004,147.446909318105,,,,503.831028498919,162.280068395507,,,32562,209.688423699059
2020,AL,27010,10ª Região de Saúde,96.4723373020316,100,96.4723373020316,35.9858878871031,66.483731869855,65.8565268522148,70.2077616620933,68.0125441003528,72.7949823598589,73.9317914543316,18.7769502156017,68.3261466091729,69.4132843017578,1.2942191362381,27.653148651123,70.923210144043,,,,,,668.510559082031,213.328048706055,152.554351806641,7.05009269714355,415.807098388672,102.379600524902,113.079887390137,464.165649414062,116.761741638184,123.87336730957,5594,828,3469.06127929688,513.475646972656,0,149,92.4008102416992,0,157,110,,,0.682153642177582,0.973619282245636,0.748353540897369,0.993463754653931,0,0,0,0,1.68864023685455,21.4658901283525,824.929565682579,261.922746799537,,,,907.917479990246,288.272175127571,,,22934,129.314097908889
2020,AL,27005,5ª Região de Saúde,100,100,100,86.7558528428094,80.3010033444816,80.8695652173913,85.7190635451505,82.1070234113712,83.3779264214047,83.1772575250836,67.7591973244147,74.2140468227425,79.5946426391602,0.893163859844208,18.241153717041,80.556510925293,,,,,,629.69091796875,164.611450195312,122.93766784668,4.16942405700684,456.710357666016,101.919067382812,105.559112548828,511.502532958984,115.289764404297,114.263786315918,10802,1359,4501.6025390625,566.346740722656,15,346,144.191299438477,6.25106811523438,227,138,,,0.575098216533661,0.945994913578033,1.05851411819458,0.943494498729706,8,0,3.33390283584595,0,3.01134777069092,20.134635247706,926.721640552995,234.161371512359,,,,1019.94983759263,257.718005486502,,,30673,86.2245262465671
2020,AL,27007,7ª Região de Saúde,99.4386210550216,100,98.0201316884886,48.7976322604514,74.7071155506228,75.8663213713158,79.553582439265,73.8562091503268,78.6903440621532,78.8259958071279,43.7045258354914,67.3819213219879,74.8470764160156,1.38243210315704,27.819917678833,70.7854156494141,,,,,,722.588256835938,188.230941772461,128.12516784668,10.9517602920532,448.055908203125,95.1864318847656,99.9580612182617,500.123626708984,107.640266418457,107.969421386719,23152,2321,4362.28515625,437.321350097656,83,1007,189.738311767578,15.6388072967529,627,752,,,1.41691362857819,1.18138945102692,1.44286847114563,1.17404103279114,251,19,47.2932624816895,3.57996797561646,4.86084270477295,22.8788675360994,982.591194694619,265.228422103232,,,,1081.4398688809,291.910401366817,,,68685,109.848264560013
2020,AL,27004,4ª Região de Saúde,100,100,100,59.6190476190476,58.9523809523809,62.0476190476191,63.7142857142857,59.2380952380952,69.5714285714286,63.2380952380952,51.1428571428571,52.2380952380952,65.0752487182617,2.23144793510437,34.3539161682129,63.1551628112793,,,,,,687.349731445312,191.81852722168,136.913940429688,5.0556116104126,445.624176025391,96.7804870605469,99.5485992431641,500.955780029297,110.041091918945,109.324851989746,5858,677,4071.27856445312,470.511383056641,0,225,156.373794555664,0,105,73,,,0.507346093654633,0.729744374752045,0.868917047977448,0.84389728307724,0,0,0,0,2.47835087776184,16.4035844540735,899.145074325922,214.806800717534,,,,989.599068803109,236.416364869718,,,23634,130.880926313887
2020,AL,27001,1ª Região de Saúde,59.1420903124694,37.8158095797825,40.1588402390048,80.0345405065941,77.2346661084363,75.1727025329705,82.0337031609797,70.7714046472682,87.1101109482939,72.3152606238225,73.7178145279464,73.5241783546159,57.8574562072754,2.59169769287109,45.4370727539062,50.867561340332,,,,,,750.185729980469,187.838470458984,135.972625732422,4.53648900985718,483.721374511719,104.847747802734,108.403923034668,541.551025390625,118.721641540527,117.369934082031,55970,6047,4358.755859375,470.920074462891,149,2314,180.206558227539,11.6036205291748,1944,3075,,,2.3947069644928,1.51392197608948,2.86305713653564,1.59100043773651,1048,139,81.6147232055664,10.8248538970947,23.328649520874,20.9788130779512,819.483906607895,304.978395885983,,,,901.923987612649,335.659222512113,,,98775,48.3571806235116
2020,AL,27008,8ª Região de Saúde,100,100,100,55.6684274685087,63.1856968711906,61.8854124339699,67.2897196261682,64.1202763104429,64.6891507517269,70.296627387241,51.8488419341731,58.26899634295,70.5100708007812,1.07158160209656,33.0904426574707,65.7093887329102,,,,,,838.687927246094,236.895904541016,140.099731445312,8.88382720947266,450.910003662109,95.9491958618164,100.582908630371,501.025939941406,107.714942932129,108.401878356934,7630,740,4858.9130859375,471.244537353516,16,156,99.3434448242188,10.1890707015991,137,88,,,0.560398876667023,0.872439205646515,1.12461876869202,1.0018721818924,22,0,14.0099725723267,0,7.51125574111938,19.612874234094,987.780018661113,231.90223614906,,,,1087.15068853842,255.231601105655,,,25091,126.516083505805
2020,AL,27003,3ª Região de Saúde,97.630033557047,100,92.275185634728,80.2973977695167,69.688304260795,71.6900200171576,72.8052616528453,71.0323134114956,75.1215327423506,74.8069774092079,74.4924220760652,69.3737489276523,63.9169120788574,1.21661722660065,35.4896125793457,63.1454010009766,,,,,,705.106262207031,197.643417358398,119.743423461914,6.88131332397461,495.466125488281,109.424873352051,102.423957824707,555.584045410156,125.191802978516,111.997764587402,9553,955,4252.44921875,425.111389160156,0,370,164.702850341797,0,186,129,,,0.574234247207642,0.827965676784515,1.06745254993439,0.876374959945679,19,10,8.45771408081055,4.45142841339111,1.9421581029892,22.3606272054821,784.272810804298,273.817379515922,,,,863.170655571211,301.363407895223,,,34733,106.998654793521
2020,AL,27009,9ª Região de Saúde,97.5653879317632,98.0857017262076,94.1924357955602,59.1377942343295,76.3290134884951,78.7093361544565,81.3805871462576,79.3176408357577,80.7193864057128,83.893149960328,45.6228510975932,72.5733932822005,76.4281921386719,0.453817397356033,21.7298450469971,77.6561660766602,,,,,,684.824584960938,183.970123291016,138.821487426758,5.54528665542603,425.977813720703,88.1494064331055,100.456504821777,472.747344970703,98.8502578735352,108.522125244141,10278,939,4336.80029296875,396.210876464844,20,258,108.863052368164,8.43899631500244,215,133,,,0.561193287372589,0.90719211101532,0.881242215633392,0.993902802467346,7,0,2.95364880561829,0,1.65362143516541,18.312943795493,937.780778737721,229.438663076741,,,,1032.12152507874,252.520192582261,,,43102,165.915546362581
2020,AL,27006,6ª Região de Saúde,97.4876758941945,100,97.4876758941945,64.0489217895076,79.6266495011265,81.6865143224976,82.2658513035082,83.9716768587061,83.4567106533634,86.964917927261,55.873833279691,75.0241390408754,75.7439422607422,0.761245667934418,25.6055355072021,73.4256057739258,,,,,,686.089782714844,227.086044311523,116.441993713379,4.85915470123291,449.230865478516,122.936126708984,96.2059020996094,501.242248535156,138.438629150391,103.936172485352,9730,1177,4701.16455078125,568.681457519531,28,430,207.759582519531,13.5285310745239,187,182,,,0.879354476928711,0.903512597084045,1.16526556015015,0.973329484462738,45,9,21.742280960083,4.34845638275146,3.1076967716217,18.5943763834078,991.49706092495,248.750801830318,,,,1091.241665254,273.775132494448,,,30955,109.793967160458
2020,AL,27002,2ª Região de Saúde,100,100,100,59.5345345345345,64.8273273273273,68.3933933933934,72.5975975975976,64.8648648648649,68.8063063063063,67.5675675675676,47.8603603603604,56.7567567567568,66.5853652954102,0.853658556938171,32.6016273498535,65.6504058837891,,,,,,697.038330078125,229.53466796875,119.28572845459,5.61797761917114,535.063842773438,155.220169067383,108.731292724609,597.812866210938,176.326644897461,117.577598571777,7077,731,4263.56103515625,440.393280029297,0,147,88.5606155395508,0,164,84,,,0.506060659885406,0.988023221492767,0.80804032087326,1.03079736232758,10,0,6.02453184127808,0,2.20076155662537,18.3692063210584,768.844461947652,273.590030103367,,,,846.190214819585,301.113187131766,,,28218,114.965311103212
2020,AM,13008,Triângulo,94.4933304561185,96.3707131496711,94.4933304561185,91.4388705316912,91.6191048362872,100,100,93.030940222289,97.0561730249324,90.3875037548814,82.6674677080204,92.0997296485431,46.4360275268555,2.29645085334778,53.7429161071777,43.9606323242188,,,,,,533.280029296875,100.739555358887,98.3409957885742,2.99850082397461,519.88525390625,92.9792633056641,99.5506896972656,578.013305664062,104.299240112305,107.300346374512,7048,1203,5635.01904296875,961.822875976562,0,196,156.705978393555,0,123,58,,,0.463721752166748,0.983409941196442,0.608235061168671,1.03158104419708,28,0,22.386568069458,0,0.474915057420731,20.9497089905968,955.587451427019,287.376555094668,,,,1051.71954904058,316.286636537192,,,18380,210.245072738757
2020,AM,13009,Alto Solimões,88.4808251974256,98.9935164193801,87.2897203682896,74.9671963843126,54.4685814258638,60.5919230208485,62.778830733343,53.3459688001166,58.9444525441026,53.987461729115,59.7463187053506,54.5123195801137,48.9889717102051,3.00245094299316,49.5863952636719,47.3651962280273,,,,,,494.584350585938,95.9289169311523,87.672737121582,10.4928455352783,445.126342773438,73.9522552490234,87.1396408081055,499.399505615234,83.734375,93.7474899291992,10138,1290,3985.76782226562,507.165191650391,0,372,146.252288818359,0,310,145,,,0.570069372653961,1.21876907348633,0.772345721721649,1.33484697341919,26,0,10.2219343185425,0,0.277564823627472,20.6337319534105,792.745132669226,228.163821143699,,,,872.49529301575,251.117101550755,,,34422,160.113365070866
2020,AM,13002,Rio Negro e Solimões,84.3684657441374,100,80.85444153194,83.4872159090909,69.140625,72.7627840909091,81.0546875,62.1981534090909,76.2606534090909,54.4921875,75.9943181818182,63.4943181818182,41.5577545166016,2.24302363395691,56.4818077087402,41.0985527038574,,,,,,496.498718261719,83.3562088012695,77.071418762207,8.12791442871094,435.548614501953,65.8555221557617,81.1771469116211,489.198913574219,74.6122283935547,87.8257369995117,13699,2645,4531.33642578125,874.909423828125,0,336,111.141616821289,0,236,144,,,0.476321220397949,0.780637562274933,0.562240958213806,0.816030859947205,16,0,5.29245805740356,0,0.456474483013153,22.7468285712786,749.60146014922,271.500512671632,,,,825.011367040232,298.813464246398,,,44435,145.794679964408
2020,AM,13003,Rio Madeira,78.4148009358295,100,78.4148009358295,76.1821366024518,66.4039696438996,71.5995329830706,76.7367192060712,61.2084063047285,66.8126094570928,45.5049620548745,72.15411558669,64.2440163455925,59.321533203125,1.50442481040955,35.1917419433594,63.2448387145996,,,,,,394.32177734375,92.6656188964844,53.7263412475586,9.75,339.137329101562,71.1937866210938,52.6562004089355,380.308502197266,80.3932037353516,56.2916145324707,8598,1802,4237.97314453125,888.209777832031,0,219,107.945587158203,0,176,96,,,0.473186105489731,0.867507874965668,0.530362784862518,0.883773684501648,29,0,14.2941637039185,0,0.390378534793854,23.5054379903018,686.159832021602,229.220865942918,,,,755.187511122975,252.280485056776,,,23177,116.418357372831
2020,AM,13001,Manaus,70.4769590951104,40.7168497183089,51.4792614581477,95.067732622696,74.1350210970464,79.0184321563402,85.5274261603376,70.4841216966467,79.2449478125694,69.3293359982234,92.8492116366866,69.2560515212081,45.2979545593262,2.20615077018738,49.5824966430664,46.502555847168,,,,,,664.858947753906,116.095573425293,100.639060974121,11.8420295715332,542.495971679688,86.9510498046875,98.1177062988281,609.828857421875,98.7363891601562,105.846382141113,115056,16243,4391.02294921875,619.901489257812,374,3846,146.779602050781,14.2734203338623,3646,3949,,,1.5071052312851,1.39146757125854,2.27974939346313,1.54825580120087,1076,193,41.0647048950195,7.36569547653198,20.3922138214111,23.1609384013415,614.645434741342,379.493764742053,,,,676.478765476321,417.670837475103,,,188830,48.5062571406218
2020,AM,13005,Baixo Amazonas,89.6891049046485,100,87.7018663282774,70.6050773048292,57.0910479099065,65.546860087803,70.54781446841,55.8694407329643,63.4853979767131,50.3531208245848,52.7581599541897,59.037984348158,44.7649574279785,2.45726490020752,54.9786338806152,42.5427360534668,,,,,,448.110900878906,101.199028015137,70.8787002563477,7.73286485671997,340.709686279297,65.9252853393555,67.895263671875,380.935424804688,74.7695159912109,72.8984985351562,12197,1422,4802.8193359375,559.941711425781,0,357,140.576080322266,0,270,104,,,0.409521371126175,1.06318044662476,0.532082438468933,1.04870939254761,16,0,6.30032873153687,0,0.396920710802078,22.2178212103974,823.470777497117,199.838015754253,,,,906.311937713327,219.941720139131,,,35947,164.26353696521
2020,AM,13006,Regional Purus,86.4972697378345,100,81.9719733309199,85.0588712951685,57.3690621193666,64.190012180268,70.8485586682907,55.9480308566788,67.1132764920828,54.1209906617946,75.2740560292326,58.8712951684937,48.2567367553711,1.18858957290649,47.1870040893555,51.6244049072266,,,,,,444.490936279297,91.886360168457,63.4987030029297,17.4789924621582,360.851684570312,69.4364395141602,60.5280570983887,400.088745117188,76.4240264892578,65.1912078857422,5410,1001,4041.505859375,747.790588378906,0,203,151.649841308594,0,155,71,,,0.530400931835175,1.15791749954224,0.707450270652771,1.26213014125824,12,0,8.96452331542969,0,0.218883767724037,23.5853678685681,630.126232011947,258.59598666546,,,,693.516930952349,284.610742924005,,,21143,195.686558314969
2020,AM,13007,Regional Juruá,87.0800621108999,100,84.9032782365148,90.4299583911234,63.8002773925104,73.3009708737864,78.4327323162275,60.4022191400832,76.005547850208,57.4895977808599,83.0097087378641,74.9653259361997,54.6420135498047,3.10778903961182,40.4405975341797,56.4122734069824,,,,,,362.692077636719,81.5520629882812,72.2522659301758,8.08678531646729,328.643951416016,70.7207946777344,67.8914031982422,364.477233886719,76.854850769043,72.7491989135742,5080,933,3634.07446289062,667.439270019531,0,208,148.796752929688,0,110,61,,,0.436375081539154,0.786905884742737,0.50701779127121,0.768306314945221,8,0,5.72295188903809,0,0.329785108566284,19.8254311830206,807.16003504622,236.548327069033,,,,888.36033457187,260.345088772178,,,21899,235.576600655278
2020,AM,13004,Médio Amazonas,99.3023000398851,100,87.1633612143563,84.9388139315971,82.6796360213367,88.1706934421086,94.916849701914,80.4204581110762,91.9046124882335,86.2252902416065,80.7969877627863,82.4599937245058,51.9623756408691,2.17320799827576,42.1667213439941,55.5951995849609,,,,,,490.218444824219,79.3252182006836,82.7493286132812,14.6682186126709,380.689849853516,59.7533683776855,74.1354446411133,426.294586181641,66.638542175293,80.1569747924805,6743,948,3848.12939453125,541.009399414062,0,241,137.535095214844,0,177,109,,,0.622046709060669,1.01011252403259,0.763291239738464,1.06318628787994,6,0,3.42411041259766,0,1.6435729265213,21.2960147637115,887.6866757227,277.167317467933,,,,976.987955300404,305.050349605207,,,22184,133.834745048736
2020,AP,16002,Área Norte,76.4324834479701,73.2722254794011,71.4561496332099,87.8105590062112,63.8975155279503,66.9254658385093,69.9534161490683,57.2204968944099,72.2049689440994,58.6180124223603,73.2142857142857,60.4037267080745,39.2005615234375,5.68022441864014,53.5764389038086,38.9200553894043,,,,,,355.672546386719,49.0099983215332,58.8119964599609,7.87401580810547,373.793823242188,50.0834007263184,62.7211036682129,416.031005859375,58.0843315124512,68.4569931030273,2673,447,3742.96362304688,625.927673339844,0,121,169.4345703125,0,84,36,,,0.504102826118469,1.17623996734619,0.51110428571701,1.15873634815216,0,0,0,0,1.84697675704956,18.3546418684127,664.509870443723,123.561158999585,,,,731.359563410362,135.991411594944,,,8091,116.073692332036
2020,AP,16001,Área Central,80.9786340855449,65.3596086593476,53.3016278203519,90.5738494126709,43.6260350471789,44.7621798575005,44.4348160985943,38.2437897169266,47.6795686501059,34.3443096476025,88.1089928750241,40.7182746004236,42.2715530395508,3.64481163024902,62.1786270141602,34.1559104919434,,,,,,567.353515625,102.494140625,95.3957290649414,3.05157160758972,514.422790527344,86.6992492675781,98.4362487792969,574.590759277344,98.7037734985352,105.619148254395,22303,2144,3861.36279296875,371.194976806641,37,858,148.547256469727,6.4058837890625,876,727,,,1.25866961479187,1.51663625240326,1.20569121837616,1.46080124378204,244,46,42.2442054748535,7.96407175064087,9.42045783996582,17.7748085109795,516.345721415167,206.171944822522,,,,568.290100989533,226.912842471667,,,42110,60.0578201601817
2020,AP,16003,Área Sudoeste,98.2009869253882,95.9839875416195,89.3731160759923,85.9597315436242,51.0872483221477,54.8724832214765,55.3825503355705,47.2751677852349,58.0939597315436,45.6912751677852,68.4832214765101,48.2953020134228,36.9676322937012,4.88358879089355,56.7291297912598,38.35888671875,,,,,,510.422302246094,97.2904357910156,89.7704010009766,6.53775310516357,454.618377685547,78.7591934204102,88.5071258544922,509.81298828125,89.8372497558594,95.3890380859375,8178,1062,3843.67724609375,499.142242431641,0,186,87.4203948974609,0,192,122,,,0.573402583599091,0.902404069900513,0.848823845386505,0.951166808605194,21,12,9.87004470825195,5.64002561569214,3.42772531509399,18.271148066289,462.167947090099,87.8523719648223,,,,508.662042567363,96.6903205844834,,,26499,131.886367346133
2020,BA,29023,Seabra,90.7567801656472,97.6094841119472,88.3207925079846,65.7191344929996,88.4599066610098,94.8239287229529,99.7454391175223,90.4963937208316,93.7632583792957,80.4412388629614,60.6279168434451,89.1387356809504,72.3821411132812,0.959532737731934,25.406759262085,73.2582397460938,,,,,,696.220947265625,179.18244934082,92.829460144043,12.7906980514526,339.339477539062,64.9098892211914,62.0852508544922,377.222839355469,73.5927276611328,67.0560760498047,11195,3546,6042.0107421875,1913.79809570312,0,298,160.832443237305,0,149,91,,,0.491132616996765,0.804162204265594,0.834925472736359,0.965804219245911,36,5,19.42942237854,2.69853091239929,1.24078452587128,23.2830747999229,695.131639744492,319.133672928057,,,,765.061882702788,351.23852042462,,,29541,128.84851304254
2020,BA,29017,Paulo Afonso,87.9282651010429,87.473295247741,87.9282651010429,80.1814573291749,69.3223702863623,74.0289197618373,75.5599659767508,71.8741139778849,80.7768641905302,65.7499291182308,75.7300822228523,71.9591721009356,66.1850509643555,1.27813279628754,30.3417625427246,68.1300354003906,,,,,,660.832824707031,183.127105712891,135.474670410156,7.62812852859497,375.259460449219,82.7364349365234,99.9431915283203,418.992462158203,94.1315536499023,109.01522064209,8079,1476,3181.68579101562,581.280883789062,0,276,108.694793701172,0,315,259,,,1.01999831199646,1.24053847789764,0.881176114082336,1.17368721961975,36,0,14.1775817871094,0,4.21192312240601,25.3337402160379,868.083447563735,381.007338940672,,,,955.412642388647,419.336677238104,,,37387,119.973305949071
2020,BA,29001,Alagoinhas,84.6722116318049,92.0725312623551,83.6650598518414,54.7834843907351,59.9482088908071,62.2500359660481,64.6957272334916,60.1064595022299,61.6458063587973,57.1716299812977,50.1366709825924,52.2802474464106,59.5374794006348,1.86602866649628,31.0047855377197,65.5502395629883,,,,,,697.997802734375,195.550170898438,113.193817138672,11.5079364776611,410.456237792969,92.3865966796875,90.4620132446289,455.574279785156,103.778770446777,96.9692459106445,22042,3190,4070.17651367188,589.051025390625,10,565,104.330352783203,1.84655499458313,565,536,,,0.989753484725952,1.04330360889435,0.973134458065033,1.0517053604126,148,16,27.3290138244629,2.95448803901672,6.00444269180298,24.1288679317598,712.799452043352,306.375496457521,,,,784.507076918914,337.196871401148,,,79496,97.263570163734
2020,BA,29019,Ribeira do Pombal,92.8709578908079,97.0994598696407,91.9455489371678,84.5006657789614,75.0466045272969,80.745672436751,81.8908122503329,68.0958721704394,82.4500665778961,61.1717709720373,80.4793608521971,73.0492676431425,63.8560829162598,0.604229629039764,25.6522941589355,72.5624847412109,,,,,,639.654235839844,140.261535644531,87.5478591918945,23.3253021240234,318.455352783203,52.2051429748535,59.7159004211426,353.656036376953,59.1490440368652,63.365550994873,14074,3066,4338.55126953125,945.14697265625,7,384,118.374572753906,2.15786981582642,329,162,,,0.499392718076706,1.01419878005981,0.724813044071198,1.00772523880005,27,0,8.32321166992188,0,1.06691241264343,21.4029279597395,619.190781291933,240.164314904328,,,,681.481373889901,264.324844983704,,,55482,127.924204973582
2020,BA,29025,Serrinha,96.1132049222831,99.5886504192541,93.7927632827025,68.6537330981775,73.8624338624339,71.8518518518518,76.0023515579071,71.957671957672,80.5291005291005,72.7219282774838,63.4097589653145,71.4285714285714,64.1279830932617,1.31744039058685,26.90087890625,69.2848205566406,,,,,,671.758422851562,175.34407043457,92.7921447753906,21.2711067199707,342.197662353516,68.961540222168,66.5736694335938,382.126281738281,77.6395874023438,71.682373046875,31035,6003,4889.31103515625,945.723693847656,0,946,149.034576416016,0,586,352,,,0.554547309875488,0.92319518327713,0.869709730148315,1.00121784210205,190,0,29.9329509735107,0,2.52949190139771,23.5586307449306,634.983071399664,232.300677145911,,,,698.86236838247,255.670125266789,,,110911,138.386138343794
2020,BA,29015,Jequié,92.1056449256558,98.0644159431809,86.6501298494319,71.3776891295056,70.0242199743553,72.5174526285796,74.8112266704659,70.4231371990312,76.6490953127226,66.9611055705941,67.9726456760222,65.7786009403049,61.5875473022461,2.52140069007874,31.5953311920166,65.7587585449219,,,,,,861.210815429688,243.831848144531,111.243148803711,14.3946619033813,411.195220947266,88.1495742797852,79.1717529296875,457.773620605469,99.1790237426758,85.1395874023438,30647,7544,6290.1640625,1548.37329101562,46,1195,245.268569946289,9.44130039215088,760,472,,,0.968759536743164,1.55986702442169,1.48187375068665,1.58747267723083,194,4,39.8176612854004,0.820982694625854,3.88817405700684,21.1117611383769,767.738270336097,315.541527421626,,,,844.972740331908,347.285005080241,,,67068,95.4728489478081
2020,BA,29026,Teixeira de Freitas,96.1210142830955,98.7879135902538,96.1210142830955,80.3384246780473,64.3905360886493,66.6217430368374,71.3237496256364,63.8664270739742,68.4636118598383,58.1012279125487,72.8361784965559,61.6202455825097,63.6056518554688,1.25921380519867,34.029483795166,64.2199020385742,,,,,,762.169006347656,207.006164550781,112.613105773926,12.5,443.891082763672,89.8398208618164,85.3953475952148,495.199493408203,101.191024780273,92.905891418457,24286,3663,5331.23193359375,804.097106933594,28,798,175.17594909668,6.14652442932129,497,458,,,1.00539577007294,1.09100806713104,1.15999186038971,1.10922813415527,152,20,33.3668479919434,4.39037466049194,8.38210296630859,20.5180905766424,867.148120404706,296.808895362577,,,,954.38322131742,326.667870236052,,,49901,70.8622405183276
2020,BA,29012,Itabuna,91.9578127714687,95.8590652788527,84.9035743054349,62.2881355932203,63.8223261250731,69.5645821157218,71.3763880771479,67.4751607247224,74.8100526008182,68.9947399181765,56.9988310929281,66.5838690824079,56.307258605957,3.47075414657593,38.4601821899414,57.7167015075684,,,,,,929.12060546875,264.812255859375,152.905807495117,9.55020236968994,500.779998779297,108.979766845703,108.109092712402,555.609619140625,122.830436706543,115.957618713379,24385,4918,4829.80322265625,974.081298828125,59,1097,217.276763916016,11.6858062744141,793,567,,,1.12302577495575,1.57065165042877,1.63408172130585,1.66859447956085,135,15,26.7387084960938,2.9709677696228,9.03075122833252,18.2407564674793,887.175198715114,227.431767725428,,,,976.425023705854,250.311403558606,,,63065,84.105262019545
2020,BA,29022,Santo Antônio de Jesus,95.6552408820148,94.6803044553593,93.0034486362211,63.657203315112,71.8391818021513,75.930171045671,77.093986951155,73.6907071063304,82.0313877622994,77.0058190795274,59.9188855581026,71.3630752953624,69.6418609619141,1.54017448425293,27.4262390136719,70.6995697021484,,,,,,739.225341796875,233.18864440918,108.792465209961,10.436821937561,408.391845703125,96.5056533813477,81.2982330322266,457.174926757812,110.504470825195,87.3339767456055,24754,4549,5364.63916015625,985.850463867188,30,801,173.591171264648,6.50154209136963,559,397,,,0.860370695590973,1.21145403385162,1.29001426696777,1.26541674137115,144,12,31.2074012756348,2.6006166934967,2.99135947227478,20.6034921037628,699.755524284147,251.024426032849,,,,770.150930027132,276.277483291754,,,69492,104.859903579532
2020,BA,29006,Feira de Santana,86.9411000041709,83.1776488662116,76.8631737734092,62.9391787588762,54.9120098795925,55.3998147576412,57.8573633837604,53.14603272615,56.0543377585675,51.3491818462488,60.8088916332201,52.5779561593084,56.5624160766602,3.87189292907715,40.6992607116699,54.8962020874023,,,,,,730.949035644531,181.958908081055,96.427848815918,16.5286331176758,413.66259765625,79.5401306152344,75.5270385742188,461.943115234375,90.119010925293,81.1059188842773,46213,4910,3996.60986328125,424.628448486328,81,1750,151.344146728516,7.00507211685181,1501,1440,,,1.24534618854523,1.29810047149658,1.5543909072876,1.26841533184052,691,82,59.7593193054199,7.09155464172363,12.6251287460327,28.1460655794379,728.259317910868,325.848718249058,,,,801.522205292701,358.629099304913,,,124843,72.5076304163694
2020,BA,29010,Irecê,98.0759699331014,97.7831827490081,96.5748009603226,78.0703162626425,77.3157810242414,82.0516936908011,84.8290255257666,78.1184780863702,84.9895649381923,79.033552737197,66.5917482742013,74.3779097768502,66.9560699462891,1.49331486225128,27.7999649047852,70.5851745605469,,,,,,686.03466796875,206.703872680664,126.533676147461,4.99823999404907,376.699066162109,82.585334777832,92.4626998901367,419.262664794922,93.3784332275391,99.1221542358398,20385,4546,4922.498046875,1097.75207519531,20,755,182.314743041992,4.82952976226807,444,304,,,0.734088540077209,1.07215559482574,1.10801482200623,1.18812465667725,96,6,23.1817417144775,1.44885885715485,1.42350387573242,23.1682518687755,768.93135146309,291.024335329573,,,,846.285845420276,320.301383463728,,,70316,127.805716260302
2020,BA,29028,Vitória da Conquista,79.5610039989577,94.3694737384092,72.5398140476848,41.6752843846949,69.1416752843847,71.8097207859359,72.82316442606,69.3795243019648,80.124095139607,68.8314374353671,37.3629782833506,70.0930713547053,72.8017730712891,0.609080851078033,29.6567001342773,68.7818374633789,,,,,,781.501342773438,204.58967590332,130.250228881836,8.65307712554932,395.283325195312,72.4731369018555,88.6247253417969,439.195770263672,82.042366027832,96.0021286010742,31932,4612,4986.99072265625,720.280639648438,75,1171,182.881317138672,11.7131500244141,747,953,,,1.4883508682251,1.16662967205048,1.9886976480484,1.26115477085114,330,55,51.5378570556641,8.58964347839355,8.0787935256958,22.794620460098,756.763348764349,268.303720528555,,,,832.893741650042,295.295074813728,,,77146,87.3704351859892
2020,BA,29011,Itaberaba,97.7280412461362,99.7887567679388,97.7280412461362,70.1724137931034,77.8448275862069,80.3448275862069,81.7241379310345,78.9367816091954,86.1781609195402,72.9597701149425,65.9195402298851,76.4655172413793,70.8658981323242,1.15661144256592,20.6627063751221,77.8368225097656,,,,,,744.274780273438,202.767181396484,100.190841674805,14.6367521286011,393.240753173828,79.2077407836914,74.7078857421875,438.703491210938,88.7736892700195,79.845947265625,11812,2170,4696.24658203125,862.754455566406,0,460,182.888046264648,0,217,154,,,0.612277328968048,0.862754464149475,0.964138031005859,0.951812982559204,22,4,8.74681949615479,1.5903308391571,1.7076176404953,22.1408837014001,761.192947101671,278.566759743644,,,,837.768957580099,306.590575773854,,,43913,144.211505979644
2020,BA,29024,Senhor do Bonfim,99.2660741517026,99.320488791256,96.1022995223604,73.55333488264,75.598419707181,80.4787357657448,82.2217057866605,75.040669300488,85.0104578201255,77.4343481292122,67.3716012084592,75.6216593074599,70.7486267089844,0.574025332927704,18.9189186096191,80.435302734375,,,,,,744.933227539062,207.763656616211,131.025146484375,14.1250562667847,400.224334716797,76.707389831543,92.2435531616211,445.704071044922,87.6547622680664,99.5961303710938,12995,1796,4354.6591796875,601.844421386719,0,412,138.062301635742,0,177,180,,,0.603184819221497,0.593131721019745,0.873026251792908,0.918684005737305,75,10,25.1326999664307,3.35102677345276,6.29255819320679,20.0727005208321,745.801325433134,247.256613326884,,,,820.828938771707,272.130628627569,,,48807,111.068470261648
2020,BA,29002,Barreiras,82.4260867113331,79.376072287641,78.9578936637696,86.8602295746118,75.0708980418636,75.1654287643484,80.5131667792032,76.3808237677245,80.4456448345712,73.2478055367995,82.2822417285618,56.7454422687373,55.6655502319336,0.949832797050476,18.4481601715088,80.3210678100586,,,,,,531.411865234375,109.584930419922,97.7900695800781,12.2276029586792,372.377410888672,63.8002433776855,86.3845367431641,412.387664794922,72.0382766723633,92.4477767944336,24217,4240,5193.3818359375,909.276123046875,24,833,178.638442993164,5.14684581756592,578,473,,,1.0143575668335,1.23953211307526,1.27743649482727,1.33700048923492,158,7,33.8834037780762,1.50116336345673,4.46574687957764,22.2360560237103,1050.66067715439,533.81361605216,,,,1156.35714127612,587.515265827007,,,57030,107.047289092332
2020,BA,29003,Brumado,97.8421926337516,96.0525991714571,97.1033018565862,69.3567482241515,94.672454617206,93.034727703236,96.2115232833465,93.5280189423836,95.8168902920284,100,65.5090765588003,87.292817679558,74.0233154296875,1.00224995613098,19.2472896575928,79.2391052246094,,,,,,679.20703125,171.832733154297,129.489990234375,7.10402297973633,305.404296875,52.7065010070801,74.2980270385742,338.066223144531,59.5399360656738,79.9348373413086,18720,3491,4608.46533203125,859.409790039062,10,587,144.506896972656,2.46178698539734,454,319,,,0.785310029983521,1.11765122413635,1.00311660766602,1.16380977630615,111,10,27.325834274292,2.46178698539734,2.3276195526123,23.3777841837345,784.168049352978,304.605722438142,,,,863.055355117888,335.24905811542,,,52714,80.3050847736018
2020,BA,29009,Ilhéus,88.5004402690496,63.1302292412306,69.9692983484051,82.2303640943439,38.7451339592398,44.7446759789329,45.5232425005725,39.9358827570414,48.8893977558965,41.3327226929242,78.2001373940921,32.9516830776277,25.3065223693848,15.4732713699341,39.9950942993164,44.3599815368652,,,,,,947.235595703125,216.172698974609,144.115127563477,16.25,528.978454589844,95.1692276000977,105.069801330566,591.203430175781,107.758979797363,112.800178527832,18817,3808,6365.76171875,1288.24035644531,38,724,244.92805480957,12.8553400039673,484,395,,,1.33627879619598,1.63736438751221,1.6018431186676,1.53435254096985,258,14,87.2809906005859,4.73617792129517,9.06470680236816,19.6360949221317,750.80942607665,255.530738982393,,,,826.340854339961,281.237131324021,,,43185,100.389500061232
2020,BA,29008,Ibotirama,93.8209518742294,99.9473056833123,91.2762768139891,71.0264332303467,71.4727085478888,79.1967044284243,80.0892550635084,78.6131136285616,81.9086852042568,79.9176107106076,65.7397871610024,75.4205286646069,62.5137023925781,1.20569968223572,31.0559005737305,67.4826431274414,,,,,,650.000732421875,205.31689453125,125.019691467285,8.52228260040283,363.836120605469,85.989143371582,88.7009658813477,401.399749755859,96.6198348999023,95.0552673339844,10029,1875,5096.83935546875,952.893981933594,0,245,124.51148223877,0,177,110,,,0.559031128883362,0.899531960487366,0.775274574756622,0.996600091457367,30,0,15.2463045120239,0,0.659148573875427,22.718055964233,685.878195449871,288.238980799828,,,,754.877541912128,317.235822268291,,,34438,155.398730629317
2020,BA,29018,Porto Seguro,93.5854681487031,95.8821356623975,93.5854681487031,83.2205257358728,75.9641114434126,79.411301747206,85.0149535652448,76.011333228396,83.8816307256414,63.1040453329136,78.7659373524319,74.1224618290571,65.0457382202148,1.92585456371307,34.1197242736816,63.9062767028809,,,,,,678.358032226562,160.301376342773,117.952713012695,11.2983531951904,457.620452880859,86.7787704467773,96.9898986816406,510.570892333984,98.4207229614258,105.694129943848,17474,2599,4539.88037109375,675.240295410156,20,496,128.864639282227,5.19615507125854,456,408,,,1.06001555919647,1.18472325801849,1.29786956310272,1.26636791229248,215,9,55.8586654663086,2.33826971054077,9.10496234893799,19.3787186711134,700.957924983038,281.214250262622,,,,771.474292236331,309.504403839042,,,38849,67.5616420550792
2020,BA,29021,Santa Maria da Vitória,98.0400149799328,100,96.5363876488465,85.7405281285878,84.8909299655568,88.0137772675086,90.264064293915,85.6946039035591,91.9862227324914,91.0218140068886,82.1354764638347,83.8346727898967,63.7694625854492,2.02184534072876,25.1684875488281,72.3681182861328,,,,,,603.916687011719,156.191055297852,101.590370178223,14.2465753555298,325.364959716797,64.2474899291992,77.0206451416016,361.641906738281,72.1937637329102,82.3854141235352,14980,3105,4957.08056640625,1027.48559570312,0,478,158.176528930664,0,286,196,,,0.648589968681335,0.946411907672882,1.00382542610168,1.00183987617493,34,0,11.2510509490967,0,1.54569578170776,22.1465396091087,888.126359213487,350.442464066389,,,,977.471870950364,385.696975951468,,,45524,114.360634362032
2020,BA,29013,Itapetinga,86.8547542719926,94.7862891978316,84.8415512174219,33.5542378793164,75.9679107080572,77.6421346355075,81.0254621555633,74.6773630973143,80.2581095221486,74.1541681199861,28.7059644227415,67.2479944192536,49.0992584228516,14.9417171478271,37.0540428161621,47.651008605957,,,,,,787.178955078125,184.173217773438,126.013252258301,16.9317607879639,415.078857421875,79.1687774658203,87.4403762817383,461.329681396484,89.4818649291992,94.9309997558594,15903,5497,6423.041015625,2220.17578125,9,406,163.978790283203,3.63499784469604,254,142,,,0.573521852493286,1.02587711811066,0.840088367462158,1.09948587417603,31,0,12.5205478668213,0,2.58771443367004,19.7559624138678,699.315185331916,237.182837160979,,,,769.666292976306,261.043430579374,,,33659,97.4251504065139
2020,BA,29005,Cruz das Almas,94.3550425796033,100,94.3550425796033,39.0851735015773,68.9589905362776,71.8611987381703,74.0694006309148,71.0410094637224,77.1608832807571,71.1356466876972,37.2870662460568,60.6624605678233,67.0600128173828,2.12407279014587,27.478084564209,70.2292633056641,,,,,,710.238464355469,236.495498657227,112.795951843262,8.57596588134766,412.702056884766,107.191612243652,85.7272567749023,463.098022460938,122.122360229492,93.193717956543,11825,1522,4446.04052734375,572.25146484375,9,340,127.835411071777,3.38387846946716,280,208,,,0.782051920890808,1.05276215076447,1.02371728420258,1.09214675426483,25,5,9.39966201782227,1.87993252277374,3.00187611579895,18.252358815753,662.575252062951,195.634962815951,,,,729.230322420484,215.315840075236,,,40960,114.603414284479
2020,BA,29007,Guanambi,93.2121368930676,96.5713145523435,90.2781188605108,75.8166395957408,85.2192744991879,88.9550622631294,90.5432232449016,88.8467785598267,90.5432232449016,92.6728027431871,71.2687240570294,86.0855441256091,71.0315246582031,0.988621532917023,19.3247528076172,79.6493225097656,,,,,,613.950317382812,155.236724853516,100.794548034668,10.2207975387573,292.328857421875,52.6838188171387,63.5203132629395,323.706665039062,58.7986640930176,68.3932037353516,21246,3726,4645.294921875,814.664855957031,20,865,189.126434326172,4.37286567687988,515,419,,,0.916115343570709,1.12601292133331,1.07736480236053,1.18603038787842,82,10,17.9287490844727,2.18643283843994,1.71962940692902,22.2833359767287,746.523571121597,283.604854932641,,,,821.62384237643,312.135503338865,,,62776,104.500384912302
2020,BA,29014,Jacobina,98.463765825608,97.9144735332876,97.2866745003479,77.743119266055,80.348623853211,82.1651376146789,85.2477064220184,81.1376146788991,84.1467889908257,80,71.4495412844037,78.1467889908257,63.8310394287109,2.51473474502563,22.3182716369629,74.3614959716797,,,,,,708.119079589844,203.046722412109,109.156692504883,12.8638162612915,369.379180908203,80.3885726928711,74.2311096191406,412.487243652344,90.9047317504883,80.6527633666992,22731,3891,5783.7783203125,990.043579101562,0,672,170.986709594727,0,374,263,,,0.669189035892487,0.951622486114502,1.00804555416107,1.08215248584747,127,10,32.314453125,2.5444450378418,2.60805630683899,20.4930971674485,743.311188306574,254.058069243965,,,,818.088293850215,279.616311009908,,,65244,120.189248474224
2020,BA,29027,Valença,91.6071073733871,98.8183222547706,85.8009576493363,56.4249363867685,57.7396098388465,64.2493638676845,68.108566581849,61.9168787107718,67.45122985581,63.676844783715,48.5156912637829,63.8888888888889,61.1205024719238,3.30837965011597,39.1209869384766,56.5322380065918,,,,,,642.647705078125,135.932434082031,87.7498092651367,19.7120151519775,430.286346435547,79.56884765625,75.7216567993164,479.440521240234,89.6442108154297,79.8957595825195,12931,2414,4126.1552734375,770.283752441406,0,354,112.957931518555,0,256,181,,,0.577553272247314,0.816870927810669,0.835298418998718,0.888666212558746,16,0,5.10544347763062,0,1.6018328666687,21.9735018145229,604.969329517265,256.307542834616,,,,665.829244066702,282.092081643779,,,43282,105.948312137234
2020,BA,29004,Camaçari,82.7836185253225,70.8200792610811,69.9272349438262,61.0290032225803,60.8400933437049,64.6071785753973,67.0074452716969,60.5400600066674,68.9187687520836,54.4171574619402,56.9285476164018,60.6067340815646,56.9700660705566,3.15210747718811,33.6224784851074,56.7745895385742,,,,,,599.543762207031,131.518920898438,98.4818725585938,9.49881935119629,461.010223388672,88.1078262329102,89.0516128540039,515.524780273438,100.661880493164,96.6230621337891,25604,3037,4028.0029296875,477.778656005859,8,620,97.537956237793,1.25855422019958,626,901,,,1.41744673252106,0.984818696975708,1.55687093734741,0.976441442966461,291,4,45.7799110412598,0.629277110099792,16.1483516693115,22.2872673684681,892.053725510225,571.892453933287,,,,981.794330296554,629.424834798976,,,67014,69.5523239342405
2020,BA,29016,Juazeiro,93.4607598688963,97.4094440473309,90.3822233228833,73.4267979452055,57.7803938356164,60.9482020547945,64.0196917808219,57.9837328767123,69.5205479452055,54.7838184931507,71.0295376712329,54.6446917808219,58.4632377624512,1.70259809494019,40.0331687927246,58.1757888793945,,,,,,667.169311523438,151.349456787109,111.785850524902,14.2377624511719,414.932586669922,75.342658996582,90.9209136962891,461.281921386719,85.2153091430664,97.3858032226562,24987,3364,4663.09326171875,627.792297363281,31,855,159.560775756836,5.78524446487427,503,622,,,1.16078126430511,0.938702523708344,0.981998562812805,0.982791721820831,115,2,21.461389541626,0.373241573572159,7.34632730484009,23.2927202604247,761.916690662329,278.058087701426,,,,838.565509742959,306.030731324189,,,82747,135.602841940782
2020,BA,29020,Salvador,61.2899232228467,32.8682026018189,46.2487586826053,100,79.2439911224442,76.5098928082353,83.4372196250649,71.1668319403126,89.7365065873353,71.2943287528923,97.1714596023988,72.7747084100675,59.7465896606445,3.01873517036438,34.0318374633789,60.9026412963867,,,,,,733.468688964844,147.155700683594,103.239967346191,5.6685004234314,417.952941894531,65.1583251953125,74.7238922119141,470.278625488281,74.6920928955078,80.6880950927734,151073,17579,4417.09765625,513.977722167969,719,7741,226.332656860352,21.0222415924072,7712,10092,,,2.95071578025818,2.25484752655029,3.70625948905945,2.53010296821594,3827,603,111.894470214844,17.630615234375,25.1227207183838,21.6036575519013,712.922056583195,354.934216418119,,,,784.642015475464,390.640598589782,,,244736,43.3914801821655
2020,CE,23019,19ª Região Brejo Santo,99.4398860346151,100,99.4398860346151,79.4117647058823,76.6993464052288,79.281045751634,80.9150326797386,78.0065359477124,81.9607843137255,76.3398692810458,62.9411764705882,72.7450980392157,75.8021392822266,1.67112302780151,23.228609085083,75.1002655029297,,,,,,709.004089355469,162.268814086914,126.311515808105,4.94148254394531,356.5703125,55.1225852966309,83.7230758666992,395.933959960938,61.8736305236816,90.4412307739258,12503,2993,5763.77001953125,1379.74584960938,8,607,279.821502685547,3.68792748451233,229,194,,,0.894322454929352,1.05566930770874,1.14994192123413,1.0754919052124,28,0,12.9077463150024,0,2.44647884368896,23.9553101936983,904.731073790737,241.739806573361,,,,995.747019814085,266.058831114641,,,33673,106.965976784496
2020,CE,23003,3ª Região Maracanaú,100,77.9871046660892,97.0799631561888,63.0525937462561,65.712231939619,68.8391038696538,68.982868096322,64.8855876362765,67.0300706840781,59.3147238528813,57.4817299628609,59.9017611117767,70.3878555297852,1.58203625679016,21.4085216522217,76.7670288085938,,,,,,697.114624023438,123.447380065918,102.75178527832,6.015625,443.687438964844,63.5698509216309,83.8843231201172,495.934844970703,72.109748840332,90.6761627197266,26789,3077,4863.2822265625,558.599365234375,0,550,99.8471450805664,0,451,326,,,0.591821253299713,0.818746566772461,0.95599102973938,0.959122598171234,117,20,21.2402095794678,3.63080525398254,12.2392625808716,25.8053611984316,873.979587100271,332.436525346601,,,,961.901933562559,365.879639796469,,,56703,63.0018164199535
2020,CE,23012,12ª Região Acaraú,89.7835023057393,100,88.4881431458229,77.3376448396659,90.9727836162759,91.269199676637,95.0956615467529,89.1134465103746,93.5866343303692,81.9186203179736,75.6130423066559,90.1104823497709,79.5751190185547,0.435116469860077,13.6677761077881,85.8203201293945,,,,,,655.569152832031,162.821090698242,118.25952911377,2.54901957511902,400.6943359375,73.0264739990234,97.6173706054688,447.106048583984,82.8203277587891,104.991355895996,10252,1472,4392.74169921875,630.717468261719,0,266,113.974761962891,0,222,149,,,0.638430058956146,0.951217949390411,0.791931807994843,1.00381338596344,9,0,3.85628890991211,0,1.1945925951004,20.5538621159138,788.070251083784,247.737214243769,,,,867.350118342813,272.659577996693,,,35018,112.908275554984
2020,CE,23018,18ª Região Iguatú,95.7331403691059,95.7331403691059,95.7331403691059,79.5749378967706,73.0886006072316,77.7808446039194,76.4007728401877,76.7595914987579,83.7427546232404,77.3944245100745,84.0463704112614,77.3392216395252,80.5730667114258,0.315186232328415,20.6876792907715,78.9684829711914,,,,,,776.132446289062,204.277816772461,126.017539978027,6.11353731155396,341.337280273438,64.5188140869141,78.7489395141602,379.977935791016,73.0168228149414,84.7603988647461,13153,2292,4052.58837890625,706.191162109375,0,557,171.618011474609,0,313,214,,,0.659358263015747,0.964388489723206,0.953758656978607,1.07268965244293,74,6,22.8002395629883,1.84866797924042,2.95971751213074,22.9176887075106,755.708052329177,239.104183303647,,,,831.732282393492,263.158064143993,,,43003,97.2025213995649
2020,CE,23014,14ª Região Tauá,99.4637559570659,100,99.4637559570659,79.2963464140731,87.0771312584574,95.872801082544,92.8281461434371,92.5575101488498,84.573748308525,95.7374830852503,66.0351826792963,80.9201623815968,72.6330337524414,0.552868008613586,17.7608852386475,81.4789199829102,,,,,,751.808288574219,178.673156738281,124.294372558594,6.54420185089111,336.182220458984,53.8368072509766,78.7200393676758,371.985656738281,60.8947639465332,85.3120346069336,11707,1763,10104.9599609375,1521.74291992188,0,247,213.199371337891,0,138,79,,,0.6818927526474,1.19115436077118,0.891639471054077,1.3085435628891,26,10,22.4420394897461,8.63155364990234,1.4975745677948,19.8503908075653,762.969150831611,206.13090426314,,,,839.723847405271,226.867673232012,,,12590,69.2087535242633
2020,CE,23011,11ª Região Sobral,97.3131153127101,99.3203355958115,97.3131153127101,78.3542857142857,88.08,91.92,92.5942857142857,87.7142857142857,87.9428571428571,79.92,71.7942857142857,82.4114285714286,80.0196762084961,0.710460186004639,14.1654825210571,84.9273147583008,,,,,,779.020935058594,175.863632202148,128.38655090332,3.97805213928223,404.494506835938,61.8768310546875,87.7354354858398,452.987548828125,71.102897644043,95.1710586547852,32643,4330,4983.2607421875,661.015197753906,130,1512,230.821014404297,19.8457221984863,901,638,,,0.973967015743256,1.37546122074127,1.4991534948349,1.4441579580307,165,18,25.1888008117676,2.74786925315857,4.44895315170288,22.008548773683,987.807982725964,285.622696247724,,,,1087.1814657882,314.356339490246,,,83701,82.4394383175102
2020,CE,23020,20ª Região Crato,99.5105003265241,89.6606441116827,99.5105003265241,85.4076408034659,100,100,100,100,100,100,75.3052382827885,100,76.8186416625977,0.587639331817627,21.6210746765137,77.6494445800781,,,,,,760.274108886719,172.815490722656,135.172515869141,6.2265567779541,381.130828857422,62.2136039733887,90.9159240722656,425.126159667969,70.9177627563477,98.5336761474609,20665,2806,5893.12255859375,800.198486328125,41,622,177.378280639648,11.6921377182007,320,282,,,0.804190933704376,0.912557065486908,0.92353630065918,0.9338738322258,228,4,65.0196914672852,1.14069628715515,5.81755113601685,22.1390748164758,880.38390090281,238.29686917842,,,,968.950521333633,262.269534217769,,,50112,104.012674374542
2020,CE,23010,10ª Região Limoeiro do Norte,99.6087585336797,100,99.6087585336797,79.7090909090909,93.3818181818182,96.0727272727273,96.9818181818182,95.4909090909091,100,84.1090909090909,56.3272727272727,96.9818181818182,78.7104187011719,1.0301411151886,16.2914924621582,82.5639038085938,,,,,,765.004333496094,179.640197753906,121.804817199707,5.0400915145874,374.5458984375,50.7174034118652,78.6217575073242,418.2353515625,58.0789909362793,84.5416717529297,13414,1993,5877.30126953125,873.226623535156,0,541,237.03742980957,0,268,164,,,0.718560755252838,1.17423343658447,1.09492886066437,1.23480725288391,25,0,10.953670501709,0,5.23892164230347,25.4532345986893,987.165236393369,345.511250346183,,,,1086.47405917454,380.269682131009,,,28667,78.6580207103236
2020,CE,23006,6ª Região Itapipoca,100,97.0322005244732,100,67.6025917926566,70.1943844492441,77.0410367170626,75.8963282937365,74.14686825054,79.6544276457883,63.9308855291577,65.7019438444924,71.1231101511879,69.6885681152344,1.81313991546631,27.1331062316895,70.9897613525391,,,,,,624.903015136719,153.832443237305,140.627944946289,3.0110936164856,353.743255615234,65.1654815673828,97.9995574951172,394.091186523438,73.8595962524414,107.315139770508,13710,1192,4525.8427734375,393.494140625,0,310,102.334884643555,0,295,154,,,0.508373320102692,0.973831951618195,0.820494711399078,1.06626343727112,14,0,4.62157535552979,0,1.75718903541565,24.6582239217295,695.723175924817,246.462714448305,,,,765.712927422853,271.256863521804,,,51358,135.497093271976
2020,CE,23002,2ª Região Caucaia,85.3445852269898,82.7340302310301,83.4167907684349,70.0655420651123,75.1047598581713,77.253680025787,80.6704630922961,72.3971204469754,75.8461373159987,65.671000322338,62.2434726549909,68.1100247125819,66.2189636230469,1.97516930103302,26.7945823669434,70.7449188232422,,,,,,709.094543457031,132.29850769043,108.099502563477,6.87022924423218,437.8955078125,63.9616889953613,85.8029174804688,489.510711669922,72.2581329345703,93.0363388061523,27223,3010,4334.009765625,479.203979492188,0,434,69.0945281982422,0,441,447,,,0.711641788482666,0.702089548110962,0.796059727668762,0.79000997543335,83,6,13.2139301300049,0.955223858356476,10.035740852356,24.820053544024,725.332001532597,311.852681112273,,,,798.300400886776,343.225060832168,,,70719,70.4365829696318
2020,CE,23001,1ª Região Fortaleza,70.8426442105145,45.5766924737374,60.5688560265323,50.5632418537839,100,99.2338902749427,100,94.0651697285855,98.447619767647,92.8101610342481,45.0013860537789,93.52082860815,64.4445037841797,3.79085326194763,28.0331058502197,67.4274749755859,,,,,,781.55126953125,137.577362060547,107.754364013672,3.16274499893188,435.575866699219,59.3022766113281,79.0858535766602,490.531524658203,67.998664855957,85.8094863891602,134809,20019,4713.2568359375,699.913879394531,448,6408,224.039566040039,15.6631908416748,5531,7517,,,2.62812972068787,1.93377482891083,2.91300392150879,2.32337927818298,3627,479,126.80891418457,16.7470283508301,32.6246070861816,28.1455128119955,1025.51157313554,453.140778949539,,,,1128.67803739298,498.726741311863,,,236440,55.6281566325398
2020,CE,23007,7ª Região Aracati,100,96.7757685961545,100,78.7564766839378,77.3316062176166,86.0103626943005,86.0103626943005,79.9870466321243,78.4974093264249,65.9974093264249,77.6554404145078,76.4896373056995,79.986701965332,0.797872364521027,17.819149017334,81.25,,,,,,617.407897949219,150.587295532227,102.064720153809,2.43902444839478,317.226745605469,58.8086967468262,70.7419815063477,354.70703125,67.6985549926758,76.2412261962891,5211,687,4359.501953125,574.741516113281,0,168,140.548141479492,0,205,149,,,1.24652814865112,1.71502196788788,1.20030617713928,1.67842090129852,14,0,11.712345123291,0,4.10935974121094,22.5007472206594,945.808396891942,319.129085766239,,,,1040.95672161927,351.233471794323,,,13375,69.2369770404578
2020,CE,23004,4ª Região Baturité,100,99.0488598420936,100,44.6476600322754,63.905325443787,68.1011296395912,67.3480365788058,65.1425497579344,64.1204948897257,56.750941366326,40.6132329209252,58.9026358257127,65.2370223999023,0.902934551239014,25.6207675933838,72.9683990478516,,,,,,759.870849609375,189.435592651367,114.228958129883,7.46965456008911,383.473846435547,66.0581665039062,77.2507019042969,428.267242431641,73.9688034057617,84.155647277832,7045,1023,4998.40380859375,725.815063476562,0,194,137.642349243164,0,164,120,,,0.851395905017853,1.16357445716858,1.09280216693878,1.13395297527313,2,0,1.4189932346344,0,1.39345133304596,26.661124480641,962.363919822302,339.682535685554,,,,1059.17773015643,373.854598775521,,,23906,124.993809441981
2020,CE,23015,15ª Região Crateús,98.1920436578092,94.9050322563429,96.160594557451,100,87.6685934489403,93.8618221855216,95.0178915496835,91.96256537297,96.504266446463,76.0803743462703,100,90.5862923203964,45.5826568603516,0.867208659648895,23.1707324981689,75.420051574707,,,,,,878.423645019531,214.607284545898,177.284286499023,3.75569033622742,385.747833251953,65.8577423095703,96.141960144043,428.026733398438,74.1918411254883,103.333648681641,14115,2314,4703.69873046875,771.119995117188,2,476,158.622787475586,0.666482269763947,279,164,,,0.546515464782715,0.929742753505707,0.7724529504776,1.10586071014404,45,10,14.9958515167236,3.33241128921509,1.9824515581131,22.844010352902,812.018759748621,257.489310841734,,,,893.707846979332,283.392735512412,,,45271,109.06309185592
2020,CE,23017,17ª Região Icó,100,98.8542955247003,96.579072106547,87.2925557136084,83.3570412517781,86.9132290184922,86.8658131816027,82.5035561877667,88.4779516358464,85.8226647700332,73.5419630156472,85.7752489331437,76.5935211181641,0.783699035644531,21.264368057251,77.9519348144531,,,,,,811.44921875,209.648452758789,144.963531494141,5.33807849884033,354.757507324219,60.9087257385254,82.5303268432617,397.582122802734,69.9859313964844,89.3457717895508,8860,1835,5117.0390625,1059.79309082031,0,260,150.161422729492,0,156,104,,,0.60064572095871,0.900968551635742,0.755427479743958,0.936920642852783,16,0,9.24070262908936,0,1.54377496242523,24.7446543226445,870.453046637456,260.930476201487,,,,958.020623129184,287.180082107356,,,29157,138.259608579993
2020,CE,23008,8ª Região Quixadá,96.9048398997058,100,96.9048398997058,39.647677876916,78.1514527568062,81.3086250285976,80.5994051704415,78.6547700754976,79.5927705330588,82.2923816060398,36.2159688858385,79.20384351407,44.1618232727051,0.920542657375336,15.9883718490601,82.9215087890625,,,,,,749.279357910156,156.315704345703,114.875282287598,8.2147216796875,376,51.8228912353516,80.3914031982422,418.416809082031,58.9783058166504,86.9287338256836,18313,2998,5580.13525390625,913.517517089844,30,708,215.733947753906,9.14126873016357,414,176,,,0.536287784576416,1.2614951133728,1.05375981330872,1.53626644611359,79,24,24.0720081329346,7.31301546096802,2.09335064888,25.9177496778279,827.846620611746,262.692366037124,,,,911.127990645287,289.119218060458,,,47878,103.235003609582
2020,CE,23021,21ª Região Juazeiro do Norte,83.4389934880428,83.8116376780541,80.3297435276362,88.8479670005893,85.4596346493813,87.0506776664702,90.4095462581025,83.6181496758986,87.713612256924,83.2056570418385,90.6010606953447,80.4213317619328,75.3294830322266,0.65156227350235,30.0459060668945,69.287727355957,,,,,,798.464660644531,171.314544677734,133.579040527344,2.60945200920105,446.645050048828,71.5434646606445,98.0901184082031,500.055816650391,82.1506652832031,106.743606567383,23491,3356,5438.310546875,776.9345703125,101,1182,273.640258789062,23.3821201324463,525,824,,,1.90761053562164,1.21540725231171,1.63368093967438,1.19063603878021,256,26,59.2655715942383,6.0191593170166,11.4264478683472,23.3637679686084,960.170520793546,222.821540231598,,,,1056.76367518538,245.237387178897,,,44814,63.6929578098594
2020,CE,23016,16ª Região Camocim,94.6357019679448,95.3648052343274,94.6357019679448,74.0851063829787,63.5744680851064,64.5531914893617,66.4255319148936,63.3617021276596,67.0212765957447,58.2553191489362,73.2340425531915,62.1276595744681,68.2650375366211,0.392327815294266,27.0706195831299,72.4498672485352,,,,,,729.512084960938,202.747512817383,102.321174621582,3.46320343017578,391.562957763672,93.6924819946289,73.4233093261719,437.868774414062,105.93187713623,79.961181640625,7115,1245,4493.9208984375,786.357177734375,0,179,113.058578491211,0,166,119,,,0.751618504524231,1.04847621917725,0.771198511123657,1.04231798648834,1,0,0.631612181663513,0,1.12553286552429,21.2340508782107,757.513301189389,216.348987307263,,,,833.719139289042,238.113695430374,,,22881,100.35547818222
2020,CE,23022,22ª Região Cascavel,99.033465101542,90.3391774042669,98.483357977006,71.1857018308631,81.2990409764603,85.6146469049695,86.333914559721,81.2554489973845,83.435047951177,70.640802092415,60.9851787271142,79.359197907585,75.6113815307617,1.42285454273224,18.0524673461914,80.4357528686523,,,,,,764.097595214844,168.173156738281,100.067504882812,3.94839715957642,444.448547363281,69.7306976318359,79.5005416870117,498.235687255859,79.8690643310547,85.6402359008789,14532,1821,4340.8388671875,543.949035644531,0,271,80.9501342773438,0,288,236,,,0.704953193664551,0.860281884670258,0.910987734794617,0.925997853279114,20,0,5.97417974472046,0,4.96902370452881,29.8920465397148,807.835036633574,354.063293762636,,,,889.103241318911,389.682061115157,,,43410,82.8062188330038
2020,CE,23005,5ª Região Canindé,92.0333561360067,100,88.189018104038,67.1269658611431,66.8968162639049,65.861143076333,71.5381664748753,66.4748753356348,76.9850402761795,64.7487533563483,63.2911392405063,68.4695051783659,56.3122253417969,1.39386701583862,28.1959381103516,70.2907180786133,,,,,,753.278503417969,187.960006713867,123.228881835938,3.56460857391357,380.845977783203,60.2215614318848,86.3011474609375,427.023956298828,69.7871475219727,94.0903549194336,10013,1252,4801.1318359375,600.321228027344,0,269,128.982757568359,0,176,116,,,0.556208193302155,0.843902111053467,0.667329967021942,0.920140981674194,26,0,12.4667358398438,0,1.46388244628906,23.6011432122328,718.611326441145,222.402899873782,,,,790.903625881124,244.776631601085,,,34859,138.182413200355
2020,CE,23013,13ª Região Tianguá,100,96.1089397141236,100,79.0989226248776,87.0714985308521,88.2468168462292,89.2066601371205,87.7375122428991,92.203721841332,77.9040156709109,74.3192948090108,84.8383937316356,74.1090316772461,1.05952608585358,19.0714702606201,79.7919464111328,,,,,,752.76708984375,221.802978515625,120.814476013184,2.79835391044617,411.649993896484,84.6802978515625,87.5419082641602,457.925323486328,96.0095062255859,95.0634536743164,16863,2504,5223.83203125,775.69091796875,0,413,127.939430236816,0,306,187,,,0.57928991317749,0.947928965091705,0.858170032501221,1.05588757991791,38,10,11.7716665267944,3.09780716896057,1.71680462360382,28.2963044235038,768.659986971618,277.137792748989,,,,845.987181660963,305.017854699537,,,48833,109.138552773312
2020,CE,23009,9ª Região Russas,90.2928920168672,92.0064369688631,90.2928920168672,35.5848434925865,81.507413509061,83.7314662273476,84.2668863261944,84.7611202635914,91.6392092257002,87.9324546952224,37.1911037891269,86.6968698517298,78.0697937011719,1.07712197303772,14.2610940933228,84.5756149291992,,,,,,753.874572753906,183.642456054688,121.273323059082,2.6263952255249,352.706634521484,55.9518241882324,75.5144805908203,393.81494140625,63.7819519042969,82.2015609741211,12047,2482,5963.1826171875,1228.57299804688,0,311,153.94287109375,0,182,92,,,0.455393701791763,0.900887548923492,0.951005578041077,1.03107070922852,151,0,74.7439651489258,0,2.88630509376526,20.3450204206317,829.372320785549,208.927408325345,,,,912.807176256575,229.945505602875,,,28682,89.076268304104
2020,DF,53001,Distrito Federal,58.7221434379962,15.9803374028445,54.005149790997,91.1326512295818,81.5876862322743,82.9855501705259,85.6331897325435,81.4934482139652,82.1755519655358,88.7161191886555,86.0505295279124,78.7942021181117,70.7502365112305,1.16358828544617,24.1609706878662,73.6464996337891,,,,,,530.841552734375,97.7039108276367,85.953254699707,2.12726593017578,317.747222900391,47.9217987060547,64.4264144897461,357.716247558594,54.7385368347168,70.0423202514648,164429,19763,5382.02880859375,646.875183105469,428,5202,170.269927978516,14.0091371536255,6663,11088,,,3.62928295135498,2.18090844154358,4.32691669464111,2.2457332611084,4710,1350,154.165969848633,44.1876983642578,30.150411605835,,,,,,,,,,,83939,18.7958340317935
2020,ES,32002,Metropolitana,70.7263005577281,40.2225931911101,49.4236839226491,91.1357667679778,82.5548112957007,86.0603735725457,87.8603676709257,82.8587447254271,89.6042963793561,87.5151229012364,68.2404319985836,85.3049662132255,70.1579208374023,1.61568570137024,29.7193279266357,68.4924697875977,,,,,,712.361083984375,154.150985717773,126.973701477051,1.02311253547668,383.879638671875,65.9411392211914,85.7969360351562,430.711547851562,75.4331130981445,93.4300994873047,110014,14921,4830.181640625,655.108764648438,357,3444,151.209350585938,15.6741390228271,3629,6237,,,2.73836445808411,1.59331798553467,2.48135471343994,1.74737012386322,2123,498,93.2106399536133,21.8647651672363,35.721363067627,20.6622616126632,598.73562843355,391.10940693696,,,,658.968432653965,430.455013274818,,,97893,31.3088939633489
2020,ES,32003,Norte,91.9860457230187,84.9234349632678,84.2789090208083,,,,,,,,,,78.4824676513672,0.475254029035568,21.6814155578613,77.7941665649414,,,,,,703.82177734375,181.133987426758,122.90412902832,1.47154998779297,399.122406005859,76.4658279418945,84.266960144043,443.952758789062,86.1704177856445,91.481559753418,30474,5991,7013.82080078125,1378.87377929688,30,592,136.253265380859,6.90472650527954,428,567,,,1.3049932718277,0.985074281692505,1.31431472301483,1.08628606796265,204,39,46.9521369934082,8.9761438369751,13.1007976531982,20.3513936996238,651.334390557172,318.856341717203,,,,716.858630247224,350.933289693953,,,31233,46.0369592386389
2020,ES,32001,Central,89.4133054271819,86.7736637712018,84.0131929153863,,,,,,,,,,81.3349838256836,0.258455991744995,20.8450393676758,78.86279296875,,,,,,651.348571777344,138.454513549805,117.395080566406,1.42169225215912,360.716918945312,58.0033798217773,81.1521377563477,402.487274169922,65.9404373168945,87.650505065918,37094,4784,5540.271484375,714.526794433594,94,948,141.591018676758,14.0396156311035,835,1351,,,2.01782131195068,1.24713611602783,1.82089340686798,1.32420456409454,540,56,80.6531143188477,8.36402606964111,24.0522518157959,23.0509433533755,991.126489132933,439.262437090179,,,,1090.83381393971,483.452238261451,,,29902,26.1238793686355
2020,ES,32004,Sul,90.7751548141714,87.2284760740394,86.5263372124748,90.7683741648107,84.9665924276169,85.6236080178174,87.9955456570156,85.1559020044543,92.1714922048998,92.5501113585746,80.9576837416481,85.8574610244989,74.5332260131836,0.487069457769394,33.793342590332,65.6732025146484,,,,,,781.657592773438,180.833419799805,157.240081787109,1.38732659816742,372.850036621094,69.8578186035156,95.7787399291992,417.440399169922,78.9850769042969,104.670639038086,45429,7561,6657.2783203125,1108.00769042969,115,1182,173.21321105957,16.8523845672607,951,1239,,,1.8156613111496,1.39361894130707,1.7019077539444,1.49832355976105,456,47,66.823371887207,6.88749647140503,16.69748878479,20.7284744478629,928.90870175837,393.647492165275,,,,1022.35691715526,433.248429877101,,,37236,32.5036487356315
2020,GO,52001,Central,66.8414687561979,44.2417093729051,54.1486496316178,86.3196615780762,78.289497884863,78.9736987309178,82.7625528784256,75.7292624609159,69.2403899209123,75.75133345595,77.0020231745448,78.3557108699651,71.512321472168,1.43575012683868,27.2752647399902,69.6578140258789,,,,,,743.232849121094,145.102951049805,118.293251037598,1.16763973236084,410.627593994141,62.0631141662598,83.9187698364258,461.982513427734,71.3216857910156,91.3161926269531,94249,13068,4868.56787109375,675.04638671875,509,4482,231.524169921875,26.2931289672852,2863,6215,,,3.21044778823853,1.47892391681671,3.56052350997925,1.61047995090485,3901,518,201.511779785156,26.75803565979,31.2351512908936,19.9562753121909,1017.12243071019,401.037584381998,,,,1119.44494723963,441.381965370827,,,52999,17.5096056671249
2020,GO,52011,Pirineus,76.3696510061197,56.12056953716,65.2249993771047,73.9982414269564,81.2083909056651,84.5496796884813,83.7708830548926,79.5754302223339,81.6103504584851,84.4240673282251,68.3456852154252,82.5650043964326,76.6894683837891,0.191518470644951,29.5896034240723,70.1231155395508,,,,,,731.335144042969,164.138641357422,136.119583129883,0.362412631511688,411.975036621094,70.4797592163086,97.8529205322266,460.9423828125,80.2251663208008,105.935806274414,25545,3053,4836.12646484375,577.987609863281,81,724,137.066177368164,15.3347520828247,622,1069,,,2.02380871772766,1.17755746841431,1.94940674304962,1.16387927532196,457,41,86.5182952880859,7.76203489303589,17.0647392272949,23.3131175674345,981.883299716151,405.321848408359,,,,1080.6607596676,446.09722635824,,,19571,23.1400872876799
2020,GO,52015,Sudoeste I,67.7713386798802,53.2259308949536,53.3305186093263,93.5348310974624,89.8820106675287,89.6395668336835,92.3549377727493,85.4048812025214,87.0858251171812,85.3725553580087,84.6452238564733,88.298044286407,78.2961120605469,0.694789111614227,27.2291145324707,71.9933853149414,,,,,,657.47509765625,141.895034790039,123.579208374023,0.832532823085785,405.135986328125,70.9741287231445,97.5240173339844,451.111755371094,79.9682846069336,105.533126831055,23257,4030,4896.220703125,848.4228515625,32,880,185.263549804688,6.73685646057129,496,517,,,1.088423371315,1.04421269893646,1.78768801689148,1.16579186916351,445,83,93.6844100952148,17.4737205505371,22.3265724182129,23.2935458904065,1041.5206949725,598.524033120872,,,,1146.29767688674,658.735550852831,,,15689,22.6241457405173
2020,GO,52010,Oeste II,100,99.4498007899412,100,84.5099383139136,77.1761480466073,78.54694996573,81.4256339958876,76.8334475668266,77.3132282385195,75.53118574366,67.4434544208362,79.9862919808088,82.7631607055664,0.394736856222153,19.6710529327393,79.4078979492188,,,,,,801.342407226562,186.637451171875,142.974548339844,0.534188032150269,384.226806640625,60.6581039428711,91.8450088500977,425.445526123047,67.3743286132812,98.3582916259766,6546,1148,5604.26025390625,982.843078613281,0,191,163.52180480957,0,139,123,,,1.05304610729218,1.19002771377563,1.80323445796967,1.41240882873535,102,9,87.3257751464844,7.70521545410156,8.60158920288086,21.1426396204619,1180.72338510495,549.249568723158,,,,1299.50415764651,604.504075336708,,,5070,25.3194629961303
2020,GO,52003,Entorno Norte,79.8927066510739,80.8371851274341,78.7789348629132,86.4991377186499,64.9174673564917,65.1145602365115,68.3665927568367,63.3160877063316,60.4336043360434,61.6407982261641,54.8164572554816,56.0975609756098,67.3317337036133,0.824687421321869,31.6307525634766,67.3317337036133,,,,,,525.215881347656,120.781349182129,99.9191131591797,4.59930324554443,385.917755126953,81.7496032714844,85.7529754638672,427.781555175781,92.0619659423828,92.936393737793,12252,1595,4484.28173828125,583.776489257812,0,196,71.7368011474609,0,222,323,,,1.18219316005707,0.812529027462006,1.06077134609222,0.872187733650208,102,0,37.3324165344238,0,5.46334266662598,20.0373556188082,646.244060292179,232.937466354811,,,,711.256212757573,256.370975470104,,,19047,44.7868400591463
2020,GO,52017,Sul,87.832243922824,86.7819943702839,83.6217840049832,83.4072759538598,84.2650103519669,84.1171251109139,87.7255249926057,80.4495711328009,68.7370600414079,82.3425022182786,74.5933155871044,81.9284235433304,76.1504974365234,0.746268630027771,27.3631839752197,71.7039794921875,,,,,,834.737609863281,218.947570800781,154.045257568359,1.49882900714874,418.380004882812,87.0012817382812,99.8238906860352,467.09375,99.2651748657227,108.566307067871,14847,2602,5804.84716796875,1017.32421875,10,451,176.330993652344,3.90977787971497,262,378,,,1.4778960943222,1.02436184883118,1.60730969905853,1.12425661087036,179,9,69.9850234985352,3.51880025863647,19.1125583648682,20.410331785078,927.918901180348,474.317362588408,,,,1021.26754263909,522.033689264802,,,9748,24.1174818074122
2020,GO,52004,Entorno Sul,64.7276203662497,52.7339058387864,52.1986517002093,70.3113857855954,85.6984391094208,90.7693526661913,91.7201489580857,83.3214483796847,83.4086047064417,74.2175738847952,51.7312415814912,83.4799144283337,60.0031280517578,1.8528653383255,38.5583610534668,58.6897048950195,,,,,,476.640014648438,106.039741516113,89.8751449584961,2.9391815662384,420.235900878906,90.4118957519531,90.5816955566406,472.388549804688,103.426986694336,99.141227722168,44268,4527,4770.4951171875,487.847473144531,0,421,45.3686294555664,0,648,796,,,0.857801139354706,0.698310494422913,0.702809631824493,0.679101526737213,219,5,23.6003074645996,0.538819789886475,6.69462060928345,20.6815951879669,446.986785409352,182.81692554682,,,,491.953656021533,201.20830825683,,,57983,46.2302620621281
2020,GO,52014,Serra da Mesa,96.1378242353852,93.9117305458769,94.1385985288424,70.8385481852315,79.09887359199,79.9749687108886,82.6032540675845,80.1001251564456,74.9061326658323,78.0976220275344,58.6357947434293,76.4705882352941,82.0618591308594,0.618556678295135,19.3814430236816,79.793815612793,,,,,,704.908203125,181.613906860352,106.197959899902,3.38427948951721,374.044036865234,80.6669158935547,70.0812072753906,418.513793945312,89.0106887817383,75.9155578613281,5004,883,3850.83032226562,679.513000488281,0,220,169.30110168457,0,113,110,,,0.846505463123322,0.869592010974884,1.10853743553162,0.882866740226746,150,0,115.432563781738,0,8.22957229614258,22.8081455181954,959.328038869531,479.875046689895,,,,1055.83643957981,528.150476386899,,,6666,28.9548527126653
2020,GO,52007,Nordeste II,90.4367132633906,86.4116710976435,81.574759631419,81.8387339864356,98.2667671439337,100,100,99.7739261492087,95.8553127354936,82.4415975885456,65.1846269781462,99.6232102486812,70.8151397705078,0.363901019096375,28.3842792510986,71.1062622070312,,,,,,564.081787109375,134.889114379883,105.647422790527,5.18394660949707,361.796722412109,73.512825012207,85.2270355224609,403.114593505859,82.5325546264648,92.5656051635742,5102,1063,4812.6171875,1002.70721435547,0,171,161.300979614258,0,110,71,,,0.669729173183441,1.03760862350464,0.827257037162781,1.16660225391388,16,0,15.0924882888794,0,3.10244965553284,18.9142253030244,899.989286946247,341.766947199909,,,,990.528209213039,376.148702088219,,,11438,75.3076359559677
2020,GO,52012,Rio Vermelho,92.6100613152164,95.2633744442995,92.6100613152164,70.46904315197,74.3714821763602,79.5497185741088,80.1500938086304,75.1219512195122,78.9868667917448,63.7898686679174,53.1332082551595,78.9868667917448,79.0163955688477,0.778688549995422,21.4754104614258,77.3770523071289,,,,,,808.070678710938,218.28923034668,136.180435180664,2.47831463813782,405.66748046875,83.0538864135742,88.2345657348633,451.558380126953,93.9219436645508,94.7543869018555,11641,2474,5828.22216796875,1238.64123535156,10,415,207.775299072266,5.00663375854492,189,152,,,0.761008322238922,0.946253776550293,1.18807423114777,1.03261816501617,134,0,67.0888900756836,0,4.75129556655884,22.4464811677236,1020.18079930556,484.51179851278,,,,1122.8109877157,533.253685443166,,,13675,45.9707618444439
2020,GO,52009,Oeste I,94.3546829174057,97.8187948929594,94.3546829174057,88.0673499267936,89.2386530014641,87.5549048316252,91.8740849194729,87.0424597364568,89.1654465592972,84.5534407027818,69.7657393850659,86.7496339677892,78.6088256835938,1.12191474437714,21.1667919158936,77.4121170043945,,,,,,891.223266601562,238.422012329102,171.55827331543,3.55380058288574,394.736145019531,78.6476974487305,98.1850891113281,442.409942626953,89.4445495605469,106.691833496094,4509,864,3966.95532226562,760.135131835938,0,270,237.542236328125,0,128,116,,,1.02055180072784,1.12612617015839,1.38126409053802,1.29196584224701,82,0,72.1424560546875,0,4.91800403594971,23.0177634536788,1152.74778103651,554.84048664407,,,,1268.71420780878,610.657439600464,,,7540,47.9294819661458
2020,GO,52005,Estrada de Ferro,62.6591424133629,53.3824128536144,54.9486924859318,95.5339321357285,91.1676646706587,88.9471057884232,93.2884231536926,84.8303393213573,90.4940119760479,83.7574850299401,90.6686626746507,89.3962075848303,79.6627502441406,0.562084794044495,18.4466018676758,80.7358169555664,,,,,,695.216491699219,161.904022216797,119.627342224121,1.71171176433563,371.130340576172,64.0341873168945,85.5197067260742,415.438446044922,73.8588562011719,92.2789840698242,13465,2010,4216.70703125,629.452758789062,25,598,187.27001953125,7.82901430130005,307,471,,,1.47498631477356,0.961402952671051,1.58952474594116,1.08431851863861,289,19,90.5034027099609,5.95005083084106,18.0245838165283,20.3842705137612,1039.67376171288,517.288151974639,,,,1144.2649421412,569.327340063288,,,10618,21.4232164822673
2020,GO,52002,Centro Sul,63.455790929637,45.7383782135058,57.7241696303184,64.290007513148,73.4936138241923,75.6649135987979,78.2569496619083,73.0503380916604,73.8692712246431,73.4335086401202,56.9797145003757,71.5852742299023,69.9062805175781,1.04749155044556,30.5662746429443,67.7089080810547,,,,,,637.322937011719,133.850296020508,108.993865966797,1.58289813995361,432.814056396484,73.5810623168945,90.4908599853516,485.635772705078,83.6284866333008,97.845703125,51638,7938,5370.44384765625,825.566162109375,61,1222,127.090179443359,6.34410858154297,1011,1589,,,1.65258824825287,1.05145800113678,1.48584747314453,1.07683444023132,427,68,44.4087600708008,7.07212114334106,15.0255537033081,23.2249005536647,978.050295683836,372.937697809192,,,,1076.44215542963,410.455230208797,,,30630,19.6432150203531
2020,GO,52016,Sudoeste II,89.2838266952557,52.2011146298389,81.3181335751086,90.6454364515212,79.8123400625533,79.8123400625533,83.4518055160648,75.8601080466307,80.2104065965311,76.1444412851862,85.9823713392095,78.3906738697754,82.3422317504883,0.394417464733124,16.1711158752441,83.4041290283203,,,,,,680.819702148438,155.482772827148,134.299835205078,1.43123829364777,388.441467285156,64.8379974365234,97.5468826293945,431.530670166016,73.5650024414062,105.113479614258,10653,1486,4513.2373046875,629.557006835938,17,492,208.440124511719,7.20219945907593,257,340,,,1.4404399394989,1.08880317211151,1.83380711078644,1.1801016330719,163,13,69.0563812255859,5.50756454467773,18.6159915924072,23.5328835134207,1072.76540844695,651.992036584265,,,,1180.68560853672,717.582435464643,,,8347,24.0955065484941
2020,GO,52018,São Patrício II,93.4647717626441,77.9095813138366,84.8862236096279,88.4026258205689,79.8249452954048,79.4748358862144,82.3194748358862,76.0175054704595,74.8796498905908,67.4398249452954,42.0131291028446,74.5733041575492,71.0885848999023,0.969590127468109,34.4204483032227,64.1692352294922,,,,,,675.099548339844,158.656494140625,108.46923828125,4.39648294448853,397.834594726562,78.8910369873047,80.1147613525391,445.469757080078,88.8686599731445,86.5044097900391,8514,1651,4594.5625,890.958740234375,5,301,162.434020996094,2.69823956489563,205,241,,,1.30055153369904,1.10627830028534,1.73793613910675,1.16509985923767,101,5,54.5044403076172,2.69823956489563,12.2591819763184,18.1728187205571,812.9948954243,306.283903064158,,,,894.782181903984,337.096063712413,,,9430,33.7805194564666
2020,GO,52008,Norte,81.5007434862547,86.4048227719219,79.303247167061,73.5574229691877,80.2801120448179,81.9047619047619,85.3781512605042,79.3837535014006,80.3921568627451,78.4313725490196,67.0588235294118,83.0812324929972,75.5542221069336,0.778909504413605,25.8238468170166,73.2774124145508,,,,,,736.346740722656,193.079956054688,132.145980834961,4.68594217300415,362.599426269531,76.7580108642578,80.9579696655273,405.297149658203,86.9040145874023,89.0016174316406,6986,1376,5128.732421875,1010.18255615234,0,335,245.938339233398,0,131,109,,,0.80021733045578,0.961729049682617,1.25134897232056,1.15260660648346,137,0,100.577774047852,0,4.36962699890137,21.7870081908908,1136.28872398714,500.121980237183,,,,1250.59936962024,550.434251449044,,,10460,49.4317368900178
2020,GO,52006,Nordeste I,93.4142561983471,95.8483987603306,93.4142561983471,76.1127596439169,81.0089020771513,81.8991097922849,89.1691394658754,76.1127596439169,81.3056379821958,80.7121661721068,54.3026706231454,83.6795252225519,65.5683670043945,1.81219112873077,30.8072490692139,67.0510711669922,,,,,,602.474243164062,162.946762084961,100.769706726074,7.82918167114258,367.739196777344,75.3049545288086,77.1035919189453,407.206939697266,85.1582641601562,82.6315002441406,1607,286,3445.46655273438,613.194396972656,0,104,222.979782104492,0,42,35,,,0.750412702560425,0.900495290756226,0.931583821773529,0.981968641281128,20,0,42.8807258605957,0,3.32325625419617,25.8760332794753,853.817397555096,472.735213929063,,,,939.711427749139,520.292376450327,,,5222,75.0906950279797
2020,GO,52013,São Patrício I,87.1127379561956,88.8321633694959,87.1127379561956,68.0771039022097,78.7023977433004,79.8307475317348,81.5702867889046,75.1763046544429,75.9755524212506,72.8255759285378,52.9384109073813,76.3986835919135,79.1875610351562,0.60180538892746,24.6740226745605,74.5737228393555,,,,,,799.711364746094,211.652938842773,141.903671264648,1.35338342189789,395.605255126953,77.9913482666016,84.4282455444336,439.815673828125,88.3396148681641,91.8209609985352,8890,1792,5345.439453125,1077.505859375,4,606,364.379760742188,2.40514707565308,259,238,,,1.43106245994568,1.55733263492584,1.87962245941162,1.67999517917633,234,5,140.701095581055,3.00643372535706,7.09217739105225,22.7443671240567,1184.67520336901,513.158949982541,,,,1303.85352882794,564.782740350784,,,11016,40.7941086020083
2020,MA,21001,Açailândia,91.0785856466537,95.6255379814934,91.0785856466537,82.2124450031427,71.4854389272994,73.6643620364551,78.7135973182485,66.7295202178923,78.7554996857322,58.4957050073329,79.8030588728263,71.0873664362037,45.9772834777832,1.15948891639709,53.5257911682129,45.2200660705566,,,,,,584.075500488281,136.762405395508,93.7322769165039,8.16676139831543,464.433746337891,95.4723281860352,86.7469177246094,520.228271484375,108.868453979492,93.1791458129883,16910,3428,5640.615234375,1143.46704101562,0,491,163.781311035156,0,213,159,,,0.530371248722076,0.710497319698334,0.64311683177948,0.814570188522339,115,0,38.3601837158203,0,4.86040210723877,24.5620285088193,755.384523348397,256.640927244728,,,,831.376206397245,282.459004525547,,,30757,73.6600055091898
2020,MA,21005,Caxias,98.5013450305778,100,98.5013450305778,92.2935027669604,76.5525722484116,77.2904283664685,81.6560770649723,72.883787661406,78.0282844845255,62.4718179954909,87.8253740520598,77.2084443533511,59.4009628295898,1.53038918972015,39.1779632568359,59.160472869873,,,,,,653.379943847656,194.907669067383,111.282844543457,6.27490043640137,431.211669921875,115.362884521484,94.5442962646484,480.559600830078,129.613815307617,101.377029418945,16149,2424,5254.69775390625,788.741577148438,31,646,210.200927734375,10.0870418548584,415,328,,,1.06727409362793,1.35036194324493,0.916944622993469,1.2710485458374,66,6,21.4756374359131,1.95233058929443,6.27023506164551,19.8589777712711,756.023355320143,180.89942309138,,,,832.07930486535,199.097905054373,,,41960,101.523469571301
2020,MA,21006,Chapadinha,97.6194881119768,100,96.6217716273218,63.8990978950885,58.6201135983963,58.4029401937855,64.5506181089208,56.0808553291012,61.760775141998,34.5305713331106,56.2813230872035,50.5679919812897,47.6108016967773,2.07756233215332,55.8517990112305,41.984073638916,,,,,,529.913879394531,151.628829956055,109.917785644531,10.8910894393921,357.707916259766,86.4542083740234,94.4538421630859,399.437316894531,97.4050979614258,102.620872497559,17136,4136,4495.3486328125,1085.01184082031,10,528,138.512145996094,2.62333607673645,263,145,,,0.380383729934692,0.6899374127388,0.506566226482391,0.727254390716553,64,0,16.7893505096436,0,0.880391597747803,22.1354709589864,614.282157090177,186.430908280209,,,,676.078942093449,205.185857653198,,,65373,196.994378530617
2020,MA,21016,São Luís,54.0611813620821,47.4715150148561,46.5623466100565,25.0164798945287,44.0389867219136,44.6040116771824,47.3820510405876,42.0990677088238,47.5798097749317,40.1308974479706,21.19785290517,38.9066767115548,55.7114028930664,1.62409567832947,50.1402626037598,47.5909233093262,,,,,,662.439697265625,161.565658569336,142.453552246094,1.59711492061615,432.987091064453,90.5123596191406,119.111701965332,483.978485107422,103.380722045898,129.077606201172,71204,6148,4860.2119140625,419.647521972656,271,3390,231.393157958984,18.4978008270264,3074,2638,,,1.80063462257385,2.09823775291443,1.94718372821808,2.09837412834167,1303,274,88.9396133422852,18.7025737762451,20.2844429016113,22.1304302985513,777.968579545533,371.217189112528,,,,856.232218647813,408.561638337248,,,126515,55.0804587251261
2020,MA,21002,Bacabal,93.1489533638038,98.595094321438,93.1489533638038,59.9288075260615,63.2341723874905,66.5649631324688,71.5992880752606,60.9204169844902,58.7592168827867,61.5560640732265,45.5377574370709,52.046783625731,51.882740020752,3.79075050354004,56.3810958862305,39.7270660400391,,,,,,615.279663085938,181.248046875,120.461387634277,5.06024074554443,413.019073486328,96.9273986816406,95.0300827026367,461.813690185547,110.887794494629,104.289840698242,17622,4929,6531.6015625,1826.93591308594,10,460,170.49919128418,3.70650410652161,258,160,,,0.593040645122528,0.956278085708618,0.928757309913635,1.04847741127014,61,0,22.609676361084,0,1.83879673480988,23.1975308609905,847.810851760529,207.965360883716,,,,933.100623447638,228.886676188618,,,42520,150.452769789767
2020,MA,21007,Codó,94.3473210443381,100,92.8912789550148,66.5825242718447,51.3009708737864,52.3883495145631,54.0582524271845,49.0291262135922,47.5145631067961,40.1359223300971,63.747572815534,45.1067961165049,49.9782981872559,2.10503482818604,51.2586822509766,46.5711822509766,,,,,,637.707458496094,174.798156738281,127.477111816406,6.96617889404297,440.726409912109,105.820373535156,112.941177368164,490.165313720703,118.571113586426,121.960914611816,16806,2423,5410.05126953125,779.992553710938,20,427,137.45637512207,6.4382381439209,379,231,,,0.743616461753845,1.220046043396,0.858941435813904,1.33802676200867,70,10,22.5338325500488,3.21911907196045,1.27509307861328,19.2292665640502,613.96878951132,131.333853981628,,,,675.734049736159,144.54603969218,,,43701,117.558389316388
2020,MA,21014,Santa Inês,97.963718268704,100,96.0613623911852,74.2144177449168,62.784966112138,64.3099199014171,70.2094886013555,60.9519408502773,61.2446087492298,35.7979051139864,67.7757239679606,60.7670979667283,53.1396141052246,1.1189044713974,55.8450241088867,42.8523712158203,,,,,,584.727355957031,155.405059814453,121.29175567627,7.95159912109375,422.254516601562,98.2138671875,103.719947814941,471.825836181641,111.412521362305,112.460716247559,23025,4883,5818.2138671875,1233.89099121094,10,679,171.577301025391,2.52691149711609,354,183,,,0.46242481470108,0.894526720046997,0.592181742191315,1.02099859714508,114,0,28.8067932128906,0,0.931419610977173,22.0059072384495,631.074326236278,184.545152391388,,,,694.560403455647,203.110394721962,,,55435,152.115248700157
2020,MA,21003,Balsas,95.1239231278993,99.2326043737575,93.1358515573227,85.6521739130435,78.8647342995169,78.792270531401,82.8985507246377,75.8695652173913,75.5314009661836,74.4202898550725,86.3768115942029,72.463768115942,59.9588775634766,0.950912356376648,38.3705978393555,60.5242881774902,,,,,,613.618041992188,159.216110229492,102.635177612305,7.07648324966431,432.783050537109,92.1355743408203,90.2818222045898,480.720825195312,103.296226501465,97.2400131225586,17204,4200,7545.87890625,1842.169921875,10,623,273.255187988281,4.38611888885498,238,152,,,0.666690051555634,1.04389631748199,0.829634368419647,1.15212380886078,45,0,19.7375354766846,0,3.5773184299469,23.9509191907246,870.740889198144,408.418846962668,,,,958.337422651478,449.505782967113,,,28277,101.180853792238
2020,MA,21019,Zé Doca,95.8078979707064,100,95.8078979707064,72.5426658025492,62.9077554547418,67.1203283646576,69.0429898466191,63.5126377187297,67.7684165046446,58.349535536833,60.6826528407863,58.2847267228343,30.830982208252,20.3731822967529,43.7839012145996,35.7561302185059,,,,,,445.353485107422,132.616363525391,101.276679992676,4.74074077606201,353.181976318359,97.8831558227539,94.6650390625,396.360626220703,111.087539672852,102.239936828613,15442,3617,5094.18408203125,1193.21740722656,0,563,185.728897094727,0,203,109,,,0.359581708908081,0.669679701328278,0.580938875675201,0.84196549654007,14,0,4.61848068237305,0,1.16781580448151,20.6063769563147,651.579358298183,211.772039788767,,,,717.128241742981,233.076306991517,,,48233,174.796621757002
2020,MA,21008,Imperatriz,96.4487385857574,100,91.7522773232749,80.3188228080932,72.3993460044962,69.773145309626,77.0284079296955,68.2403433476395,72.9818107500511,57.9603515225833,76.4050684651543,69.0169630083793,26.9322357177734,1.27733278274536,43.7107582092285,54.7845840454102,,,,,,730.426696777344,184.808959960938,125.897666931152,3.41708540916443,481.66357421875,103.116058349609,107.243766784668,537.852416992188,116.16187286377,115.692825317383,30171,5366,5537.111328125,984.791320800781,105,1282,235.278137207031,19.2700500488281,788,685,,,1.25714135169983,1.44617140293121,1.42887425422668,1.51402950286865,371,73,68.0875091552734,13.3972730636597,8.51717853546143,27.5875406021747,964.423193151639,357.801070185391,,,,1061.44416638269,393.795857846041,,,51263,71.2622941964114
2020,MA,21009,Itapecuru Mirim,97.210317718147,97.8543304528621,96.1733480605549,66.6395443449959,67.3230268510984,69.0317331163548,82.7827502034174,74.5158665581774,72.0748576078112,51.3751017087063,62.2945484133442,63.580146460537,52.3834571838379,0.946372210979462,41.3424453735352,57.4658241271973,,,,,,483.368255615234,153.64665222168,111.368049621582,5.01333332061768,356.492919921875,96.4799270629883,104.025215148926,396.716094970703,108.99836730957,113.200675964355,16517,3583,4258.0234375,923.684509277344,0,465,119.875328063965,0,286,148,,,0.381538689136505,0.737297713756561,0.571727991104126,0.767073214054108,14,0,3.60914969444275,0,0.81257426738739,23.2482078856339,617.671995971672,194.109011318303,,,,679.809798766422,213.636377856924,,,60444,181.188705508336
2020,MA,21011,Pinheiro,96.8889313783699,99.9182357025692,96.8889313783699,71.8820496293909,56.5420560747664,61.4083145343216,63.4547212375121,57.2188204962939,62.9390912020625,44.1669352239768,63.0841121495327,55.3818884950048,41.4921226501465,3.94668507575989,59.4426155090332,35.8317451477051,,,,,,495.627258300781,150.516418457031,91.662239074707,7.12481069564819,329.426818847656,79.6397247314453,74.7777557373047,367.933471679688,90.4207916259766,81.4979858398438,22226,6675,5566.3525390625,1671.708984375,10,739,185.077590942383,2.50443291664124,317,197,,,0.493373274803162,0.793905198574066,0.601189136505127,0.874172270298004,44,0,11.0195045471191,0,0.610079824924469,22.5203235800011,715.109056641274,197.507987164263,,,,787.049027739386,217.377290672988,,,75987,191.361123430472
2020,MA,21004,Barra do Corda,85.8599146427163,100,84.150197967194,61.7720988688731,63.5944700460829,67.5324675324675,69.3757855048178,63.5316296606619,62.9451193967323,56.1793045664013,59.2165898617512,62.8613322161709,51.0688285827637,2.63096070289612,50.8339195251465,46.5351181030273,,,,,,631.105590820312,166.080413818359,131.160949707031,7.42240238189697,456.481842041016,93.9695663452148,121.998847961426,507.751007080078,105.449584960938,132.342483520508,13823,2666,5886.486328125,1135.30871582031,0,481,204.83251953125,0,194,113,,,0.481207370758057,0.826143622398376,0.595653831958771,0.837854385375977,75,20,31.9385414123535,8.51694488525391,0.796760141849518,22.6804060998326,720.95282660302,178.113525144405,,,,793.480680959284,196.031745773932,,,32197,100.676788126528
2020,MA,21013,Rosário,100,100,100,77.0491803278689,69.2052293006848,71.8198796430795,76.2813861797053,67.2131147540984,73.1479560074704,50.1556339489521,64.9719858891886,67.6281386179705,47.0246734619141,2.57101392745972,59.2784576416016,37.9224548339844,,,,,,486.658905029297,151.236587524414,112.027099609375,6.63507127761841,363.190032958984,89.1561508178711,102.367698669434,406.353118896484,101.872840881348,111.623252868652,16953,5578,5585.86865234375,1837.9033203125,0,391,128.831161499023,0,246,138,,,0.454698204994202,0.810549020767212,0.65123987197876,0.818703889846802,28,0,9.22576141357422,0,1.07117676734924,19.1849132922789,587.929134654051,164.935062994978,,,,647.074805600249,181.527530332273,,,50910,176.889561400734
2020,MA,21018,Viana,99.2202236408853,100,99.2202236408853,70.4734713300024,48.6081370449679,54.3183440399714,58.8627171068285,51.5108256007614,60.7661194384963,48.1560789911968,62.6219367118725,52.1770164168451,38.4801292419434,9.58646583557129,56.6058006286621,33.5660591125488,,,,,,507.157409667969,167.595123291016,115.859237670898,6.17816114425659,338.274383544922,91.512321472168,93.086540222168,377.822967529297,104.15852355957,101.864669799805,13486,4105,4913.45166015625,1495.60424804688,0,451,164.31608581543,0,168,89,,,0.324260115623474,0.612086534500122,0.489942461252213,0.64423930644989,19,0,6.92240715026855,0,0.458700567483902,22.8595131651523,643.126059620477,189.159443425009,,,,707.824541218297,208.188883433565,,,53701,215.576716335059
2020,MA,21015,São João dos Patos,95.9026285101317,100,95.9026285101317,68.8451443569554,76.2992125984252,78.0314960629921,83.2020997375328,73.989501312336,76.745406824147,67.8215223097113,63.989501312336,74.8818897637795,59.4792289733887,1.31655943393707,42.1884155273438,56.1146850585938,,,,,,662.683288574219,172.856292724609,146.138458251953,6.90287113189697,416.382843017578,88.3701858520508,110.619506835938,464.398651123047,99.372444152832,119.960670471191,19978,7757,8087.40771484375,3140.1552734375,0,583,236.007553100586,0,234,119,,,0.481730669736862,0.947268724441528,0.626755893230438,1.02296924591064,17,4,6.88186645507812,1.6192626953125,1.26828753948212,22.5748709850102,790.07823533475,246.220532000049,,,,869.560105809426,270.990317519254,,,42030,164.852945910147
2020,MA,21010,Pedreiras,99.0987822369202,100,99.0987822369202,88.5782272456871,75.9964306960143,78.5544318857823,80.2795954788816,74.7174301011303,74.6579417013682,76.1154074955384,74.7471743010113,71.9512195121951,71.2523727416992,0.759013295173645,28.8741302490234,70.2403564453125,,,,,,710.158569335938,188.493240356445,165.216842651367,3.08483290672302,417.628326416016,87.4332885742188,116.675079345703,466.628997802734,99.6474838256836,127.007469177246,17528,4508,7999.78076171875,2057.45166015625,0,500,228.200042724609,0,212,104,,,0.474656105041504,0.967568218708038,0.781128764152527,1.13677859306335,78,0,35.5992088317871,0,1.54673993587494,22.0913661529549,946.603286041859,221.990373642235,,,,1041.83157661767,244.322605230644,,,33591,123.942194414576
2020,MA,21012,Presidente Dutra,99.7991539704921,99.6997626990405,99.4989166695326,59.3220338983051,73.2889937781592,75.6275477365372,78.9530143745977,71.9802617464064,73.0315382965029,67.646427805192,51.1478223557177,68.9122505900021,68.7968978881836,0.798838078975677,32.7523612976074,66.3761825561523,,,,,,636.944885253906,180.416259765625,149.889556884766,5.06192779541016,384.659057617188,87.9143829345703,105.850807189941,428.908599853516,100.187553405762,115.16423034668,20492,5642,7028.6884765625,1935.18737792969,10,586,200.996063232422,3.42996692657471,280,149,,,0.511065065860748,0.960390746593475,0.828251302242279,1.16884696483612,10,1,3.42996692657471,0.342996686697006,1.03173410892487,20.4747453767824,854.574580940262,202.838637582969,,,,940.544783782853,223.244204523816,,,43843,123.505849316065
2020,MA,21017,Timon,100,100,100,83.6545682102628,55.9699624530663,58.8235294117647,62.7534418022528,57.1964956195244,58.9236545682103,52.2903629536921,79.3491864831039,54.5431789737171,42.5559272766113,5.01414251327515,52.5070724487305,42.0416564941406,,,,,,716.811645507812,215.202606201172,105.811264038086,6.49278593063354,446.833862304688,110.203102111816,83.8888931274414,498.141418457031,125.724769592285,91.2393798828125,12495,1583,4970.34521484375,629.696350097656,0,304,120.92716217041,0,222,245,,,0.9745774269104,0.883086502552032,0.700104653835297,0.849871337413788,20,0,7.95573425292969,0,9.14471912384033,18.3519182761295,670.186027975329,152.497950889179,,,,737.606742389647,167.83924474863,,,35117,105.669411953491
2020,MG,31074,Patrocínio / Monte Carmelo,83.6670540591738,95.9861357853402,81.7092713095744,98.8654781199352,99.4732576985413,98.9870340356564,100,98.7439222042139,97.6499189627229,100,96.9205834683955,95.3403565640194,87.4845581054688,0.411692053079605,12.5977764129639,86.9905319213867,,,,,,684.959411621094,169.7109375,106.00562286377,6.1755952835083,346.694458007812,67.8181838989258,74.2528076171875,385.132537841797,76.1223831176758,80.1250915527344,12510,1924,6375.626953125,980.552062988281,23,306,155.950592041016,11.721776008606,193,265,,,1.35055243968964,0.983609914779663,1.76896893978119,1.11153018474579,128,13,65.2342300415039,6.6253514289856,12.826681137085,24.3677595160805,1195.57295894493,521.441462961351,,,,1315.84759861479,573.898474135263,,,6682,23.804350905125
2020,MG,31024,Sete Lagoas,88.7574820964122,79.4471710549756,76.0811183952685,71.0367083501412,85.7603872529246,86.304961678096,88.1202097620008,84.7519160951997,89.4312222670432,91.8918918918919,63.372327551432,86.9705526421944,77.3347320556641,0.44071352481842,21.0493183135986,77.8384017944336,,,,,,671.339782714844,188.399703979492,100.833648681641,5.66534900665283,329.126251220703,76.3683929443359,68.5277099609375,365.943054199219,85.7512969970703,74.0722808837891,23349,3710,5163.08056640625,820.379028320312,32,380,84.0280380249023,7.07604551315308,477,527,,,1.16533625125885,1.05477297306061,1.73042476177216,1.21807491779327,194,14,42.8985252380371,3.09576988220215,20.821704864502,29.779274377515,1058.81456951224,575.994907809884,,,,1165.33131520517,633.939995535558,,,19028,29.5273678703315
2020,MG,31059,Manhuaçu,95.8573055862336,100,95.8573055862336,37.9049221708035,73.2225494320572,73.0753050063105,74.5267143458141,71.9183845183004,78.1026503996634,70.8456037021456,30.0168279343711,75.5153554901136,81.5394515991211,0.643224716186523,20.368782043457,78.9451141357422,,,,,,731.333984375,180.675750732422,134.068313598633,6.33359575271606,343.891510009766,64.5580444335938,85.4193420410156,383.8935546875,72.8731002807617,92.6146621704102,23452,4197,6747.14599609375,1207.47790527344,24,566,162.838333129883,6.9048056602478,357,387,,,1.11339998245239,1.02708983421326,1.26868617534637,1.03543317317963,121,8,34.8117294311523,2.30160188674927,7.34441184997559,26.1867617934995,940.191328906056,397.722473907588,,,,1034.77457659401,437.733354782691,,,28942,50.5907934312281
2020,MG,31060,Ponte Nova,96.4185386616221,92.4133364861669,92.1622132891937,97.4337040205304,99.3584260051326,98.1608212147134,100,98.3746792130026,100,100,91.6595380667237,100,79.4551162719727,0.535953521728516,24.5645370483398,74.8101806640625,,,,,,856.013427734375,246.945175170898,136.981109619141,6.58914709091187,327.077758789062,71.7777557373047,85.4094543457031,364.969635009766,81.399284362793,92.0924682617188,12215,2357,5789.703125,1117.17810058594,38,395,187.22331237793,18.0113563537598,234,308,,,1.45986783504486,1.10912036895752,1.58985769748688,1.4157874584198,124,2,58.7738990783691,0.947966158390045,11.8400974273682,22.6918035775794,1143.72367013478,449.046215039016,,,,1258.78227135034,494.220264271941,,,14820,50.7986229047578
2020,MG,31037,Ipatinga,84.8945846805037,83.4038383053391,79.4294107152894,88.4500893034332,97.5391942845803,96.8049216114308,99.5435602302044,96.9041476483429,100,97.5590394919627,100,100,77.9607315063477,0.675533056259155,21.32151222229,77.9396209716797,,,,,,686.091796875,184.203628540039,109.939712524414,2.58224272727966,320.961364746094,63.7820816040039,74.7740707397461,357.304229736328,72.0493698120117,80.4995956420898,20038,3079,4863.07275390625,747.250305175781,43,498,120.860877990723,10.4357786178589,489,708,,,1.71826314926147,1.18676650524139,1.80460095405579,1.15491306781769,316,27,76.6908416748047,6.55269813537598,32.4666786193848,27.1191090118684,1284.33287640735,503.285513000042,,,,1413.53676377393,553.916035607846,,,24568,48.8119668554815
2020,MG,31081,Santa Maria do Suaçuí,66.3163474613381,79.5685542418585,66.3163474613381,74.4721689059501,61.8042226487524,78.3109404990403,67.7543186180422,64.6833013435701,68.3301343570058,58.5412667946257,74.0882917466411,63.147792706334,58.9361686706543,1.27659571170807,48.9361686706543,49.7872352600098,,,,,,686.02685546875,176.142028808594,90.388671875,21.2837829589844,304.519592285156,46.5039672851562,58.9740142822266,338.478698730469,54.4885330200195,62.1577949523926,2432,740,5636.544921875,1715.06713867188,0,54,125.153541564941,0,35,23,,,0.533061385154724,0.811180412769318,0.91663384437561,0.958931088447571,0,0,0,0,2.16469287872314,23.763753476678,712.106051072853,366.627857751965,,,,783.743919810782,403.510620241812,,,5486,94.4992653486917
2020,MG,31072,Uberaba,78.3990731425902,57.7893687929399,63.8353969896205,87.7222852818767,84.3927355278093,84.2413923571699,87.4195989405978,80.7037457434733,91.1275066212637,81.3847900113507,57.7185017026107,86.6250472947408,69.8548965454102,0.756182312965393,21.6431636810303,77.5802154541016,,,,,,743.1787109375,194.642028808594,121.975677490234,4.79365062713623,354.871704101562,77.1146011352539,83.0784759521484,396.436859130859,87.2798309326172,89.7662582397461,20240,3432,4775.2177734375,809.710876464844,74,697,164.443023681641,17.4588012695312,848,1457,,,3.43749642372131,2.00068426132202,3.59615898132324,2.08107733726501,344,42,81.1598281860352,9.90904903411865,34.2032051086426,23.1080407482196,1096.66295540691,531.274676029007,,,,1206.98724872084,584.720908437525,,,10568,19.5770917686473
2020,MG,31089,Campo Belo,100,100,100,41.4189837008629,97.986577181208,95.1102588686481,98.9453499520614,96.3566634707574,100,100,8.98876404494382,94.0556088207095,82.2177810668945,0.599400579929352,17.7822170257568,81.6183853149414,,,,,,879.548034667969,253.446060180664,139.245071411133,5.69476079940796,335.545593261719,75.5196151733398,85.4289169311523,374.370666503906,85.6424789428711,92.7729873657227,6620,1054,6631.671875,1055.85827636719,10,126,126.222152709961,10.0176305770874,117,175,,,1.75308537483215,1.17206287384033,1.70224595069885,1.22916328907013,43,1,43.075813293457,1.00176310539246,11.4691858291626,26.5893527532331,1089.0710564286,434.81961928781,,,,1198.63160470532,478.562472988164,,,4218,25.1821125661164
2020,MG,31062,Águas Formosas,100,100,100,60.6516290726817,73.9348370927318,77.5689223057644,76.1904761904762,78.5714285714286,82.3308270676692,80.5764411027569,77.5689223057644,78.5714285714286,65.5782318115234,2.58503413200378,29.1156463623047,68.29931640625,,,,,,852.781982421875,231.206130981445,140.734161376953,10.4125738143921,416.935913085938,80.6729049682617,94.1601486206055,458.689727783203,91.0889739990234,101.506744384766,3085,1177,5168.6298828125,1971.95373535156,0,103,172.56689453125,0,48,41,,,0.686916768550873,0.8041952252388,0.871211469173431,1.11833393573761,6,0,10.0524406433105,0,2.92023396492004,23.3898737707862,1005.32207717074,426.9597957541,,,,1106.45747813412,469.911951206962,,,9461,145.283477970077
2020,MG,31068,Pedra azul,100,100,100,78.8218793828892,100,100,100,100,100,99.4389901823282,73.0715287517531,100,23.9038181304932,0.424328148365021,15.8415842056274,83.7340850830078,,,,,,710.476867675781,175.709335327148,90.1465225219727,11.3978490829468,363.627105712891,71.06787109375,55.1581153869629,403.9375,80.3909225463867,61.088306427002,3693,876,5642.5615234375,1338.44677734375,0,130,198.627944946289,0,62,47,,,0.718116402626038,0.947302460670471,0.72919374704361,1.03553915023804,18,0,27.5023307800293,0,3.50654697418213,20.0932888061796,860.916146588814,282.970643362016,,,,947.524310935648,311.437490084235,,,9738,136.218290082354
2020,MG,31040,Resplendor,93.7502100440252,94.4189902203502,90.3895056403822,79.6279893711249,94.4198405668733,93.3569530558016,96.6341895482728,90.5225863596103,93.1798051372896,93.1798051372896,93.6226749335695,95.2170062001772,69.3069305419922,1.17011702060699,30.3330326080322,68.1368103027344,,,,,,945.838439941406,265.596801757812,184.909164428711,4.02843618392944,384.522308349609,88.9816055297852,99.1495056152344,427.251983642578,99.9288330078125,107.434562683105,6701,1531,7509.5537109375,1715.73291015625,0,140,156.892623901367,0,99,89,,,0.99738883972168,1.10945498943329,0.90409380197525,1.16100549697876,28,0,31.3785266876221,0,8.59771633148193,24.4628991083071,880.17220305376,440.469931553654,,,,968.717526680968,484.781206667951,,,8259,60.6413788755281
2020,MG,31008,São Lourenço,96.4082134868583,93.3758160130334,94.7448570766701,81.5991970558715,87.219805955169,88.2903981264637,88.5580461692874,85.7477417196387,92.7735028437605,89.1937102709936,68.8859150217464,88.9929742388759,84.6931381225586,0.397111922502518,16.4981956481934,83.1046905517578,,,,,,849.825134277344,257.029510498047,165.043991088867,4.4988865852356,352.186676025391,79.5997848510742,92.9171295166016,392.178649902344,89.9111099243164,100.332374572754,17618,4067,6669.1396484375,1539.52722167969,30,667,252.487014770508,11.356237411499,308,470,,,1.77914392948151,1.16590702533722,1.74024879932404,1.27161467075348,118,2,44.6678695678711,0.757082521915436,24.3072700500488,24.7394640008214,912.90753716918,423.434274256332,,,,1004.7460354084,466.031762246518,,,13119,34.43398740139
2020,MG,31006,Poços de Caldas,80.6420355875469,58.7458787405935,65.9816776986384,95.5849889624724,88.962472406181,85.3200883002207,89.0728476821192,87.3436350257542,90.9492273730684,91.280353200883,89.7718910963944,87.1228844738778,82.4961929321289,0.342465758323669,13.1659059524536,85.6925430297852,,,,,,816.232971191406,190.829360961914,107.914421081543,14.9055643081665,335.505279541016,63.900634765625,68.7822113037109,374.207916259766,71.8370132446289,73.2518463134766,10703,1170,4459.490234375,487.489837646484,42,387,161.246643066406,17.4996356964111,482,620,,,2.58327960968018,2.00829148292542,2.48692727088928,1.99443757534027,387,45,161.246643066406,18.7496089935303,34.6076126098633,27.7529410377695,1310.31631154624,612.746577907533,,,,1442.13413248779,674.388883645031,,,5169,15.5316738034624
2020,MG,31041,Além  Paraíba,92.371447017152,80.436565406292,80.1713458149395,93.2080924855491,80.635838150289,80.7803468208092,82.0809248554913,80.2023121387283,85.6936416184971,86.5606936416185,78.1791907514451,86.271676300578,77.795524597168,0.958466470241547,21.0862617492676,77.4760360717773,,,,,,964.069641113281,231.864852905273,263.245056152344,3.07414102554321,409.826354980469,85.5144577026367,140.696304321289,455.84228515625,94.6792984008789,152.452453613281,3479,703,6065.0966796875,1225.57141113281,5,79,137.724243164062,8.71672344207764,71,91,,,1.58644378185272,1.23777484893799,1.23864650726318,1.09264135360718,51,0,88.9105834960938,0,18.2318992614746,28.998311948207,969.626474673274,570.048696410811,,,,1067.17089802541,627.395595269739,,,3787,47.7731124213316
2020,MG,31001,Alfenas / Machado,87.6940595435918,77.8522201404842,75.0279710557501,90.4569115095431,90.9774436090226,89.8207056101793,92.3076923076923,87.5361480624639,92.8282244071718,93.0884904569115,68.7680740312319,90.9485251590515,79.2147827148438,1.58775985240936,18.3602771759033,79.8210144042969,,,,,,749.048828125,206.05436706543,133.852920532227,4.40140867233276,321.93603515625,66.8965148925781,82.0295333862305,359.398376464844,76.6511840820312,88.561164855957,18993,3486,6261.7451171875,1149.28881835938,44,552,181.987228393555,14.5062274932861,339,560,,,1.84624719619751,1.11763894557953,1.66846346855164,1.10684168338776,218,19,71.8717651367188,6.2640528678894,15.5397968292236,25.7713240513334,1170.43684089269,457.820798714324,,,,1288.1827870865,503.877571064986,,,10874,24.1110313380676
2020,MG,31013,Barbacena,79.8593679940663,84.320956096498,76.3796058448606,79.4093178036606,91.0149750415973,90.3910149750416,92.6788685524127,90.0166389351081,95.7154742096506,94.0099833610649,93.1780366056572,91.3893510815308,72.2476119995117,0.332363933324814,28.5832996368408,70.9597015380859,,,,,,775.905578613281,203.263061523438,136.065216064453,2.85099506378174,352.310516357422,69.276252746582,83.9785232543945,391.896820068359,79.6225967407227,90.8958740234375,11653,2117,4863.705078125,883.589111328125,45,535,223.29719543457,18.7820072174072,412,742,,,3.0969443321228,1.71959710121155,3.42500352859497,1.84418451786041,180,5,75.1280288696289,2.08688974380493,17.4125900268555,21.9357969702312,1036.7204208484,354.280048944631,,,,1141.01449518575,389.920621868461,,,13549,37.3297900229975
2020,MG,31094,Almenara/Jacinto,100,97.9950313167011,97.429347889476,38.6740331491713,84.9321948769463,84.8819688598694,87.1923656454043,80.9643395278754,91.1602209944751,73.9829231541939,33.0989452536414,86.0873932697137,55.8380889892578,1.03788268566132,25.1686553955078,73.6377792358398,,,,,,746.555480957031,224.199584960938,103.073570251465,12.0124807357788,336.210296630859,75.173828125,69.3337249755859,372.805755615234,84.866813659668,73.3384857177734,11540,2598,6720.1640625,1512.91040039062,0,341,198.576766967773,0,152,134,,,0.780331015586853,0.885151565074921,1.02986228466034,0.981965065002441,56,0,32.6108474731445,0,3.74966526031494,24.2852216148486,966.232430805836,349.441958547652,,,,1063.4354133449,384.595819577545,,,22387,104.033766035802
2020,MG,31036,Governador Valadares,86.5051718292065,77.7920214025945,75.7499965165048,76.5388046387154,82.5512934879572,84.121320249777,85.9946476360392,82.4442462087422,85.2453166815343,84.264049955397,76.4852809991079,78.6797502230152,77.5192337036133,0.519230782985687,25.884614944458,73.5961532592773,,,,,,894.132568359375,243.096633911133,137.754760742188,4.91973066329956,431.211120605469,90.1034698486328,89.3998184204102,480.128234863281,101.56916809082,97.4445648193359,23642,3905,5473.6103515625,904.087951660156,42,551,127.567855834961,9.7238655090332,650,824,,,1.90772974491119,1.50488388538361,2.12113380432129,1.56641054153442,295,45,68.2985763549805,10.4184274673462,18.1021327972412,21.8400707376461,1129.75766231926,344.980654548748,,,,1243.41128314858,379.685708396352,,,29625,50.7358872758591
2020,MG,31092,Passos,83.1354669583585,81.5932407966204,77.1523272480386,74.9027237354086,88.4824902723735,86.8093385214008,89.4552529182879,79.3774319066148,80.7392996108949,78.8326848249027,62.1789883268482,75.7976653696498,83.8371658325195,0.604594945907593,16.0822257995605,83.3131790161133,,,,,,680.412475585938,156.152557373047,102.694923400879,8.82150268554688,304.330810546875,54.582160949707,65.3227157592773,338.890289306641,62.0029335021973,70.3433303833008,12727,2489,5968.02880859375,1167.158203125,58,397,186.163848876953,27.1977424621582,363,435,,,2.03983068466187,1.70220351219177,2.31145644187927,1.71920204162598,201,14,94.2542419433594,6.56497192382812,14.9381256103516,27.8852345704625,843.86520834905,521.037034408947,,,,928.758048308964,573.453360070487,,,6558,19.8090917070334
2020,MG,31095,Serro,100,100,100,60.7242339832869,80.7799442896936,83.7047353760446,83.4261838440111,83.5654596100279,77.8551532033426,89.4150417827298,100,72.9805013927577,75.6267395019531,2.22841215133667,16.2952651977539,81.337043762207,,,,,,721.992858886719,161.550888061523,99.722770690918,13.8121547698975,373.44873046875,72.4016876220703,74.9258575439453,411.225891113281,80.3513946533203,79.2890548706055,3825,740,7628.7919921875,1475.89697265625,0,79,157.561981201172,0,66,55,,,1.09695053100586,1.31634056568146,1.54520428180695,1.38614654541016,20,0,39.8891067504883,0,12.7944316864014,24.664887924208,1593.52984924325,811.281471362153,,,,1753.83895207712,892.896387381185,,,4865,78.8110730808353
2020,MG,31090,Lima Duarte,90.0172238536255,87.5494126948272,87.9927151569912,65.3726708074534,90.8385093167702,83.2298136645963,93.7888198757764,87.2670807453416,90.3726708074534,91.9254658385093,48.9130434782609,89.1304347826087,76.4094924926758,1.33531153202057,21.3649845123291,77.2997055053711,,,,,,912.150695800781,243.240188598633,168.288269042969,6.97674417495728,366.904602050781,76.9246368408203,93.7930374145508,404.380187988281,87.4227066040039,100.835357666016,3900,876,5515.32958984375,1238.82788085938,0,126,178.187576293945,0,90,96,,,1.35761964321136,1.27276837825775,1.36575126647949,1.3378210067749,25,0,35.354679107666,0,8.37623023986816,24.1367701388243,1082.61618971651,611.515725660718,,,,1191.52737840199,673.034207662187,,,5760,51.7123864238036
2020,MG,31099,Teófilo Otoni / Malacacheta,95.304397344865,98.5023045575072,91.6099870090581,83.683048039757,85.1463279955826,83.3517393705135,88.1557150745444,83.4621755935947,84.5113197128658,83.9039204859194,84.7874102705687,81.0601877415792,57.6256256103516,2.82104015350342,28.8862762451172,68.263298034668,,,,,,810.803100585938,190.881759643555,104.149635314941,17.0977649688721,382.129791259766,74.1154937744141,73.3633804321289,424.889617919922,83.1436157226562,79.0870666503906,14478,2447,5146.3427734375,869.809387207031,35,507,180.217971801758,12.4410829544067,401,339,,,1.20500767230988,1.42539262771606,1.53958404064178,1.83976948261261,69,3,24.526704788208,1.06637847423553,12.6063709259033,27.230923868643,1218.1763419643,318.69039439076,,,,1340.72488196591,350.750648066471,,,24625,70.3148374768063
2020,MG,31035,Coronel Fabriciano/Timóteo,89.7866406479355,77.8321273766557,71.8742984440568,69.3560606060606,84.0909090909091,89.8863636363636,88.6363636363636,86.4015151515152,88.219696969697,89.9621212121212,62.4621212121212,85.0378787878788,78.7199325561523,0.856094598770142,22.7476558685303,76.1516494750977,,,,,,755.700012207031,225.248458862305,126.379859924316,3.18543791770935,357.783935546875,85.0187606811523,83.1481475830078,399.907958984375,96.8234252929688,90.490608215332,10000,1508,4298.634765625,648.234130859375,18,123,52.8732070922852,7.73754262924194,236,323,,,1.38845896720886,1.01447784900665,1.44036507606506,1.10012805461884,135,10,58.0315704345703,4.29863452911377,33.4670219421387,22.1707490159007,813.269244348697,341.148883856874,,,,895.084130330176,375.468461572875,,,11006,34.0029724681041
2020,MG,31045,Muriaé,100,84.4326163929918,98.9612577203818,96.5536105032823,88.4026258205689,88.4573304157549,90.4814004376368,89.0043763676149,97.9759299781182,87.035010940919,97.4288840262582,90.7002188183807,69.2722396850586,1.2398921251297,22.2641506195068,76.4959564208984,,,,,,876.1572265625,222.461791992188,151.159942626953,9.04947948455811,394.304290771484,78.1181488037109,99.8343811035156,440.494079589844,88.9816436767578,107.927780151367,11947,2854,6814.74658203125,1627.96398925781,53,494,281.784942626953,30.2319869995117,289,393,,,2.24173045158386,1.64849901199341,2.48101949691772,1.75944459438324,253,20,144.314956665039,11.4082975387573,10.7705736160278,22.5370482608125,774.757425145241,361.812383034067,,,,852.698022114852,398.210708767294,,,8096,30.4152976846861
2020,MG,31046,Santos Dumont,95.8822484856855,96.7701201586331,89.9631039993686,80.2734375,79.1015625,77.34375,81.640625,80.46875,100,78.125,77.734375,91.40625,74.4769897460938,0.627615034580231,19.8744773864746,77.6150665283203,,,,,,902.983581542969,258.842132568359,171.902786254883,10.0656452178955,395.640380859375,98.3654251098633,102.273887634277,440.325805664062,112.171051025391,112.00691986084,2733,581,5400.11865234375,1147.99450683594,6,60,118.553642272949,11.8553647994995,49,58,,,1.14601862430573,0.968188107013702,1.42511367797852,0.895080029964447,31,0,61.2527160644531,0,25.9395370483398,25.6065999089407,888.653592920703,395.701235325454,,,,978.052144368526,435.508779599195,,,2651,31.8437874530725
2020,MG,31064,Araçuaí,100,100,100,81.4814814814815,79.2368125701459,79.4612794612795,81.705948372615,78.4511784511784,84.5117845117845,85.5218855218855,75.3086419753086,79.7979797979798,70.8797988891602,0.867410182952881,22.1809177398682,76.9516754150391,,,,,,631.710510253906,159.601776123047,100.448669433594,12.7208480834961,293.534912109375,54.947193145752,73.2595901489258,324.350494384766,61.3569717407227,78.6502914428711,4542,1010,5069.3095703125,1127.25732421875,0,181,202.013442993164,0,87,101,,,1.12725734710693,0.971003830432892,1.0089510679245,0.97323602437973,18,0,20.0897350311279,0,2.70206928253174,19.6325937041652,795.978934045829,259.87054976684,,,,876.054414810839,286.013527073384,,,8331,65.2715818433447
2020,MG,31075,Uberlândia / Araguari,59.4894319069549,49.7026511737166,31.2819924501915,73.2881136950904,88.0652454780362,86.9024547803618,88.3317183462532,87.7018733850129,93.2412790697674,92.8375322997416,68.2251291989664,93.1282299741602,86.6853256225586,0.568629145622253,8.76563739776611,90.656982421875,,,,,,695.193481445312,132.74235534668,109.049957275391,7.0183629989624,334.371307373047,51.1823120117188,71.0350875854492,373.971527099609,57.9882354736328,77.1198196411133,54330,7464,5877.66259765625,807.488952636719,159,1445,156.326568603516,17.2013320922852,1611,2838,,,3.07027554512024,1.74285197257996,4.03222513198853,1.95337903499603,759,190,82.1120223999023,20.5550518035889,31.4577751159668,29.270085574125,1198.87101373934,746.713817733856,,,,1319.47743772152,821.833227797882,,,24280,18.9688915502512
2020,MG,31061,Viçosa,86.2682165163081,66.0247513300948,75.4250520471895,65.7401422107304,72.1396250808016,72.7860374919198,73.9495798319328,74.5959922430511,76.6645119586296,77.6987718164189,62.89592760181,76.3413057530705,84.303466796875,0.981033384799957,17.2007846832275,81.7527770996094,,,,,,624.127136230469,170.609161376953,108.700347900391,3.80622839927673,263.206390380859,50.9915504455566,69.5825729370117,293.354888916016,57.7139320373535,74.0048828125,6797,888,4892.95556640625,639.244445800781,19,201,144.693832397461,13.6775274276733,155,231,,,1.66289937496185,1.11579823493958,1.83746778964996,1.33697831630707,98,13,70.547248840332,9.35830783843994,21.2527179718018,22.7485155994849,1142.23105720854,376.1783861034,,,,1257.13950156371,414.021931745402,,,8861,45.0994765236045
2020,MG,31082,São Gotardo,100,98.8235791968177,100,91.6053019145803,99.2636229749632,99.1899852724595,100,95.0662739322533,100,85.1251840942563,15.5725190839695,92.7098674521355,85.0150604248047,0.225903615355492,15.7379522323608,83.9608459472656,,,,,,775.251037597656,210.952667236328,137.119232177734,2.85714292526245,353.929565429688,68.0717086791992,87.4721450805664,395.932220458984,77.8383026123047,94.6465148925781,4288,709,4522.8251953125,747.827209472656,0,114,120.243019104004,0,104,120,,,1.26571595668793,1.09695386886597,1.60244917869568,1.23961055278778,39,0,41.1357688903809,0,11.8312797546387,25.9046480362214,1105.40924241462,618.371045871948,,,,1216.61341220154,680.579173086666,,,3724,28.7381068749473
2020,MG,31086,Divinópolis,79.6243861308296,51.2334355024327,62.0116108154917,87.8304239401496,95.8354114713217,91.8453865336658,92.0947630922693,95.8104738154614,100,100,85.3117206982544,100,83.68408203125,0.51993066072464,17.6281261444092,80.8120803833008,,,,,,624.546691894531,156.348327636719,108.089195251465,4.56394052505493,284.213775634766,55.2622680664062,68.3857116699219,316.635101318359,62.5573844909668,73.6776885986328,12624,1435,3562.7099609375,404.981689453125,38,348,98.2115859985352,10.72425365448,694,762,,,2.15049505233765,1.9585874080658,2.43955612182617,2.14555644989014,477,58,134.617614746094,16.3685989379883,46.483715057373,26.7196167107177,1023.19368882673,411.876027597051,,,,1126.1269739227,453.310755973314,,,6099,11.4709619328492
2020,MG,31070,Araxá,77.5412411210603,64.3774031977405,59.643202817989,61.2390786338364,81.4932486100079,79.626687847498,83.2009531374107,77.6806989674345,83.2009531374107,79.7458300238284,56.989674344718,77.0849880857824,72.2901382446289,2.68948650360107,21.0676441192627,76.2428665161133,,,,,,691.316650390625,220.48811340332,118.361785888672,3.93939399719238,351.377105712891,88.1447830200195,84.581787109375,392.953735351562,100.060623168945,90.9377136230469,8285,1610,4339.0595703125,843.196838378906,17,328,171.781707763672,8.9033203125,242,344,,,1.80161309242249,1.267413854599,2.08848333358765,1.29988479614258,190,15,99.507698059082,7.85587072372437,22.6542377471924,24.2339516087922,1131.21597479254,721.598890363937,,,,1245.01630185667,794.191738734549,,,6453,31.892424092385
2020,MG,31002,Guaxupé,89.949012726092,89.8688701275373,83.0429315609844,92.0318725099602,89.3568582811611,89.1291974957314,89.7552646556631,85.2020489470689,92.8286852589641,86.2265224815026,77.0631758679567,92.4302788844622,87.6631851196289,1.50130546092987,9.33420372009277,89.0992202758789,,,,,,832.178466796875,215.111587524414,148.233947753906,9.11350440979004,345.784149169922,73.0390472412109,85.7179794311523,385.732086181641,83.6174850463867,93.4617614746094,8598,1807,5927.97900390625,1245.85461425781,9,193,133.065826416016,6.2051420211792,166,227,,,1.56507468223572,1.14450395107269,1.59299790859222,1.2308589220047,103,1,71.014404296875,0.689460217952728,15.7169351577759,29.1547355974754,997.414572618867,562.499007889901,,,,1097.75447862432,619.086408083625,,,4958,23.1681076771396
2020,MG,31087,Lagoa da Prata/Sto Ant do Monte,91.7133719395755,86.4099299809039,86.2872801229604,100,100,100,100,100,100,100,98.3964079538165,100,84.8133850097656,0.321750313043594,17.4388675689697,82.1106796264648,,,,,,655.240356445312,148.603286743164,113.954849243164,5.99294948577881,328.472503662109,58.3103370666504,73.993522644043,365.988098144531,65.2541656494141,80.3447952270508,6287,995,4840.77099609375,766.115356445312,20,154,118.574638366699,15.3993043899536,152,165,,,1.27044260501862,1.17034709453583,1.58304846286774,1.28892171382904,44,0,33.8784675598145,0,28.2715816497803,27.6474284608316,920.080723944668,530.723323190138,,,,1012.6408447735,584.114089503066,,,3982,22.282379004589
2020,MG,31044,Leopoldina / Cataguases,90.1951373815159,84.152859433458,88.5589938808233,85.2,80.85,77.15,83.05,79.8,86.7,80.85,86.45,79.4,76.4269409179688,0.627853870391846,22.4885845184326,76.6552505493164,,,,,,880.42041015625,244.561233520508,166.845108032227,5.98765420913696,355.780395507812,79.522216796875,100.594596862793,395.506439208984,89.3561172485352,108.328765869141,10171,2498,5527.62744140625,1357.58654785156,16,273,148.367141723633,8.69551086425781,189,269,,,1.46193265914917,1.02715718746185,1.40323805809021,1.06818914413452,113,4,61.4120407104492,2.17387771606445,14.7416076660156,27.2419674175666,851.52202450943,398.196366779742,,,,937.185140175078,438.254921277784,,,7703,26.2733161470193
2020,MG,31027,Turmalina/Minas Novas/Capelinha,100,100,100,88.6211512717537,90.6291834002677,92.7041499330656,92.904953145917,92.7710843373494,99.7991967871486,85.2744310575636,49.4645247657296,93.4404283801874,61.1546669006348,0.784034192562103,13.3285818099976,85.7448348999023,,,,,,460.028533935547,115.605094909668,74.9439926147461,11.7850952148438,269.957550048828,53.8815078735352,61.9340705871582,298.705291748047,60.1526565551758,66.7570495605469,8609,1609,6863.75341796875,1282.81787109375,0,133,106.037773132324,0,141,95,,,0.757412672042847,1.12415981292725,1.07293486595154,1.19292497634888,65,0,51.8229713439941,0,4.7182822227478,22.5495416601118,801.912983722531,336.485200147249,,,,882.585429885017,370.335611282063,,,10537,55.6439920686933
2020,MG,31058,Unaí,79.2271182980709,78.4612356191948,75.5088873011476,88.4937238493724,90.6642259414226,89.7489539748954,93.5146443514644,86.8723849372385,91.1349372384937,83.1851464435146,85.826359832636,87.5784518828452,78.513053894043,0.896388053894043,22.8578968048096,76.1402587890625,,,,,,576.608947753906,129.302383422852,83.3040542602539,11.3065328598022,329.699829101562,58.8618774414062,65.0789260864258,367.213165283203,66.604377746582,70.2685699462891,12952,1719,4691.10498046875,622.607299804688,8,250,90.5478897094727,2.89753246307373,283,320,,,1.15901291370392,1.02500212192535,1.18264591693878,0.9768306016922,310,0,112.27938079834,0,11.9092206954956,29.94229204346,1181.86939932343,720.75981948353,,,,1300.76546089536,793.268257323574,,,17603,50.6763482203718
2020,MG,31019,Curvelo,92.522790787837,85.9572130891546,83.9126384543727,90.1725790987536,94.1514860977948,92.8092042186002,96.0210930009588,93.0968360498562,99.137104506232,100,65.6279961649089,98.705656759348,33.2213172912598,0.72011524438858,26.0681705474854,72.6356201171875,,,,,,739.918579101562,186.588165283203,94.3664321899414,8.69565200805664,338.839141845703,67.2524642944336,64.7452087402344,380.026123046875,77.1747512817383,69.2411193847656,9875,1250,5294.70751953125,670.216125488281,20,192,102.945198059082,10.7234582901001,185,230,,,1.2331976890564,0.991919875144958,1.57098662853241,1.0541158914566,63,0,33.7788925170898,0,12.2590570449829,23.4490849676777,1071.64525461604,443.74683745174,,,,1179.45276723042,488.387769299385,,,11280,41.5896526897114
2020,MG,31030,Formiga,94.7735644989469,99.8105244325898,86.649697896252,100,96.6640190627482,92.1366163621922,97.4583002382844,91.5806195393169,100,94.042891183479,79.8252581413821,94.1223193010326,78.6885223388672,0.312256038188934,16.7837619781494,82.2794723510742,,,,,,809.148132324219,248.344375610352,124.172187805176,3.41023063659668,325.9111328125,71.9129791259766,70.6430206298828,362.665771484375,81.5137481689453,76.4287948608398,6178,796,5013.958984375,646.02001953125,28,223,180.982986450195,22.7243213653564,162,203,,,1.64751327037811,1.31476426124573,2.31666350364685,1.49919652938843,120,0,97.3899459838867,0,18.7711009979248,26.5447024381604,1118.30550942905,531.729262021127,,,,1230.80704367762,585.221225780452,,,3239,20.3275235537593
2020,MG,31021,Itabira,90.7654218930569,88.0450277944141,89.5001223122928,77.2631578947368,85.2982456140351,84.1052631578947,85.6842105263158,81.5438596491228,92.8070175438596,88.1754385964912,54.1052631578947,91.5087719298246,79.4505081176758,1.58073019981384,15.3180274963379,83.1012420654297,,,,,,633.293395996094,179.384231567383,101.846649169922,5.95632028579712,305.288818359375,68.0053634643555,69.8005828857422,339.192657470703,76.8705978393555,75.3757781982422,12809,2285,5368.5341796875,957.69384765625,22,323,135.376419067383,9.22068405151367,359,473,,,1.98244714736938,1.50464808940887,2.47082924842834,1.70603621006012,110,8,46.1034240722656,3.35297608375549,36.0771865844727,24.4117726692889,1584.93159609107,793.484112434521,,,,1744.37571465783,873.308614145434,,,11010,38.9097623611658
2020,MG,31015,São João Del Rei,92.7118524336072,85.7528121636727,83.3194127595564,90.3149606299213,93.6614173228347,92.5984251968504,95.7874015748032,95.1968503937008,93.3858267716535,93.7007874015748,36.1417322834646,90.748031496063,77.9129104614258,0.86308354139328,31.6987056732178,67.3989791870117,,,,,,800.089416503906,235.101287841797,142.799194335938,9.72581481933594,336.954193115234,75.1915512084961,83.093635559082,374.822387695312,84.9759674072266,89.057746887207,12350,2594,5111.79736328125,1073.68432617188,30,423,175.084228515625,12.4173212051392,255,344,,,1.42385280132294,1.05547225475311,1.60328316688538,1.09013736248016,176,0,72.8482818603516,0,17.108585357666,24.1685588540537,958.740748635992,420.428054111556,,,,1055.19006794877,462.723116355178,,,10395,26.9431388124074
2020,MG,31023,João Monlevade,79.0104775496446,45.0254946536528,56.9158281997404,89.2742453436095,97.1740526653821,99.1008349389852,96.660244059088,95.2472703917791,100,100,4.56005138086063,94.0912010276172,74.3927841186523,1.31852877140045,14.9895906448364,83.5530853271484,,,,,,730.58447265625,185.862976074219,113.66236114502,10.6653623580933,305.794006347656,59.3837471008301,74.6651306152344,340.666687011719,67.3050918579102,80.5401458740234,7497,1548,5359.28759765625,1106.599609375,8,229,163.702392578125,5.7188606262207,114,139,,,0.993652045726776,0.814937651157379,2.08631181716919,0.953977465629578,53,2,37.887451171875,1.42971515655518,26.2288398742676,28.9599331565746,977.527826535954,535.439027258841,,,,1075.86712588547,589.30419340108,,,5945,30.9159018357543
2020,MG,31097,Juiz de Fora,77.0742477454878,47.0863404216999,62.7378333526302,63.8243984803715,64.950049247221,62.5721120022513,67.3139158576052,60.7570001407063,67.4968341072182,61.8685802729703,62.8535246939637,63.1208667510905,76.7208633422852,1.12444913387299,20.5743808746338,78.2859725952148,,,,,,840.986755371094,184.384918212891,135.85417175293,9.7190580368042,352.946838378906,61.8843688964844,82.6949844360352,393.618988037109,70.3420257568359,89.6438293457031,31317,5142,4999.46533203125,820.8720703125,183,1670,266.599822998047,29.2142333984375,1226,2821,,,4.50346183776855,1.95719397068024,4.62953805923462,2.2310574054718,1033,162,164.908752441406,25.861780166626,35.6107139587402,25.973258652216,1254.43498022076,435.460602671967,,,,1380.63113923096,479.267939300767,,,18220,22.9887013044235
2020,MG,31016,Belo Horizonte/ Nova Lima/ Caeté ,94.6363775475206,57.3937239575547,76.9956713916098,93.7760306986757,88.0598062614067,83.352052037999,86.9834807431326,85.6099957882915,96.4481257896954,91.3589779587253,91.2209275118162,92.2738546492583,80.4628677368164,0.689545869827271,19.5159969329834,79.6676406860352,,,,,,694.253845214844,159.321640014648,103.842010498047,3.89059281349182,311.694396972656,54.9109687805176,66.5387649536133,351.414154052734,63.1703453063965,71.9947509765625,173122,28400,5049.8134765625,828.402526855469,866,6997,204.096221923828,25.2604427337646,7582,17604,,,5.13492918014526,2.2116014957428,4.99386739730835,2.36472463607788,4928,813,143.745346069336,23.7144813537598,41.7838935852051,23.0029887749138,1559.30055419438,525.766430592468,,,,1716.16618994633,578.65853351007,,,110874,24.139813290202
2020,MG,31085,Taiobeiras,100,100,100,64.0806353084911,85.0946854001222,84.850335980452,86.560781918143,84.4227244960293,91.9975565058033,84.3616371411118,62.8588882101405,84.3005497861943,84.8695678710938,0.289855062961578,10.3188409805298,89.3913040161133,,,,,,574.216003417969,137.840408325195,70.7057037353516,14.1791048049927,280.530853271484,43.7464256286621,52.9834136962891,312.168884277344,49.3955535888672,57.7875633239746,8779,1536,6269.953125,1097.00964355469,18,211,150.695983886719,12.8555822372437,151,93,,,0.664205074310303,1.07844042778015,0.915960192680359,1.1177214384079,7,0,4.99939298629761,0,1.13843321800232,22.6455597523062,919.083669951977,303.302764685192,,,,1011.54348714915,333.815022812522,,,15579,81.3579976688545
2020,MG,31017,Betim,90.075977386669,64.595883516903,76.2815433859302,90.0101214574899,91.1740890688259,88.4919028340081,93.4514170040486,87.5708502024292,91.2145748987854,88.3198380566802,86.2550607287449,89.0384615384615,71.355094909668,1.32255697250366,21.0559463500977,77.2856063842773,,,,,,592.536560058594,134.747497558594,103.297386169434,7.73278427124023,360.683197021484,69.8371047973633,80.2016143798828,402.551239013672,79.2905883789062,86.8852081298828,34273,4716,4646.07763671875,639.305053710938,46,869,117.802398681641,6.23579978942871,927,1535,,,2.08085942268372,1.25664925575256,2.79146957397461,1.36811423301697,310,39,42.023868560791,5.28687381744385,28.5984630584717,31.15803716282,1349.53955827931,782.912022388131,,,,1485.30323784221,861.672971840377,,,44646,52.565145728477
2020,MG,31047,São João Nepomuceno / bicas,87.0595640453743,85.3231346040695,87.0595640453743,74.5972738537794,98.636926889715,98.0173482032218,100,96.1586121437423,100,98.2651796778191,68.5254027261462,100,72.4179840087891,0.729040086269379,17.9829883575439,81.287971496582,,,,,,944.836791992188,248.138961791992,145.883895874023,6.49350643157959,375.432434082031,71.94677734375,84.1460113525391,419.562591552734,80.3691711425781,91.1354598999023,4842,1356,6601.5869140625,1848.77160644531,0,110,149.974090576172,0,67,99,,,1.3497668504715,0.913478553295135,1.1391214132309,1.02016472816467,20,0,27.2680168151855,0,15.8018159866333,25.5104553628439,896.097098014532,529.746869774634,,,,986.244466074794,583.039404873962,,,3577,41.3566813595833
2020,MG,31011,Três Pontas,78.7717019767822,65.3565139793,64.0474236496769,100,95.2776005105297,96.3624760689215,97.2559029993618,97.2559029993618,100,100,100,100,82.8736343383789,0.833867847919464,14.7530469894409,84.3489379882812,,,,,,771.835571289062,231.312194824219,163.746780395508,1.23583936691284,360.430328369141,79.5725021362305,103.548011779785,399.1611328125,89.6572418212891,112.253608703613,7415,1074,5894.08935546875,853.708923339844,10,176,139.900161743164,7.9488730430603,127,166,,,1.31951284408569,1.00950682163239,1.60348641872406,1.07488632202148,81,0,64.385871887207,0,21.3514671325684,30.9141880689733,1045.05296445617,507.84947580613,,,,1150.18529268046,558.939133072227,,,5350,31.7955417331722
2020,MG,31083,Bocaiúva,100,100,93.441092597092,8.71848739495798,57.4579831932773,62.7100840336134,58.5084033613445,63.0252100840336,60.3991596638655,59.6638655462185,8.92857142857143,61.6596638655462,77.2972946166992,1.51351356506348,20.3243236541748,78.1621627807617,,,,,,619.388000488281,134.815460205078,94.1164474487305,15.8110885620117,335.764923095703,59.4160003662109,63.2068557739258,374.166778564453,67.3545379638672,68.7653579711914,4169,701,5302.3173828125,891.562561035156,0,64,81.3980102539062,0,77,92,,,1.1700963973999,0.97931981086731,1.13671052455902,1.05531251430511,0,0,0,0,5.60883188247681,27.6605661257703,937.628365196486,454.010246806225,,,,1031.95377873525,499.683677634931,,,9604,114.619736555338
2020,MG,31028,Bom Despacho,90.4920503493381,96.2507791494944,90.4920503493381,97.1428571428571,100,100,100,100,100,100,92.2448979591837,100,78.7128677368164,1.07260727882385,21.9471950531006,76.8151779174805,,,,,,816.848205566406,190.783142089844,116.692596435547,9.18367385864258,357.824340820312,57.3279075622559,73.2383041381836,395.867645263672,63.2485847473145,77.9675216674805,6985,1440,6469.0302734375,1333.62963867188,0,213,197.266052246094,0,134,163,,,1.50959467887878,1.24101650714874,1.66356408596039,1.35886681079865,30,0,27.7839527130127,0,18.806957244873,24.5285737461152,995.680453348715,498.495005256352,,,,1095.8459069556,548.643602785141,,,4038,27.1657978124768
2020,MG,31034,Caratinga,100,90.5530089905766,95.4447089374594,94.4147843942505,92.6078028747433,92.1971252566735,94.0862422997947,92.5667351129363,100,95.3593429158111,92.8131416837782,94.0451745379877,78.5936279296875,0.660450637340546,27.933177947998,71.3286743164062,,,,,,810.363220214844,192.547012329102,136.69367980957,8.10157203674316,384.327941894531,71.1999130249023,94.3460006713867,426.009674072266,79.9092178344727,100.174736022949,8195,1123,4015.07055664062,550.204284667969,26,210,102.887718200684,12.7384786605835,219,273,,,1.33754026889801,1.07297194004059,1.26625382900238,1.17010283470154,219,12,107.297187805176,5.87929821014404,9.56120872497559,24.8187235080195,932.978374613917,365.325160482776,,,,1026.83599910008,402.076871627344,,,17870,61.1483364839838
2020,MG,31007,Pouso Alegre,88.6130450547628,80.9052496169061,80.0869500256003,71.6608944436079,86.5080560156603,88.0439692817347,89.1281433519048,85.4539978918838,92.7571148923355,81.4485770215329,58.3044722180395,90.5887667519952,75.484260559082,2.16404366493225,16.358959197998,81.4467315673828,,,,,,701.771484375,168.714172363281,120.845596313477,5.53410530090332,315.221557617188,60.3694763183594,76.7430725097656,352.222137451172,68.4207763671875,83.0138473510742,24351,4127,4398.67138671875,745.485473632812,52,545,98.4467086791992,9.39308071136475,619,1055,,,1.9057115316391,1.1181378364563,2.11773324012756,1.09239721298218,304,31,54.9133949279785,5.59972095489502,23.4980545043945,23.6009048177511,1090.34847644314,636.223144212776,,,,1200.03753317332,700.227192520581,,,17903,21.4914208262659
2020,MG,31053,Januária,98.1244759313449,86.3168882728408,98.1244759313449,34.9485160508783,61.7201695941853,62.023016353725,64.2035130224107,61.5384615384615,69.3519079345851,64.9303452453059,35.3725015142338,65.717746820109,61.4724807739258,2.43030738830566,36.3116493225098,61.2580413818359,,,,,,628.394592285156,141.537994384766,83.5585708618164,24.6947078704834,328.698791503906,55.896541595459,60.4685897827148,365.253662109375,62.7795639038086,65.7326736450195,4536,938,3867.56811523438,799.77490234375,0,109,92.9375991821289,0,107,84,,,0.716216325759888,0.912323176860809,0.743713915348053,1.01293456554413,10,0,8.52638530731201,0,3.88973689079285,27.8228023307606,689.729308229375,317.159144292144,,,,759.11607663725,349.065354207933,,,14281,118.085034335752
2020,MG,31051,Francisco Sá,97.2672608182111,100,97.2672608182111,28.0701754385965,92.0377867746289,91.7678812415654,98.5155195681511,87.9892037786775,87.1794871794872,70.9851551956815,27.8002699055331,72.6045883940621,74.5806427001953,1.80645155906677,19.2258071899414,78.9677429199219,,,,,,615.541076660156,143.180206298828,86.978630065918,14.5652170181274,336.494476318359,64.4045104980469,64.9434280395508,372.897033691406,71.3176879882812,68.9980010986328,4102,798,5489.0205078125,1067.82995605469,0,119,159.23779296875,0,90,62,,,0.829642295837402,1.2043194770813,0.932344019412994,1.20833384990692,0,0,0,0,3.24363374710083,23.8474759895964,952.865458633093,381.223611349726,,,,1048.72372377158,419.574706651509,,,9198,103.90828355301
2020,MG,31048,Ubá,86.5451709559578,82.5915085612167,81.1766897470629,85.0814518433838,99.5713060874536,100,100,98.6281794798514,100,96.8848242354959,90.3972563589597,93.8839668476708,77.1519317626953,1.73310220241547,24.6678218841553,73.5701904296875,,,,,,781.561279296875,195.468765258789,130.207931518555,5.90124464035034,357.701934814453,68.1483535766602,82.7520980834961,399.584899902344,76.879768371582,89.2947158813477,19933,4918,6254.05908203125,1543.04235839844,44,420,131.77668762207,13.8051776885986,328,468,,,1.46836888790131,1.02911329269409,1.52249145507812,1.08378493785858,194,3,60.8682823181152,0.941262125968933,20.8276195526123,24.9550316434725,757.860717860312,410.880830799542,,,,834.101506077059,452.215442377975,,,14298,27.7278572783092
2020,MG,31077,João Pinheiro,93.2373983297516,99.5892385952504,78.6594488724463,86.8421052631579,90.1821862348178,95.9514170040486,92.3076923076923,90.6882591093117,100,93.8259109311741,14.2712550607287,90.9919028340081,76.494026184082,1.0956175327301,25,73.9043807983398,,,,,,626.3330078125,172.781509399414,124.186714172363,1.93965518474579,375.067352294922,88.126350402832,92.0753784179688,417.828186035156,100.966468811035,99.3871383666992,3417,352,4612.45654296875,475.149169921875,0,50,67.4927749633789,0,74,90,,,1.2148699760437,0.998893141746521,1.40148758888245,0.853108704090118,27,0,36.446102142334,0,12.0002155303955,36.5186292789978,1140.83651655287,715.360156415767,,,,1255.60467011809,787.325388151193,,,5841,68.7590497826733
2020,MG,31049,Brasília de Minas/São Francisco,100,99.3104037964131,98.0449327718518,62.4101335159192,88.8394385484423,88.3601506333447,90.8250599109894,87.4700445053064,90.9277644642246,94.2143101677508,60.150633344745,93.8719616569668,70.5255126953125,1.29474484920502,21.8583393096924,76.770751953125,,,,,,676.700073242188,155.014984130859,87.3023986816406,18.7539329528809,372.669036865234,69.9091262817383,63.353630065918,414.879852294922,80.2482070922852,67.6723937988281,12250,2317,5216.8505859375,986.730041503906,10,274,116.687110900879,4.25865364074707,232,150,,,0.63879805803299,0.988007605075836,0.886438727378845,1.08904421329498,33,0,14.0535564422607,0,1.16942632198334,21.8157387892443,868.918063572818,272.453123960582,,,,956.331220768243,299.861908231017,,,31149,100.739551539077
2020,MG,31003,Itajubá,88.9643811046342,79.8218080439826,78.1402920476478,83.5699797160243,94.5638945233266,95.4969574036511,97.1602434077079,93.5496957403651,100,96.9168356997972,81.9878296146045,99.8377281947262,79.4557800292969,2.04081630706787,17.0068035125732,80.9523773193359,,,,,,800.53271484375,229.904052734375,140.469924926758,3.64298725128174,336.785827636719,79.1026077270508,85.1379928588867,377.864440917969,89.4354553222656,92.9470138549805,10246,2252,4980.1201171875,1094.59606933594,33,268,130.262756347656,16.0398178100586,269,524,,,2.5469286441803,1.30748820304871,2.49334096908569,1.33434271812439,122,5,59.2987213134766,2.43027544021606,19.3508243560791,24.1335121179005,1044.69620927807,447.367820852748,,,,1149.79264793144,492.373023630534,,,8092,26.6495917438684
2020,MG,31055,Pirapora,99.7305957507603,93.2043458443034,98.6808716179902,93.806727175654,92.4719701014415,89.4821142552056,92.632140950347,86.2786972770956,89.6956753870795,91.45755472504,84.1430859583556,88.4143085958356,82.9625625610352,0.488334238529205,14.2702112197876,85.241455078125,,,,,,642.897277832031,149.038360595703,107.036643981934,12.4341411590576,344.360229492188,59.6796646118164,79.8679962158203,384.930938720703,67.8232727050781,85.6303939819336,7632,1083,5170.2763671875,733.675231933594,18,183,123.97282409668,12.1940479278564,160,131,,,0.887455701828003,1.08391535282135,1.27817332744598,1.17621755599976,84,0,56.9055557250977,0,9.61636161804199,22.4464367703148,1029.67710737392,378.741200549694,,,,1133.26262437574,416.842565324993,,,14337,69.4221197103236
2020,MG,31073,Ituiutaba,70.227194791768,68.2055245338643,62.8084326681441,81.3045475424897,82.8663298116674,83.0500689021589,84.7037207165825,81.8098300413413,84.4740468534681,86.4033073036288,77.491961414791,88.194763435921,83.8777694702148,0.579557418823242,12.8029508590698,86.6174926757812,,,,,,886.994812011719,253.354263305664,120.305046081543,4.82758617401123,346.665466308594,78.2892990112305,74.5530471801758,389.0703125,88.7710494995117,80.4753723144531,9401,1751,4792.32080078125,892.602233886719,10,266,135.598052978516,5.09767150878906,157,288,,,1.4681293964386,0.800334393978119,1.80992829799652,0.963969647884369,112,16,57.0939178466797,8.15627384185791,16.9232501983643,24.5910005954429,1043.27427283848,612.87944340091,,,,1148.22766468603,674.535115407042,,,6929,21.8370142051711
2020,MG,31042,Carangola,99.377641720537,100,99.377641720537,75.7593805836808,81.0005955926147,83.4425253126861,83.5616438356164,82.4895771292436,87.552114353782,75.8784991066111,65.1578320428827,82.1322215604526,86.7747955322266,0.43668121099472,14.223331451416,85.3399887084961,,,,,,883.185363769531,245.803131103516,159.733261108398,5.35557508468628,404.071105957031,87.1503601074219,101.659027099609,449.9013671875,99.1781539916992,110.180938720703,8139,1913,6311.0146484375,1483.34814453125,35,334,258.984985351562,27.1391468048096,147,174,,,1.3492032289505,1.13984417915344,1.34842789173126,1.15380144119263,97,2,75.2142028808594,1.55080831050873,5.28360414505005,25.1984899565833,821.722093641223,413.824314473521,,,,904.38733626153,455.455040509557,,,12003,52.4317937424883
2020,MG,31010,Três Corações,87.4297784369242,80.9506688837955,81.8120533908588,72.8793309438471,89.0681003584229,88.9486260454002,90.0836320191159,89.9641577060932,93.3094384707288,96.8936678614098,21.6248506571087,89.6654719235364,86.1940307617188,0,15.858208656311,84.1417922973633,,,,,,723.23974609375,210.789749145508,128.857345581055,4.42842435836792,367.109436035156,87.613410949707,88.2356109619141,407.816680908203,98.7880249023438,95.7253189086914,7532,1413,5610.1357421875,1052.45910644531,15,212,157.906112670898,11.1726016998291,134,181,,,1.34816062450409,0.998085737228394,1.66900050640106,1.02527248859406,60,7,44.6904067993164,5.21388101577759,17.2519874572754,30.805423748536,978.463582086198,505.748952107021,,,,1076.89701844407,556.627296688988,,,5373,27.2865298122258
2020,MG,31096,Itambacuri,100,100,100,91.722972972973,90.0337837837838,91.722972972973,92.5675675675676,89.3581081081081,92.3986486486486,90.3716216216216,98.4797297297297,92.2297297297297,52.962963104248,9.25925922393799,29.6296291351318,60.3703689575195,,,,,,849.571838378906,276.447967529297,134.852676391602,8.46560859680176,387.624359130859,89.7685928344727,94.9721069335938,428.386810302734,100.856842041016,102.860488891602,3233,699,7266.3115234375,1571.03369140625,0,83,186.546203613281,0,48,37,,,0.831591486930847,1.07882142066956,0.982176959514618,1.32492756843567,5,0,11.2377223968506,0,4.47036600112915,21.9374894873668,1219.0437060911,421.091388015452,,,,1341.67950292386,463.453181649807,,,6180,106.522980855415
2020,MG,31080,Peçanha/São João Evangelista,91.6019845454388,86.5576434387263,88.189534461597,64.2450142450142,89.031339031339,94.8717948717949,90.02849002849,88.8888888888889,100,94.017094017094,37.3219373219373,97.5783475783476,79.7720794677734,0.284900277853012,19.6581192016602,80.0569763183594,,,,,,825.445190429688,257.843444824219,86.5246505737305,17.1907749176025,336.566864013672,71.4566268920898,58.2445411682129,369.952331542969,79.6947021484375,62.3221435546875,3427,985,5930.3994140625,1704.53564453125,0,84,145.361419677734,0,49,30,,,0.519147932529449,0.84794157743454,0.967778205871582,0.963451981544495,8,0,13.8439445495605,0,5.21570587158203,22.1981310191172,934.366743132747,412.254057254482,,,,1028.3640374919,453.726815414282,,,6361,82.800556626923
2020,MG,31091,Cassia,92.213301615621,66.5754782436317,78.4557438794727,100,100,100,100,100,100,100,90.4081632653061,100,85.6343307495117,0.373134315013885,15.4850749969482,84.1417922973633,,,,,,725.296447753906,166.007904052734,116.600791931152,10.6267032623291,326.990844726562,50.8642959594727,70.9560394287109,364.187805175781,58.3439903259277,76.466682434082,3554,556,7023.71533203125,1098.81420898438,0,62,122.529647827148,0,56,81,,,1.60079050064087,1.10671937465668,1.32806324958801,1.17045450210571,20,0,39.525691986084,0,10.5375490188599,31.3148445654024,1162.8522343146,780.672573297651,,,,1279.83516908665,859.208234171395,,,2267,34.3616672924901
2020,MG,31093,Piumhi,81.239361218311,88.2482880494809,80.9911771202848,94.792899408284,100,100,100,100,100,100,39.540507859734,100,82.0627822875977,0.560538113117218,24.2152462005615,75.2242126464844,,,,,,775.063415527344,196.677185058594,117.747528076172,7.17863082885742,330.236022949219,57.1174468994141,80.204963684082,366.652526855469,65.0415878295898,85.9003829956055,5384,1069,6966.51318359375,1383.2099609375,10,115,148.801818847656,12.9392890930176,94,103,,,1.33274674415588,1.21629309654236,1.4569638967514,1.31398475170135,61,0,78.9296646118164,0,8.85306167602539,26.8707020986766,1110.82143582947,668.2672130615,,,,1222.57007227391,735.494894695487,,,3016,30.6819806298846
2020,MG,31067,Padre Paraíso,100,100,100,92.6800472255018,90.0826446280992,89.8465171192444,92.7981109799292,93.0342384887839,94.2148760330578,92.443919716647,88.9020070838253,94.6871310507674,65.3350524902344,1.41752576828003,25.1288661956787,73.067008972168,,,,,,739.802001953125,274.059417724609,107.722770690918,13.2762308120728,407.539215087891,123.301078796387,75.3240127563477,454.190307617188,139.254547119141,81.6319961547852,3585,1062,5679.2080078125,1682.37622070312,0,118,186.930694580078,0,39,28,,,0.443564355373383,0.617821753025055,0.543762385845184,0.785742580890656,0,0,0,0,2.05465340614319,24.1746580962003,724.480503735495,321.517299475441,,,,797.363242411286,353.861939802671,,,9489,147.168657774257
2020,MG,31079,Conselheiro Lafaiete,87.6771983332617,79.4401606598222,83.7627260621161,100,98.2126489459212,95.7836846929423,100,96.929422548121,100,100,65.6736938588451,100,75.7290649414062,0.752587020397186,21.4016933441162,77.7516479492188,,,,,,700.646118164062,234.617584228516,132.005798339844,6.63615560531616,326.211791992188,89.0444946289062,89.7208938598633,363.283630371094,100.770721435547,96.8611297607422,8063,1957,4309.16064453125,1045.89208984375,9,248,132.540222167969,4.80992746353149,197,296,,,1.58193182945251,1.05283975601196,1.86772167682648,1.10708498954773,102,1,54.5125122070312,0.534436404705048,26.1970043182373,29.8122303153749,914.748590736286,464.505401327377,,,,1006.77229896436,511.234644700911,,,6791,23.2257815811836
2020,MG,31026,Diamantina,100,98.0442654241284,100,34.7417840375587,78.038601982264,81.5336463223787,80.5425143453312,79.0297339593114,82.9420970266041,82.0031298904538,32.603025560772,77.6734480959833,78.3295745849609,0.6207674741745,17.0993232727051,82.1670455932617,,,,,,656.590087890625,184.293685913086,88.2927932739258,8.21771621704102,315.554473876953,64.7820281982422,62.3652420043945,351.650115966797,73.5597686767578,67.5674514770508,9338,1647,6543.47705078125,1154.11291503906,30,405,283.798278808594,21.0220947265625,219,215,,,1.50658345222473,1.53461289405823,1.8066737651825,1.6328911781311,68,0,47.6500816345215,0,7.65554618835449,22.3523418723466,1329.48540349745,368.015906150003,,,,1463.23163508929,405.038306308693,,,12015,56.4428635427835
2020,MG,31066,Nanuque,83.3787306329262,93.3734586884574,75.6904782825176,92.2252010723861,95.4423592493298,98.9276139410188,98.2573726541555,96.2466487935657,100,99.4638069705094,96.112600536193,97.0509383378016,74.0489120483398,0.951086938381195,28.2608699798584,70.7880401611328,,,,,,900.78173828125,210.133422851562,123.435020446777,12.8874387741089,398.242584228516,62.4803085327148,75.4303588867188,441.166015625,71.0989303588867,81.1450119018555,3921,1046,5761.7705078125,1537.05993652344,0,96,141.068588256836,0,59,65,,,0.955151915550232,0.866984069347382,1.0517692565918,1.14765179157257,35,0,51.4312591552734,0,9.25909614562988,25.7672190675072,818.450883197141,350.929957238673,,,,900.787042046774,386.233510936883,,,5678,55.7138560277435
2020,MG,31020,Guanhães,100,99.6434822761294,100,47.2099202834367,88.6625332152347,92.6483613817538,90.9654561558902,95.2170062001772,99.4685562444641,98.4942426926484,90.8768821966342,91.9397697077059,78.0883712768555,0.721370577812195,15.2389535903931,84.0396728515625,,,,,,680.810974121094,198.034637451172,99.5525512695312,14.6226415634155,313.056640625,64.6027603149414,64.0035018920898,348.671264648438,73.562141418457,70.3903274536133,7441,2096,7965.2744140625,2243.67895507812,0,229,245.134765625,0,96,90,,,0.963411748409271,1.0276392698288,1.20132100582123,1.11167013645172,40,0,42.818302154541,0,8.38810539245605,23.6412008829259,966.789284065161,424.498080495688,,,,1064.04828604212,467.202587393555,,,6892,50.8646193196172
2020,MG,31088,Oliveira/Santo Antônio do Amparo,91.9908380184375,100,91.9908380184375,44.6445497630332,100,100,100,100,100,100,36.0189573459716,98.4834123222749,84.3925247192383,0.280373841524124,11.2149534225464,88.5046691894531,,,,,,755.890686035156,216.776626586914,114.985862731934,5.73566102981567,323.483367919922,65.4157485961914,62.5555038452148,363.057891845703,74.9917831420898,68.0412826538086,5758,1036,5426.95556640625,976.437316894531,18,222,209.236572265625,16.9651279449463,114,139,,,1.3100848197937,1.07445800304413,1.61192274093628,1.15598487854004,57,12,53.7229042053223,11.3100852966309,17.6654090881348,25.4164871151496,930.975033410945,422.781885588809,,,,1024.63112177209,465.313743279043,,,4688,30.9312789971725
2020,MG,31071,Frutal / Iturama,65.7908209608429,65.7776089577381,51.4513935910775,80.9432146294514,88.7872954764196,86.1886429258903,90.4716073147257,87.9210779595765,87.6804619826757,82.771896053898,68.2386910490857,89.7016361886429,80.4371032714844,0.479744136333466,19.4562892913818,80.0106582641602,,,,,,736.60009765625,165.081237792969,113.323089599609,13.0177516937256,367.660614013672,67.4986572265625,74.6323547363281,410.274658203125,76.7123641967773,81.7745056152344,6620,1102,3606.72534179688,600.394470214844,0,148,80.6337356567383,0,180,253,,,1.37840104103088,0.980680584907532,1.51596879959106,0.993892550468445,55,0,29.9652404785156,0,26.5421199798584,29.5775377765896,1222.50587416668,846.599230510919,,,,1345.48996510785,931.767113100318,,,7716,34.6886098939775
2020,MG,31004,Lavras,87.7395902181097,62.7745332798804,63.4945228782248,85.2954242558863,82.8520657485562,83.8294091514882,84.2292314526877,85.1177254553532,90.4486894713461,88.3607285650822,80.0088849400267,83.474011550422,84.065185546875,0.497962892055511,18.741512298584,80.7605285644531,,,,,,719.122436523438,214.767852783203,123.262748718262,4.49101781845093,313.1279296875,78.4163208007812,73.9991302490234,347.913299560547,88.8463439941406,80.5458679199219,7677,1375,4132.2626953125,740.11474609375,33,316,170.091827392578,17.7627544403076,197,341,,,1.835484623909,1.060382604599,2.62175559997559,1.0602480173111,133,3,71.5892791748047,1.61479580402374,20.9767360687256,29.7022927471842,1073.34620095782,531.966373885343,,,,1181.32482877418,585.482191098209,,,7209,26.3822911196994
2020,MG,31052,Janaúba/Monte Azul,100,98.635746460053,100,91.509167842031,93.4555712270804,95.5994358251058,96.361071932299,92.5528913963329,98.5331452750353,85.3878702397743,88.8293370944993,95.5430183356841,68.5925521850586,1.53340637683868,18.2091999053955,79.7371292114258,,,,,,647.248046875,150.439498901367,78.801643371582,10.3486442565918,335.726013183594,60.0958786010742,54.0302848815918,373.469970703125,68.2051773071289,57.8674392700195,13686,2581,4902.1787109375,924.486511230469,20,304,108.889541625977,7.16378545761108,306,274,,,0.981438636779785,1.09605920314789,1.19662082195282,1.19715809822083,42,0,15.0439500808716,0,4.13028049468994,20.9382212043283,903.729767380044,290.354390863309,,,,994.644981978477,319.564042584158,,,31583,84.4429123245768
2020,MG,31038,Mantena,100,92.3748054433037,90.0843911981837,63.9211136890951,93.7354988399072,95.3596287703016,96.8677494199536,96.8677494199536,100,97.6798143851508,61.9489559164733,97.4477958236659,79.4642868041992,0.63775509595871,22.9591827392578,76.4030609130859,,,,,,807.452514648438,223.975341796875,174.044540405273,4.94699668884277,335.070739746094,74.3002319335938,93.6301956176758,375.660736083984,84.1237640380859,103.162567138672,4369,1292,6232.79150390625,1843.16015625,0,165,235.388107299805,0,89,75,,,1.06994593143463,1.26966917514801,1.07921886444092,1.34135556221008,11,0,15.6925401687622,0,5.25129461288452,21.6716115637002,1147.0221556168,371.156036041182,,,,1262.41258447185,408.494333266925,,,6442,62.2783970697747
2020,MG,31084,Montes Claros ,99.2894955869781,99.2894955869781,99.2894955869781,100,72.9693140794224,72.2623345367028,73.9470517448857,71.5102286401925,75.3008423586041,79.9338146811071,100,75.586642599278,75.9036178588867,2.20355105400085,19.1819915771484,78.6144561767578,,,,,,596.808837890625,128.701568603516,102.112182617188,2.35866713523865,330.736389160156,56.6474876403809,77.3303298950195,369.185943603516,64.2233200073242,83.1870803833008,23789,3830,5315.41943359375,855.776062011719,113,846,189.030426025391,25.2487449645996,690,1350,,,3.0164430141449,1.54173755645752,3.12972712516785,1.55503225326538,282,2,63.0101432800293,0.446880429983139,20.1395606994629,19.9136103156562,1184.50308658906,220.29570690678,,,,1303.66409709992,242.457455021602,,,19344,25.4625043403263
2020,MG,31065,Itaobim,100,100,100,58.7786259541985,79.6074154852781,93.1297709923664,77.7535441657579,82.1155943293348,88.0043620501636,84.9509269356598,58.2333696837514,76.4449291166848,27.0642204284668,0.229357793927193,24.1972484588623,75.4587173461914,,,,,,752.299011230469,194.581466674805,87.9954376220703,13.838550567627,368.870727539062,68.3663101196289,57.3871650695801,410.156127929688,77.5579299926758,62.6753883361816,5392,1097,6682.69580078125,1359.59155273438,0,113,140.049072265625,0,76,61,,,0.75601714849472,0.941923022270203,0.937275350093842,1.04014325141907,20,0,24.787446975708,0,3.2211287021637,20.641185939506,929.953601722175,287.812081085762,,,,1023.50693405543,316.76597644299,,,9659,96.7901626750614
2020,MG,31032,Pará de Minas,84.8054073114394,79.4056236355928,84.1897154901565,93.919523099851,100,100,100,100,100,97.8241430700447,90.7600596125186,100,84.0864410400391,0.757788360118866,14.7067079544067,84.3951721191406,,,,,,520.000915527344,107.196594238281,91.9941711425781,6.14692640304565,331.633819580078,55.4931755065918,74.6663055419922,368.777069091797,62.9853172302246,79.8362884521484,12800,1666,4989.51416015625,649.416442871094,10,173,67.4364013671875,3.89805793762207,265,251,,,0.978412568569183,1.03298532962799,1.45144188404083,1.15353286266327,115,0,44.8276672363281,0,24.3266105651855,30.5427955814787,959.537711520252,505.607678398092,,,,1056.06720529919,556.47181084494,,,5778,14.8697650609266
2020,MG,31025,Vespasiano,75.6073763590549,56.1087183165804,53.3123402341055,58.2043343653251,72.9102167182663,72.4679345422379,73.9495798319328,72.5121627598408,77.0897832817337,74.8783724015922,54.3785935426802,75.1658558160106,77.3883819580078,0.792126715183258,26.3082084655762,72.707633972168,,,,,,550.466979980469,130.121276855469,92.6439514160156,7.84313726425171,311.871917724609,60.5268592834473,70.204704284668,349.361297607422,68.6783599853516,75.8331680297852,18046,2668,5410.52685546875,799.916076660156,0,196,58.7644462585449,0,281,384,,,1.15130341053009,0.842490315437317,2.08531332015991,0.997196674346924,94,0,28.1829490661621,0,22.3358860015869,29.8186514399991,818.909359325465,511.434993085043,,,,901.291640873607,562.885353389399,,,13642,34.0505844478091
2020,MG,31078,Congonhas,41.4840617601811,87.2382485871203,31.6453173698517,85.6009762050031,93.9597315436242,94.8749237339841,95.6680902989628,93.1665649786455,99.3288590604027,96.0341671751068,81.2080536912752,94.9359365466748,83.0463562011719,0.529801309108734,12.1854305267334,87.2185440063477,,,,,,671.5869140625,189.847885131836,146.341079711914,4.82921075820923,341.312103271484,79.5524444580078,99.4090423583984,377.652038574219,89.4434051513672,107.192268371582,6014,1204,4757.271484375,952.403564453125,0,176,139.221786499023,0,159,261,,,2.0645956993103,1.25774228572845,3.14257574081421,1.27751803398132,96,10,75.9391555786133,7.91032838821411,30.1897678375244,27.9254508242055,1606.39204562665,1044.91479422573,,,,1767.99508541669,1150.03322252483,,,4224,22.7280512288695
2020,MG,31018,Contagem,82.8949454329382,50.9519155211328,72.9863106188221,83.4252239834597,87.0175740868367,86.0957960027567,88.3959338387319,84.9844934527912,96.4937973811165,83.2184700206754,80.5565127498277,90.7736044107512,78.5371246337891,0.79423713684082,20.7609901428223,78.3524169921875,,,,,,601.120361328125,139.059265136719,93.8367385864258,7.03404188156128,342.743286132812,65.9754943847656,71.5977554321289,382.062469482422,74.4937973022461,76.643928527832,38958,5198,4404.44775390625,587.666687011719,77,632,71.4515838623047,8.70533561706543,794,1000,,,1.13056302070618,0.897667109966278,2.0036404132843,1.09554386138916,279,17,31.5427093505859,1.92195725440979,35.8648529052734,29.3892812426615,962.791353758107,544.439764943642,,,,1059.64816394617,599.210405296973,,,36686,29.4237950124079
2020,MG,31050,Coração de Jesus,100,100,100,79.5309168443497,100,100,100,100,100,91.2579957356077,77.3987206823028,100,71.4596939086914,1.74291944503784,28.7581691741943,69.498908996582,,,,,,654.172180175781,180.896484375,82.0344543457031,12.2186498641968,342.142822265625,77.5676422119141,58.435230255127,377.461761474609,86.6503753662109,63.2252006530762,2003,317,4213.20556640625,666.792846679688,0,33,69.4137725830078,0,58,48,,,1.00965487957001,1.21999955177307,1.26574957370758,1.24155986309052,0,0,0,0,1.41772365570068,24.1173064976213,908.955151464189,394.490098593622,,,,1000.39603970149,434.17580251214,,,7188,116.410657159084
2020,MG,31012,Varginha,82.3122662176058,49.2034633324889,54.0591826495586,93.5656836461126,89.3910379165071,87.8590578322482,92.1103025660666,88.81654538491,92.301800076599,93.4124856376867,78.4373803140559,86.9398697816928,85.8903045654297,1.03338634967804,13.7917327880859,85.1351318359375,,,,,,651.534851074219,160.787567138672,131.687973022461,5.07191514968872,311.301849365234,56.8582229614258,85.1667938232422,344.91259765625,63.9750328063965,91.3268966674805,10434,1952,5146.1884765625,962.752502441406,44,346,170.651824951172,21.7013893127441,255,444,,,2.18986749649048,1.25769412517548,2.98985958099365,1.53290724754333,189,12,93.2173309326172,5.91856050491333,27.2485599517822,28.660302202899,1532.96650730966,604.831032889737,,,,1687.18293794501,665.677034798444,,,4695,18.0905805259628
2020,MG,31057,Patos de Minas,92.2380562131974,84.557305894494,86.0798731257209,79.7895388424636,86.908077994429,84.6487155679356,87.5889817393996,79.8204890126896,89.7554936552151,82.6988548437016,16.6141235813367,90.1578458681523,85.8692092895508,0.427210003137589,15.9053564071655,83.6674346923828,,,,,,699.622497558594,167.079650878906,115.786575317383,2.4797842502594,328.993225097656,63.4927215576172,76.464729309082,366.061401367188,71.2322082519531,82.1233901977539,9786,1415,3690.83862304688,533.674255371094,81,420,158.405090332031,30.5495529174805,418,545,,,2.05549454689026,1.57650780677795,2.84280562400818,1.66165053844452,225,28,84.8598709106445,10.560338973999,21.1316165924072,26.6099340686277,1238.12461501396,583.904391580161,,,,1362.67995128437,642.645173373126,,,8842,27.7545938493568
2020,MG,31098,salinas,96.5521758113812,92.1859991267647,92.1859991267647,4.5045045045045,73.1638418079096,71.484888304862,74.1525423728814,68.988173455979,79.8022598870056,69.9152542372881,3.75375375375375,69.7766097240473,77.5456924438477,0.652741491794586,16.5796337127686,82.7676239013672,,,,,,773.488708496094,158.776397705078,112.163146972656,16.7608280181885,380.400115966797,57.5793991088867,76.7484436035156,416.440216064453,63.6062164306641,82.2586517333984,4709,974,6859.43212890625,1418.791015625,0,114,166.059722900391,0,74,49,,,0.713765501976013,1.07793152332306,1.51820826530457,1.24581205844879,49,0,71.3765487670898,0,5.07210493087769,20.3231119365311,923.860071605298,308.654812108863,,,,1016.80039480879,339.705486207015,,,7087,83.0087590123817
2020,MG,31022,Ouro Preto,96.2409032534247,67.6904965753425,71.998073630137,60.6584362139918,86.3786008230453,86.3786008230453,87.6954732510288,88.2716049382716,91.7283950617284,91.3991769547325,58.3127572016461,86.2139917695473,73.4599151611328,0.75949364900589,15.4008436203003,83.7974700927734,,,,,,654.833984375,185.35041809082,114.184349060059,6.00162220001221,330.208892822266,77.0136566162109,78.9543991088867,369.094940185547,87.1560363769531,86.1758422851562,10583,1831,5620.525390625,972.42578125,10,250,132.772506713867,5.31090021133423,181,310,,,1.64637899398804,0.961272895336151,2.43318891525269,1.03310286998749,82,0,43.5493812561035,0,38.4360466003418,27.0328787116855,1445.40957833904,1004.70100663527,,,,1590.81778191995,1105.77392790278,,,8805,45.2441923140654
2020,MG,31031,Itaúna,74.5712052977998,91.1469704415639,72.1543258114673,91.6133617626155,100,95.9488272921109,100,94.953802416489,92.9637526652452,99.4314143567875,87.0646766169154,98.365316275764,81.5694732666016,1.15190780162811,16.6306686401367,82.0734329223633,,,,,,771.619750976562,188.102325439453,133.672714233398,6.63900423049927,359.862518310547,62.5259094238281,85.2482376098633,401.059448242188,70.6870727539062,90.5672760009766,6115,1325,4894.66259765625,1060.57690429688,10,129,103.256172180176,8.00435447692871,147,168,,,1.34473156929016,1.17664003372192,1.62368333339691,1.24587774276733,46,0,36.8200302124023,0,24.6958351135254,24.7495670233183,1065.43896533389,515.933049054597,,,,1172.62212524648,567.83591378949,,,3688,20.3389703038453
2020,MG,31009,São Sebastião do Paraíso,69.3194265847502,97.0781540220031,59.4846882888032,86.9448183041723,88.492597577389,91.7227456258412,91.4535666218035,89.9057873485868,94.414535666218,83.6473755047106,7.94078061911171,93.0013458950202,86.341796875,1.16678106784821,11.1187372207642,87.6458511352539,,,,,,864.115478515625,200.202575683594,119.488494873047,9.43223476409912,349.977020263672,56.7104949951172,76.7871856689453,389.475250244141,62.8013153076172,81.2582550048828,8247,1044,6525.970703125,826.132385253906,30,199,157.471588134766,23.7394351959229,197,230,,,1.82002341747284,1.55888962745667,2.26929235458374,1.64079070091248,102,6,80.7140808105469,4.747887134552,17.3234577178955,26.3921933061911,1378.87136003556,466.993616707149,,,,1517.58581885514,513.973174547888,,,4445,27.3329165938657
2020,MG,31076,Manga,100,98.1075382182393,100,89.1891891891892,88.2882882882883,89.0765765765766,90.8783783783784,88.4009009009009,94.0315315315315,96.0585585585586,86.4864864864865,93.3558558558559,71.2035980224609,1.91226100921631,16.5354328155518,81.5523071289062,,,,,,680.451965332031,163.943099975586,91.667106628418,12.6943006515503,352.026428222656,64.7624969482422,70.0592727661133,392.118835449219,73.1951675415039,76.3230361938477,3463,844,6104.6767578125,1487.82763671875,0,59,104.006912231445,0,67,38,,,0.669875025749207,1.18109548091888,0.936943590641022,1.23926877975464,9,0,15.8654613494873,0,0.967793107032776,21.4928132835337,813.732282902829,329.821080302232,,,,895.593750562854,363.001080980636,,,7933,146.683649958574
2020,MS,50004,Três Lagoas,90.4960018051814,86.7597698393671,85.2662642616385,72.4489795918367,84.4897959183673,86.5986394557823,88.2312925170068,84.3990929705215,82.6077097505669,87.6643990929705,64.7165532879819,79.4104308390023,81.1562118530273,0.393603950738907,20.295202255249,79.3111953735352,,,,,,699.900939941406,167.822708129883,134.327941894531,3.63908267021179,383.951629638672,74.521598815918,91.0846633911133,429.021942138672,84.7838363647461,99.0370407104492,14207,2523,4956.87548828125,880.284118652344,10,393,137.119171142578,3.48903751373291,422,544,,,1.89803636074066,1.47237384319305,1.62903153896332,1.57931280136108,272,19,94.9018173217773,6.62917137145996,24.8395042419434,27.1666140877152,1664.76981852991,903.855815152242,,,,1832.24566227401,994.783710156557,,,11440,32.2646274496532
2020,MS,50001,Campo Grande,77.058340959194,93.0053478609543,70.2428280178179,45.849719688729,82.708559953142,83.3528575014643,85.980252698519,80.2359635176973,78.1650071123755,79.7769766076968,40.6618692996402,79.4661534599615,71.3141250610352,1.156174659729,32.4001998901367,66.4299697875977,,,,,,663.771789550781,140.94987487793,144.527282714844,2.25379705429077,369.265014648438,61.333194732666,99.337158203125,413.122406005859,69.7596664428711,108.439430236816,86808,11928,5646.3203125,775.842224121094,203,2553,166.056777954102,13.2038879394531,2284,3831,,,2.49182724952698,1.48559999465942,3.02395057678223,1.72502613067627,1257,206,81.7600326538086,13.399019241333,21.8506412506104,23.7656509885581,1494.0100792015,577.052263239229,,,,1644.30749316917,635.103720921095,,,66982,31.5754237204262
2020,MS,50003,Dourados,81.8305980048659,82.6761208501627,77.3149563675948,86.4706298155086,88.0752102919347,90.9309394217855,91.6024598854881,88.676044391037,85.6365307132254,89.4323884922598,81.8689474800311,81.3812115642892,71.3505325317383,1.21396052837372,27.1851291656494,71.5705642700195,,,,,,674.781005859375,154.306274414062,156.424896240234,4.18628978729248,400.434692382812,69.9656372070312,110.574478149414,445.669555664062,79.1114044189453,120.235763549805,48309,8697,5686.02734375,1023.64733886719,76,1309,154.070877075195,8.94529151916504,1198,1275,,,1.50069034099579,1.4100604057312,1.70943343639374,1.53249907493591,557,43,65.5595703125,5.0611515045166,20.4562339782715,25.568712881878,1205.5709535242,596.071048605369,,,,1326.85139144874,656.035796095069,,,44378,43.688650887879
2020,MS,50002,Corumbá,86.0981256399982,95.3920128222252,83.8720448777882,78.8461538461538,65.0786713286713,70.3234265734266,72.9020979020979,64.3793706293706,69.8863636363636,65.034965034965,62.5,66.4772727272727,61.7956047058105,4.25023889541626,25.0716323852539,70.63037109375,,,,,,811.804321289062,188.586120605469,172.379501342773,3.53902006149292,528.400512695312,106.083801269531,143.782623291016,587.763000488281,119.234489440918,155.139175415039,7868,1154,5796.07666015625,850.11083984375,7,159,117.129661560059,5.15665149688721,149,194,,,1.42912924289703,1.09763014316559,1.33465194702148,1.20739316940308,89,3,65.5631408691406,2.20999360084534,15.632758140564,22.1947131683634,1382.70617329297,624.909856046777,,,,1521.80641432624,687.775787565083,,,7668,36.081165188181
2020,MT,51002,Baixada Cuiabana,64.7399932594516,49.0500783093119,48.8570805495529,77.2605352566013,73.7557370209215,74.4173570960243,78.9235262561841,68.7488823985218,67.9501698754247,69.7383322405674,69.7383322405674,70.1198068784646,68.1183013916016,0.827119469642639,33.4607429504395,65.6745376586914,,,,,,776.824890136719,175.994018554688,139.030380249023,3.05439853668213,487.810821533203,91.1846618652344,103.83177947998,544.899658203125,103.033981323242,112.373565673828,40305,3824,3951.77661132812,374.930999755859,178,1865,182.857299804688,17.4523315429688,2060,2631,,,2.5796115398407,2.01976418495178,2.79502034187317,2.32611155509949,1194,366,117.067893981934,35.8851318359375,27.1200408935547,32.3868098937733,1287.80568203446,595.997254713428,,,,1417.35893364712,655.954578537598,,,52776,33.6020030902393
2020,MT,51006,Médio Araguaia,94.6011623903931,91.5939328891679,91.4319272594723,94.8675496688742,77.2626931567329,84.9889624724062,88.1898454746137,84.9337748344371,88.6313465783664,77.6490066225166,75,71.9094922737307,65.8247451782227,2.31958770751953,30.7731952667236,66.5979385375977,,,,,,545.604797363281,90.6022567749023,82.6372222900391,9.48905086517334,399.800903320312,59.1396636962891,70.6229248046875,445.133758544922,66.9540176391602,74.4537506103516,5030,790,5008.0146484375,786.547058105469,0,206,205.099609375,0,132,107,,,1.06532323360443,1.31423056125641,1.20247113704681,1.38765823841095,52,0,51.7727165222168,0,8.00685024261475,22.9330931817697,1266.22567029829,792.57376085944,,,,1393.6079727303,872.3066812019,,,4900,54.4917810790629
2020,MT,51001,Alto Tapajós,86.9605508242904,82.8692162986165,80.5367386086683,77.5260257195346,91.1206368646663,90.0183710961421,95.9583588487446,87.9363135333742,93.3251684017146,87.4464176362523,69.6876913655848,87.8138395590937,85.2611923217773,0.248756214976311,17.4751243591309,82.2139282226562,,,,,,607.471923828125,130.698501586914,93.8820190429688,5.60606050491333,370.654052734375,61.8567810058594,67.3276748657227,415.606323242188,71.5024795532227,71.680793762207,5639,817,5190.203125,751.9765625,0,208,191.445693969727,0,120,120,,,1.10449433326721,1.10449433326721,1.06422638893127,1.28489506244659,102,10,93.8820190429688,9.20411968231201,4.10135555267334,21.8276038660881,900.78461602617,411.001904717777,,,,991.403548398402,452.348696332385,,,4815,32.973762053255
2020,MT,51013,Sul Matogrossense,80.5366638744835,88.5277037901533,71.6932865250496,72.9726598702502,77.305375347544,77.3980537534754,82.1709916589435,76.9810009267841,74.3860055607044,77.0852641334569,68.9179796107507,77.6760889712697,69.4231414794922,0.542644798755646,28.6893939971924,70.7207717895508,,,,,,723.522338867188,157.465911865234,97.0169143676758,7.42650842666626,451.755401611328,80.1239013671875,76.9198837280273,505.933715820312,90.897087097168,83.4647598266602,31552,4480,5886.68798828125,835.838073730469,64,1052,196.272689819336,11.9405431747437,699,764,,,1.42540240287781,1.30413126945496,1.82704305648804,1.4386955499649,383,37,71.4566879272461,6.90312671661377,17.0160217285156,24.394319680893,1308.45481418178,665.785231766887,,,,1440.08536848847,732.763226082636,,,24179,30.485956135667
2020,MT,51009,Norte Araguaia Karajá,100,100,100,54.5774647887324,71.1267605633803,65.8450704225352,79.5774647887324,74.6478873239437,74.2957746478873,81.3380281690141,45.0704225352113,74.6478873239437,61.8902435302734,1.82926833629608,32.0121955871582,66.1585388183594,,,,,,440.126892089844,43.6161766052246,67.4068222045898,36.9369354248047,272.372467041016,15.7008256912231,49.360164642334,301.538909912109,17.7015285491943,51.6940231323242,1364,232,5408.40625,919.904846191406,0,40,158.604278564453,0,38,17,,,0.674068212509155,1.50674068927765,0.965503573417664,1.58009517192841,0,0,0,0,2.63283109664917,23.8159621673945,1605.1865863357,861.041034662811,,,,1766.66835692107,947.66176274989,,,1594,49.5662759714512
2020,MT,51004,Centro Norte,95.5958805273874,94.4948506592342,95.5958805273874,63.7784090909091,75.78125,78.6221590909091,81.8181818181818,80.8948863636364,82.1022727272727,82.6704545454545,56.3920454545455,81.6051136363636,77.421875,0.46875,19.921875,79.609375,,,,,,631.326782226562,138.440246582031,72.6565780639648,11.5085535049438,390.867004394531,68.3695373535156,55.9521751403809,435.773468017578,77.7351531982422,60.3851470947266,5138,1223,5044.72314453125,1200.79724121094,0,158,155.131622314453,0,116,64,,,0.628381252288818,1.13894093036652,0.80314975976944,1.11341297626495,25,0,24.546142578125,0,7.67705154418945,25.0227840629877,1215.16411077507,636.758307833719,,,,1337.40962031904,700.816193601791,,,6579,49.6963222456774
2020,MT,51005,Garças Araguaia,87.8984974007169,84.7975565947413,87.8984974007169,85.4470802919708,83.3029197080292,79.8357664233577,91.4689781021898,82.4361313868613,83.1204379562044,79.7901459854015,78.786496350365,76.1405109489051,55.8119277954102,13.3652591705322,28.6895942687988,57.596866607666,,,,,,790.877746582031,177.84912109375,150.306121826172,7.26368141174316,465.818969726562,92.4881591796875,111.199371337891,512.955810546875,101.172988891602,119.00439453125,6705,1131,5276.453125,890.032592773438,10,262,206.179077148438,7.86943054199219,223,188,,,1.47945296764374,1.75488293170929,1.86131703853607,1.83554458618164,41,0,32.2646636962891,0,12.5840063095093,28.6724472193069,1424.78309397773,651.239681122954,,,,1568.11627323189,716.754393043923,,,7381,56.0930108472229
2020,MT,51011,Oeste Matogrossense,73.4839656764078,51.6503473220637,58.8399392627793,84.1285296981499,81.9863680623174,85.7838364167478,89.4190197987666,76.5335929892892,86.5952612788056,78.0590717299578,86.011035378124,84.031158714703,65.8451919555664,1.21485590934753,37.1745910644531,61.2287406921387,,,,,,772.986145019531,215.974044799805,141.638793945312,4.09356737136841,429.313812255859,91.5012130737305,99.9178695678711,478.198944091797,103.441871643066,108.974021911621,10173,1367,5109.5439453125,686.596557617188,16,391,196.385696411133,8.0362434387207,217,245,,,1.23054981231689,1.08991551399231,1.29144942760468,1.14290452003479,103,25,51.7333183288574,12.5566301345825,8.36522674560547,25.2127188533539,796.55032441949,442.545531627243,,,,876.683287056091,487.065612108944,,,13187,46.7800218475324
2020,MT,51007,Médio Norte Matogrossense,84.2875752872778,51.7940284825141,75.606519938564,89.5848869003231,89.0131742480736,94.9540144171017,95.3268704946557,93.214019388516,91.4740243599304,94.6060154113845,79.9154859557544,88.7894606015411,74.4094467163086,0.196850389242172,24.8523616790771,74.8769683837891,,,,,,555.788513183594,115.113494873047,93.3566436767578,5.1245551109314,394.46533203125,66.7563552856445,82.731559753418,440.912231445312,76.2261505126953,89.9475173950195,10172,1829,4023.82958984375,723.513977050781,0,293,115.904647827148,0,239,303,,,1.19860434532166,0.945433855056763,1.35663819313049,1.01198995113373,179,49,70.8086395263672,19.3833713531494,19.4909687042236,25.348320383173,1084.87528587052,611.527870606399,,,,1194.01373962909,673.047574389403,,,7241,20.3193780849229
2020,MT,51008,Noroeste Matogrossense,71.7765647217603,75.6025112669607,71.7765647217603,96.9509500662837,93.8577110030932,99.2045956694653,100,93.8135218736191,95.7578435704817,93.9460892620415,90.543526292532,95.0508174988953,61.1346321105957,0.889077067375183,24.5554618835449,74.5131225585938,,,,,,477.125183105469,101.100875854492,88.6849822998047,5.45229244232178,379.8896484375,73.3540420532227,78.1795883178711,424.7685546875,83.5171203613281,86.2033920288086,7733,1346,4572.00634765625,795.799865722656,0,232,137.166107177734,0,159,104,,,0.614882528781891,0.940060794353485,0.713027238845825,0.940799832344055,77,10,45.5249557495117,5.91233205795288,2.32827639579773,24.978200866328,948.721406261297,473.30069144193,,,,1044.16277973118,520.914741000988,,,5919,21.020908196857
2020,MT,51012,Sudoeste Matogrossense,98.4133902154873,100,87.8527545657986,72.2738386308068,74.718826405868,80.0488997555012,83.2273838630807,73.7408312958435,69.7799511002445,71.2469437652812,63.8630806845966,69.9755501222494,71.2190170288086,0.961052119731903,31.8664646148682,66.616081237793,,,,,,605.803405761719,133.143600463867,96.5291137695312,6.73076915740967,431.497650146484,71.7390975952148,79.8309173583984,476.098571777344,80.5467681884766,84.9893417358398,8204,1828,6826.9384765625,1521.16564941406,0,164,136.472198486328,0,132,90,,,0.748932778835297,1.09843468666077,0.845045804977417,1.12755990028381,74,0,61.5789184570312,0,8.10012435913086,23.3381903017115,1205.18244864262,637.454491203661,,,,1326.42380297607,701.582413018749,,,5608,39.0958771450683
2020,MT,51003,Araguaia Xingu,84.5295284266197,100,81.2241075363596,89.7804054054054,95.6925675675676,100,100,96.3682432432432,100,80.4054054054054,82.347972972973,92.7364864864865,64.8891983032227,0.692520797252655,35.5955696105957,63.7119102478027,,,,,,465.636260986328,81.4049377441406,66.2093505859375,14.6853151321411,340.341613769531,44.1415100097656,55.5053558349609,381.016540527344,49.5856246948242,60.0282897949219,4245,566,4607.51953125,614.3359375,0,119,129.162506103516,0,83,45,,,0.488429635763168,0.900881350040436,0.654224395751953,0.906851053237915,7,0,7.59779453277588,0,2.40958619117737,24.4592136974892,1019.82115513442,510.860354892023,,,,1122.41516334094,562.25290659416,,,5101,44.8716574349846
2020,MT,51014,Teles Pires,92.3486702919198,69.587094898729,82.6043221568795,100,94.3318861553304,100,100,98.3478051133623,100,75.3859141341052,83.9483839845634,97.9257115291848,73.2020950317383,0.648611724376678,21.2676372528076,78.0609893798828,,,,,,512.161010742188,76.5764007568359,90.3151092529297,3.73790669441223,442.216552734375,58.6196327209473,89.6417922973633,495.955810546875,67.2325744628906,97.0718460083008,21579,1787,4860.1240234375,402.4765625,29,532,119.819549560547,6.53151702880859,711,775,,,1.74549150466919,1.60134780406952,2.15849733352661,1.67938804626465,370,61,83.3331451416016,13.7387075424194,20.8283309936523,27.1814462262448,1212.50875560918,804.59009629915,,,,1334.48713642347,885.531859986845,,,11826,20.9978291301146
2020,MT,51010,Norte Matogrossense,80.7469133109376,99.0358186815584,80.7469133109376,90.6679764243615,82.7111984282908,87.0333988212181,91.4538310412574,86.9351669941061,90.8644400785855,75.3438113948919,80.0589390962672,83.1041257367387,77.808219909668,0.730593621730804,25.2968044281006,73.8812789916992,,,,,,700.288269042969,158.693176269531,109.192558288574,9.56340980529785,401.382202148438,60.6386680603027,78.5043716430664,448.400848388672,69.0851135253906,83.8303680419922,3377,726,4916.57666015625,1056.98400878906,8,127,184.899398803711,11.6472063064575,107,95,,,1.38310575485229,1.55781376361847,1.66919016838074,1.75727224349976,39,10,56.7801284790039,14.5590076446533,4.2949070930481,22.0036292732518,1013.4822437939,512.044872824048,,,,1115.43855751957,563.556587030147,,,3044,31.4628092245873
2020,MT,51015,Vale do Peixoto,88.5671779516586,100,88.5671779516586,74.8160724391624,73.5710243350311,78.9473684210526,86.7006225240521,77.475947934352,83.1352574985852,65.5913978494624,68.8172043010753,79.6264855687606,74.3119277954102,0.745412826538086,25.1720180511475,73.967887878418,,,,,,607.860168457031,110.180488586426,112.981689453125,7.5268816947937,404.874816894531,62.1612854003906,85.7334518432617,451.870666503906,70.3550643920898,93.2879638671875,5531,693,5164.47705078125,647.076965332031,0,160,149.397277832031,0,89,80,,,0.746986389160156,0.831022322177887,0.890080988407135,0.909455895423889,43,0,40.1505165100098,0,3.15415000915527,26.6417853372271,1069.97367531991,476.263915426118,,,,1177.61302705709,524.176065317985,,,5764,44.7741759974602
2020,MT,51016,Vale dos Arinos,92.7167436939696,91.6494979304713,92.7167436939696,78.2963827304551,88.681446907818,89.4982497082847,90.6651108518086,86.9311551925321,92.2987164527421,84.2473745624271,41.3068844807468,87.1645274212369,73.7373733520508,0.378787875175476,19.1919193267822,80.4292907714844,,,,,,565.191589355469,142.687713623047,107.479057312012,6.55737686157227,375.276550292969,75.9880447387695,84.9401702880859,414.174468994141,86.7631988525391,90.6398468017578,2568,466,4758.72802734375,863.538635253906,0,89,164.924758911133,0,52,42,,,0.778296649456024,0.963605344295502,1.11880147457123,0.999740540981293,32,0,59.2987899780273,0,5.96694087982178,23.2921971081962,1238.07858009911,578.908998645062,,,,1362.62928525709,637.147243908755,,,1772,22.9213961418724
2020,PA,15011,Tocantins,58.5926032032836,86.7656423515329,50.8871929642925,73.2324949014276,64.4374575118967,68.9326988443236,72.1957851801496,63.9276002719239,62.4915023793338,59.7722637661455,66.6978246091094,57.9197824609109,44.429126739502,3.1107280254364,54.7694969177246,41.4562683105469,,,,,,475.336578369141,99.4662475585938,78.4522476196289,14.0878276824951,382.992797851562,69.2956390380859,77.3297348022461,426.722595214844,78.4425277709961,82.5081787109375,41453,8506,5807.28759765625,1191.63366699219,20,861,120.620330810547,2.80186605453491,480,396,,,0.554769456386566,0.672447860240936,0.618056654930115,0.739307403564453,112,21,15.6904497146606,2.94195938110352,3.5339937210083,19.682385284344,542.933469817286,184.76227918745,,,,597.552576880904,203.349364473708,,,114882,145.443023356355
2020,PA,15003,Carajás,68.3472496435231,78.585906365398,61.3445349347373,85.9686888454012,75.7925636007828,72.0678408349641,81.91128506197,68.4735812133072,69.8369210697978,56.5753424657534,83.82257012394,65.8512720156556,59.0712051391602,0.873620569705963,45.526798248291,53.5141868591309,,,,,,523.587951660156,107.940010070801,86.7576293945312,12.976113319397,454.693054199219,87.9616851806641,89.0752334594727,507.801208496094,99.9027328491211,96.3319396972656,40511,7083,4564.46533203125,798.057556152344,48,1274,143.544448852539,5.40826797485352,765,747,,,0.841661691665649,0.861942708492279,0.907631278038025,0.868928372859955,441,15,49.6884613037109,1.69008374214172,15.4003810882568,28.4772461029802,1060.23973824083,632.156081576085,,,,1166.89985590786,695.750983382639,,,71301,53.5538185294018
2020,PA,15007,Metropolitana II,69.8350344947659,96.2423012470348,66.387462186337,64.8386557431868,62.5647884969069,67.6642701889316,69.8712589867915,60.625313492727,54.9239257649223,58.8195953853871,51.1954522655074,62.1969570305969,38.0960693359375,5.74672508239746,61.2401733398438,32.1397361755371,,,,,,579.098571777344,145.785171508789,102.13045501709,9.39972114562988,438.206634521484,98.6051940917969,96.5861663818359,490.268646240234,111.268623352051,103.835693359375,21103,5742,5686.69921875,1547.31689453125,0,454,122.340972900391,0,176,98,,,0.264084041118622,0.474273353815079,0.442003905773163,0.536387026309967,40,0,10.7789402008057,0,1.50662636756897,18.5127471510139,423.153480516442,141.334484047531,,,,465.722720656396,155.552733142713,,,53277,112.938431394202
2020,PA,15013,Marajó I,53.2637781884791,89.8986587549738,50.805033869203,76.2061126547108,51.7554938115686,58.8785046728972,58.9290224804244,49.0022733013387,56.4283910078303,47.0320788077797,57.4134882546098,55.36751704976,33.8881988525391,6.75776386260986,62.3354034423828,30.0869560241699,,,,,,371.312194824219,86.2480850219727,87.8677673339844,8.83315181732178,304.659973144531,65.5983734130859,85.4751663208008,340.6640625,74.0158004760742,92.0574569702148,11347,3219,4594.6337890625,1303.439453125,0,260,105.279357910156,0,106,59,,,0.238903149962425,0.42921581864357,0.306119978427887,0.458370119333267,2,2,0.809841215610504,0.809841215610504,0.455130755901337,18.5555399890244,457.417182360968,144.496841251173,,,,503.433350906482,159.033223481041,,,41267,232.250108333266
2020,PA,15001,Araguaia,68.0088656424591,96.802615929216,66.7753696076459,75.1408090117768,69.7388632872504,73.2078853046595,75.6144393241167,68.1003584229391,65.1561699948797,68.7147977470558,68.2283666154634,62.9288274449565,65.3084945678711,0.737291395664215,38.2227401733398,60.7942047119141,,,,,,481.487091064453,93.5162658691406,86.3895568847656,14.0433216094971,404.194091796875,72.6084136962891,88.7180480957031,450.540557861328,82.0527877807617,94.8298110961914,35769,10211,6217.44091796875,1774.89697265625,19,944,164.088012695312,3.30261898040771,415,278,,,0.48322531580925,0.721361517906189,0.645748913288116,0.772725939750671,254,16,44.1508026123047,2.78115272521973,2.71231937408447,18.9695930625072,587.319802852393,223.069637062762,,,,646.404175019344,245.510442551276,,,44359,55.1504115143203
2020,PA,15002,Baixo Amazonas,61.8361700886986,94.4741258106944,55.1653136196653,73.0579691350019,59.7782388795228,58.7666969264687,65.7696796783815,54.0980417585268,60.8157178057321,46.9070159512385,60.6276747503566,56.4194008559201,45.5810050964355,1.61749482154846,47.3084869384766,50.8863868713379,,,,,,609.114318847656,117.345222473145,111.297821044922,10.2027883529663,430.540954589844,69.4537887573242,97.4440689086914,480.05712890625,78.5317153930664,104.676376342773,39949,6113,5140.158203125,786.547485351562,56,1095,140.891464233398,7.20540809631348,785,474,,,0.609886348247528,1.01004385948181,0.857121884822845,1.05813348293304,225,0,28.9503002166748,0,6.22777605056763,25.0594441293691,650.85191369871,248.090984949107,,,,716.3276162168,273.048938034987,,,101377,105.554466809574
2020,PA,15012,Xingu,64.3880825406251,78.5138005458553,64.3880825406251,81.9131714495953,72.8476821192053,76.4974245768948,80.5592347314202,72.0382634289919,73.8925680647535,70.4782928623988,76.8947755702723,68.5062545989698,51.984790802002,4.09125471115112,49.7338409423828,45.9011421203613,,,,,,551.501220703125,108.492042541504,98.6034469604492,6.19877052307129,448.361297607422,78.8961791992188,90.4359359741211,501.519348144531,88.8366165161133,97.6390075683594,24099,4026,6808.7236328125,1137.47131347656,20,648,183.080322265625,5.65062713623047,321,222,,,0.627219617366791,0.906925678253174,0.683584630489349,0.973108649253845,79,0,22.3199787139893,0,1.99043345451355,22.8255340770048,768.951365523187,302.063687920383,,,,846.30787289482,332.451294925173,,,49151,133.252322392589
2020,PA,15014,Marajó II,47.9554739327611,86.546606199168,46.3344702222555,51.1145874071177,38.5086690131665,44.2706296441142,48.337895971842,34.4544387954634,54.2041454829879,30.3871724677356,31.4822057098162,41.7285881892843,22.3259429931641,18.0733833312988,62.5826530456543,19.2272777557373,,,,,,336.322174072266,55.8479957580566,80.5321884155273,11.0091743469238,320.047485351562,52.0906181335449,84.779052734375,355.22216796875,58.3252372741699,91.0774307250977,16996,2632,5244.15771484375,812.110046386719,17,341,105.216384887695,5.24539184570312,178,104,,,0.320894569158554,0.549223363399506,0.436447441577911,0.626592874526978,18,0,5.55394411087036,0,0.418705672025681,17.445662415767,464.242506090476,121.190125901078,,,,510.945302203178,133.381852566727,,,48314,192.666079167155
2020,PA,15006,Metropolitana I,53.9008254864474,41.8345185555774,39.1720567477263,60.1035081398015,53.4901241442563,54.4040093026303,57.1587670739297,49.487372662059,55.9697336958302,50.0147400831996,51.5542598840447,49.6871826787645,47.7965087890625,13.5536203384399,38.2611312866211,46.2714462280273,,,,,,789.365112304688,163.924240112305,158.999862670898,2.48974323272705,477.842529296875,83.1430816650391,123.47974395752,537.304443359375,94.6671905517578,133.917541503906,100198,13787,4445.1640625,611.643737792969,434,4040,179.229751586914,19.2538890838623,2576,4423,,,1.96221089363098,1.14281153678894,2.104896068573,1.18450236320496,2512,378,111.441871643066,16.7695159912109,23.6679553985596,25.717139045153,674.696293793664,276.62963057248,,,,742.570740949307,304.458571408072,,,177487,48.0613435055388
2020,PA,15009,Rio Caetés,95.1353438607966,97.3666561355083,95.1353438607966,76.3935958864088,63.7256047680262,68.9844571695688,71.9294145144326,63.6321140586654,58.1979665770714,59.1445600093491,67.5937828678275,63.0010517704803,47.9179534912109,7.15433073043823,45.7803039550781,46.9418029785156,,,,,,589.558715820312,165.069107055664,99.2979507446289,11.5289001464844,415.305877685547,100.190383911133,90.8515472412109,467.047393798828,113.764511108398,99.1040878295898,30123,4150,5518.73095703125,760.307189941406,36,798,146.198837280273,6.59543609619141,415,257,,,0.470840841531754,0.760307192802429,0.729986548423767,0.987116932868958,172,14,31.5115280151367,2.56489181518555,1.41197288036346,21.1336851427726,580.346751488681,167.126856190566,,,,638.729634688442,183.939817923337,,,77988,116.292527182723
2020,PA,15008,Metropolitana III,82.3720142513314,95.592285035144,80.0672967710962,77.0819551635428,74.9577361264241,81.3744946710768,81.4553472987872,74.9503858875413,71.1723631018008,74.9724366041896,64.2851892686512,69.4303564865858,53.3021697998047,1.47014474868774,44.8281059265137,53.0759963989258,,,,,,569.990234375,150.08056640625,106.162254333496,6.06060600280762,431.957916259766,99.3121795654297,96.3589324951172,483.129760742188,112.932334899902,103.585525512695,50759,8508,5345.92236328125,896.059997558594,37,1407,148.184814453125,3.8968288898468,713,416,,,0.438129931688309,0.750929474830627,0.710723638534546,0.822968125343323,332,47,34.9661407470703,4.95002603530884,2.9101939201355,21.9217523725972,665.024076180967,189.654383444696,,,,731.925498244772,208.733614419233,,,118065,86.9610327466324
2020,PA,15010,Tapajós,69.2292038799828,100,67.424876206842,74.2118394193695,62.5311862100249,63.0982082104786,70.0385574960308,56.2939442050352,59.1744159673395,50.3742345202994,56.3166250850533,59.242458607394,46.0699157714844,3.02827882766724,50.1224670410156,46.5375213623047,,,,,,639.69921875,112.251663208008,95.5716934204102,15.5038757324219,531.840026855469,79.3365173339844,90.6946868896484,592.138854980469,89.6824493408203,97.4838562011719,10764,1859,4852.517578125,838.055541992188,0,264,119.013809204102,0,220,98,,,0.44179368019104,0.991781711578369,0.546381592750549,1.19870352745056,365,11,164.545608520508,4.95890855789185,3.91528391838074,18.1008428583796,655.728956158003,272.605337508762,,,,721.695289147498,300.029434462143,,,25129,97.347586986922
2020,PA,15004,Lago de Tucuruí,56.4653276804458,68.5016887171166,48.581759255448,75.3068381063705,64.2168322618352,64.7282291057861,70.3535943892461,60.2863822326125,62.3904149620105,52.250146113384,67.2852133255406,62.0251315020456,57.9274101257324,0.827761888504028,46.7844619750977,52.1649169921875,,,,,,435.280731201172,96.6817321777344,80.4971237182617,6.99608612060547,397.963714599609,80.9521255493164,81.6830902099609,445.915466308594,92.1920166015625,89.2667541503906,14901,2224,3173.24780273438,473.612701416016,15,488,103.922210693359,3.1943302154541,350,186,,,0.39609694480896,0.745343744754791,0.536647498607635,0.810454845428467,192,15,40.8874282836914,3.1943302154541,1.70577239990234,22.3289139807346,562.916528175254,205.021448375517,,,,619.545930909685,225.646606082094,,,43100,68.1587370559348
2020,PB,25011,11ª Região,100,100,100,50.3191489361702,91.5957446808511,95.2127659574468,91.5957446808511,92.6595744680851,100,100,51.4893617021277,97.9787234042553,81.9526596069336,0.59171599149704,15.384614944458,84.0236663818359,,,,,,641.770202636719,172.468414306641,179.507934570312,2.37659955024719,352.129211425781,66.3748321533203,114.534889221191,392.808502197266,75.166259765625,125.955108642578,2016,232,2365.28100585938,272.195037841797,0,100,117.32544708252,0,123,78,,,0.915138483047485,1.44310307502747,0.979667484760284,1.59269297122955,4,0,4.69301795959473,0,0.743843376636505,21.6247390794466,1076.7323477616,264.728888391859,,,,1185.05162194641,291.36061456408,,,13026,141.353942311077
2020,PB,25007,7ª Região,98.0430014934812,98.8166516421565,98.0430014934812,77.027027027027,100,100,100,100,100,100,67.3076923076923,96.8295218295218,77.3880157470703,0.755531549453735,20.8850517272949,78.3594207763672,,,,,,714.208801269531,146.746002197266,137.32194519043,11.7813386917114,349.071594238281,55.4119148254395,78.3807678222656,388.836822509766,62.2642097473145,85.098747253418,5042,877,3394.00634765625,590.349792480469,10,314,211.368103027344,6.73146820068359,272,147,,,0.989525854587555,1.83095932006836,1.08847844600677,1.79511427879333,21,10,14.1360836029053,6.73146820068359,1.14233016967773,22.4726634990642,1149.82186806238,353.641647471173,,,,1265.49394798945,389.217997206773,,,24502,147.224719942648
2020,PB,25003,3ª Região,100,100,100,84.2615882141574,94.5742005030543,92.7057132590729,98.3471074380165,92.6338483650737,96.1911606180381,96.5864175350341,77.7578153072224,83.4710743801653,75.0445022583008,1.5663937330246,24.1011028289795,73.8341064453125,,,,,,771.1484375,210.864852905273,127.42911529541,13.967212677002,360.133697509766,76.8901901245117,79.7154922485352,402.877532958984,87.7648620605469,87.1184158325195,6786,823,3431.48413085938,416.167327880859,0,180,91.0207977294922,0,205,134,,,0.677599251270294,1.03662574291229,0.766344547271729,1.00072312355042,0,0,0,0,3.09925818443298,21.3319727880102,745.011532004463,241.553476313654,,,,819.959692124113,265.853756030807,,,30010,115.555175024904
2020,PB,25002,2ª Região,100,97.5080317752015,100,83.5513565891473,90.8672480620155,89.8498062015504,95.9302325581395,89.437984496124,91.9089147286822,88.1782945736434,78.6337209302326,88.7354651162791,73.9024353027344,0.53658539056778,23.7317066192627,75.6829299926758,,,,,,773.076721191406,249.663101196289,146.47770690918,5.05263137817383,363.964324951172,84.3463516235352,99.4743423461914,403.865844726562,94.7051391601562,107.209648132324,10804,1537,3516.76684570312,500.302734375,6,269,87.5611114501953,1.95303595066071,339,320,,,1.041619181633,1.10346531867981,1.04072403907776,1.12918031215668,97,0,31.5740814208984,0,2.49044632911682,21.1348395506338,759.901186747734,275.67338875747,,,,836.347246134556,303.406131666471,,,46327,119.38409688035
2020,PB,25015,15ª Região,100,100,100,76.3882407839477,97.200186654223,96.9202053196454,100,98.4134391040597,100,94.5870275314979,68.9220718618759,95.426971535231,75.7851638793945,1.18343198299408,23.0769233703613,75.5575790405273,,,,,,746.199645996094,194.143981933594,122.825782775879,11.5044250488281,359.214752197266,66.9320297241211,77.9357147216797,398.235015869141,75.5209426879883,83.6647186279297,5650,821,3730.99829101562,542.150390625,0,118,77.9217376708984,0,177,104,,,0.686767816543579,1.16882598400116,0.789783000946045,1.16651475429535,0,0,0,0,3.16507530212402,22.0290627514599,880.288228129634,298.968068073501,,,,968.845223879475,329.044255721696,,,24992,133.645809886815
2020,PB,25001,1ª Região Mata Atlântica,94.2595204191019,96.7675945756296,90.2301753648132,70.0049701789264,64.9055666003976,64.9105367793241,70.9393638170974,59.5825049701789,67.4155069582505,58.7425447316103,68.5735586481113,52.9125248508946,57.8113555908203,3.90567803382874,37.273868560791,58.2766914367676,,,,,,777.125183105469,177.727844238281,141.412170410156,2.79801797866821,431.414123535156,79.9986267089844,101.063125610352,482.625030517578,90.7153701782227,109.324378967285,57153,7707,4315.072265625,581.881286621094,264,2791,210.721496582031,19.9320945739746,2561,3319,,,2.50585699081421,1.93356418609619,2.56657814979553,1.82067227363586,1371,179,103.51099395752,13.5145645141602,20.8701114654541,21.7503658662409,872.844647445641,340.436860758799,,,,960.652818978672,374.684808951135,,,131624,72.7709202830961
2020,PB,25005,5ª Região,99.3308766485648,100,99.3308766485648,60.6610499027868,80.2333117303953,78.8723266364226,83.2145171743357,79.7148412184057,91.3804277381724,81.3350615683733,55.2819183408944,80.9462086843811,66.9088516235352,0.594451785087585,20.6737117767334,78.4015884399414,,,,,,844.704345703125,224.786193847656,141.369445800781,8.41995811462402,379.222381591797,71.7106399536133,85.4290542602539,419.808807373047,81.9224014282227,89.7979278564453,4105,637,3604.48168945312,559.331237792969,0,200,175.614212036133,0,163,87,,,0.763921797275543,1.43125581741333,0.926364958286285,1.49008655548096,14,0,12.2929944992065,0,1.99673354625702,21.3775281195563,1187.0133589287,404.702886310741,,,,1306.42690283692,445.415996673602,,,19215,118.387753499113
2020,PB,25010,10ª Região,100,100,100,20.6134094151213,65.9559834938102,68.5006877579092,73.7276478679505,64.3741403026135,71.3892709766162,67.1939477303989,18.7589158345221,56.9463548830812,87.6657791137695,0.132625997066498,16.6445617675781,83.1565017700195,,,,,,824.558410644531,179.177993774414,145.210601806641,9.26879501342773,366.583831787109,51.7056274414062,90.2952499389648,408.682342529297,59.1860389709473,97.297248840332,3039,401,2580.67260742188,340.523101806641,14,136,115.489128112793,11.8885869979858,147,113,,,0.959578812122345,1.24830162525177,1.12856662273407,1.48564875125885,74,2,62.839672088623,1.69836962223053,4.14232349395752,21.3681839336841,903.490722067479,277.421252395676,,,,994.381888707468,305.329830386681,,,18883,155.978553549592
2020,PB,25006,6ª Região,98.2417665678879,98.5174771012931,98.2417665678879,15.2377972465582,72.1930095886174,74.4819053510671,75.1005258274049,74.2963192081658,83.7302814723167,74.1416640890813,11.6708385481852,77.5750077327559,85.0722808837891,0.188560649752617,22.9415454864502,76.8384628295898,,,,,,748.211181640625,182.75634765625,145.450576782227,7.11484575271606,385.171691894531,73.9074325561523,97.6674880981445,429.039245605469,83.9281158447266,107.005172729492,7719,1068,3235.5419921875,447.669219970703,17,426,178.564697265625,7.12582111358643,434,263,,,1.10240638256073,1.81918025016785,1.38974475860596,1.81247353553772,82,15,34.3716087341309,6.28748893737793,3.44512486457825,21.6690348961338,926.431154195851,348.639429468615,,,,1019.63012830795,383.712556073158,,,32493,106.389404957056
2020,PB,25016,16ª Região,99.5420784660628,81.6219250142135,88.4108251851394,59.5708570735847,54.4065947387562,57.6675960722512,61.7650624318099,53.8004606618984,61.5468541641411,50.891017092981,56.8432537277246,54.7702751848709,75.5397491455078,1.83451890945435,26.3072509765625,70.8598556518555,,,,,,778.042053222656,226.635238647461,139.884918212891,6.96864128112793,395.656158447266,87.0625381469727,97.974739074707,439.457061767578,97.9554672241211,105.737548828125,22936,3115,4145.22021484375,562.973510742188,154,1707,308.505859375,27.8323974609375,978,1322,,,2.38924884796143,1.76753807067871,2.26436448097229,1.70301747322083,469,42,84.7623062133789,7.59065389633179,16.0238704681396,21.5801891023564,975.509056129446,268.30487102452,,,,1073.64526717607,295.296341049587,,,47824,55.3149145548985
2020,PB,25014,14ª Região,100,100,100,8.6488640892786,78.9956157831806,78.4774810681546,82.0645675567955,75.5679553607015,84.5356715823037,73.2562774013551,8.44958150657633,76.1259465922678,61.3654937744141,1.06295990943909,35.8544578552246,62.9599342346191,,,,,,783.824890136719,250.615112304688,142.928939819336,4.49625301361084,444.217864990234,114.50545501709,109.001190185547,494.765533447266,128.02409362793,117.4091796875,6651,795,4340.73193359375,518.851623535156,10,138,90.0648040771484,6.52643537521362,225,135,,,0.881068766117096,1.46844792366028,0.988102316856384,1.58788168430328,0,0,0,0,1.97294139862061,21.5997905651816,793.434884723954,296.431085997505,,,,873.254434127184,326.252053248854,,,27184,134.906036200831
2020,PB,25004,4ª Região,99.0737958462218,99.6747680070703,99.0737958462218,98.9928057553957,100,99.8561151079137,100,99.9280575539568,100,100,78.7769784172662,98.3453237410072,82.8815994262695,0.356633394956589,15.6918687820435,83.7375183105469,,,,,,662.665466308594,178.646865844727,134.645172119141,7.43691921234131,297.178527832031,52.7327537536621,80.5309982299805,327.777526855469,60.2064628601074,86.4594802856445,3246,512,2856.58959960938,450.577301025391,0,260,228.808792114258,0,150,71,,,0.624823987483978,1.32005071640015,0.883553922176361,1.40233385562897,0,0,0,0,1.25228810310364,20.5987005169493,841.829400176757,297.594797613787,,,,926.517437834538,327.532834253734,,,19586,148.374240388271
2020,PB,25008,8ª Região,100,100,100,87.2159090909091,100,100,100,100,100,100,81.3920454545455,100,74.1790084838867,0.772697985172272,26.1429500579834,72.95556640625,,,,,,769.579772949219,177.272186279297,145.346389770508,3.93013095855713,390.346221923828,58.1267356872559,94.1861877441406,434.527862548828,66.3557281494141,102.613487243652,4851,1304,4075.580078125,1095.55895996094,0,209,175.591888427734,0,162,95,,,0.798144936561584,1.36104714870453,0.814317882061005,1.24090540409088,3,0,2.52045774459839,0,1.60217094421387,26.2182225319032,904.982974020382,353.161712104965,,,,996.024261206832,388.689780342725,,,17119,95.7927468637105
2020,PB,25009,9ª Região,99.9712502748136,100,99.9712502748136,100,100,100,100,99.1975033437361,100,99.3758359340169,100,98.0829246544806,75.7857437133789,9.34041595458984,19.3448429107666,71.3147430419922,,,,,,786.619079589844,162.264739990234,134.191253662109,8.4225549697876,369.715301513672,56.494701385498,87.9310531616211,412.628692626953,64.4919891357422,95.0739898681641,8987,2543,5045.92822265625,1427.81750488281,7,288,161.703277587891,3.93028783798218,324,269,,,1.51035344600677,1.81916189193726,1.27678215503693,1.58685374259949,73,0,40.9872894287109,0,2.39579129219055,19.2252598413114,788.12266160446,283.466409215696,,,,867.407801361869,311.983129982795,,,25516,139.504473462696
2020,PB,25013,13ª Região,100,100,100,88.0222841225627,87.48370273794,90.4823989569752,86.5710560625815,85.5280312907432,96.6101694915254,90.612777053455,76.5319426336376,89.1786179921773,82.2404403686523,0,25.5464477539062,74.4535522460938,,,,,,803.927368164062,174.623565673828,212.513595581055,3.6885244846344,352.965942382812,61.6940002441406,124.91690826416,390.275390625,68.5597076416016,133.172088623047,2506,407,4128.36474609375,670.488586425781,0,119,196.039672851562,0,100,51,,,0.8401700258255,1.64739215373993,1.37886726856232,1.77671241760254,11,6,18.1213130950928,9.884352684021,6.78396081924438,20.130993500128,980.008137075352,299.054537279942,,,,1078.59695566513,329.139423730304,,,9002,116.007848950611
2020,PB,25012,12ª Região,100,100,100,39.6765701391501,76.9462203836029,78.9018427980444,80.4061677322302,76.2692741632193,81.0078977059045,74.501692365551,34.9379465964648,69.838285069575,70.8723297119141,1.53500556945801,23.8861846923828,74.2044143676758,,,,,,775.066345214844,219.989562988281,154.786468505859,6.14484262466431,395.046417236328,83.4674911499023,100.342002868652,441.274444580078,94.7847442626953,108.142051696777,6078,799,3446.12524414062,453.019744873047,0,128,72.5738754272461,0,201,135,,,0.765427589416504,1.13963663578033,0.859546899795532,1.13254940509796,1,0,0.56698340177536,0,1.84949994087219,21.3984556684299,829.289097555987,283.477144845531,,,,912.71558077012,311.994945616991,,,32452,162.387866376749
2020,PE,26010,Recife,70.1449222655746,68.2531964465612,60.4716774832532,72.00521053611,58.8029300806956,60.2206019184247,63.130381824026,57.6136421309063,66.2025680499399,57.6694693035137,70.5350949907801,55.3907056216271,61.9255867004395,2.21283984184265,32.2049217224121,64.458854675293,,,,,,853.702819824219,200.484588623047,127.850006103516,2.58490300178528,459.061431884766,90.0281982421875,88.257942199707,518.315063476562,103.192413330078,96.0696029663086,228209,32255,5357.42236328125,757.216674804688,815,10227,240.088516235352,19.1328964233398,7325,10433,,,2.44924569129944,1.71961319446564,2.85000348091125,1.94272267818451,4514,731,105.970428466797,17.1609172821045,25.8026008605957,21.4521482333255,725.969633625075,348.133001669627,,,,799.002178767757,383.155181637591,,,382200,51.1425061965467
2020,PE,26001,Afogados da Ingazeira,100,100,100,100,96.171875,97.65625,99.2578125,98.359375,100,100,100,92.1484375,85.4427947998047,0.418091982603073,10.718358039856,88.7875366210938,,,,,,842.818969726562,244.553955078125,164.785278320312,3.11332511901855,411.916229248047,90.2343368530273,101.674087524414,459.677337646484,103.010650634766,111.099800109863,11483,1155,6026.2080078125,606.136962890625,0,411,215.690292358398,0,223,172,,,0.902645468711853,1.170290350914,1.14719951152802,1.23693919181824,81,1,42.5083045959473,0.524793863296509,1.14247632026672,20.4395139635518,817.999884427744,287.062272710527,,,,900.290672801175,315.940737345206,,,30000,119.432078203735
2020,PE,26009,Petrolina,91.2820756811622,82.6416642877534,89.497890696863,70.4950495049505,90.6231799650553,92.090856144438,95.270821199767,90.0757134536983,95.1310425160163,81.8171228887595,81.2347117064648,87.5946418171229,74.683837890625,0.784543335437775,19.1686191558838,79.9765777587891,,,,,,571.64111328125,130.968460083008,99.8414306640625,5.65068483352661,407.622344970703,75.1378402709961,87.9186096191406,453.430114746094,85.187858581543,95.0946350097656,22707,2679,4445.29296875,524.461120605469,51,975,190.873321533203,9.98414325714111,774,1042,,,2.03989744186401,1.5152405500412,2.20297169685364,1.6342670917511,386,60,75.5662612915039,11.7460508346558,13.9038000106812,19.5736007643283,572.494233018524,207.118154062391,,,,630.087152860187,227.954240361068,,,62296,100.927321131145
2020,PE,26003,Caruaru,82.5878259000444,85.0741174565436,80.8896563793733,81.2214848610535,84.244089589382,86.0742430526752,89.5790128577354,82.4709664039817,88.1325176275404,78.6395686437163,79.0180423060971,77.6648693488179,75.8822326660156,1.24128031730652,24.5588836669922,73.9023361206055,,,,,,787.591003417969,189.623901367188,127.184135437012,7.60790061950684,441.875732421875,85.6990966796875,92.4774169921875,495.428192138672,97.5913391113281,100.449432373047,61865,7781,4455.40576171875,560.373596191406,88,2093,150.734085083008,6.33760118484497,1547,1439,,,1.03634178638458,1.11412143707275,1.28217589855194,1.14769995212555,482,40,34.7127685546875,2.88072776794434,6.34242630004883,20.5930542806207,599.806449986965,222.805370550974,,,,660.146978855654,245.219590828402,,,194250,94.9217861405305
2020,PE,26008,Palmares,92.3619727171931,98.3420151041893,90.9136698867266,59.0254578965557,59.278884921092,62.8499020850132,63.2646008524364,58.4379679760396,61.5712475521253,59.2097684598549,56.0419306531506,54.3831355834581,63.5331382751465,1.63717985153198,30.0897808074951,67.9165573120117,,,,,,761.332397460938,205.934173583984,124.808586120605,4.66582584381104,520.523254394531,122.729606628418,101.673393249512,583.373107910156,138.179306030273,111.17830657959,28612,3931,4578.23486328125,629.003295898438,40,937,149.930313110352,6.40044021606445,380,335,,,0.536036908626556,0.608041822910309,0.760892391204834,0.629963338375092,131,20,20.9614429473877,3.20022010803223,1.80220401287079,22.2719080835833,649.518569833139,249.895443156528,,,,714.860137958353,275.034924738074,,,94565,114.739439199817
2020,PE,26004,Garanhuns,98.1526092628234,99.4655428327147,97.6021899350322,82.4818416841069,72.6332635725717,76.5111412039887,79.0594607903484,74.4675612458451,79.9458328203866,68.2014034223809,79.8104148713529,70.7743444540195,74.5520172119141,1.23759186267853,19.0150833129883,79.6055145263672,,,,,,793.752319335938,208.353134155273,143.105697631836,6.4932074546814,432.745635986328,85.1467971801758,96.9465713500977,485.182464599609,97.4905014038086,105.915679931641,25015,3191,4571.88916015625,583.205993652344,21,902,164.854843139648,3.83808398246765,535,409,,,0.747512578964233,0.977797627449036,0.996485412120819,1.01617848873138,91,5,16.6316967010498,0.913829505443573,4.11314678192139,19.5959263592886,713.688575496432,224.130897055073,,,,785.485646191373,246.678465298813,,,90812,139.205052590524
2020,PE,26005,Goiana,99.1382511735972,100,98.4174292270922,78.4062285321731,88.6191893748569,89.6496450652622,91.5960613693611,87.4971376230822,93.5882757041447,87.5658346691092,76.5514082894436,92.0540416762079,68.0576248168945,1.91256833076477,23.7208137512207,73.9443588256836,,,,,,823.458618164062,227.805587768555,130.219879150391,2.92420172691345,451.544281005859,102.244346618652,90.769660949707,507.476776123047,115.72900390625,99.0296173095703,15686,2125,4969.900390625,673.278015136719,0,455,144.160705566406,0,308,324,,,1.0265508890152,0.975857019424438,0.964371740818024,0.885400176048279,74,0,23.445915222168,0,6.45966672897339,19.056830538117,792.15837039012,374.540069542972,,,,871.849502451366,412.218800538995,,,41810,93.6994321006273
2020,PE,26007,Ouricuri,88.1721668952184,87.5795247622687,85.7274127194659,93.6608271627235,91.8909156582987,92.8119920534586,97.5257359581001,88.6581181145024,95.123713202095,73.2165432544699,89.4347119378725,87.7370417193426,74.1565093994141,0.353294461965561,18.6892776489258,80.8337783813477,,,,,,634.05517578125,153.06706237793,133.794021606445,4.93392086029053,369.742919921875,63.0468635559082,96.4025955200195,410.681335449219,71.2206039428711,104.598617553711,16184,2558,4520.50634765625,714.499206542969,0,594,165.915756225586,0,278,270,,,0.754162549972534,0.776508092880249,0.757235109806061,0.803881406784058,111,10,31.0044612884521,2.79319477081299,1.40274238586426,25.0396702621066,618.876057033024,260.38614032327,,,,681.134988370546,286.580986039791,,,62429,147.659136483312
2020,PE,26002,Arcoverde,93.1687215696605,95.1228002502575,92.2302557613333,84.7229074165433,87.9460615030423,87.8802828482158,94.4910376582799,85.6438085841145,90.3469824042098,85.5615852655813,82.4042098339089,88.3407334320013,75.1429977416992,1.35643076896667,18.3853569030762,80.1111297607422,,,,,,653.782287597656,169.10173034668,108.691596984863,9.52550792694092,376.574584960938,76.4276123046875,80.259407043457,420.926910400391,87.0954895019531,87.928337097168,18386,3107,4288.419921875,724.688415527344,8,603,140.64599609375,1.86595010757446,402,311,,,0.72538810968399,0.937639951705933,0.88994163274765,1.00726318359375,122,5,28.4557399749756,1.16621887683868,2.24637079238892,23.2442004091431,642.0405385947,263.563005513193,,,,706.629816777327,290.07744386782,,,67877,130.123893640842
2020,PE,26011,Salgueiro,98.4558181116281,96.8649044029502,98.4558181116281,91.4942528735632,97.7011494252874,98.6666666666667,100,96.7356321839081,100,100,89.1954022988506,94.2988505747126,78.1614379882812,1.12107622623444,16.6367721557617,82.2421493530273,,,,,,689.166870117188,151.724609375,128.797332763672,2.64187860488892,407.844482421875,65.3972396850586,94.8120346069336,453.844573974609,73.3177795410156,103.005676269531,8326,1286,5614.48486328125,867.190368652344,10,339,228.598403930664,6.74331569671631,224,162,,,1.09241712093353,1.51050269603729,1.40210390090942,1.49465596675873,66,1,44.5058822631836,0.674331545829773,2.52874326705933,21.8265176100905,679.82090470095,291.383846570629,,,,748.210887713866,320.697061535635,,,21839,117.9717921818
2020,PE,26012,Serra Talhada,91.8019260660663,92.7603752120048,88.8849069262536,85.6825749167592,91.9256381798002,91.842397336293,95.7547169811321,92.6470588235294,93.4517203107658,94.9500554938957,84.4617092119867,85.1553829078801,71.4630889892578,0.510067105293274,23.6510066986084,75.0335540771484,,,,,,751.03466796875,220.209503173828,139.756317138672,3.25786852836609,396.337127685547,86.4684982299805,94.0587768554688,441.846862792969,98.7463455200195,101.396339416504,13135,1723,5447.1787109375,714.540466308594,10,519,215.233016967773,4.14707183837891,256,201,,,0.833561420440674,1.06165039539337,1.31006002426147,1.16460144519806,125,7,51.8383979797363,2.90295028686523,2.55998730659485,22.8142921842629,689.595289305791,291.316007184201,,,,758.968575409954,320.622397506932,,,35261,126.737339301799
2020,PE,26006,Limoeiro,96.2156944328867,97.3212948323209,96.2156944328867,78.2909930715935,85.8224275083397,87.7726456248396,88.4783166538363,86.6179112137542,91.8270464459841,84.5650500384912,77.2773928663074,86.8231973312805,74.1282501220703,0.770536780357361,20.4518737792969,78.5947494506836,,,,,,809.762268066406,208.409317016602,142.089736938477,4.58640480041504,432.640930175781,86.1734924316406,96.1249008178711,484.500213623047,98.5267715454102,104.455543518066,28724,3884,4762.41015625,643.963256835938,10,963,159.664428710938,1.65798985958099,520,491,,,0.814073026180267,0.862154722213745,0.963665187358856,0.889304339885712,52,10,8.62154769897461,1.65798985958099,2.39877963066101,21.4344525368746,664.474735458101,237.798341516185,,,,731.320893845186,261.720854672714,,,92771,114.409760466558
2020,PI,22009,Vale do Rio Guaribas,99.9511666914372,100,99.9511666914372,84.824820599409,79.8860278598565,79.864921907978,83.2418742085268,78.9151540734487,81.9966230476995,79.7804981004643,80.1604052342761,77.0578303081469,70.5164489746094,1.32926559448242,31.9677486419678,66.7029876708984,,,,,,721.561828613281,204.685256958008,172.115676879883,5.17431211471558,387.980438232422,81.9072418212891,115.283638000488,432.676086425781,93.0583801269531,124.676040649414,16499,4185,4368.8251953125,1108.16015625,0,911,241.22673034668,0,362,331,,,0.876465976238251,0.95855188369751,0.995887756347656,1.02435302734375,195,60,51.6347007751465,15.8876008987427,3.54876041412354,19.3470033793692,945.948248635852,270.765808960912,,,,1041.11064244862,298.00484934238,,,61099,112.784255521338
2020,PI,22004,Entre Rios,99.7094546475089,91.9743132601265,99.7094546475089,85.4695171849427,69.6399345335516,71.9824058919804,75.138093289689,66.8780687397709,73.9873158756137,50.2301554828151,80.9738134206219,70.6628477905074,53.2525367736816,5.06764364242554,39.1319046020508,55.2987594604492,,,,,,714.731567382812,187.980865478516,129.039764404297,3.56334853172302,404.822357177734,80.3633422851562,94.0901260375977,452.890380859375,91.9313659667969,102.297325134277,68246,9118,5517.82470703125,737.208435058594,173,3240,261.96044921875,13.9873933792114,2135,2633,,,2.12883281707764,1.72618985176086,2.1881377696991,1.79770350456238,1072,100,86.6733322143555,8.08519840240479,22.3545227050781,37.9559053022538,1474.91626768458,643.595122601703,,,,1623.29284421364,708.340791935434,,,127263,79.6597206848487
2020,PI,22002,Chapada das Mangabeiras,99.5632037132752,99.8545701458352,99.5632037132752,74.5896464646465,76.5467171717172,77.8093434343434,82.5757575757576,76.7992424242424,82.9229797979798,71.1805555555556,67.645202020202,79.6401515151515,62.9388809204102,0.585175573825836,37.8738632202148,61.443431854248,,,,,,585.117431640625,157.648208618164,123.79426574707,8.46286678314209,364.176849365234,78.4106597900391,91.7955856323242,405.311401367188,88.8012771606445,100.488708496094,10681,2679,5396.9248046875,1353.65246582031,0,274,138.447463989258,0,201,133,,,0.672026038169861,1.01561832427979,0.827653110027313,1.11995911598206,9,0,4.54754447937012,0,2.4425368309021,18.2045876085358,897.240469988645,290.628456996488,,,,987.502861269503,319.865679770335,,,34330,176.116809792379
2020,PI,22006,Serra da Capivara,98.3110338601668,97.148901195144,98.3110338601668,89.8409893992933,82.3321554770318,89.2226148409894,90.5035335689046,87.5883392226148,84.3639575971731,84.1872791519435,88.4275618374558,83.7014134275618,58.2505912780762,0.992907822132111,34.8463363647461,64.1134719848633,,,,,,649.520751953125,207.55110168457,152.472808837891,3.92967939376831,352.148712158203,83.3027420043945,107.036956787109,390.422790527344,93.0805206298828,116.851989746094,13086,3100,8789.6884765625,2082.22778320312,0,407,273.376373291016,0,152,94,,,0.631385207176208,1.02096331119537,0.776973247528076,1.0374196767807,5,0,3.35843205451965,0,2.2642548084259,18.125979112882,886.421790896964,265.501220475093,,,,975.595823061199,292.210643254888,,,27332,175.695270386018
2020,PI,22007,Tabuleiros do Alto Parnaíba,100,97.4219385520305,100,86.0544217687075,93.7641723356009,96.4852607709751,98.8662131519274,84.6938775510204,95.2380952380952,83.6734693877551,78.1179138321995,81.0657596371882,76.78369140625,0.453001141548157,33.295581817627,66.2514190673828,,,,,,707.835998535156,217.955368041992,126.621688842773,4.10557174682617,488.33251953125,116.209579467773,106.50708770752,546.821166992188,133.296264648438,117.355979919434,2526,635,5243.38330078125,1318.11108398438,0,70,145.303573608398,0,40,28,,,0.581214308738708,0.830306172370911,0.716657996177673,0.899844288825989,0,0,0,0,7.28386116027832,16.2824020999776,1077.05589345681,604.674613395073,,,,1185.40771633857,665.504879502618,,,7243,136.461080855215
2020,PI,22010,Vale do Sambito,100,100,100,82.6366559485531,82.7170418006431,87.2990353697749,86.8971061093248,86.4147909967846,85.2893890675241,92.524115755627,78.4565916398714,85.8520900321543,55.5652160644531,1.30434787273407,29.2173919677734,69.3913040161133,,,,,,840.847595214844,250.943374633789,208.807357788086,5.79064607620239,357.208221435547,78.1537628173828,116.268196105957,396.634124755859,88.6578140258789,126.091285705566,5363,1157,5021.6767578125,1083.36376953125,0,194,181.653045654297,0,109,56,,,0.524359285831451,1.02062797546387,0.767109572887421,0.943846762180328,2,0,1.87271177768707,0,2.07683730125427,19.4752012917102,842.799356376304,279.235614593673,,,,927.58497162776,307.326717421797,,,16453,109.054169680796
2020,PI,22011,Vale dos Rios Piauí e Itaueiras,99.7668819139617,98.4198710430957,99.7668819139617,84.7605732261447,68.0181754631248,71.0590702551555,71.5833624606781,68.9968542467669,76.581614819993,63.0199231038099,80.2167074449493,73.3659559594547,65.8218154907227,0.460829496383667,36.4055290222168,63.0952377319336,,,,,,746.818481445312,219.117782592773,179.408676147461,3.65150547027588,376.975860595703,82.1423110961914,111.109840393066,419.710479736328,92.43798828125,120.01399230957,11046,1955,5284.66162109375,935.317199707031,20,436,208.592483520508,9.56846237182617,311,183,,,0.875514328479767,1.48789584636688,1.04128789901733,1.45237302780151,35,0,16.7448081970215,0,4.9559850692749,20.2349143931764,1017.92930222539,314.984662170248,,,,1120.33299002927,346.672119184575,,,32608,127.522123180557
2020,PI,22001,Carnaubais,100,99.2457912457913,100,75.7425742574257,88.3168316831683,88.5148514851485,94.3069306930693,85,97.8217821782178,87.4752475247525,74.5544554455445,94.8019801980198,60.8383903503418,1.93050193786621,36.2934379577637,61.6657485961914,,,,,,783.112670898438,221.912475585938,158.334243774414,11.007025718689,365.197357177734,78.7090377807617,94.5235061645508,406.856353759766,88.7584457397461,103.669548034668,9280,2197,5673.134765625,1343.09008789062,0,282,172.394821166992,0,173,112,,,0.684688627719879,1.05759942531586,0.819639563560486,1.02794992923737,32,0,19.5625324249268,0,3.40999412536621,18.322785446008,784.137042607897,210.102434465871,,,,863.021229094252,231.238739373137,,,26627,132.593960448227
2020,PI,22003,Cocais,99.1763932597698,98.8900728996534,99.1763932597698,74.5478246700342,76.9920156428222,78.8496007821411,82.4995926348379,77.6112106892619,81.4730324262669,59.3449568192928,71.191135734072,77.7904513605996,65.6976776123047,1.3444766998291,34.1206398010254,64.4077072143555,,,,,,720.066162109375,204.739318847656,134.422302246094,8.14354705810547,375.762115478516,81.8958206176758,91.6931762695312,419.498016357422,93.0106506347656,99.9242630004883,20247,3777,5030.77294921875,938.471374511719,10,535,132.93147277832,2.48470044136047,415,270,,,0.670869112014771,1.0311506986618,0.725408315658569,1.00909900665283,70,0,17.3929023742676,0,2.28716683387756,20.9729494272239,632.903588689599,180.816023059993,,,,696.573689711773,199.006114979828,,,68641,159.116200706649
2020,PI,22008,Vale do Canindé,100,100,100,76.0250173731758,84.7810979847116,87.5608061153579,88.1167477414871,84.08617095205,89.7845726198749,89.2286309937457,68.2418346073662,89.1591382904795,71.2871322631836,0.761614620685577,27.2658042907715,71.8202590942383,,,,,,709.40185546875,228.21842956543,147.562927246094,5.29715776443481,367.173522949219,79.2911605834961,97.7839202880859,406.317626953125,90.1096115112305,105.294219970703,5997,1412,5496.48974609375,1294.154296875,10,233,213.553787231445,9.16539859771729,131,82,,,0.751562714576721,1.20066726207733,0.911728024482727,1.27421963214874,24,0,21.9969577789307,0,2.40408420562744,18.3898873023334,912.100373250817,257.250306129945,,,,1003.85767079985,283.129686926617,,,19071,131.412745583194
2020,PI,22005,Planície Litorânea,94.0066153094102,96.0707773880589,92.5829322162714,12.3410268487989,47.197362223269,53.2265661799341,55.1342439943476,47.8568064060292,53.7211493170042,35.4922279792746,9.48469006721434,45.4545454545455,52.7039222717285,1.26182961463928,49.9098701477051,48.7381706237793,,,,,,759.236083984375,204.929702758789,117.051856994629,8.05998134613037,429.829132080078,94.8235626220703,93.6240005493164,480.146301269531,108.213096618652,100.481231689453,14680,2061,5222.86083984375,733.264099121094,27,722,256.873687744141,9.60608005523682,339,360,,,1.28081059455872,1.20609664916992,1.36602008342743,1.2355375289917,68,15,24.1930885314941,5.33671092987061,5.58148813247681,17.3836699585267,819.766206580342,193.931613043649,,,,902.234686962324,213.44113331584,,,32883,76.3787196540388
2020,PR,41018,18ª RS Cornélio Procópio,88.9214360485751,65.2700340996392,77.3518193213318,75.945648182152,82.9232464193904,83.5842820418656,85.4572163055454,82.1887623944179,85.1266984943077,84.9798016893133,65.5159750275431,89.6437752478884,85.0502548217773,0.795644879341125,10.4271354675293,88.7772216796875,,,,,,874.882751464844,242.622116088867,153.78092956543,3.7113401889801,364.770202636719,72.6793518066406,85.9244079589844,408.663269042969,82.6099014282227,93.4309310913086,17933,4562,8087.25390625,2057.32739257812,34,659,297.189544677734,15.3329963684082,293,299,,,1.34840178489685,1.32134354114532,1.29800581932068,1.38921463489532,174,13,78.468864440918,5.86261653900146,11.8113679885864,24.8088273559933,971.054628385816,560.391254453395,,,,1068.74272400143,616.766614651406,,,10432,29.1462251569377
2020,PR,41002,2ª RS Metropolitana,69.6847571519251,30.2452284019524,45.7259450171821,87.6705552578425,84.2697555546395,84.7376231501711,86.3226019209366,81.6872088709345,79.4426810668206,86.0711488519725,56.5831237891092,83.5524959808731,82.8916091918945,0.792816698551178,13.9668254852295,85.103271484375,,,,,,658.221923828125,135.73762512207,100.57145690918,2.55819702148438,353.805419921875,57.8230323791504,68.2013397216797,399.881683349609,66.8748321533203,74.5000839233398,224523,32869,6078.224609375,889.820495605469,876,6387,172.907104492188,23.7148303985596,5255,11862,,,3.21124792098999,1.42261910438538,3.40475678443909,1.51086616516113,3459,432,93.6410980224609,11.6949853897095,36.6999740600586,20.8754105107713,959.195969871079,463.027104247379,,,,1055.69108444011,509.607630934665,,,96956,18.6661520566254
2020,PR,41011,11ª RS Campo Mourão,87.3345435637332,71.6532416234116,82.8776724654339,82.4048182404818,84.5773284577328,86.2981286298129,86.0184986018499,80.8560980856098,83.0931383093138,78.7266078726608,72.6177672617767,82.2112282211228,83.3057098388672,1.25503194332123,10.1112957000732,88.586311340332,,,,,,899.891662597656,264.961303710938,173.690078735352,1.45861601829529,395.060821533203,87.8661346435547,93.0105133056641,441.432983398438,99.7818374633789,101.781768798828,26252,4913,8013.55322265625,1499.71765136719,28,695,212.152206420898,8.54713916778564,447,426,,,1.30038619041443,1.36448967456818,1.59717035293579,1.48811793327332,213,12,65.0193099975586,3.66305947303772,17.5066776275635,21.7394274464517,1271.64800093048,550.479540598973,,,,1399.57578982408,605.85778238323,,,17234,35.5513033916879
2020,PR,41012,12ª RS Umuarama,99.5093551783653,80.2949658249238,88.9720701520782,94.0729084710202,91.4503015997902,92.4731182795699,94.2564909520063,93.8106477838972,91.0044584316811,92.5517964857068,43.1629649451432,90.6110674009966,89.2107391357422,0.372043579816818,11.2410306930542,88.3869247436523,,,,,,878.690856933594,235.015502929688,152.705932617188,2.62941670417786,377.742797851562,71.3322067260742,87.1752471923828,421.4404296875,81.3607482910156,94.3827896118164,21176,3253,7644.6826171875,1174.35546875,64,640,231.04443359375,23.1044425964355,399,508,,,1.83391511440277,1.44041764736176,2.59013438224792,1.59799706935883,185,14,66.7862777709961,5.05409669876099,10.4905004501343,26.4730672266383,1424.62419907818,560.49923823493,,,,1567.94139350544,616.885461601364,,,9559,22.97816932452
2020,PR,41014,14ª RS Paranavaí,83.6647655213897,81.0181393899425,80.1082710690138,61.1081513052744,80.0745871070858,85.1891315929675,81.8859882791689,86.3079381992541,83.8305807139052,89.7176345231753,27.7142059726486,86.387852956846,89.6045532226562,0.689035356044769,12.5224685668945,86.7585372924805,,,,,,818.234313964844,238.215545654297,140.402801513672,1.14689016342163,370.869598388672,75.8100738525391,84.2405853271484,413.070709228516,85.9059677124023,91.1300811767578,18307,3839,6607.59423828125,1385.62048339844,20,538,194.181762695312,7.21865320205688,300,308,,,1.11167252063751,1.08279800415039,1.28401792049408,1.19928896427155,125,2,45.1165809631348,0.721865296363831,13.7291564941406,25.5329112139581,1100.23678223311,607.625833484314,,,,1210.92060252576,668.752992332836,,,10747,24.9638929387136
2020,PR,41017,17ª RS Londrina,68.9651345966973,39.595188389745,52.6852448169616,80.4109364767518,79.158480681074,80.9839554682384,81.9826457105436,75.9413883431565,84.8886705959398,76.1132940406025,39.7184020956123,81.6797642436149,82.7315368652344,0.956851422786713,11.2114095687866,87.7504959106445,,,,,,754.512817382812,177.520324707031,112.107276916504,1.92202830314636,340.836395263672,59.5596504211426,70.1762237548828,380.978607177734,67.868522644043,76.2830657958984,61074,9917,6281.50439453125,1019.97052001953,130,1656,170.320785522461,13.3705930709839,1834,2642,,,2.7173159122467,1.88628208637238,3.06667399406433,1.99406957626343,1036,179,106.553337097168,18.4102783203125,26.4791221618652,25.5669514840621,1195.21390337163,526.963662614817,,,,1315.45242205082,579.976207073868,,,33277,30.3812284910875
2020,PR,41008,8ª RS Francisco Beltrão,96.6976970157255,89.6270773766976,86.7483470335954,98.9560329251154,95.1415378438065,95.2419192933146,98.4340493876732,96.3862678177073,89.6807869905641,94.8403934952821,80.3051596065047,89.1588034531219,80.2754211425781,0.677966117858887,11.7584743499756,87.5423736572266,,,,,,662.956970214844,187.151870727539,109.009704589844,2.64261746406555,305.070434570312,58.4839057922363,63.7957954406738,342.448486328125,67.1581649780273,69.6593704223633,27662,5056,7692.41455078125,1406.00280761719,36,578,160.733703613281,10.0110960006714,462,467,,,1.2986615896225,1.28475725650787,1.64272344112396,1.4165700674057,160,9,44.4937591552734,2.50277400016785,10.6259441375732,23.2711294961047,1218.46685525934,571.059154781317,,,,1341.04462089843,628.507705752318,,,10233,18.6467718271084
2020,PR,41010,10ª RS Cascavel,90.1031216123216,54.0546822368983,65.1184200730331,100,95.0714637752587,100,100,97.6589452932479,97.3509117792016,96.6362740266141,100,97.6466239526861,74.6526870727539,0.505178093910217,18.3884811401367,81.0937118530273,,,,,,659.289489746094,155.89111328125,113.490173339844,2.07991242408752,338.457977294922,58.4058723449707,72.7248001098633,378.244445800781,67.2355651855469,78.5412216186523,37176,4567,6707.6484375,824.021667480469,67,1165,210.200408935547,12.0887784957886,912,1279,,,2.30769371986389,1.64551734924316,2.6698157787323,1.79653680324554,522,89,94.184211730957,16.0582275390625,19.8402118682861,26.6869012391252,1078.91271088724,574.434108122438,,,,1187.45132960249,632.222179399556,,,17558,21.7520399373549
2020,PR,41015,15ª RS Maringá,79.4877669546083,49.0969753596884,62.7470564439624,100,100,100,100,100,98.3606557377049,100,69.2690879449325,93.8049089756363,84.4229125976562,0.489135533571243,15.4359893798828,84.0560607910156,,,,,,709.685119628906,182.642150878906,112.558532714844,0.947630941867828,316.629791259766,61.9957618713379,69.1312484741211,353.916168212891,70.8001708984375,74.9404602050781,49879,6380,5885.01806640625,752.749938964844,130,1291,152.319778442383,15.3381652832031,1698,2071,,,2.44348764419556,2.00340032577515,3.07070064544678,2.36054372787476,1154,151,136.155715942383,17.8158683776855,33.9715576171875,22.2250690885171,1094.70258226265,461.053498007797,,,,1204.82966203827,507.435479907381,,,16742,14.7211267168421
2020,PR,41001,1ª RS Paranaguá,79.1414306347192,71.627686185524,71.6818896471388,75.3537197626654,60.7485166590598,69.3518941122775,69.0552259242355,63.0990415335463,64.3769968051118,70.6983112733911,25.1255134641716,68.4390689183021,62.8997344970703,1.92353928089142,36.0182723999023,61.6734809875488,,,,,,788.796081542969,197.782699584961,133.078079223633,5.83509492874146,440.102264404297,85.5269393920898,89.9714736938477,492.856353759766,96.986701965332,98.4671630859375,14368,2505,4792.14453125,835.490173339844,14,245,81.7146072387695,4.66940593719482,219,313,,,1.04394578933716,0.730428516864777,1.52956402301788,0.833155453205109,98,11,32.6858406066895,3.66881895065308,19.9977321624756,21.9409017022008,915.051907894515,605.902971393366,,,,1007.1061298287,666.856810315538,,,13574,28.637826816399
2020,PR,41006,6ª RS União da Vitória,90.5764447778198,60.9787322839531,72.8730874001049,82.9656862745098,88.9297385620915,88.4803921568627,89.8692810457516,87.5408496732026,84.3954248366013,89.297385620915,72.5898692810458,88.4395424836601,83.2087936401367,0.703296720981598,10.4175825119019,88.8791198730469,,,,,,666.565673828125,196.378768920898,117.827262878418,1.76767671108246,365.115509033203,88.3112564086914,81.2015075683594,408.391052246094,100.13697052002,88.1416702270508,11454,1891,6426.6357421875,1061.00646972656,22,243,136.342971801758,12.3438091278076,141,247,,,1.38587307929993,0.791125953197479,1.30465638637543,0.844007909297943,63,5,35.3481788635254,2.80541110038757,8.32870483398438,24.5844489312538,713.475781874785,478.258207387021,,,,785.251445531388,526.370983050155,,,7659,25.1026242623172
2020,PR,41016,16ª RS Apucarana,95.9060172098762,82.3466025330689,91.8354598410195,91.5099940629329,74.2133386107263,76.6871165644172,75.7569760538294,73.1842469819909,68.0387888383139,67.9794181674253,13.6232481450948,62.4579457747873,83.5763320922852,0.407375633716583,12.1998281478882,87.3927993774414,,,,,,768.428588867188,212.950485229492,139.127655029297,1.17568016052246,349.159210205078,69.2677230834961,85.5618057250977,391.556396484375,79.6320114135742,93.1899337768555,23976,4967,6188.728515625,1282.09094238281,94,906,233.858352661133,24.26344871521,650,841,,,2.17080426216125,1.67779171466827,2.02509450912476,1.79549527168274,186,13,48.0106544494629,3.35558342933655,12.9497127532959,21.2911356061602,911.351477935856,386.771237512949,,,,1003.0334366162,425.680424006752,,,11764,19.2968917824343
2020,PR,41003,3ª RS Ponta Grossa,81.3955276458395,56.5083878216142,73.5261488828529,92.1188494363081,90.622695184912,89.5796017279528,93.3937414392582,90.9071752186282,98.8936887577705,91.3286271204299,82.6888631334949,92.2452850068486,79.4511184692383,0.697541475296021,14.0766153335571,85.1686706542969,,,,,,671.776977539062,178.331344604492,116.708992004395,4.05374097824097,387.488647460938,87.3915557861328,84.1555633544922,433.180297851562,98.9594039916992,90.8109130859375,36840,5981,5732.74560546875,930.71533203125,61,773,120.288070678711,9.49233150482178,704,1013,,,1.57634949684143,1.09550845623016,1.66835510730743,1.19653952121735,329,60,51.196346282959,9.33671951293945,20.7886734008789,20.2255209147555,723.675569023981,386.404775966471,,,,796.477331267794,425.277096428698,,,23333,22.5374064059232
2020,PR,41022,22ª RS Ivaiporã,95.3157915192973,93.6445256325547,89.2261650277896,86.2400906002265,92.9218573046433,93.6579841449604,94.3374858437146,95.4699886749717,97.3952434881087,98.6976217440544,60.5889014722537,98.9241223103058,85.1875381469727,1.08073747158051,8.58232688903809,89.3833465576172,,,,,,939.192199707031,301.013061523438,176.835357666016,2.67782425880432,395.281799316406,89.6415328979492,94.1633529663086,440.171447753906,102.419395446777,102.559112548828,11098,3667,8722.3056640625,2882.02319335938,32,498,391.395599365234,25.1499176025391,155,113,,,0.888106465339661,1.21819913387299,1.12133264541626,1.44729912281036,73,24,57.3732490539551,18.8624382019043,6.39122247695923,21.6453022344404,1079.74311967041,585.286951377823,,,,1188.36527750925,644.166818686432,,,8425,37.9885579241887
2020,PR,41020,20ª RS Toledo,86.1742856927669,53.8999756479038,62.8851459744981,94.9982987410684,99.2344334807758,100,100,98.4008166042872,100,98.8941816944539,58.9316093909493,97.9074515141205,85.2737197875977,0.565693438053131,10.1824817657471,89.0510940551758,,,,,,738.976318359375,188.166427612305,122.706413269043,1.88615691661835,341.783996582031,62.7407150268555,74.8498458862305,382.400848388672,71.1812057495117,81.2211837768555,23373,3052,5817.478515625,759.634826660156,30,557,138.635848999023,7.46692132949829,515,621,,,1.54565274715424,1.28182148933411,1.96143579483032,1.39027857780457,403,17,100.305648803711,4.23125553131104,29.572244644165,25.9654641864779,1224.23434381143,702.472850801987,,,,1347.39231879886,773.141619592667,,,7228,13.8121092335952
2020,PR,41019,19ª RS Jacarezinho,81.9043664798284,73.287315756695,74.8917029963324,82.7111464124967,89.0653958167858,90.3891977760127,90.2038655017209,88.138734445327,94.1487953402171,98.1996293354514,29.6646836127637,87.3974053481599,82.5258178710938,1.61503839492798,12.2848825454712,86.0471267700195,,,,,,864.6796875,246.558029174805,157.120315551758,4.75239610671997,391.214233398438,78.1620788574219,91.2470245361328,438.420654296875,89.6736221313477,99.7112350463867,19412,4296,6703.33935546875,1483.49206542969,19,778,268.658477783203,6.56106805801392,281,332,,,1.14646029472351,0.97034740447998,1.25730776786804,1.06833183765411,132,1,45.5821571350098,0.345319360494614,9.64235305786133,23.8444589457573,873.874468721888,499.723004048163,,,,961.78624027531,549.995138255408,,,13877,33.3672205506463
2020,PR,41005,5ª RS Guarapuava,85.8839607785592,73.5618841535129,77.2501188163483,89.3458731049972,96.2661426165076,98.3576642335766,98.0628860190904,94.8624368332398,88.9809096013476,98.8629983155531,65.6513194834363,91.2268388545761,79.5775680541992,0.116533137857914,18.441370010376,81.4275283813477,,,,,,690.823974609375,205.344650268555,123.994049072266,1.58277940750122,394.947570800781,89.1506118774414,86.1953735351562,440.891632080078,101.143798828125,93.8596496582031,33514,6499,7328.98876953125,1421.22985839844,46,858,187.631210327148,10.0594825744629,495,522,,,1.14153254032135,1.08248770236969,1.18893241882324,1.12463915348053,234,14,51.1721496582031,3.0615816116333,8.80751419067383,21.3522810656987,707.242417874359,426.568129819728,,,,778.39100511252,469.480883679592,,,26102,32.7907268701889
2020,PR,41007,7ª RS Pato Branco,81.1936355403878,71.6263649086568,71.3951069100489,100,97.996537224833,100,99.2579767499382,97.7491961414791,92.5797674993816,98.4170170665348,59.0897848132575,100,81.7737579345703,1.3193256855011,9.35743999481201,89.2010726928711,,,,,,692.202575683594,163.090225219727,120.269729614258,4.35718107223511,359.393371582031,65.0842132568359,80.3225479125977,399.076141357422,72.6520690917969,86.4768218994141,19118,3496,7118.62744140625,1301.74291992188,52,579,215.591873168945,19.3623104095459,400,515,,,1.91761338710785,1.48940849304199,2.30309081077576,1.59106051921844,127,4,47.2887191772461,1.48940849304199,18.3461608886719,22.4891075410274,1458.02750907444,574.262403511529,,,,1604.70507648733,632.033201304789,,,10148,24.9915535259883
2020,PR,41013,13ª RS Cianorte,71.0959773907197,73.1819822960371,64.9674431344231,88.7672536887197,95.0975725844836,93.146120894812,95.9543074726321,95.0499762018087,97.3821989528796,99.3812470252261,78.3436458829129,100,89.2199325561523,0.86673891544342,8.99241638183594,89.9241638183594,,,,,,698.822326660156,207.058471679688,134.341506958008,0.705467343330383,333.562072753906,73.3252944946289,84.9036026000977,372.857940673828,84.0523452758789,92.6631927490234,10648,1814,6561.78173828125,1117.86926269531,16,252,155.293853759766,9.8599271774292,182,243,,,1.4974764585495,1.12156677246094,1.56988537311554,1.2230931520462,49,2,30.1960277557373,1.23249089717865,13.7163915634155,24.4637146722021,1269.2956890477,590.075778376763,,,,1396.98683536589,649.437401681466,,,4346,20.2168350126022
2020,PR,41021,21ª RS Telêmaco Borba,77.6250159188352,65.4173918580464,66.9429468947659,70.0111482720178,78.9297658862876,82.8316610925307,81.0479375696767,82.5343738387217,84.9498327759197,86.1761426978818,71.2746191007061,86.6963953920476,77.8315200805664,1.04796457290649,15.1551790237427,83.5550155639648,,,,,,749.934143066406,217.654815673828,126.482215881348,3.44342947006226,452.268951416016,103.535682678223,94.6454086303711,502.964233398438,116.730186462402,102.059097290039,11119,1825,5859.8154296875,961.791809082031,10,174,91.6996078491211,5.27009201049805,140,142,,,0.748353123664856,0.737812936306,0.925559937953949,0.760737836360931,135,2,71.1462478637695,1.05401849746704,16.7488803863525,17.9139651329867,809.550314609246,455.165280277625,,,,890.991076258936,500.954907473554,,,10513,36.9199938666667
2020,PR,41004,4ª RS Irati,82.7665449057639,62.9806840333156,70.6104622912772,94.9672667757774,88.6661211129296,92.5941080196399,89.9345335515548,90.0163666121113,89.7299509001637,94.0261865793781,78.4779050736498,89.3617021276596,88.3677291870117,1.17260789871216,6.05065679550171,92.7767333984375,,,,,,671.876586914062,216.386291503906,115.292434692383,2.78951811790466,350.588439941406,90.9994354248047,76.6204071044922,391.81982421875,103.187164306641,83.5914077758789,10222,2015,5805.513671875,1144.40515136719,20,273,155.048446655273,11.3588600158691,142,157,,,0.891670525074005,0.806479096412659,1.04458916187286,0.889966726303101,75,2,42.5957260131836,1.13588607311249,7.21344423294067,21.0057417253546,798.729196663866,425.104368986984,,,,879.081353848251,467.869868507074,,,9625,31.5470912366391
2020,PR,41009,9ª RS Foz do Iguaçu,95.7108309801342,71.1402176977058,76.652390866785,85.5774985038899,79.6379413524835,79.9970077797726,82.6152004787552,76.5409934171155,73.8479952124476,68.821065230401,76.0771992818672,75.9724715739078,80.5555572509766,0.282485872507095,20.9039554595947,78.5310745239258,,,,,,721.043518066406,191.24186706543,114.991882324219,2.46406579017639,385.276336669922,77.8686294555664,78.8260116577148,431.216369628906,88.9990768432617,85.7360687255859,25390,3262,6265.330078125,804.943176269531,54,556,137.200607299805,13.3252391815186,635,811,,,2.00125360488892,1.56694948673248,2.63802719116211,1.68039906024933,424,68,104.627807617188,16.7799320220947,23.073392868042,24.1080356766019,1392.64151218801,555.192405060161,,,,1532.74124831412,611.044761009213,,,13538,22.4057213001486
2020,RJ,33001,Baia da Ilha Grande,90.541078450885,54.6551688639686,58.0094572058006,82.1447299423178,55.8993183009963,54.7718930256948,59.465128474043,51.6780283167278,57.3413738856843,51.1798636601993,79.1557420031463,45.5689564761405,67.2249526977539,1.4149581193924,24.805082321167,73.2024230957031,,,,,,726.48876953125,151.379989624023,138.877624511719,7.86046504974365,444.020263671875,72.8727035522461,99.0303421020508,496.543975830078,83.2752990722656,107.600494384766,13715,1948,4634.32275390625,658.232666015625,12,442,149.352584838867,4.0548210144043,467,724,,,2.44640874862671,1.57800126075745,2.59390306472778,1.65267753601074,138,31,46.630443572998,10.4749546051025,14.4966611862183,34.0781194118714,2008.4959661723,995.516420330934,,,,2210.55066036924,1095.66537221623,,,15382,37.6493160530371
2020,RJ,33007,Noroeste,82.3048269484277,94.1072572237651,80.1821414108923,71.7615309126595,73.9450441609421,73.0127576054956,77.2080471050049,69.8724239450442,75.711481844946,69.5780176643768,64.6712463199215,66.3395485770363,78.3900451660156,0.914169609546661,27.2727279663086,71.7115249633789,,,,,,1015.69183349609,223.228973388672,180.300323486328,5.80445194244385,418.157592773438,69.8043899536133,101.852226257324,466.336547851562,79.3577728271484,110.72673034668,20906,3999,5983.10888671875,1144.47778320312,88,751,214.929443359375,25.1848087310791,463,811,,,2.32100892066956,1.32506430149078,2.1435706615448,1.24020874500275,535,59,153.112182617188,16.8852691650391,13.9034452438354,21.3238898316133,1406.13524961874,416.214996338217,,,,1547.59245573039,458.086224969841,,,20989,36.4028827526995
2020,RJ,33002,Baixada Litorânea,61.3306855818981,46.8248412420621,52.1445119875041,65.7315154693235,58.4163607760881,58.4775388918021,61.8772941793393,54.0377556371264,60.0594301695508,45.3766823981821,39.1102954029016,49.8863834993882,61.0105018615723,1.81093811988831,32.4972839355469,63.3556671142578,,,,,,850.318664550781,173.12646484375,156.760696411133,13.1564474105835,427.223022460938,71.6919708251953,98.99169921875,478.551452636719,81.5523452758789,107.744781494141,31160,3241,3642.55297851562,378.867584228516,57,1090,127.419212341309,6.66320657730103,1040,1589,,,1.85751497745514,1.21574294567108,2.1156849861145,1.12055850028992,422,93,49.3311080932617,10.8715476989746,17.2658882141113,25.8518879969013,1204.4697946683,443.292233111656,,,,1325.63945601194,487.887431762688,,,45298,37.4201915734987
2020,RJ,33003,Centro-Sul,92.0367314096427,95.1231330353629,89.719727715358,81.4514259216323,77.0461395780199,77.1852538836077,80.2689543241363,72.8263389751913,77.6257825179689,72.7799675399954,72.6640389520056,69.9976814282402,73.2711715698242,1.08780109882355,23.4136238098145,75.0323715209961,,,,,,1009.71124267578,275.083465576172,225.97184753418,4.51650238037109,455.092651367188,101.835350036621,128.365814208984,508.569580078125,115.672485351562,139.282638549805,17248,3136,5042.125,916.75,51,733,214.278610229492,14.9088802337646,582,811,,,2.37080430984497,1.70136630535126,2.5584077835083,1.83452308177948,228,19,66.6514663696289,5.55428886413574,13.3604030609131,21.6750923565505,1740.69637863188,436.036977176486,,,,1915.81043432225,479.90229708044,,,22169,50.393396175726
2020,RJ,33004,Médio Paraíba,85.1271426663952,64.140886813805,68.8712244089404,74.7139064359608,77.3230797399982,78.4308340199579,79.8956330678385,75.2540510848668,79.3463334248833,75.4005309896549,55.5158839146755,70.5941591137966,74.3522033691406,1.52537405490875,18.2458190917969,79.8767929077148,,,,,,923.867492675781,214.574279785156,161.420852661133,5.41145944595337,428.649932861328,81.3954772949219,97.584228515625,480.327606201172,92.1830062866211,105.841766357422,48603,8199,5293.88525390625,893.042907714844,107,1817,197.909378051758,11.6545419692993,1330,2395,,,2.60865688323975,1.44864869117737,2.87292623519897,1.57281851768494,1110,334,120.90225982666,36.3795967102051,28.827564239502,26.0554665545928,1295.5508797108,563.688297949651,,,,1425.88329820971,620.395340723386,,,42457,39.3073159958044
2020,RJ,33005,Metropolitana I,50.1518193360856,33.2017784863813,39.9409984704224,60.6734781983019,58.0392862282343,58.0939703554468,61.2008922147072,57.2902575910203,61.9312131241905,58.589725140308,39.3732911210246,55.1906749172543,68.1052856445312,2.57347464561462,24.7746562957764,71.2361297607422,,,,,,1027.38940429688,214.849685668945,190.841537475586,8.2310037612915,482.395843505859,86.1451034545898,116.357444763184,554.993347167969,101.000053405762,127.709144592285,350956,43834,3329.04150390625,415.793426513672,964,12785,121.273872375488,9.14415454864502,17597,27102,,,2.57079744338989,1.66918766498566,2.65918469429016,1.69502174854279,13442,3578,127.505935668945,33.9396095275879,35.549446105957,19.2543304932547,773.967628567966,350.828985847025,,,,851.828772001904,386.122381823236,,,557540,35.1487656982843
2020,RJ,33009,Serrana,65.2616474920413,48.2812781254982,49.8883465935682,82.1721138417363,77.7890380879993,77.3245502913605,81.3022548771219,74.6643020015201,82.2903470990626,75.3230301494806,51.1189933282662,70.5430284604341,74.3267669677734,1.7892644405365,23.1519966125488,74.5797958374023,,,,,,950.474792480469,224.616729736328,169.742263793945,6.96897888183594,411.397064208984,78.6799392700195,98.8598937988281,459.636199951172,89.6725769042969,107.184219360352,45494,7009,4657.572265625,717.5654296875,94,2204,225.640502929688,9.62350559234619,1200,2521,,,2.58094239234924,1.22853267192841,2.69309711456299,1.27470505237579,1325,238,135.650482177734,24.3658981323242,20.9073734283447,22.2820915472191,1273.20115836681,418.541066791469,,,,1401.28519489851,460.646298110691,,,45620,33.3025204944844
2020,RJ,33008,Norte,53.4155538514425,36.2350265753497,31.187243832139,42.0542353112699,39.218544977402,41.4273217670214,46.0271176556349,38.1688292754046,44.2484327161394,36.5942557224085,25.0838314623123,39.3497594401516,59.1227645874023,3.5750846862793,27.3328609466553,68.0053558349609,,,,,,856.644470214844,178.720626831055,156.210403442383,9.94866752624512,470.797088623047,82.1281509399414,109.73307800293,525.766235351562,92.877067565918,118.570816040039,42992,5721,4501.205078125,598.981079101562,163,1819,190.446868896484,17.0658836364746,1434,2413,,,2.52637887001038,1.50137889385223,2.93614339828491,1.33676636219025,1285,324,134.537780761719,33.9223670959473,24.0983867645264,44.91785155186,1922.80976080599,1134.51618278552,,,,2116.24442274307,1248.64851077374,,,72459,58.8830886850057
2020,RJ,33006,Metropolitana II,76.3693086624843,53.7163135847477,66.9468454140928,50.1555435729396,34.2983947903273,34.6260732506533,36.1939524658841,32.825915633166,35.3809780579866,32.5148284872869,39.1389107802066,25.2934588742793,73.700080871582,0.872704029083252,27.5427207946777,70.6935958862305,,,,,,970.926208496094,198.633728027344,171.651824951172,10.5456476211548,439.618743896484,74.9588241577148,100.464744567871,494.268493652344,85.2239761352539,109.547760009766,80448,11737,3775.0263671875,550.75927734375,161,2406,112.901664733887,7.55493259429932,3122,4358,,,2.04499363899231,1.4650000333786,2.02421760559082,1.44150233268738,2243,398,105.252883911133,18.6761684417725,29.2899589538574,19.9813714611805,1019.43781194573,315.944862202139,,,,1121.99325582747,347.728915339674,,,118588,38.3099766684905
2020,RN,24004,4ª Região de Saúde - Caicó,99.2875445686526,100,99.2875445686526,61.5384615384615,85.5255431591309,86.347621843805,88.0211391661773,83.4409864944216,84.9383440986494,87.8449794480329,60.3053435114504,78.8314738696418,81.4825897216797,0.750300109386444,17.1068420410156,81.0624237060547,,,,,,771.040893554688,188.832885742188,148.757995605469,4.44906425476074,337.628936767578,57.3434181213379,92.0358657836914,374.895385742188,64.3996734619141,99.3838882446289,14676,2102,4705.11279296875,673.899353027344,0,675,216.404418945312,0,359,343,,,1.0996550321579,1.15095090866089,0.999708235263824,1.14069175720215,84,10,26.930326461792,3.20599126815796,3.91195058822632,23.6812893767385,870.412578021264,357.968374437768,,,,957.976083370203,393.979992906207,,,33410,65.304627242591
2020,RN,24008,8ª Região de Saúde - Açu,100,99.4065300693543,100,85.2101712506487,74.3124026984951,73.4820965230929,76.2843798650753,71.043072132849,74.7794499221588,69.6938245978205,82.6673585884795,71.8214841722885,76.8805313110352,1.27212393283844,32.4668159484863,66.2057495117188,,,,,,728.650146484375,182.477157592773,145.981719970703,4.83592414855957,390.962341308594,81.9507217407227,104.809707641602,433.779632568359,91.9891891479492,112.612487792969,6701,679,4216.48095703125,427.248229980469,0,184,115.778610229492,0,170,132,,,0.830585718154907,1.06969368457794,0.887216567993164,1.04515361785889,14,0,8.80924224853516,0,4.34547328948975,26.1336500996755,953.24447167242,412.759250530449,,,,1049.14086552267,454.282831133813,,,21222,94.5717441028416
2020,RN,24003,3ª Região de Saúde - João Câmara,98.7247364824052,100,98.7247364824052,71.3602781399392,75.8258586742507,78.0135637716036,80.9232115510829,71.494202581492,77.0317253368101,62.4511082138201,69.600173837462,71.8879894990155,65.6881942749023,0.913241982460022,34.1595993041992,63.5572967529297,,,,,,614.657104492188,186.285339355469,126.256935119629,3.11783576011658,363.7919921875,86.9091491699219,96.2588958740234,406.305541992188,97.9026107788086,104.116432189941,16008,1462,4511.4306640625,412.025970458984,0,388,109.347518920898,0,329,217,,,0.611557006835938,0.927199363708496,0.756555199623108,0.951999843120575,25,0,7.04558753967285,0,3.74374341964722,21.5722399537971,961.315144498672,468.370542518709,,,,1058.02344803524,515.488619096091,,,49011,103.846491533458
2020,RN,24006,6ª Região de Saúde - Pau dos Ferros,93.1705998775922,92.7994022685182,93.1705998775922,73.7116564417178,84.8773006134969,86.1042944785276,87.6687116564417,83.5276073619632,89.9693251533742,85.2147239263804,65.4907975460123,83.9570552147239,80.9256210327148,0.859504103660583,20.6280994415283,78.4793395996094,,,,,,817.324096679688,196.395843505859,174.177322387695,1.65048539638519,379.94970703125,61.5975761413574,104.201667785645,421.781188964844,70.1814804077148,112.364280700684,12846,2094,5096.76953125,830.813903808594,6,861,341.609741210938,2.38055562973022,317,212,,,0.841129660606384,1.2577269077301,1.12520933151245,1.34719610214233,52,2,20.6314811706543,0.793518543243408,2.02982044219971,23.2329632960001,1069.79042814902,420.843097830839,,,,1177.41134522081,463.179913472621,,,36693,111.077230342562
2020,RN,24002,2ª Região de Saúde - Mossoró,80.7042345596287,85.4474806739994,80.0913592756631,84.1675995522149,62.4180393411163,62.5939549016472,64.6089876859108,60.5309451463298,64.6569646569647,61.9222773068927,82.6643211258596,61.3785383016152,77.2110061645508,1.2534818649292,30.9366302490234,67.7750701904297,,,,,,729.561950683594,174.139129638672,143.158554077148,3.52484035491943,412.908355712891,74.7722778320312,102.066421508789,461.224395751953,84.2614517211914,111.376892089844,21646,1882,4383.04150390625,381.081207275391,73,1006,203.702285766602,14.7815771102905,576,652,,,1.32021760940552,1.1663271188736,1.22474479675293,1.13600468635559,287,70,58.1138725280762,14.1741151809692,13.4704713821411,27.9595632129558,919.885791671433,409.055972857797,,,,1012.42630231358,450.207003727291,,,49489,61.1066019888308
2020,RN,24001,1ª Região de Saúde - São José de Mipibu,100,99.4166956287186,100,87.0295944464742,74.4793569601754,77.3109243697479,80.288637194008,70.0036536353672,78.2608695652174,57.6178297405919,85.0748995250274,77.25611983924,66.4487228393555,1.23295342922211,28.0403518676758,67.8871688842773,,,,,,684.899780273438,187.259170532227,125.955612182617,5.7540431022644,392.693054199219,77.2721176147461,89.3429565429688,438.227844238281,86.8611145019531,96.7179336547852,17766,1369,4576.1298828125,352.624206542969,0,357,91.955322265625,0,380,295,,,0.759854912757874,0.978796184062958,0.964243054389954,1.02573978900909,77,10,19.8335018157959,2.5757794380188,3.68181920051575,22.7939389738632,839.12624096773,298.967966111806,,,,923.542340809084,329.044143502653,,,54502,108.074703365513
2020,RN,24005,5ª Região de Saúde - Santa Cruz,99.1433795762611,99.0330723059188,99.1433795762611,100,77.7263969171484,77.3410404624277,83.4296724470135,71.7919075144509,81.6570327552987,75.3371868978805,100,72.52408477842,70.1603469848633,0.703949928283691,22.3699645996094,75.0879974365234,,,,,,687.198669433594,162.042526245117,129.436401367188,4.02588081359863,350.998962402344,59.2975082397461,85.9808502197266,390.927978515625,67.3482437133789,93.5429458618164,9871,880,4876.5908203125,434.748229980469,0,378,186.744125366211,0,232,174,,,0.859615862369537,1.14615440368652,1.390700340271,1.32289445400238,52,10,25.6896686553955,4.94032096862793,2.63170886039734,24.6091804391508,877.15041812418,359.968087709186,,,,965.391750187473,396.18087733273,,,31820,118.133459086238
2020,RN,24007,7ª Região de Saúde - Metropolitana,71.9433815197964,49.1693471031395,58.8568595353059,85.8968190323443,70.9222133119487,71.488906709436,75.2846832397755,66.9018978882652,79.7701149425287,64.3357391071906,77.6797647687784,69.8262496658647,61.4971084594727,1.33232045173645,30.5498752593994,66.0024566650391,,,,,,671.674133300781,142.061080932617,132.366821289062,2.23548555374146,368.261535644531,59.041431427002,90.236213684082,412.634033203125,66.8587417602539,98.4099731445312,59525,6745,4338.73095703125,491.637786865234,279,2914,212.399185180664,20.3360919952393,1984,3402,,,2.47969126701355,1.44612216949463,2.63414359092712,1.479851603508,1274,171,92.8608627319336,12.464056968689,29.6766262054443,31.0261903971763,849.858313071051,446.016377240921,,,,935.354059365999,490.885624791358,,,87416,40.0507188414987
2020,RO,11005,Zona da Mata,92.0037975521979,100,89.7959183673469,33.7986041874377,77.7666999002991,81.505483549352,81.9042871385843,79.4117647058823,80.7078763708873,83.7487537387836,27.2681954137587,80.259222333001,76.4389419555664,1.34480905532837,25.9279174804688,72.5658950805664,,,,,,547.161315917969,140.846115112305,92.1767730712891,7.68194055557251,346.198944091797,75.6566009521484,72.0681457519531,384.843078613281,87.0277938842773,77.3522720336914,8903,2347,6565.1982421875,1730.71105957031,0,248,182.878723144531,0,115,96,,,0.707917630672455,0.84802633523941,1.11238932609558,1.02684926986694,24,0,17.697940826416,0,4.17745113372803,27.6672144489976,824.065314070814,459.702702517718,,,,906.966284666338,505.948794391001,,,6757,26.7116072060114
2020,RO,11001,Vale do Jamari,57.0607289812356,66.2747687279307,55.2441124113579,89.1466666666667,89.68,89.5733333333333,94.32,90.2933333333333,93.28,97.76,82.2933333333333,84.72,75.9576873779297,0.943396210670471,23.2704410552979,75.7289886474609,,,,,,461.088714599609,103.180686950684,88.1335067749023,5.43900537490845,341.323120117188,64.8424987792969,78.9699630737305,382.317932128906,74.7912902832031,85.8009567260742,13296,2667,4763.50830078125,955.496154785156,7,375,134.349853515625,2.50786399841309,221,237,,,0.849091053009033,0.791768491268158,1.30579102039337,1.08966684341431,187,34,66.9957962036133,12.1810531616211,3.3297266960144,23.3948443440043,718.548890331806,296.414042190737,,,,790.834908699186,326.233294835126,,,11548,22.0483670144238
2020,RO,11003,Central,82.8423872018839,85.4485257043598,82.6643117573511,90.5798497399345,90.4450009632055,90.1175110768638,94.2207667116163,87.439799653246,87.1123097669043,87.5168560970911,82.1614332498555,82.7586206896552,74.4648284912109,1.28058099746704,20.0688076019287,78.5168228149414,,,,,,581.220336914062,134.712203979492,102.568298339844,6.6365008354187,356.628234863281,68.6245574951172,77.9976806640625,397.289306640625,77.1104431152344,84.1240692138672,17491,3283,5111.17431640625,959.349670410156,6,649,189.649078369141,1.75330424308777,305,364,,,1.06367123126984,0.891263008117676,1.55430424213409,1.10604274272919,252,18,73.6387786865234,5.25991296768188,6.74554586410522,22.5316597111971,803.497568993305,338.396452334945,,,,884.329424434032,372.439135439841,,,14076,22.0834884582904
2020,RO,11006,Cone Sul,84.1195853598376,84.3453732457167,84.1195853598376,60.3813559322034,99.8728813559322,100,100,100,100,100,59.5338983050847,95.7627118644068,72.2314758300781,0.87427145242691,20.1498756408691,78.4762725830078,,,,,,593.173217773438,144.386734008789,99.3830718994141,5.58482599258423,402.170013427734,77.0759506225586,81.6170806884766,450.944976806641,87.2155151367188,89.9053573608398,11945,2225,7466.2314453125,1390.73803710938,10,396,247.520111083984,6.25050783157349,199,215,,,1.34385919570923,1.24385106563568,1.54950094223022,1.54450047016144,28,0,17.5014228820801,0,8.46193790435791,23.671443822316,1007.7199513639,492.175385199193,,,,1109.09657847111,541.688228950232,,,5097,20.5600736922375
2020,RO,11002,Café,82.9423352955875,77.6948065155363,72.429844085053,86.1522198731501,88.9358703312192,87.984496124031,92.0718816067653,85.553206483439,93.6222692036646,93.8689217758985,85.4474982381959,84.46088794926,78.3307189941406,0.783699035644531,22.7664585113525,76.2931060791016,,,,,,615.491394042969,150.980499267578,121.478569030762,4.98120307922363,384.850830078125,69.885383605957,97.1696929931641,429.190979003906,80.0655975341797,105.228210449219,10462,2157,6051.94677734375,1247.75842285156,27,420,242.957138061523,15.618673324585,328,404,,,2.33701634407043,1.89737951755524,3.00572681427002,2.25892281532288,133,10,76.9364242553711,5.78469371795654,7.80528736114502,22.888611023534,725.192559724781,359.039871049099,,,,798.146931233094,395.159282076638,,,6374,24.2220687210042
2020,RO,11004,Madeira-Mamoré,69.3753380205517,55.2693907237836,58.8377998669675,67.3288767536013,72.5167121739949,77.120798418228,82.1862348178138,72.0365314000565,73.3546747010639,73.5335655776292,65.5211373693626,68.3928067037002,38.912525177002,9.46352577209473,38.3210525512695,51.2607650756836,,,,,,614.651245117188,116.734901428223,87.1315383911133,5.4121150970459,507.257720947266,89.2686767578125,81.3540725708008,566.738037109375,102.018203735352,87.0847854614258,38177,4975,5825.60546875,759.158325195312,158,1700,259.410888671875,24.1099529266357,1209,1425,,,2.17447376251221,1.84486925601959,3.25930714607239,2.34766864776611,764,100,116.582305908203,15.259464263916,13.4411468505859,24.1507979273394,691.354972041427,374.720801054313,,,,760.905282228794,412.417713640377,,,34444,30.2538478133951
2020,RO,11007,Vale do Guaporé,97.8574118486512,95.2985947317305,97.8574118486512,68.9280868385346,90.5020352781547,88.4667571234735,94.4369063772049,84.1248303934871,82.3609226594301,92.2659430122117,54.1383989145183,68.6567164179104,75.4045333862305,1.77993524074554,15.5339803695679,82.5242691040039,,,,,,395.480224609375,91.5643844604492,64.2898864746094,13.3004922866821,316.301422119141,68.3818664550781,54.5325965881348,357.160217285156,78.6070785522461,57.9413871765137,2087,503,4065.84838867188,979.933776855469,0,110,214.29963684082,0,49,29,,,0.564971745014191,0.954607427120209,1.12750828266144,1.26144552230835,1,0,1.94817841053009,0,1.2468341588974,24.2274354478822,736.178242919152,406.040871702376,,,,810.237774156819,446.888583395636,,,3557,40.0193212039743
2020,RR,14001,Centro Norte,81.8608522875005,60.0258845170229,60.6547579778255,100,74.1717310331308,78.5434228582631,86.4830425406783,72.7504410899824,67.8298372868065,76.0145069594197,100,62.8406194863752,41.9529838562012,6.88804864883423,52.8439903259277,40.2433013916016,,,,,,589.262268066406,100.746040344238,101.488182067871,3.43198990821838,539.169372558594,87.9227981567383,102.021942138672,601.969543457031,99.5545959472656,109.934677124023,35145,4852,6520.662109375,900.220581054688,35,1238,229.693557739258,6.4937596321106,881,916,,,1.6995096206665,1.63457202911377,2.03491234779358,1.7267370223999,175,24,32.4687957763672,4.4528636932373,5.47850656509399,19.5301566480395,716.831486128305,360.595286650652,,,,788.944733632812,396.871172487708,,,40553,66.4478344287996
2020,RR,14002,Sul,100,87.6232092482991,100,73.4201954397394,79.3485342019544,79.413680781759,87.1009771986971,74.3322475570033,76.1563517915309,80.1302931596091,44.299674267101,53.485342019544,48.0225982666016,4.77087259292603,49.4664154052734,45.6999359130859,,,,,,437.083801269531,77.0048370361328,61.8207855224609,3.97022342681885,393.387298583984,57.4283714294434,56.9134368896484,440.539245605469,69.0646362304688,60.4837074279785,4763,828,5165.83154296875,898.028259277344,0,99,107.372940063477,0,115,45,,,0.488058835268021,1.24726140499115,0.800687611103058,1.34812688827515,6,0,6.50745105743408,0,0.40129280090332,20.6511404346202,906.577195973229,203.558053100282,,,,997.778861888135,224.03599324217,,,11727,117.062433509035
2020,RS,43022,Região 22 - Pampa,89.16668878919,61.3560221933155,76.7686957445114,90.2155887230514,89.3034825870647,91.044776119403,93.3250414593698,92.7446102819237,95.0248756218905,100,73.2587064676617,97.6923076923077,80.3814697265625,0.817438721656799,13.8056316375732,85.2406921386719,,,,,,903.772644042969,260.418060302734,206.849365234375,0.586854457855225,380.008728027344,92.4318923950195,101.208312988281,425.315673828125,104.242660522461,111.251014709473,9929,2080,5266.1728515625,1103.19665527344,35,396,210.031661987305,18.563404083252,194,284,,,1.50628769397736,1.02894294261932,1.63198852539062,1.07946193218231,113,11,59.933277130127,5.83421277999878,7.05833673477173,18.9768819054801,720.216921234968,396.705998141708,,,,792.670743511206,436.614621554764,,,12396,44.7070219355797
2020,RS,43018,Região 18 - Araucárias,80.870407351241,64.6739538445369,69.7474512394709,80.8150470219436,91.9122257053291,89.2163009404389,92.9153605015674,84.5141065830721,89.8432601880878,90.0313479623824,54.294670846395,94.858934169279,86.0512161254883,0.539083540439606,13.9487867355347,85.5121307373047,,,,,,842.2314453125,213.555130004883,122.138549804688,0.889679729938507,308.848083496094,43.1169395446777,61.3668174743652,345.279968261719,48.927059173584,66.6683349609375,9760,1601,7313.32666015625,1199.6552734375,0,274,205.312652587891,0,141,172,,,1.28882396221161,1.05653595924377,1.85230982303619,1.12341237068176,97,10,72.6836776733398,7.49316263198853,6.15263557434082,19.7150053219854,1013.21018370595,641.255798111139,,,,1115.13912818677,705.76613140112,,,3876,21.1453584234386
2020,RS,43001,Região 01 - Verdes Campos,66.8008983372519,38.3320322247583,46.3776908337092,59.6142938173568,95.63244469654,97.7878615995462,99.3760635280771,91.4350538854226,96.8614104745699,93.6660994516922,54.490451881263,92.0968046889771,79.4678421020508,1.23611986637115,14.7286825180054,83.0714416503906,,,,,,846.766723632812,236.8115234375,131.536575317383,3.12837100028992,321.005676269531,67.8170471191406,71.0057220458984,359.648406982422,76.8773727416992,77.5314407348633,21846,3316,4988.798828125,757.248779296875,30,958,218.770904541016,6.85086345672607,979,1302,,,2.97327470779419,2.23566508293152,3.15076923370361,2.31833219528198,623,69,142.269592285156,15.756986618042,14.2294721603394,19.5566322608939,642.792725597346,385.323314301282,,,,707.457673792439,424.086839719991,,,14993,23.3929444732942
2020,RS,43013,Região 13 - Diversidade,84.3353264164192,83.6968420318108,78.1131565289826,100,98.5468063534978,100,99.9324095978371,98.5806015545792,97.1612031091585,97.7357215275431,78.3793604651163,99.4254815816154,85.1932067871094,0.469483554363251,13.7233657836914,85.7710342407227,,,,,,822.351196289062,238.817413330078,139.455429077148,2.96767354011536,298.875396728516,59.408992767334,70.3689956665039,333.225341796875,67.2329025268555,76.5735702514648,14423,1810,6285.517578125,788.794738769531,27,589,256.685150146484,11.7665519714355,344,440,,,1.91751205921173,1.49914586544037,2.20023632049561,1.52398633956909,316,21,137.71223449707,9.15176200866699,19.8580169677734,23.3754527162728,1077.69176289725,629.431755526771,,,,1186.10755424472,692.752590132765,,,7167,20.673824959035
2020,RS,43014,Região 14 - Fronteira Noroeste,91.9659684694743,79.7199767763834,87.0622124960922,99.9634235552304,93.5991221653255,99.5245062179956,96.4886613021214,99.1587417702999,100,100,89.7951719092904,99.6342355523043,81.2957992553711,0.694176614284515,16.2360191345215,83.0698013305664,,,,,,883.710510253906,239.300918579102,164.911499023438,1.41987824440002,305.039611816406,54.9612159729004,77.5621109008789,341.887390136719,62.6950988769531,83.4959106445312,16659,3061,7465.3818359375,1371.72302246094,40,598,267.981170654297,17.925163269043,364,308,,,1.38023746013641,1.63118982315063,1.63970422744751,1.71924710273743,265,6,118.754203796387,2.6887743473053,13.477481842041,18.6728542384315,1336.50042883301,526.380601491671,,,,1470.95237197361,579.334490001733,,,6234,18.7191863015909
2020,RS,43003,Região 03 - Fronteira Oeste,71.2958132041573,37.839649146552,57.0446840419749,82.1083647078081,75.5115403503028,80.2258962186937,80.8642985758717,77.9833033229661,77.3285316745785,77.0502537240138,72.2704206907841,73.7272876084466,73.2699890136719,1.02187168598175,21.4055213928223,77.5546798706055,,,,,,869.544250488281,208.348846435547,159.493133544922,8.26404666900635,364.193267822266,67.7114334106445,86.5821914672852,406.515808105469,76.7772064208984,94.038459777832,27786,4774,6087.46728515625,1045.90686035156,71,752,164.75114440918,15.5549612045288,438,570,,,1.24877858161926,0.959587752819061,1.47432553768158,1.0024186372757,273,8,59.8099212646484,1.75267171859741,7.68502759933472,19.8378841617932,718.191114601502,355.781084344977,,,,790.441140730414,391.572661430081,,,23058,33.9684256779553
2020,RS,43017,Região 17 - Planalto,79.8053048894695,43.798955927059,55.4335976333066,95.5412844036697,94.1651376146789,96.4403669724771,96.6238532110092,89.8715596330275,96.5137614678899,95.2110091743119,81.045871559633,87.6880733944954,80.1954116821289,0.732807219028473,19.6542644500732,79.6129302978516,,,,,,777.748596191406,187.098770141602,118.368614196777,1.93310832977295,332.495147705078,57.8038291931152,62.9209976196289,374.191558837891,66.6572799682617,69.2843399047852,28635,3852,6833.6396484375,919.265930175781,88,996,237.691818237305,21.000883102417,770,1396,,,3.33150362968445,1.83757722377777,4.21646404266357,1.8584588766098,637,45,152.017761230469,10.7390880584717,18.2096748352051,22.0626167301556,894.306497409028,595.229541165001,,,,984.273731048376,655.1096330062,,,9302,17.2453590000716
2020,RS,43015,Região 15 - Caminho das Águas,95.2173246790206,88.8393296921006,91.2971618086492,95.2201257861635,99.664570230608,99.874213836478,100,97.9035639412998,100,100,74.9266247379455,100,80.3182601928711,0.460636526346207,19.8911228179932,79.6482391357422,,,,,,859.737487792969,236.372833251953,122.584053039551,3.58056259155273,321.660919189453,52.7393989562988,58.2669410705566,360.335174560547,61.0576553344727,63.8837928771973,16171,2758,8889.267578125,1516.08435058594,26,533,292.992370605469,14.2923107147217,246,229,,,1.25882279872894,1.35227251052856,1.89812886714935,1.51196157932281,175,4,96.1982421875,2.19881701469421,7.73268985748291,20.925029446258,1031.41284858966,602.485227613533,,,,1135.17298115778,663.095241511455,,,8084,31.745040265837
2020,RS,43019,Região 19 - Botucaraí,92.4357640960938,84.8016231607304,70.7796968508636,94.8484848484848,100,100,100,100,96.5909090909091,100,42.0045906656465,92.4242424242424,73.256706237793,1.37931036949158,25.1340999603271,73.256706237793,,,,,,823.182189941406,237.144714355469,121.984512329102,1.86528491973877,348.674743652344,74.5903244018555,73.7669219970703,388.369567871094,85.0441207885742,79.5915756225586,7962,1560,6791.892578125,1330.74011230469,0,190,162.07731628418,0,99,121,,,1.03217661380768,0.844508111476898,1.33265948295593,0.993150115013123,66,0,56.3005409240723,0,8.85112762451172,19.4145679485116,952.125081584287,480.805337931152,,,,1047.90886479167,529.174354927026,,,5798,29.9350281366227
2020,RS,43026,Região 26 - Uva Vale,76.724584103512,48.1494586744125,50.913123844732,100,100,100,100,100,100,100,97.3484848484848,100,80.6012191772461,0.563644886016846,14.2790040969849,84.9694671630859,,,,,,696.971740722656,148.715240478516,109.965492248535,2.40420746803284,297.926391601562,42.617301940918,62.8520545959473,332.508453369141,48.4490165710449,68.2354431152344,10235,1447,5359.5087890625,757.714599609375,8,267,139.813262939453,4.18916177749634,172,248,,,1.29864013195038,0.900669753551483,2.04365634918213,1.00212597846985,130,2,68.0738754272461,1.04729044437408,41.9534072875977,19.4754899496807,1045.64562793768,514.111746237127,,,,1150.83757810821,565.831387908582,,,2591,12.9696277594793
2020,RS,43010,Região 10 - Capital e Vale do Gravataí,61.1621595384115,20.2651938831931,43.860189683481,84.5318192260987,74.4855426827267,77.0816239456497,79.4906298204733,74.2131346614592,74.1146739308806,72.7362237027799,78.58479109915,73.7372411303292,70.3466491699219,1.73906290531158,23.7413139343262,74.5002136230469,,,,,,840.657958984375,189.031387329102,114.58740234375,4.98024892807007,356.550476074219,65.4956588745117,64.3559036254883,402.440734863281,75.1144180297852,70.1410980224609,135195,22464,5682.92138671875,944.274230957031,570,5199,218.539962768555,23.9599494934082,5270,10520,,,4.42208194732666,2.21524453163147,5.43519878387451,2.3260486125946,2852,432,119.883811950684,18.1591186523438,34.6360397338867,19.5721019789851,1045.84554502556,387.668429214802,,,,1151.05760685513,426.667873193811,,,84935,30.7726597855374
2020,RS,43021,Região 21 - Sul,83.4212601157516,49.8877639367837,64.8358099598271,70.176437108708,67.7195977992791,66.7804970593815,71.4570290267501,66.1923733636881,68.2602921646746,66.7520394612028,60.1973060140391,57.721494972491,65.8500061035156,1.56199848651886,24.0932922363281,69.9368743896484,,,,,,917.132202148438,218.040344238281,149.562042236328,10.4507179260254,369.897216796875,67.7057952880859,78.1771774291992,414.642028808594,77.1312026977539,85.3327713012695,44313,6848,5032.302734375,777.677185058594,137,1879,213.38427734375,15.5580863952637,1560,2123,,,2.41093564033508,1.77157771587372,2.79358506202698,1.77558088302612,558,31,63.3679733276367,3.52044296264648,14.6934204101562,20.2515673463256,798.753468600639,363.643027370126,,,,879.108067541863,400.225515923561,,,33736,22.8223549976095
2020,RS,43029,Região 29 - Vales e Montanhas,70.3286975150716,65.9373589114827,56.375651773621,100,100,100,100,100,100,100,85.1559564073657,100,86.4575653076172,0.405904054641724,12.3247232437134,87.1586685180664,,,,,,803.928527832031,210.332702636719,121.887359619141,2.07991242408752,300.637756347656,52.5430488586426,62.6416130065918,335.166870117188,60.1192741394043,67.2489318847656,14693,2073,6465.310546875,912.175109863281,25,556,244.654769897461,11.0006647109985,410,533,,,2.34534168243408,1.80410897731781,2.91770625114441,1.98848009109497,199,6,87.5652923583984,2.64015936851501,26.6084079742432,20.4669412181559,1428.25730252034,611.562707615903,,,,1571.93998715389,673.085916002063,,,3425,11.8808370150357
2020,RS,43009,Região 09 - Carbonífera/Costa Doce,70.6657824741095,41.3051843856112,50.3421002316165,75.4357844119415,81.3464235624123,84.8126627930274,85.7142857142857,80.3446203165698,84.0512923261871,78.3410138248848,67.2811059907834,83.0294530154278,71.9799041748047,1.23315823078156,24.8686923980713,73.7839660644531,,,,,,772.037109375,189.999160766602,128.592590332031,4.95945119857788,366.793701171875,69.9409637451172,78.3614730834961,409.316955566406,79.2106018066406,84.416374206543,22490,3471,5415.81884765625,835.851806640625,0,415,99.9361877441406,0,377,564,,,1.35816884040833,0.907854020595551,1.37051045894623,1.0058034658432,114,0,27.4523506164551,0,15.8534908294678,21.3859510997281,686.053060919738,431.47670712493,,,,755.069998848263,474.883263861698,,,18390,31.0085479411942
2020,RS,43007,Região 07 - Vale dos Sinos,74.205088781353,34.1227419074977,39.7802637413484,95.29544599172,91.3436206247648,92.6703048550997,95.7282649604818,87.8246142265713,87.8622506586376,85.0395182536696,65.2992096349266,89.9981181783967,77.7584075927734,0.687038540840149,19.3703861236572,79.8707962036133,,,,,,723.015258789062,157.957656860352,122.177856445312,5.31281042098999,358.072296142578,62.3489227294922,76.8801803588867,401.616516113281,71.3122711181641,83.5487976074219,43446,5630,5198.9609375,673.713317871094,66,868,103.869125366211,7.89788293838501,818,1618,,,1.93617796897888,0.978858828544617,2.25475573539734,1.02783167362213,382,55,45.711986541748,6.5815691947937,24.664249420166,26.7654468956053,894.693799258709,461.322248862519,,,,984.699995464136,507.731267098088,,,21222,19.2077298289869
2020,RS,43016,Região 16 - Alto Uruguai Gaúcho,93.7499463385736,68.0328150355024,79.102952666329,77.8694673668417,87.4343585896474,87.0967741935484,89.5723930982746,90.2100525131283,89.8349587396849,100,39.948342660353,78.2070517629407,80.6464004516602,0.269334346055984,22.854944229126,76.8757247924805,,,,,,845.796813964844,189.10090637207,115.179649353027,5.79268312454224,298.666198730469,42.9091033935547,58.9478797912598,333.563537597656,49.1989097595215,63.6678733825684,14988,1860,6441.46484375,799.381103515625,28,536,230.359298706055,12.0336942672729,303,492,,,2.11449193954468,1.3022176027298,1.99329555034637,1.35024499893188,243,14,104.435272216797,6.01684713363647,15.3287773132324,22.5378980869533,999.146075503774,718.650735075684,,,,1099.66017069945,790.946999024298,,,4805,14.3570734665635
2020,RS,43004,Região 04 - Belas Praias,87.1975373900065,55.8253785640994,68.4021019246914,81.009926629262,83.6426413465688,83.8584376348727,86.2321968062149,79.9741044454035,81.743634009495,81.5278377211912,76.0466119982736,80.7078118256366,78.8672866821289,1.05663561820984,22.2316150665283,76.7117462158203,,,,,,781.499572753906,175.100143432617,139.465728759766,6.21069192886353,344.785308837891,59.8810997009277,76.9968032836914,383.010131835938,67.3545379638672,83.9903717041016,10571,1318,6494.67919921875,809.761352539062,15,164,100.759384155273,9.21579742431641,232,298,,,1.83087170124054,1.42537665367126,2.08845329284668,1.4994101524353,11,0,6.75825119018555,0,7.9261999130249,23.0683659944583,1096.37175380119,765.1899589565,,,,1206.66675223359,842.168068827524,,,5458,24.4480894239512
2020,RS,43027,Região 27 - Jacuí Centro,58.6776411711392,73.4818930527643,51.5713047247508,100,100,100,100,100,100,100,76.2561138283682,100,77.130241394043,0.662251651287079,18.8962478637695,80.4414978027344,,,,,,936.495727539062,277.005584716797,163.64030456543,4.47368431091309,347.663482666016,72.5948104858398,80.4440460205078,388.357025146484,82.6036911010742,86.9974365234375,13144,2493,6478.5791015625,1228.78100585938,15,394,194.199645996094,7.39338731765747,243,372,,,1.83356010913849,1.1977287530899,1.90010058879852,1.21399414539337,199,5,98.0856018066406,2.46446251869202,6.62398195266724,21.5298211898173,906.884124502502,420.909219815187,,,,998.116667427454,463.252687328595,,,9697,28.5372608278622
2020,RS,43005,Região 05 - Bons Ventos,76.7169788959527,58.6794944509816,57.5303270153815,89.0215588723051,89.2868988391376,90.7131011608624,92.4046434494196,87.6285240464345,86.0033167495854,84.5439469320066,82.7529021558872,88.3582089552239,75.2185592651367,0.975117683410645,23.2010765075684,75.6220550537109,,,,,,911.056030273438,213.652877807617,155.535949707031,7.20514011383057,391.633697509766,73.9183731079102,85.4737396240234,438.042388916016,83.3578186035156,92.8656463623047,14460,2539,6045.8330078125,1061.57470703125,19,338,141.320297241211,7.94404029846191,262,353,,,1.47591912746429,1.09544134140015,2.03722834587097,1.28108108043671,47,1,19.6510467529297,0.418107390403748,8.09748554229736,27.278056895561,1002.08032612652,597.725316391403,,,,1102.88960693485,657.856483220378,,,10583,34.5510806303387
2020,RS,43008,Região 08 - Vale do Caí e Metropolitana,70.921022390963,48.2305117475839,53.4650846578442,75.0803554547173,79.61807525052,81.9058423142371,84.5244847797315,80.213650973719,81.1022877670637,80.0340328984685,65.8158442049537,82.8512006050293,74.4660720825195,0.967911601066589,19.7685432434082,78.8953170776367,,,,,,784.72119140625,185.586303710938,126.872611999512,3.36694860458374,378.315307617188,73.4243392944336,78.4537582397461,424.368988037109,83.7400054931641,85.0169143676758,47846,7055,6106.9892578125,900.4892578125,120,1351,172.439544677734,15.3166131973267,1125,2089,,,2.6663670539856,1.4359325170517,2.75236368179321,1.56389009952545,404,40,51.5659332275391,5.10553789138794,28.537914276123,18.9980046766471,1125.80862860327,504.570381759563,,,,1239.06497664076,555.330162164575,,,23869,22.2529128400448
2020,RS,43020,Região 20 - Rota da Produção,93.9499402591832,76.7599031892405,87.2142397598113,88.3215130023641,90.6382978723404,91.6784869976359,93.3806146572104,90.6382978723404,92.2458628841608,100,35.5555555555556,91.1583924349882,80.181037902832,0.666984260082245,15.8646974563599,83.4206771850586,,,,,,799.8037109375,205.471054077148,128.802749633789,4.7546010017395,308.9267578125,51.5403327941895,68.3335418701172,344.732360839844,58.9878273010254,74.3612594604492,12264,2364,7522.08056640625,1449.95092773438,0,385,236.138366699219,0,209,170,,,1.04268896579742,1.28189396858215,1.33694183826447,1.36776256561279,99,0,60.7212944030762,0,4.63505887985229,18.5746839568882,1048.36413528997,569.247024233326,,,,1153.82956730014,626.513274871199,,,8818,47.2105691241413
2020,RS,43025,Região 25 - Vinhedos e Basalto,70.0138240286179,38.4071821969184,45.9559205574957,80.1831806827644,94.3102969747433,93.6441854010547,95.7257840688315,90.9519844573966,97.4465723008604,97.0024979184013,81.0990840965862,72.661670829864,84.7731018066406,0.574084222316742,13.231273651123,86.1946411132812,,,,,,643.765441894531,133.741104125977,89.1607360839844,2.71186447143555,248.207046508789,32.9594535827637,48.5020370483398,277.408203125,38.0384712219238,52.0704803466797,16199,1791,5050.0517578125,558.345703125,27,453,141.223129272461,8.41727256774902,338,779,,,2.42853879928589,1.0537177324295,2.6325798034668,1.0255823135376,320,28,99.7602615356445,8.72902297973633,34.6035804748535,20.3754352995309,1196.86764915938,575.598744878969,,,,1317.27253466481,633.503978613793,,,2632,6.79641575713364
2020,RS,43012,Região 12 - Portal das Missões,96.0236028607932,86.4942112403356,89.0099179431793,100,100,100,100,100,100,100,100,100,76.3688735961914,0.979827105998993,17.1757926940918,81.7867431640625,,,,,,844.717224121094,232.297241210938,124.72777557373,6.015625,339.392395019531,65.1128921508789,71.4194412231445,382.325225830078,75.2085342407227,78.5192947387695,7519,1231,4962.0537109375,812.38037109375,8,314,207.219696044922,5.2794828414917,237,281,,,1.85441827774048,1.56404674053192,1.72738075256348,1.58120501041412,190,12,125.387710571289,7.91922378540039,11.2446384429932,19.9955275838628,1027.39205076196,614.553556498031,,,,1130.74769106861,676.377644281733,,,5586,25.2081778446512
2020,RS,43024,Região 24 - Campos de Cima da Serra,71.1609173521426,73.3430852929095,50.2109028243946,96.0142348754448,89.6085409252669,93.4519572953737,93.7366548042705,87.4021352313167,83.4875444839858,91.3879003558719,96.2989323843416,86.4768683274021,63.3663368225098,1.69731259346008,22.206506729126,75.9547348022461,,,,,,833.216796875,206.805603027344,140.867584228516,7.07434034347534,386.157806396484,69.1783447265625,87.5821685791016,431.690856933594,78.5063858032227,94.9060134887695,6187,858,6181.189453125,857.194213867188,8,139,138.86946105957,7.99248695373535,94,137,,,1.36871337890625,0.939117252826691,1.77258372306824,1.09322237968445,57,2,56.9464721679688,1.99812173843384,12.0017185211182,22.817083862968,1244.64037862317,638.869266799587,,,,1369.85120071266,703.139515039626,,,4170,38.7894481427458
2020,RS,43030,Região 30 - Vale da Luz,79.3300979820008,55.1509659980956,39.457720305925,100,95.8867161159811,100,100,100,97.2353337828726,100,56.7093728927849,100,88.5278549194336,0.331564992666245,10.1458883285522,89.4562301635742,,,,,,803.723815917969,228.54704284668,138.651870727539,2.36966824531555,318.846832275391,64.8291320800781,69.0670166015625,355.497344970703,72.1797409057617,74.7580413818359,8091,1002,6163.9140625,763.34716796875,14,257,195.788635253906,10.6655292510986,147,269,,,2.04930520057678,1.11988055706024,2.00607180595398,1.20653796195984,85,6,64.754997253418,4.57094097137451,24.587854385376,24.6309932175711,1220.40148923427,597.321550895353,,,,1343.17387905123,657.412098915425,,,2607,15.9374114258289
2020,RS,43011,Região 11 - Sete Povos das Missões,88.2469898690812,81.5386981072025,74.9977649755578,83.7564916330063,84.9105597230237,90.8828620888632,89.4114252740912,88.5170225043278,85.8049624927871,97.7207155222158,69.7057126370456,87.5072129255626,77.2372360229492,0.630630612373352,27.0870876312256,72.1921920776367,,,,,,903.719421386719,228.803359985352,167.022857666016,3.85532593727112,342.582305908203,63.5678405761719,75.7826766967773,383.269622802734,72.2709274291992,82.6636810302734,19122,3080,6868.4111328125,1106.30200195312,25,563,202.223373413086,8.97972393035889,359,392,,,1.40802073478699,1.28948831558228,2.16968083381653,1.38611018657684,206,12,73.9929275512695,4.31026744842529,9.28072452545166,18.6981906394112,927.944082549287,458.554506095359,,,,1021.29525725375,504.685089408552,,,11379,25.7576058167059
2020,RS,43002,Região 02 - Entre Rios,74.8549040009104,65.8662678220156,67.6927703987905,49.3128536782538,75.909458367017,81.1641067097817,79.3856103476152,81.8916734033953,84.64025869038,86.7421180274859,62.1665319320938,74.2926434923201,81.2277603149414,0.978647708892822,16.3701076507568,82.2953720092773,,,,,,838.102722167969,226.646453857422,148.38005065918,3.50194549560547,280.064086914062,51.0095596313477,64.4185485839844,313.088714599609,58.7241897583008,70.5130310058594,6965,1424,5678.39013671875,1160.95153808594,9,267,217.678421020508,7.33747482299805,116,159,,,1.29628717899323,0.945719003677368,1.26326858997345,0.990559101104736,70,1,57.0692481994629,0.815275013446808,5.6628999710083,20.3888754292283,806.948209588529,506.08516208483,,,,888.127199473135,556.997329390564,,,6261,32.2285538277161
2020,RS,43006,Região 06 - Vale do Paranhana e Costa Serra,76.9034042553191,45.5331914893617,60.78,77.1237222418047,68.9460697920338,72.9996475149806,71.8011984490659,68.5935847726472,69.0870637997885,74.86781811773,100,63.1300669721537,79.7350540161133,0.787683486938477,18.6179733276367,80.486930847168,,,,,,750.742492675781,163.921264648438,128.433151245117,10.4108047485352,375.882568359375,67.9824142456055,78.631591796875,421.973175048828,77.7403030395508,85.4971466064453,15604,2086,6592.3388671875,881.288024902344,8,441,186.312576293945,3.37981986999512,179,278,,,1.17448747158051,0.756234705448151,1.48131167888641,0.979091584682465,46,2,19.4339637756348,0.844954967498779,10.1495990753174,20.8112884442901,587.407540851064,339.503804553191,,,,646.500739460681,373.657887291243,,,5182,15.4130218885589
2020,RS,43028,Região 28 - Vinte e Oito,77.9868559560727,55.9589177501494,47.5464451335742,91.3257379596064,86.1729673744174,90.8855515277059,90.5748316934231,89.3060590367685,92.0507509062662,97.5401346452615,56.0324522376341,92.8531073446328,78.7124710083008,0.540979146957397,16.5269145965576,82.6075210571289,,,,,,799.481384277344,214.874771118164,142.966751098633,5.48866844177246,329.547943115234,63.7850875854492,73.8941268920898,368.941864013672,72.8324813842773,80.5889129638672,21722,3119,6149.5517578125,882.99658203125,33,574,162.50080871582,9.34238147735596,434,692,,,1.95906901359558,1.22866463661194,2.96408271789551,1.33150160312653,229,6,64.8304672241211,1.69861483573914,18.1581916809082,20.6452260001536,1157.59548342769,409.795769666278,,,,1274.04958906052,451.021224094705,,,10955,21.8426922625266
2020,RS,43023,Região 23 - Caxias e Hortênsias,65.8140415012602,21.9576613065569,38.2554010419602,100,98.3564596524316,100,100,100,97.4808029098747,100,89.7346086487943,100,79.5210952758789,0.849227368831635,15.4949188232422,83.6001663208008,,,,,,637.722045898438,132.063186645508,92.4442367553711,3.36826348304749,298.734069824219,45.0292358398438,59.4947242736816,335.352508544922,51.771068572998,64.4049377441406,26522,2972,4219.97607421875,472.881683349609,69,782,124.425804138184,10.9787473678589,971,2104,,,3.34772229194641,1.54498028755188,3.08073210716248,1.63460028171539,646,111,102.78653717041,17.6614627838135,42.1779594421387,25.6838598543124,1109.46424713944,550.559354612727,,,,1221.07635040167,605.945625686768,,,10894,13.9109173570814
2020,SC,42008,Meio Oeste,82.9797189454476,78.3448663093264,73.4162737136529,93.2376275028334,92.8220627125047,93.275406120136,95.6554590102002,91.5375897242161,95.579901775595,93.9176426142803,80.5817907064601,93.1998488855308,74.2352905273438,1.33333337306976,26.5098037719727,72.1176452636719,,,,,,698.125427246094,161.861663818359,107.563026428223,4.22222232818604,320.241790771484,53.0617752075195,65.864143371582,358.122589111328,60.1642417907715,71.6032638549805,13578,2057,7021.59033203125,1063.73620605469,10,389,201.163543701172,5.17129945755005,225,424,,,2.19263100624084,1.16354238986969,2.64072394371033,1.27485454082489,107,0,55.3329010009766,0,18.7744026184082,22.3299213371062,1066.049500954,677.932454002402,,,,1173.29408074998,746.132458875044,,,3377,14.5315511974144
2020,SC,42003,Xanxerê,84.0209261616804,76.8196013685551,74.5792886696372,86.0346585117227,90.2820251444105,90.7577302072715,94.1896024464832,89.5684675501189,86.6802582398913,94.7672443085287,70.1325178389399,79.7145769622834,79.4237289428711,0.677966117858887,20.8813552856445,78.4406814575195,,,,,,631.035034179688,151.44841003418,95.0264511108398,3.76470589637756,318.150390625,55.2642669677734,64.9042205810547,353.792602539062,62.5393333435059,69.9827651977539,17500,2543,8661.265625,1258.60559082031,20,401,198.466705322266,9.89858913421631,223,305,,,1.50953483581543,1.10369265079498,1.64873373508453,1.22631144523621,80,3,39.5943565368652,1.48478829860687,11.6659822463989,21.2786101744105,1040.28971738741,582.588453612349,,,,1144.94286295659,641.196852045751,,,7041,28.8831062257175
2020,SC,42004,Alto Vale do Itajaí,94.2304270014539,83.5877926674076,91.5308188475628,85.6425702811245,95.8835341365462,97.289156626506,98.0923694779116,95.3313253012048,98.1425702811245,97.9417670682731,78.2881526104418,98.7951807228916,81.939208984375,0.351670444011688,17.8598346710205,81.713134765625,,,,,,705.732727050781,180.095001220703,140.813659667969,1.83962261676788,348.587677001953,68.0615386962891,86.0791625976562,388.382293701172,77.4568481445312,92.7409820556641,18621,2841,6198.796875,945.748474121094,45,717,238.684143066406,14.9801759719849,338,434,,,1.44475471973419,1.12517774105072,1.61486303806305,1.27606129646301,125,6,41.6115989685059,1.99735677242279,7.39887571334839,19.7955343515818,1078.53335184557,463.612980750182,,,,1187.03380704124,510.25244661365,,,3281,9.62276573534356
2020,SC,42002,Oeste,97.4324820619076,84.9552986575894,89.0129527004434,96.1887141535615,95.5411655874191,97.1692876965772,98.2053654024052,95.6151711378353,87.2525439407956,100,99.6114708603145,99.481961147086,81.8373413085938,0.597224652767181,18.004566192627,81.3455123901367,,,,,,562.204528808594,142.924163818359,81.632209777832,3.61794495582581,272.667999267578,48.2557220458984,54.045783996582,303.535736083984,54.9353446960449,57.7992553710938,23809,3305,6457.08056640625,896.327087402344,28,616,167.061264038086,7.59369421005249,614,970,,,2.63067245483398,1.6651885509491,2.57134675979614,1.81848633289337,238,15,64.5464019775391,4.06805038452148,15.8035621643066,23.1738946629525,1390.24695482725,602.750014334029,,,,1530.10579848287,663.386665776033,,,6409,12.6762672909768
2020,SC,42007,Grande Florianópolis,83.3091423668684,52.9117602812985,72.8504618049988,49.9240352476451,73.9045882710422,71.3582497721057,78.3773928896992,71.0179276815558,72.9504709814646,65.9070191431176,47.9246429656639,69.6140990580371,74.8882293701172,1.32886242866516,25.5774955749512,72.4043731689453,,,,,,597.884216308594,108.513954162598,123.074668884277,1.31972789764404,288.667205810547,39.9996452331543,71.9541778564453,324.049224853516,45.8304252624512,78.7911758422852,61986,7864,5042.23828125,639.695434570312,156,1941,157.890243530273,12.6897878646851,2152,4234,,,3.4441385269165,1.75053989887238,3.55678081512451,1.79326629638672,1074,151,87.3643035888672,12.2830638885498,24.7366256713867,21.4511076976351,839.132661937581,463.310848144101,,,,923.549407728501,509.919919467398,,,20644,12.0331081911765
2020,SC,42010,Alto Uruguai Catarinense,94.0063179281649,63.6197275219527,76.0962440334544,100,99.6993987975952,100,100,100,94.9899799599198,100,92.685370741483,96.6432865731463,82.9618606567383,0.990589380264282,19.7622585296631,79.2471542358398,,,,,,664.862243652344,165.174545288086,81.8932647705078,6.26304817199707,262.192474365234,45.1734008789062,41.4753189086914,291.190246582031,51.1166229248047,45.1103477478027,11598,1517,8049.1357421875,1052.81420898438,20,363,251.925872802734,13.8802137374878,207,270,,,1.87382888793945,1.4366021156311,2.1538622379303,1.54694986343384,132,3,91.6094131469727,2.08203196525574,29.0852947235107,21.2834320778962,1325.39243560306,660.243523566985,,,,1458.72691462472,726.664022037824,,,1682,9.08307023804567
2020,SC,42001,Extremo Oeste,98.0069961663074,94.1578138916498,95.8973895608249,78.9632107023411,98.8294314381271,100,100,99.7658862876254,100,100,60.2675585284281,96.5217391304348,79.978889465332,0.246305420994759,14.5320196151733,85.1864852905273,,,,,,657.174621582031,181.570785522461,91.4292602539062,4.04964065551758,261.917022705078,46.4038238525391,43.5319213867188,294.055938720703,53.4541206359863,47.4007873535156,16811,3132,7216.04345703125,1344.39636230469,20,556,238.660415649414,8.58490657806396,316,317,,,1.36070775985718,1.35641527175903,1.78437292575836,1.51437759399414,147,0,63.099063873291,0,8.13248252868652,18.8717320903042,1090.96672277368,540.028007340381,,,,1200.71797508472,594.354824878823,,,3825,13.063478128662
2020,SC,42013,Serra Catarinense,98.2620886862251,88.9183861855484,91.8910196347888,50.0947418285173,80.1515869256277,81.6200852676457,84.8886783514922,78.5409758408337,78.5883467550924,80.5305542396968,45.7603031738513,75.8645191852203,76.6934280395508,0.326141506433487,25.012544631958,74.6111373901367,,,,,,845.570495605469,229.978500366211,158.761596679688,4.80690240859985,424.907287597656,87.7143478393555,103.993682861328,472.155303955078,99.3374557495117,111.164741516113,18553,3323,6445.3037109375,1154.40869140625,36,721,250.475067138672,12.506383895874,402,567,,,1.96975541114807,1.39654612541199,2.81289410591125,1.561647772789,192,2,66.7007141113281,0.694799065589905,12.4692115783691,18.163203885033,1010.55225116428,404.689192468126,,,,1112.2138076314,445.400925230419,,,11828,31.5102300375539
2020,SC,42006,Médio Vale do Itajaí,89.0448332786417,53.7938994353564,77.6672211262948,57.3549930237194,91.7327517842982,92.2680412371134,95.0535289452815,87.1431403647898,82.8905630452022,88.1046788263283,51.6157811260904,88.0154639175258,75.7828598022461,0.294492989778519,17.757926940918,81.6138229370117,,,,,,571.621643066406,143.060104370117,88.4844055175781,3.24745607376099,292.304870605469,56.9402198791504,59.7588691711426,328.354888916016,64.9633712768555,64.8289642333984,46757,5579,5786.38525390625,690.425842285156,76,1062,131.427185058594,9.40533542633057,1173,1967,,,2.43424916267395,1.45163929462433,2.7620747089386,1.62755620479584,580,55,71.7775573730469,6.80649280548096,24.0487003326416,24.8521322214624,1126.57977397912,542.238166083918,,,,1239.91369924142,596.78732559196,,,7780,8.86166249003777
2020,SC,42011,Nordeste,86.1826594351038,52.4769832734067,76.4585910370526,100,100,100,100,100,97.7107594306758,99.492385786802,100,100,81.0608673095703,0.461248159408569,19.9175338745117,79.5163879394531,,,,,,577.529052734375,121.614921569824,98.0673980712891,2.8491895198822,318.494934082031,51.6063385009766,69.4934158325195,357.040405273438,58.6251792907715,75.7485885620117,57598,7269,5446.94921875,687.41748046875,134,1267,119.81812286377,12.6721620559692,1490,2585,,,2.44459247589111,1.40906870365143,2.5144784450531,1.50448822975159,770,106,72.8176422119141,10.0242471694946,31.1381492614746,31.7789655790184,1339.00999941371,747.015085891628,,,,1473.71440535473,822.164803532326,,,15356,11.6016485052523
2020,SC,42014,Extremo Sul Catarinense,64.3999288453176,70.9985373759734,59.2639443412262,100,98.0726464047443,95.7375833951075,100,96.5159377316531,94.3661971830986,86.7309117865085,90.6597479614529,96.8865826538176,80.4059066772461,0.885608851909637,21.8819179534912,76.9741668701172,,,,,,761.816223144531,167.335357666016,155.103240966797,2.44059085845947,362.329345703125,60.5765190124512,89.700569152832,402.8857421875,67.6140518188477,97.0201263427734,13579,2357,6643.99658203125,1153.24389648438,10,413,202.074569702148,4.89284658432007,246,355,,,1.73696053028107,1.20364022254944,1.18859481811523,1.23972499370575,63,0,30.8249340057373,0,8.00665473937988,24.7017425814785,770.249514616358,480.714179398743,,,,847.736615786763,529.074025846256,,,5143,18.3625293022801
2020,SC,42016,Laguna,98.3218801017503,96.8921696777728,97.4920405916268,93.3374587458746,86.0148514851485,90.9240924092409,92.7392739273927,89.789603960396,92.8630363036304,95.2970297029703,87.9331683168317,89.5214521452145,77.960319519043,0.938766777515411,26.3921489715576,72.6477508544922,,,,,,785.478332519531,176.463623046875,125.891731262207,1.67808222770691,343.540771484375,59.3857116699219,72.4080963134766,383.783752441406,67.4585800170898,78.1879653930664,27830,5158,7486.25390625,1387.4990234375,30,690,185.609603881836,8.06998252868652,507,652,,,1.75387632846832,1.36382710933685,1.94540393352509,1.49698185920715,279,24,75.0508422851562,6.45598649978638,18.7903938293457,20.7851345067147,820.053305093479,408.013365975495,,,,902.550667585883,449.05951059263,,,6127,13.6381430996266
2020,SC,42009,Alto Vale do Rio do Peixe,81.3296257990132,59.0291459672087,69.4033469540006,86.0999289604546,92.4224484963296,93.7721998579209,94.0089983424106,93.3933222827374,84.8448969926592,91.1910963769832,76.0359933696424,85.9578498697608,72.2040252685547,0.60832941532135,14.5063171386719,84.7449722290039,,,,,,679.648315429688,207.333190917969,108.217811584473,1.83531749248505,376.404571533203,94.4639739990234,75.2040557861328,420.095642089844,106.822647094727,81.6523132324219,20831,3146,7022.6953125,1060.60192871094,56,597,201.264907836914,18.8791198730469,321,431,,,1.45301795005798,1.08217811584473,1.72920942306519,1.23219966888428,155,0,52.2547073364258,0,16.7875823974609,21.7476654381779,880.762577764967,501.579992675359,,,,969.367293088123,552.0389399385,,,8480,23.9196017854253
2020,SC,42005,Foz do Rio Itajaí,89.9173288049365,60.8861122175867,72.0765634499675,92.5759280089989,87.5046869141357,89.4075740532434,91.4229471316086,85.0487439070116,85.2830896137983,79.0682414698163,70.2005999250094,87.7484064491939,76.8151168823242,0.629779577255249,22.1772384643555,76.950065612793,,,,,,617.820434570312,135.425811767578,103.17505645752,2.63216114044189,353.895446777344,58.1277732849121,70.4647750854492,394.08740234375,66.2968139648438,75.5754089355469,35443,4150,4843.48828125,567.121154785156,59,752,102.765090942383,8.06268692016602,968,1790,,,2.44613718986511,1.32282721996307,2.92415881156921,1.52664923667908,362,37,49.4693641662598,5.05626106262207,20.1416854858398,24.5265458579305,1442.91124256973,783.170793783238,,,,1588.06811357224,861.957775637832,,,12265,12.5844146475786
2020,SC,42015,Carbonífera,95.1146369184282,73.9546199385621,83.3177380262275,89.6389324960754,80.690737833595,81.4582243153672,83.9176696319553,81.0395953253096,82.0512820512821,80.9523809523809,81.3361241932671,83.6560265131694,79.4028244018555,0.55426424741745,23.7618446350098,75.6838912963867,,,,,,677.620666503906,136.021224975586,127.435165405273,0.700233399868011,339.553131103516,58.1464309692383,81.3115615844727,378.922729492188,66.2911987304688,88.027473449707,23526,3809,5315.67333984375,860.639282226562,50,747,168.783813476562,11.2974433898926,672,1050,,,2.37246322631836,1.51837646961212,2.39771294593811,1.65750443935394,351,38,79.3080520629883,8.58605670928955,22.2152919769287,20.6822531103377,1090.15415582222,403.530420091929,,,,1199.82366389794,444.125580353177,,,7680,15.6856625308985
2020,SC,42012,Planalto Norte,83.0752956507746,62.2667043017418,67.9887305812245,87.3018978673449,90.1976129915868,91.6846018391704,91.1171981999609,87.6345137937781,87.9475640774799,91.1954607708863,56.3099197808648,91.6846018391704,80.7895812988281,0.610500633716583,16.1172161102295,83.2519302368164,,,,,,682.97802734375,187.602493286133,122.53197479248,4.49481344223022,364.742156982422,78.8025741577148,84.2190017700195,407.427459716797,89.7635345458984,91.6236953735352,24419,3505,6407.08447265625,919.645812988281,57,610,160.052474975586,14.9557228088379,401,848,,,2.22499179840088,1.05214822292328,1.6897999048233,1.16910457611084,164,2,43.0305023193359,0.524762213230133,11.6680879592896,26.7047077809814,924.693563188676,511.622860643824,,,,1017.71773564546,563.092120424592,,,8518,16.4136401752706
2020,SE,28007,Propriá,99.545166531785,100,99.545166531785,84.0165631469979,88.6128364389234,88.9855072463768,90.0621118012422,87.6604554865424,89.3995859213251,90.1035196687371,81.6977225672878,75.6107660455487,65.3268585205078,0.530035316944122,35.7332153320312,63.5158996582031,,,,,,779.1103515625,187.586761474609,116.303787231445,13.402889251709,464.669067382812,91.2432861328125,88.9423446655273,521.580688476562,103.363990783691,97.6354522705078,7023,1403,4391.40625,877.28076171875,0,127,79.4117279052734,0,188,140,,,0.875404894351959,1.17554366588593,1.08049976825714,1.24604499340057,11,0,6.87818098068237,0,2.58369493484497,20.3889693694131,830.640097930351,330.029472706855,,,,914.202491782144,363.230437661165,,,26938,116.431355410627
2020,SE,28001,Aracaju,84.0077915018271,65.259751573284,70.9288009124931,83.2679738562092,64.2565359477124,66.1192810457516,67.4754901960784,63.7091503267974,67.483660130719,66.8382352941177,84.1584967320261,59.0441176470588,66.1516723632812,0.909331679344177,39.0482902526855,59.9540901184082,,,,,,662.693359375,139.012924194336,112.840385437012,3.62030148506165,407.011322021484,69.3923950195312,90.1559143066406,454.733551025391,78.8807525634766,97.1465835571289,28630,3481,3286.49072265625,399.590423583984,225,1765,202.607604980469,25.8281650543213,1535,3050,,,3.50115132331848,1.76205492019653,3.3789267539978,1.8319343328476,918,122,105.378913879395,14.0046052932739,28.7209205627441,21.8530058468246,826.231245362616,394.873076563005,,,,909.350108646095,434.597308065243,,,59930,41.0148284945508
2020,SE,28002,Estância,98.2183025962108,100,95.0438927733249,75.0336292709174,73.742265267689,72.666128598332,75.5986010223298,73.4732311003498,79.2305622814097,77.8315846112456,74.6838848533764,69.2493946731235,61.9927215576172,0.867618262767792,39.3506851196289,59.3618812561035,,,,,,697.448059082031,152.251266479492,121.558700561523,10.8280258178711,455.541229248047,85.8652267456055,98.3101272583008,508.700225830078,96.8999252319336,107.582374572754,9910,1231,4002.1484375,497.138732910156,0,270,109.039360046387,0,218,139,,,0.56135082244873,0.880391895771027,0.871204316616058,0.938546240329742,26,0,10.5000867843628,0,2.85925436019897,18.3430103356881,629.564863368009,233.16422223305,,,,692.899088622831,256.620542989695,,,39540,111.567269559844
2020,SE,28003,Itabaiana,98.7634738236981,98.9909218567671,95.1334032159174,42.0417769932333,73.4039423359812,76.1988820241247,75.0220653133274,76.522506619594,75.1397469844072,79.6410709032068,39.8352456604884,72.0211827007944,72.0787200927734,0.799507975578308,34.9938507080078,64.1451416015625,,,,,,750.635681152344,174.886322021484,100.608764648438,11.1518325805664,417.325592041016,73.2474212646484,73.6980743408203,464.889984130859,82.7202987670898,79.1449203491211,9526,928,3743.74633789062,364.706756591797,0,157,61.7014656066895,0,187,147,,,0.577714383602142,0.734915554523468,0.990465760231018,0.855763971805573,45,0,17.6851329803467,0,3.62230849266052,18.7513629677572,717.952682344099,247.284590692431,,,,790.178722187915,272.161420516089,,,34119,73.4211937819069
2020,SE,28005,Nossa Senhora da Glória,95.7957663095273,96.286712680856,95.7957663095273,56.0087399854334,68.0262199563001,66.8608885651857,70.1019664967225,68.7545520757465,74.2898761835397,71.7407137654771,53.3139111434814,66.5331391114348,66.4247512817383,0.993124544620514,32.3911399841309,66.2719650268555,,,,,,597.84228515625,128.272674560547,106.512130737305,13.7931032180786,402.257873535156,74.6775054931641,86.3112945556641,446.933166503906,85.3761520385742,93.0493927001953,5266,443,3015.55297851562,253.682113647461,0,110,62.9910430908203,0,174,84,,,0.481022506952286,0.996403813362122,0.653818428516388,0.985523521900177,2,0,1.14529168605804,0,1.62001514434814,19.8026468025216,645.225861726399,265.723410979871,,,,710.135583416074,292.455186124446,,,33096,148.769439651144
2020,SE,28006,Nossa Senhora do Socorro,99.1797941092199,92.2861864477907,99.1797941092199,78.719298245614,66.3684210526316,66.5263157894737,70.2280701754386,67.1578947368421,72.9649122807018,65.7894736842105,77.6491228070175,62.1228070175439,58.5930023193359,0.936723351478577,44.8289031982422,53.3741149902344,,,,,,639.828063964844,142.406875610352,112.320915222168,6.22480964660645,475.243774414062,93.8945770263672,99.0906143188477,528.640808105469,105.31005859375,106.414993286133,13998,2097,4010.88818359375,600.859619140625,0,131,37.535816192627,0,238,175,,,0.501432657241821,0.68194842338562,0.904584527015686,0.843266487121582,4,0,1.14613175392151,0,8.04097461700439,25.7682046622854,709.798387516895,354.406425447799,,,,781.204105301094,390.059711847848,,,48798,93.6947244842407
2020,SE,28004,Lagarto,95.27001619253,98.1071623166829,91.7015202560108,79.7534246575343,84.7671232876712,84,86.986301369863,81.3698630136986,92,83.0684931506849,77.1232876712329,80.3013698630137,75.3623199462891,1.05143511295319,33.9016761779785,65.0184707641602,,,,,,708.621765136719,159.125076293945,95.3987274169922,12.3855676651001,373.586883544922,56.9661407470703,71.2986679077148,416.125244140625,64.4167785644531,77.0639038085938,9817,1078,3746.1171875,411.359313964844,10,245,93.4907531738281,3.81594920158386,272,201,,,0.767005801200867,1.03793811798096,1.20488595962524,1.12436938285828,35,0,13.3558216094971,0,4.45397567749023,18.01803884862,493.094313927878,177.427449177711,,,,542.699601909023,195.276650564989,,,44446,113.255737401644
2020,SP,35091,Adamantina,75.9157992068251,74.0065447768202,61.9608324724953,100,96.2055335968379,99.5256916996047,96.2845849802372,95.9683794466403,100,100,88.5375494071146,100,87.8315124511719,0.0780031234025955,12.6365051269531,87.2074890136719,,,,,,872.5087890625,265.921142578125,132.241851806641,6.50741338729858,323.935668945312,73.8692016601562,80.5436706542969,360.157531738281,83.6306762695312,86.2199401855469,8153,1809,5859.60791015625,1300.138671875,8,206,148.05339050293,5.74964618682861,219,242,,,1.73926794528961,1.57396554946899,1.42716991901398,1.50892269611359,94,2,67.5583419799805,1.43741154670715,12.871301651001,24.7585632621324,946.47556725011,510.266372199869,,,,1041.69100931547,561.599169243175,,,4328,23.4273972761052
2020,SP,35156,José Bonifácio,71.7767824168332,61.097906269827,38.6823988409201,91.0236220472441,90,93.7007874015748,93.1496062992126,93.0708661417323,95.8267716535433,100,90.9448818897638,94.6456692913386,85.1791534423828,0.407166123390198,14.5765476226807,85.0162887573242,,,,,,805.348999023438,201.337249755859,130.166870117188,2.67441868782043,355.634429931641,76.2845840454102,79.7778091430664,398.288635253906,86.9359817504883,86.5917739868164,8265,1670,7739.77880859375,1563.87536621094,0,201,188.226928710938,0,113,155,,,1.45150113105774,1.05819118022919,1.12795686721802,1.10009741783142,110,0,103.009757995605,0,25.0669555664062,26.4605557961797,1011.01697256655,768.070658611187,,,,1112.72528000674,845.338566867473,,,2986,22.043867990186
2020,SP,35142,Mantiqueira,68.4737406291355,42.9654356077139,49.3901736425122,84.4922897876055,79.167878964213,80.3025894675589,81.9901076520221,82.251963922025,84.2013383764911,88.4492289787605,28.7169042769857,83.0375327320338,84.7782897949219,0.430178701877594,10.9199209213257,88.1204528808594,,,,,,822.545349121094,249.88720703125,146.808731079102,3.71308016777039,348.206390380859,81.3492050170898,84.5164642333984,388.931732177734,92.2838668823242,92.0396270751953,14797,2244,5135.529296875,778.815124511719,8,250,86.7663879394531,2.77652454376221,363,583,,,2.02339220046997,1.25984799861908,2.08534336090088,1.32865369319916,201,12,69.7601776123047,4.16478681564331,30.1103668212891,28.7295175750717,948.604372592906,557.04830100596,,,,1044.03397247575,613.08736008716,,,6208,16.2261550057266
2020,SP,35074,Circuito das Águas,98.3708785357004,57.4291023672942,85.9695770013294,72.0886075949367,86.3924050632911,88.4810126582279,88.4810126582279,86.8354430379747,94.2405063291139,90.253164556962,72.8481012658228,88.6075949367089,81.2586441040039,0.345781475305557,13.9695711135864,83.8174285888672,,,,,,859.705383300781,211.462738037109,146.565551757812,5.17387628555298,321.694793701172,55.0655288696289,80.5761032104492,359.784027099609,63.0057525634766,87.6326522827148,7234,1047,5274.9013671875,763.453430175781,7,129,94.0644607543945,5.10427284240723,192,399,,,2.90943551063538,1.40002918243408,2.25061988830566,1.42245149612427,98,4,71.4598236083984,2.9167275428772,30.3346939086914,23.3287420767043,1286.97425415176,608.729187716218,,,,1416.44386411943,669.96734400047,,,2222,11.021392670264
2020,SP,35061,Vale do Jurumirim,73.0458620190346,60.8958495136046,59.7371226980136,59.3127490039841,93.6005976095618,93.8247011952191,95.7918326693227,93.75,96.6384462151394,92.6045816733068,58.7151394422311,88.6703187250996,79.9097671508789,1.38004243373871,14.9150743484497,83.6783447265625,,,,,,805.586791992188,191.588424682617,140.912307739258,11.1201295852661,395.581237792969,72.5772323608398,88.3835983276367,441.620910644531,82.4086074829102,95.7871398925781,19945,3636,6520.8720703125,1188.763671875,9,371,121.295738220215,2.94248414039612,310,361,,,1.18026316165924,1.0135223865509,1.19342255592346,1.03452837467194,158,11,51.6569442749023,3.59636974334717,9.23711204528809,28.9894782829251,1078.87577954901,686.178399041689,,,,1187.41068297165,755.207945985283,,,11880,27.8027513561583
2020,SP,35103,Piracicaba,59.6633525204954,31.2462263011714,37.032564505092,94.3881631564916,93.7749933351106,96.7741935483871,95.9344174886697,95.5478539056252,96.2943215142629,99.0135963743002,93.9082911223674,89.5494534790722,84.1117553710938,0.352758586406708,15.5213775634766,83.9001007080078,,,,,,732.610473632812,132.854232788086,103.755996704102,15.002269744873,331.624694824219,48.4325180053711,66.8843002319336,371.364410400391,54.9854545593262,72.7123641967773,28898,3352,4805.03369140625,557.35595703125,71,625,103.92227935791,11.805570602417,835,1252,,,2.0817711353302,1.38840162754059,2.4398455619812,1.26440155506134,581,75,96.6061477661133,12.4706735610962,44.1142578125,25.9383639204687,1072.83901305197,650.944107277033,,,,1180.76661776499,716.429084469103,,,18782,25.6888810600405
2020,SP,35062,Bauru,60.4706231254414,30.6609758558382,33.7665136955518,84.1697877652934,91.0736579275905,93.2209737827715,93.8701622971286,92.067277519769,93.6488013053847,100,76.2172284644195,87.5780274656679,82.7124099731445,0.750469028949738,16.1484851837158,82.9804306030273,,,,,,773.164184570312,207.937759399414,137.512130737305,4.75068712234497,346.860992431641,72.9519653320312,84.7017211914062,388.176879882812,83.3255081176758,92.2181777954102,39256,4921,5958.25146484375,746.906372070312,86,1192,180.921020507812,13.0530271530151,1198,1469,,,2.22963929176331,1.81831705570221,2.1088228225708,1.96319043636322,1018,98,154.511413574219,14.8743801116943,32.7171096801758,26.5412467547326,869.00439627366,593.30329847406,,,,956.426238538791,652.98961030055,,,19232,20.9412632410059
2020,SP,35161,Itapetininga,65.590173827176,39.092501449866,40.1577610934341,57.8835978835979,85.0491307634165,85.5933484504913,87.9062736205593,85.5328798185941,82.6001511715797,80.5593348450491,54.9962207105064,84.2176870748299,84.2613830566406,0.393056005239487,9.66262722015381,89.7150344848633,,,,,,740.589782714844,182.818542480469,139.733917236328,6.70859527587891,373.131805419922,75.0538024902344,93.401496887207,414.82421875,84.8834075927734,101.226585388184,23941,2859,4646.34716796875,554.860107421875,16,414,80.3470077514648,3.1051983833313,493,637,,,1.23625707626343,0.956789195537567,1.25978863239288,0.984153807163239,168,19,32.6045837402344,3.68742299079895,17.6714897155762,33.4758878179103,956.697376839762,612.900870448596,,,,1052.94113294984,674.558698015725,,,17739,21.8204317553104
2020,SP,35112,Alta Sorocabana,66.9095666979462,59.0977469067128,60.5788485909702,68.0657640232108,84.3520309477756,84.2166344294004,86.7311411992263,84.100580270793,86.9825918762089,87.678916827853,85.9574468085106,84.2166344294004,82.3529434204102,0.366300374269485,12.8420600891113,86.6192626953125,,,,,,843.4375,202.203811645508,132.237915039062,5.35917901992798,342.839385986328,63.5818862915039,78.3532028198242,383.073394775391,72.2517166137695,84.4983978271484,28525,4140,6858.33935546875,995.390930175781,55,751,180.564865112305,13.2237920761108,740,1269,,,3.05108952522278,1.77920114994049,2.78402900695801,1.80913496017456,564,54,135.603973388672,12.983359336853,29.1002769470215,26.4409045477624,853.389973009316,588.48378827308,,,,939.241004294053,647.685257373352,,,12880,19.6209059668155
2020,SP,35051,Norte - Barretos,78.9952605987296,61.3180114333357,55.1711412491927,83.3519865696698,79.1550083939564,81.0016787912703,80.805819809737,80.2462227196419,84.7789591494124,90.8785674314494,80.4141018466704,79.5467263570229,83.8036804199219,0.46012270450592,14.4478530883789,85.0920257568359,,,,,,902.081970214844,235.370040893555,141.289947509766,5.72289133071899,396.05859375,77.0442352294922,87.7208557128906,443.182983398438,87.8838958740234,95.4384613037109,16618,2862,5644.1259765625,972.047668457031,71,680,230.954727172852,24.1143913269043,712,1251,,,4.24888753890991,2.41823172569275,4.58886671066284,2.63797855377197,261,24,88.6458587646484,8.15134334564209,29.0955410003662,23.5245883699416,1373.06966772936,628.42726754894,,,,1511.20047630293,691.647050664364,,,10050,28.0036704371158
2020,SP,35133,Vale das Cachoeiras,84.366534878951,76.3199400236228,63.5452545813324,42.7167630057803,71.0982658959538,74.8554913294798,74.9132947976879,71.2138728323699,73.757225433526,75.2601156069364,29.6747967479675,72.6589595375723,71.1645126342773,0.616142928600311,16.8823165893555,81.3924865722656,,,,,,804.980041503906,188.086013793945,134.046371459961,2.52833485603333,328.474487304688,56.7826919555664,77.6564559936523,368.295867919922,65.2684783935547,85.082275390625,12096,1773,8489.1357421875,1244.31530761719,7,207,145.275390625,4.91269445419312,166,269,,,1.88787829875946,1.16501033306122,1.79506349563599,1.19045114517212,133,1,93.341194152832,0.701813459396362,19.6388473510742,31.3475063336675,1111.99709319678,668.973096139021,,,,1223.86400077238,736.271789610606,,,5109,28.8835897043962
2020,SP,35023,Consórcios do DRS II,78.3379832602631,71.5260775493936,68.529721573763,74.6110948048136,77.810390372762,78.8963897857353,78.6615791018491,78.1919577340769,85.2362782506604,88.3181684766657,77.3407690049897,77.1646609920751,81.8752212524414,0.453119546175003,16.1728820800781,83.2345733642578,,,,,,794.392700195312,171.789184570312,107.941459655762,16.1634101867676,346.887420654297,56.5277099609375,69.9961624145508,387.711608886719,64.2887344360352,75.7669296264648,12455,1603,4393.49951171875,565.4580078125,18,277,97.7117080688477,6.34949731826782,315,359,,,1.26637196540833,1.11116206645966,1.40694284439087,1.15631401538849,147,15,51.8542289733887,5.29124784469604,20.5878925323486,29.9419079637461,1109.20210342766,646.938519899789,,,,1220.78783503248,712.020535001708,,,8718,23.312347678024
2020,SP,35163,Sorocaba,47.0797993547983,14.0162282169802,19.6092390489964,63.0500532481363,70.6368477103301,72.3067092651757,74.1171458998935,70.7603833865815,70.8839190628328,80.5452609158679,63.0798722044728,66.8072417465389,82.006233215332,0.650377154350281,13.2830495834351,85.8181686401367,,,,,,717.227355957031,163.687774658203,121.203926086426,9.74817848205566,362.377777099609,65.0549850463867,80.5841751098633,407.093048095703,74.3389511108398,87.9056167602539,72265,9549,4104.40576171875,542.350646972656,154,1964,111.54850769043,8.74667549133301,1873,3462,,,1.96629798412323,1.06380021572113,2.33575987815857,1.0887622833252,1727,256,98.0877151489258,14.539927482605,34.0234298706055,28.2393207134505,955.532970580113,646.140656655458,,,,1051.65958742047,711.142406714997,,,51896,19.3399515669328
2020,SP,35157,Votuporanga,94.7065158591117,75.0328795541284,79.6275801144457,82.755388940956,92.5492033739456,93.3458294283037,95.6419868791003,94.095595126523,100,100,83.223992502343,96.2043111527648,84.9785385131836,0.286123037338257,9.68049621582031,89.2703857421875,,,,,,924.560791015625,225.346282958984,129.68505859375,5.76000022888184,337.183471679688,55.4619064331055,72.5159378051758,377.572631835938,62.8762512207031,78.5198287963867,13542,2361,6677.5478515625,1164.20690917969,17,234,115.385185241699,8.3826847076416,452,415,,,2.04636120796204,2.22880792617798,1.83408200740814,2.35836958885193,267,13,131.657455444336,6.41028785705566,24.5287208557129,27.7338215969182,1060.99959775278,709.384289975334,,,,1167.7361572867,780.748349546853,,,6281,22.397521241229
2020,SP,35093,Marília,86.4325532683094,50.8953377906039,63.7721721896022,85.0686840533546,90.961576746964,93.0121441369699,93.6293051960979,94.0672904638662,96.5160262791161,100,61.9151901254231,90.2050567390006,79.925651550293,0.677891969680786,19.4401931762695,79.6851119995117,,,,,,814.909362792969,225.69856262207,119.981964111328,2.84463906288147,331.627655029297,70.09619140625,72.0033493041992,369.665832519531,79.3816680908203,77.6100845336914,21452,3088,5464.65625,786.633361816406,86,731,186.214050292969,21.9075355529785,817,1233,,,3.14092922210693,2.08121585845947,3.88272857666016,2.13050770759583,335,49,85.3374938964844,12.4821996688843,26.8033599853516,22.4392473962315,1079.46522317508,517.127920096896,,,,1188.05942462649,569.150988858643,,,12699,23.2187295560667
2020,SP,35072,Região Metropolitana de Campinas,58.1762450595566,22.899737434428,37.1145899285543,83.6416747809153,86.8719571567673,87.4707887049659,89.3086660175268,86.2463485881207,92.8943524829601,93.6319376825706,77.0107108081792,88.118305744888,80.9182891845703,0.449456334114075,14.105393409729,83.5262145996094,,,,,,675.783935546875,148.972778320312,112.696647644043,3.38937211036682,322.462860107422,55.6756210327148,71.5820007324219,364.210998535156,64.0408706665039,78.0355529785156,131047,16061,3991.501953125,489.19482421875,333,3090,94.1169281005859,10.1426982879639,4698,9385,,,2.8585352897644,1.43094289302826,2.9919285774231,1.44158053398132,2859,513,87.0810012817383,15.6252384185791,41.1261138916016,26.276578816487,1181.02144868813,819.710051344855,,,,1299.83220642615,902.172882510147,,,87608,20.2822653744727
2020,SP,35031,Central do DRS III,61.8832703653384,43.3992170875906,39.4753494258436,100,95.0643213441848,89.6823313205566,96.770805985823,88.9997374639013,95.8781832501969,95.0643213441848,100,97.5846678918351,83.8820495605469,0.515316367149353,11.8236474990845,87.4606323242188,,,,,,708.967041015625,175.167404174805,127.84147644043,3.16428256034851,307.639953613281,56.5597152709961,78.4938812255859,344.838745117188,64.4879989624023,84.6955795288086,14806,2284,4550.05029296875,701.898864746094,34,503,154.577560424805,10.448582649231,615,1117,,,3.43266654014587,1.88996410369873,3.28185367584229,2.02157020568848,251,19,77.135124206543,5.83891344070435,42.606861114502,39.9777427707004,1388.04148753358,870.474156352943,,,,1527.67846117946,958.043856482049,,,7963,18.6368014124025
2020,SP,35104,Rio Claro,59.3345145947962,40.5390282570176,37.3216450620162,89.5853738165197,88.6059418870389,85.1779301338557,89.4874306235717,86.5817825661117,100,99.2817499183807,89.5853738165197,89.2262487757101,80.8767700195312,0.31066620349884,13.3586473464966,85.7783889770508,,,,,,764.275634765625,175.177307128906,110.871711730957,10.6866540908813,349.418243408203,61.3685035705566,75.129638671875,388.314544677734,69.3624114990234,80.8559951782227,9034,790,3338.716796875,291.962158203125,17,157,58.0228614807129,6.28273010253906,315,422,,,1.55959534645081,1.16415297985077,2.10379076004028,1.18762075901031,235,33,86.8495101928711,12.1958885192871,39.1580390930176,29.2319286695726,1116.01651526625,774.800364562156,,,,1228.28777670203,852.745281237109,,,5272,14.6253304398281
2020,SP,35022,Lagos do DRS II,94.0835430590915,90.0504802192506,88.5019982767601,58.058690744921,79.7291196388262,79.8645598194131,80.8126410835214,79.9548532731377,85.5530474040632,90.9255079006772,43.5665914221219,79.9097065462754,85.4564743041992,0.371549904346466,14.6496810913086,84.9787673950195,,,,,,858.732849121094,240.23210144043,135.614898681641,7.21940231323242,331.754486083984,64.9219360351562,85.1090469360352,369.614074707031,74.14453125,92.4520797729492,11156,2250,5403.28466796875,1089.76257324219,24,379,183.564437866211,11.6241340637207,289,375,,,1.81627082824707,1.39973938465118,1.59008467197418,1.48292458057404,86,0,41.6531448364258,0,19.3067169189453,25.9900060382832,1097.27062421201,730.621575839593,,,,1207.65604900774,804.122106369056,,,6539,23.4509993044893
2020,SP,35063,Polo Cuesta,67.9561550794713,32.463609852167,42.8895607933242,72.8862973760933,89.6368937185264,89.1863238802014,92.3933209647495,89.0007951232441,95.6798303737079,88.232175987278,83.2228995494302,88.2056718791413,83.9551162719727,0.392706871032715,12.2300138473511,87.321174621582,,,,,,761.025512695312,178.77067565918,151.267486572266,4.35318279266357,347.366516113281,64.1710891723633,92.3484573364258,388.262176513672,73.2411499023438,99.8950500488281,19989,3039,6247.28466796875,949.797302246094,54,645,201.585815429688,16.8769512176514,700,1383,,,4.32237482070923,2.18775296211243,5.56900310516357,2.25588583946228,236,17,73.7585296630859,5.31311416625977,21.2543315887451,27.3373868282534,859.938680738786,593.072485481814,,,,946.448512021108,652.735577521285,,,9732,22.4567213359045
2020,SP,35172,Circuito da Fé e Vale Histórico,66.2296032503207,47.225877553706,48.1827976445044,55.6527590847914,77.8600269179004,80.6695827725437,80.5518169582773,78.8862718707941,81.4771197846568,86.4064602960969,61.4064602960969,71.921265141319,75.2564086914062,1.22710621356964,22.6739921569824,76.0439529418945,,,,,,797.119995117188,195.547012329102,144.614791870117,14.1390810012817,381.415466308594,76.8444137573242,95.2110977172852,425.796478271484,86.5512924194336,103.337097167969,26346,4314,5388.99755859375,882.416137695312,63,576,117.819122314453,12.8864660263062,654,1035,,,2.11706233024597,1.33773791790009,2.2713930606842,1.44829559326172,436,48,89.1825256347656,9.81826019287109,18.6446704864502,28.8344772472038,902.552012349081,516.080178245386,,,,993.348744791398,567.997844176872,,,19502,25.7640152673942
2020,SP,35153,Jales,58.9271787168896,81.0691624060006,51.8366600229161,96.0252935862692,95.0316169828365,94.4896115627823,96.5672990063234,93.4959349593496,100,99.9096657633243,13.75,92.1409214092141,86.0805892944336,0.457875460386276,13.3699636459351,86.1721649169922,,,,,,1054.66760253906,280.988067626953,167.438095092773,5.29197072982788,374.7138671875,76.8715667724609,80.7144317626953,420.480621337891,88.4360961914062,87.0784683227539,7706,1400,7415.390625,1347.203125,23,182,175.13639831543,22.1326217651367,167,203,,,1.953444480896,1.60702085494995,2.25199437141418,1.77494013309479,65,2,62.5487174987793,1.92457592487335,17.1287250518799,23.2564271403715,1110.4223868396,667.25626226446,,,,1222.13087895566,734.382242248264,,,3338,22.3394401235578
2020,SP,35162,Itapeva,71.2465955515207,61.7886121198366,62.0177031320926,85.6294830571358,93.4949295077912,95.300519416275,95.5725946079644,96.1167449913431,100,100,83.9228295819936,96.364086074697,85.5249710083008,0.254841983318329,11.8501529693604,87.8695220947266,,,,,,803.574279785156,271.046875,149.164367675781,4.45326280593872,410.759857177734,115.478759765625,101.842391967773,459.492309570312,130.255615234375,110.559356689453,16518,2952,5852.48681640625,1045.92211914062,18,306,108.418754577637,6.37757349014282,335,300,,,1.0629289150238,1.18693733215332,1.12209868431091,1.22848010063171,82,2,29.0533905029297,0.708619296550751,9.73784637451172,28.2079614034263,1033.68754145625,538.158615630674,,,,1137.67650812675,592.29737236312,,,20466,46.2929114729006
2020,SP,35021,Central do DRS II,86.389061121117,67.28014146007,67.4103818306481,76.7480120647107,81.025500411297,77.9819029339183,80.9432410200165,81.299698382232,83.5207019468056,89.2788593364409,79.4625719769674,74.9108856594461,84.2233734130859,0.549282908439636,13.7320718765259,85.6576156616211,,,,,,910.323547363281,198.491592407227,132.001800537109,11.7794485092163,387.266235351562,68.5110626220703,80.519905090332,432.512176513672,77.0778274536133,87.4149780273438,11810,2191,3849.23754882812,714.113464355469,40,503,163.942977905273,13.0372142791748,482,736,,,2.39884757995605,1.57098436355591,2.18658542633057,1.53733205795288,244,13,79.5270080566406,4.23709487915039,28.5756187438965,26.5625770313613,956.928303135283,589.46424422858,,,,1053.19529043069,648.764347197975,,,7748,18.1523669017711
2020,SP,35083,Alta Mogiana,78.3526624961249,63.8855989125856,53.8301948284222,40.8219178082192,67.3287671232877,67.3972602739726,69.8630136986301,67.6712328767123,67.6027397260274,71.027397260274,13.0821917808219,64.7945205479452,78.7833862304688,0.445103853940964,17.5816020965576,81.8249282836914,,,,,,843.538269042969,248.238998413086,139.140335083008,5.06091833114624,396.1015625,95.2821960449219,88.9601593017578,440.916198730469,107.782257080078,95.3466415405273,6923,1310,5473.11669921875,1035.64685058594,9,208,164.438583374023,7.11513090133667,147,247,,,1.95270812511444,1.16213798522949,1.71336305141449,1.20186412334442,138,1,109.098670959473,0.790570080280304,30.2021484375,23.0623638480726,1015.10518461404,542.089981876426,,,,1117.22476618621,596.624234053194,,,4634,28.8738025993944
2020,SP,35101,Araras,55.1122511101045,42.3051510578812,36.8303668033319,100,98.5546972339895,97.9815599302268,100,98.0064789434338,100,100,100,92.9479192623972,82.3559112548828,0.783619821071625,12.2093019485474,86.9817962646484,,,,,,779.010498046875,177.945098876953,123.016716003418,7.78553056716919,355.538482666016,61.2486038208008,75.9594497680664,399.266296386719,70.2602462768555,83.0305557250977,15098,2241,4319.31689453125,641.117309570312,33,428,122.444541931152,9.44081783294678,478,735,,,2.10272765159607,1.36748814582825,1.98857951164246,1.32965326309204,294,23,84.1091003417969,6.57996368408203,32.1528511047363,26.6995794124797,937.055764608802,585.090132231548,,,,1031.32357452845,643.950199534042,,,10161,23.6250248207675
2020,SP,35095,Tupã,68.4266654212009,72.9741721545,53.6912490464403,67.0798898071625,89.5316804407714,88.7741046831956,90.771349862259,87.8787878787879,97.1763085399449,94.0771349862259,14.4628099173554,93.801652892562,83.0954132080078,0.37565740942955,16.6040573120117,82.9451522827148,,,,,,949.832336425781,238.819442749023,146.247741699219,5.48730564117432,358.572387695312,63.1420249938965,79.5621490478516,402.459136962891,72.7148208618164,86.4992065429688,10298,2203,8010.953125,1713.74340820312,22,499,388.178833007812,17.1140956878662,178,230,,,1.78920102119446,1.38468599319458,1.7197722196579,1.38176882266998,39,2,30.3386249542236,1.55582690238953,15.1926498413086,28.3467286167405,1075.57330460978,672.584934457366,,,,1183.77597905352,740.246978863777,,,3990,22.0932335591875
2020,SP,35151,Catanduva,80.2339290727052,59.261096035682,49.2489317239013,89.3428571428571,92.9142857142857,90.9714285714286,94.3428571428571,90.7714285714286,91.0285714285714,93,88.3142857142857,86.4,83.7143783569336,1.7851550579071,15.6279363632202,82.5869064331055,,,,,,906.356567382812,214.353637695312,132.577102661133,4.06698560714722,364.965026855469,61.9872055053711,80.272216796875,408.702331542969,70.2536926269531,86.5841522216797,17740,3145,5495.13525390625,974.193908691406,39,407,126.072158813477,12.0806245803833,488,905,,,2.8033242225647,1.51162683963776,3.28012180328369,1.57729589939117,438,31,135.674697875977,9.60254764556885,29.8165302276611,24.0999046352379,955.64044056642,561.560524157076,,,,1051.7778688874,618.053512887277,,,7604,17.1031612441184
2020,SP,35011,Alto do Tietê,44.0211018963012,23.1558515875071,25.8298688469981,83.2333887770288,85.2271732469579,86.8685984417403,89.2016107852578,87.27348332312,90.7642475706907,94.9947474393767,78.7008666725028,80.480171583647,72.6398239135742,1.3238410949707,29.505464553833,68.8325881958008,,,,,,687.024719238281,144.379013061523,139.775344848633,6.21138668060303,421.961486816406,75.4521636962891,103.25611114502,473.446441650391,86.1928329467773,112.580474853516,130181,16735,4250.4306640625,546.400451660156,285,3219,105.100868225098,9.30529594421387,3223,5226,,,1.70629739761353,1.05231475830078,1.52914583683014,1.00267016887665,1493,297,48.7466926574707,9.69709777832031,30.9896068572998,25.8821416925142,756.785569159173,472.078799078482,,,,832.918197416585,519.569926265778,,,131578,29.7395130398214
2020,SP,35092,Assis,70.8776821432901,46.8000161635754,53.0330949205964,80.874137364443,73.6444298389747,75.6161682550115,78.0151166611896,74.3674005915215,79.1981597108117,83.0759119290174,68.6493591850148,72.6585606309563,83.9145126342773,0.637420296669006,13.1983499526978,86.1267318725586,,,,,,835.474304199219,248.471176147461,171.678298950195,3.12800765037537,355.446868896484,81.3875198364258,96.2993850708008,397.955963134766,92.8235015869141,104.893119812012,14070,2094,5656.94091796875,841.9072265625,42,365,146.750778198242,16.8863906860352,387,526,,,2.11481952667236,1.55596029758453,1.91720843315125,1.52982664108276,188,11,75.5867004394531,4.42262601852417,18.2710742950439,24.5885732965883,1044.93171624843,592.877571180345,,,,1150.05184690303,652.521054841088,,,8993,24.6560711278903
2020,SP,35071,Bragança,52.1521675146113,28.0452424000336,20.1389648067948,92.0299284320104,98.975276512687,100,100,100,100,100,88.142485361093,97.3649967469096,81.5997314453125,0.772979319095612,19.0388164520264,79.9697494506836,,,,,,803.124267578125,192.042404174805,153.966827392578,3.60103631019592,329.930267333984,58.327262878418,88.2612762451172,369.257507324219,66.8952026367188,95.7387008666992,25752,3154,5358.0458984375,656.231628417969,29,440,91.5478439331055,6.03383541107178,653,1518,,,3.15840077400208,1.35865330696106,2.8177490234375,1.33077275753021,382,56,79.4801712036133,11.6515436172485,31.2714958190918,25.2623970380802,938.050088908043,621.698121935837,,,,1032.41792785219,684.240953002582,,,14454,19.4142548891751
2020,SP,35155,São José do Rio Preto,54.0253396011435,38.2745328138965,34.4619940096473,100,100,100,100,100,100,100,100,100,87.0909271240234,0.260446161031723,12.8298044204712,86.8984222412109,,,,,,921.897583007812,188.192031860352,124.920570373535,2.74233770370483,367.352722167969,57.8304901123047,70.0851364135742,412.352264404297,65.642951965332,76.0722808837891,48499,6884,6556.8427734375,930.685302734375,215,1251,169.129470825195,29.0670166015625,1693,2893,,,3.91120362281799,2.28885865211487,4.92875194549561,2.39312791824341,1583,117,214.014358520508,15.8178644180298,38.3385848999023,28.3034998406253,997.632485969066,635.445612059849,,,,1097.99431405755,699.37144063307,,,19878,19.67773761326
2020,SP,35064,Jaú,50.8365385425827,38.2335340276627,27.5258406826042,62.0474081792133,65.8504818963272,64.8085438916385,66.7361292003126,63.9489450377703,67.856212555353,72.3625944256317,63.3758791351915,58.5829643136233,77.0118103027344,0.714089512825012,19.1980228424072,79.840705871582,,,,,,788.65673828125,174.173309326172,124.847427368164,9.4699649810791,348.558471679688,61.882438659668,78.2423248291016,390.929016113281,70.7241973876953,84.7929229736328,21526,3661,5998.80712890625,1020.23754882812,49,785,218.761672973633,13.6551866531372,585,716,,,1.9953293800354,1.63026213645935,1.98425197601318,1.74967527389526,320,19,89.1767349243164,5.29486846923828,15.6789417266846,28.4865164152955,989.33465227811,576.568040238136,,,,1088.86171829729,634.570785086093,,,9028,19.1252061721445
2020,SP,35121,Vale do Ribeira,96.8890263576899,95.9034687830613,93.1636609035215,51.860231271996,78.9592760180995,80.8446455505279,81.8753142282554,84.2131724484666,88.8134741075918,87.4560080442433,26.9482151835093,81.9758672699849,79.8790512084961,0.274876296520233,18.8290271759033,80.8411178588867,,,,,,834.602661132812,240.06233215332,157.584777832031,4.96215295791626,384.991912841797,86.7515029907227,95.0546340942383,430.129669189453,99.1536483764648,103.65502166748,15174,1832,5325.59326171875,642.973937988281,16,378,132.666030883789,5.6154932975769,461,414,,,1.45300889015198,1.61796391010284,1.75791263580322,1.88075149059296,83,15,29.13037109375,5.26452493667603,8.90792655944824,29.2621483162588,1049.94981290574,617.858385323487,,,,1155.57476408406,680.01493888703,,,19443,44.5391102805641
2020,SP,35131,Horizonte Verde,59.880635567562,29.8075913276444,23.1265794783448,79.1682785299807,88.7814313346228,89.825918762089,91.431334622824,87.6015473887814,88.8588007736944,95.7640232108317,12.5103220478943,85.8413926499033,78.0301513671875,0.341708540916443,14.6733665466309,84.4221115112305,,,,,,725.786987304688,178.958145141602,127.858848571777,3.01737284660339,369.612548828125,73.201057434082,88.267951965332,412.471099853516,82.9394302368164,95.2140808105469,22465,3016,4969.4619140625,667.166625976562,25,367,81.1837310791016,5.53022718429565,418,829,,,1.83382332324982,0.924653947353363,2.00420951843262,1.00390207767487,322,33,71.2293243408203,7.29989957809448,37.5110893249512,29.1118278293932,970.787326187555,607.036004620847,,,,1068.44853120202,668.103826685704,,,14452,23.6271949750144
2020,SP,35014,Rota dos Bandeirantes,48.4638211755466,15.0844072280584,14.2042305487552,67.4882180613935,99.1688956820787,92.8544134505159,100,92.6888294484779,100,100,53.4740797350656,97.7136670487836,72.8334503173828,1.22523558139801,29.577615737915,68.47705078125,,,,,,699.458618164062,147.571517944336,147.204818725586,2.5014979839325,426.540832519531,76.8208084106445,106.971534729004,478.538818359375,87.6163177490234,116.741325378418,96799,10292,5070.91748046875,539.157287597656,178,1886,98.8000946044922,9.32471752166748,2416,4668,,,2.4453809261322,1.26564705371857,1.97608053684235,1.25574612617493,789,144,41.3325958251953,7.54359197616577,42.2712478637695,28.8750109042823,1256.94848641282,1000.51542844942,,,,1383.39750414595,1101.16728055143,,,82038,31.3689522019168
2020,SP,35052,Sul - Barretos,63.9443117892266,68.9640751682923,62.7585090452871,84.6876727473742,97.6782752902156,98.783858485351,99.7788833609729,98.6733001658375,100,100,62.0232172470978,93.2006633499171,76.3558807373047,0.54844605922699,26.081657409668,73.1261444091797,,,,,,795.759521484375,206.507339477539,121.751884460449,7.1005916595459,333.538116455078,62.3864212036133,76.4140472412109,370.753570556641,71.2394409179688,81.8187713623047,7514,1318,5054.384765625,886.568969726562,0,205,137.895782470703,0,188,317,,,2.13233947753906,1.26460516452789,2.15016508102417,1.39611065387726,132,6,88.7914276123047,4.03597402572632,30.2153186798096,31.5001166968906,1072.11524343357,701.654461127524,,,,1179.97003692298,772.240899916953,,,4355,20.8571114426589
2020,SP,35094,Ourinhos,74.930192186438,36.691068694164,33.8901581218627,78.1890284203569,90.2511566424322,91.4738929279577,91.4077990746861,89.9537343027098,92.8288169200264,100,73.3641771315268,88.3674818241903,82.496467590332,1.09618103504181,17.1145687103271,81.7538909912109,,,,,,805.13525390625,193.346435546875,126.998085021973,10.2123355865479,350.733978271484,63.9858207702637,76.8291015625,391.977325439453,73.1523895263672,83.9801712036133,16691,2790,6793.990234375,1135.65588378906,39,355,144.501022338867,15.8747606277466,344,387,,,1.57526469230652,1.40023529529572,1.95554661750793,1.48378121852875,189,14,76.9315338134766,5.69863176345825,16.6391906738281,26.2502855634931,1154.48484519452,601.377030281442,,,,1270.62602062109,661.875559527755,,,8149,24.1351012272411
2020,SP,35041,Baixada Santista,60.8671505314954,38.3149002598375,44.757228622111,58.0864757818302,76.9576697747339,76.4708309266441,80.0849905107682,75.1464642297219,78.2985394834557,75.1052067002228,41.0388645927882,69.1228649228484,75.8597412109375,1.22724211215973,21.05641746521,77.4601058959961,,,,,,921.610473632812,205.983291625977,165.222412109375,6.08926296234131,428.601898193359,79.2718887329102,98.5949249267578,479.693328857422,89.9330596923828,107.182640075684,76468,8353,4063.75927734375,443.905700683594,229,2407,127.915840148926,12.169807434082,2516,4602,,,2.44565296173096,1.33708453178406,2.56104040145874,1.47657227516174,1769,260,94.0104370117188,13.8172483444214,36.8130836486816,24.4827487021879,1310.91939142177,774.872165522942,,,,1442.7978821988,852.82430537455,,,63048,23.5908994536872
2020,SP,35032,Centro Oeste do DRS III,44.8322111096738,29.7519760894874,30.5349228286844,85.3427895981088,97.3404255319149,96.7494089834515,99.1725768321513,100,97.8723404255319,100,82.0921985815603,92.3758865248227,81.1414413452148,0.43424317240715,13.5235729217529,85.8560791015625,,,,,,819.749633789062,217.429473876953,145.178070068359,3.62438225746155,371.834594726562,81.0761871337891,89.9056243896484,414.140441894531,92.1554565429688,96.2269897460938,10526,2021,7107.64794921875,1364.673828125,8,159,107.364242553711,5.40197420120239,113,169,,,1.14116704463959,0.763028860092163,1.31571841239929,0.842876791954041,118,1,79.6791229248047,0.675246775150299,18.5348491668701,27.6060832090644,873.935418399929,542.332174617548,,,,961.853321490962,596.890791384073,,,3688,18.0856863816225
2020,SP,35073,Jundiaí,55.0152206814842,19.8874577169223,18.6180455222251,84.3210737319156,87.2668642147464,85.6981000522921,88.6351751786648,86.3953285689385,96.6010109813491,94.1432804601708,80.8436465051421,93.0102841206205,84.737678527832,0.37407648563385,13.0085105895996,86.3087997436523,,,,,,690.809020996094,131.449981689453,144.655563354492,1.70115745067596,338.893920898438,46.1460075378418,89.2345809936523,379.570556640625,52.6029930114746,97.5122299194336,42758,6595,5180.2197265625,798.997802734375,66,720,87.2294845581055,7.99603605270386,905,2011,,,2.43636798858643,1.09642612934113,2.24128293991089,1.1037255525589,531,106,64.3317413330078,12.8421182632446,49.3999938964844,25.5054950967604,1218.80022555063,870.041277887207,,,,1341.41152824102,957.567430442661,,,15614,14.3380601696856
2020,SP,35171,Alto Vale do Paraíba,63.5379480061033,25.8264260629102,34.0727465143503,36.122087477858,73.797520098106,81.271290366535,74.2539855566153,75.4598719171549,100,84.4869873279738,29.8882681564246,64.7159013489576,79.1805801391602,0.546282231807709,17.2154788970947,82.0637359619141,,,,,,665.896667480469,153.102386474609,116.935760498047,4.89218330383301,328.858306884766,58.3713836669922,76.0536880493164,369.631134033203,66.8032531738281,82.6576538085938,49494,6258,4441.76416015625,561.61474609375,154,1106,99.2562942504883,13.8204965591431,1926,2933,,,2.63217639923096,1.72845959663391,3.08221769332886,1.89217412471771,1231,215,110.474227905273,19.294849395752,39.5664672851562,27.4342267620101,1108.57550075747,717.223634426295,,,,1220.09819613368,789.37633204958,,,36305,26.0628607227761
2020,SP,35143,Rio Pardo,62.8128379155642,44.6414356378695,36.1256183135856,72.6870474658085,80.4907481898632,83.6283185840708,82.5422365245374,80.852775543041,82.9042638777152,84.9557522123894,51.2872083668544,73.6926790024135,87.0147247314453,0.803212881088257,8.38911247253418,90.2722015380859,,,,,,878.353576660156,229.235580444336,164.002212524414,3.60878658294678,348.390899658203,72.6216812133789,86.5436706542969,388.980804443359,83.6810302734375,93.9556427001953,15095,2648,6934.4912109375,1216.46447753906,13,539,247.611175537109,5.97206926345825,270,444,,,2.03969120979309,1.24035286903381,1.85869169235229,1.20084524154663,124,4,56.9643516540527,1.83755970001221,23.6801719665527,27.5460121474118,979.006709812493,537.353031220522,,,,1077.49478481963,591.410746161307,,,8075,30.4156584004043
2020,SP,35065,Lins,82.9883502000471,60.4530477759473,41.2632384090374,68.6952037132543,81.2274368231047,79.8865394533265,82.3104693140794,81.3821557503868,80.2475502836514,89.0665291387313,76.7921609076844,80.660134089737,81.8281936645508,1.21145379543304,20.2092514038086,78.5792922973633,,,,,,903.075744628906,213.347991943359,130.34684753418,14.8867311477661,405.507995605469,68.8610534667969,86.5702438354492,451.533630371094,78.6074066162109,92.8208389282227,9243,1343,5402.67236328125,785.003662109375,22,355,207.502838134766,12.8593301773071,233,239,,,1.3969908952713,1.36191999912262,1.85846555233002,1.38778483867645,155,18,90.5998306274414,10.5212707519531,31.1172428131104,22.3921883816879,840.11047893622,492.152345610732,,,,924.625593117204,541.662871579172,,,4906,18.6280676880093
2020,SP,35012,Franco da Rocha,63.736996598131,44.5807455201607,41.936125023202,84.3615494978479,87.4075709082883,90.4094470808961,90.1887208917338,86.8557554353824,90.0452488687783,92.8043262333076,68.0719567376669,81.5693632049443,77.1991729736328,1.13152456283569,22.4601535797119,76.2988204956055,,,,,,632.325439453125,140.732940673828,142.51643371582,1.89743590354919,432.586456298828,86.1127090454102,111.812057495117,483.149780273438,97.1982879638672,121.111686706543,27262,2823,4420.1171875,457.706359863281,46,580,94.0381469726562,7.45819759368896,689,1040,,,1.68620121479034,1.11710834503174,1.32545149326324,1.08999121189117,258,60,41.8307609558105,9.72808361053467,26.0153274536133,26.155618264649,815.362249175815,482.168579001056,,,,897.387691442902,530.674738048562,,,32094,42.892682394276
2020,SP,35114,Extremo Oeste Paulista,67.5795632218692,47.4544812629243,46.8744641145912,60.6542056074766,72.803738317757,73.9252336448598,74.4859813084112,76.6355140186916,77.5700934579439,76.2616822429907,47.4766355140187,67.196261682243,74.3169403076172,0.327868849039078,26.3387985229492,73.2240447998047,,,,,,778.385986328125,214.934967041016,117.511177062988,11.8709678649902,336.642913818359,69.4830474853516,73.0955123901367,377.051330566406,80.667724609375,80.7566757202148,6029,1235,6055.3408203125,1240.39575195312,10,138,138.602920532227,10.0436897277832,88,103,,,1.03450012207031,0.88384473323822,1.1964545249939,1.00361573696136,56,0,56.2446632385254,0,15.1328277587891,24.0877015356994,936.15213345438,473.403690422152,,,,1030.32903807989,521.02810167862,,,3155,18.3103295194094
2020,SP,35174,Vale do Paraíba/Região Serrana,65.3458596315876,36.2052916371951,41.5301392762997,78.8556599110232,78.4354918437963,82.2664359861592,82.0192782995551,78.5714285714286,82.9584775086505,85.8007909045971,55.1038062283737,77.7681660899654,80.0107040405273,0.56194806098938,18.9590587615967,79.9571838378906,,,,,,708.130126953125,173.907257080078,140.676574707031,4.33519554138184,353.788208007812,67.4320907592773,88.2803649902344,396.531005859375,76.8334350585938,96.134521484375,27971,3318,4426.16943359375,525.044860839844,77,898,142.10075378418,12.1845855712891,934,1379,,,2.18214845657349,1.47797441482544,2.92350935935974,1.57738947868347,349,42,55.2262382507324,6.64613771438599,25.9389247894287,28.0472355261684,1049.27650557472,620.901312131871,,,,1154.83372203554,683.363984132337,,,17886,18.8546957008985
2020,SP,35033,Norte do DRS III,78.2543065174925,36.4170281858082,44.6330263591851,82.6513911620295,74.0316421167485,76.8139661756683,78.0141843971631,74.468085106383,77.7959629023459,79.5962902345881,75.4500818330606,73.0496453900709,79.1282958984375,0.613873541355133,15.5310001373291,83.6709671020508,,,,,,787.943481445312,182.464477539062,158.472595214844,6.73076915740967,341.323944091797,66.6377868652344,97.4795455932617,381.950073242188,75.5572357177734,104.812149047852,9663,1714,6100.87939453125,1082.15954589844,32,240,151.527587890625,20.2036781311035,166,209,,,1.31955277919769,1.04806578159332,1.72646749019623,1.11546397209167,138,10,87.1283645629883,6.31364965438843,34.6411018371582,24.5784272156585,784.238171727935,506.205094058401,,,,863.132531803765,557.129326520676,,,5329,26.6914140163018
2020,SP,35173,Litoral Norte,90.3943428263863,79.6803863435639,79.323244548458,41.5463917525773,77.7731958762887,78.8247422680412,80.9896907216495,78.3711340206186,80.1443298969072,82.2886597938144,29.1340206185567,73.4845360824742,84.1731109619141,0.773573100566864,17.1858673095703,81.8942108154297,,,,,,647.549926757812,150.088531494141,108.462409973145,6.79040288925171,365.138519287109,65.6238250732422,78.0932083129883,409.534484863281,75.0632705688477,84.4463424682617,25108,2743,7360.20068359375,804.087585449219,23,557,163.279907226562,6.74225807189941,561,737,,,2.1604540348053,1.64452469348907,2.28892350196838,1.60905456542969,154,1,45.1438140869141,0.293141663074493,15.0493068695068,31.9011214465202,1966.72542992319,1066.14790559086,,,,2164.57800817346,1173.4023848933,,,15596,31.0546957166141
2020,SP,35102,Limeira,37.6387594835618,30.6136030879808,31.2258751497404,95.7330912392192,82.7280980481162,82.6827054017249,85.3835678620064,80.708125283704,85.6559237403541,82.4103495233772,94.9160236041761,75.4879709487063,82.3515319824219,1.34099614620209,20.4262447357178,78.2088088989258,,,,,,744.255249023438,165.624481201172,131.075424194336,4.25230312347412,365.048278808594,65.6535720825195,85.8619079589844,408.361328125,74.567756652832,93.2759017944336,13084,1563,3450.68579101562,412.215057373047,52,306,80.7023773193359,13.714129447937,456,888,,,2.34195137023926,1.20262360572815,2.81198978424072,1.23868906497955,239,44,63.0322456359863,11.6042633056641,42.3312950134277,20.2041710784257,984.386704911487,488.475035059231,,,,1083.41600742558,537.615623586189,,,12444,31.4861883967919
2020,SP,35013,Mananciais,52.0360349153034,16.8735702487335,23.8435860753457,47.8032396121133,76.6888780540658,77.5231594344222,79.7442981743323,78.4712064575546,81.3532694078769,86.2614442819221,23.6740885205049,73.0646297199198,75.6252365112305,0.766620576381683,23.5578727722168,75.0345611572266,,,,,,660.241394042969,136.295791625977,139.622161865234,3.10037469863892,423.25439453125,75.6531372070312,101.924842834473,473.135345458984,86.0370788574219,111.289100646973,64820,8253,5528.59375,703.91064453125,75,998,85.1209030151367,6.39686107635498,1242,1479,,,1.26146101951599,1.05932021141052,1.45014715194702,1.10846948623657,820,30,69.9390182495117,2.55874443054199,24.8615283966064,25.0678207085969,745.677586355249,487.486251390876,,,,820.692751542587,536.527368280798,,,47958,29.2102046767026
2020,SP,35132,Aquífero Guarani,65.9595659188066,25.958645892618,25.835619134833,91.6306306306306,91.027027027027,90.5225225225225,94.2612612612613,91,98.5765765765766,95.5765765765766,5.54954954954955,91.3153153153153,73.8131713867188,0.411562025547028,11.1696014404297,86.5428771972656,,,,,,767.337280273438,160.298095703125,119.800621032715,1.66735565662384,341.376129150391,56.7442741394043,73.5040512084961,383.243011474609,64.6027145385742,80.285400390625,50588,7144,5349.05029296875,755.388916015625,155,1590,168.122665405273,16.3893165588379,1708,3620,,,3.82769846916199,1.80599701404572,4.67685031890869,1.73232436180115,1092,137,115.465385437012,14.4860420227051,38.9829940795898,23.8636585512343,961.793667983945,575.401936601637,,,,1058.55011098313,633.287371423762,,,19658,16.3107195792069
2020,SP,35081,Três Colinas,32.4075762463823,19.9404803650662,21.4962665806367,67.1202956989247,78.6290322580645,78.5786290322581,81.6532258064516,78.7970430107527,93.6323924731183,81.9556451612903,4.03548443207514,77.6881720430108,77.3203582763672,0.748502969741821,25.7672157287598,73.2035903930664,,,,,,746.237487792969,213.011825561523,114.859313964844,2.82960200309753,348.819061279297,81.5717163085938,72.0867919921875,390.391052246094,93.3048553466797,77.979850769043,20955,3026,4862.37744140625,702.150085449219,45,479,111.146690368652,10.4417562484741,398,775,,,1.79830241203308,0.923515319824219,1.7701096534729,0.94405072927475,181,18,41.9990615844727,4.17670249938965,29.7578449249268,28.3576428407967,720.383811360629,502.140496355416,,,,792.854422783508,552.655830288771,,,12304,21.4592253470144
2020,SP,35034,Coração do DRS III,55.1872335840139,29.3130884331921,39.3996195936819,80.3027203927183,80.1186336674166,82.1231335651462,83.2276539169564,81.3254244221722,84.0867253016977,86.3571282470853,82.9412967887094,80.1390877480057,65.0010986328125,0.197238653898239,16.4584693908691,80.3637924194336,,,,,,719.170654296875,181.84211730957,138.865768432617,5.73402404785156,305.853240966797,58.087516784668,79.8080368041992,341.344421386719,65.6542434692383,86.4031448364258,20320,3325,5047.85791015625,825.990478515625,29,474,117.750228881836,7.2041277885437,418,884,,,2.19601678848267,1.03838801383972,2.63348126411438,1.14719521999359,326,46,80.9843292236328,11.4272375106812,36.782787322998,27.8169072153543,970.645529824808,634.769436833255,,,,1068.29247012518,698.627242178681,,,11095,23.9836348103451
2020,SP,35015,Grande ABC,62.4769747418429,31.8634804261559,47.7333898234004,75.0211565585331,77.4837799717913,78.8575458392102,79.5289139633286,78.7136812411848,83.7122708039492,85.5994358251058,47.4160789844852,75.8617771509168,80.7191314697266,0.821775436401367,19.6966247558594,79.4328765869141,,,,,,740.959167480469,148.661972045898,139.900390625,2.07171702384949,351.625518798828,56.3893165588379,86.8363723754883,397.190521240234,64.7760238647461,95.0950088500977,124819,15480,4445.5771484375,551.338623046875,393,3612,128.64567565918,13.9971618652344,3985,8700,,,3.09860849380493,1.41930508613586,2.85047936439514,1.4466404914856,3521,771,125.404602050781,27.4600811004639,48.8565406799316,28.2741833221794,1255.2028314535,682.359667852026,,,,1381.47623629772,751.00505043794,,,84150,21.9966970332427
2020,SP,35111,Alta Paulista,69.701226867516,68.2242784430257,53.3437288534526,80.5500982318271,91.0936476751801,94.3680419122462,92.6653569089718,94.9574328749181,98.8867059593975,99.2796332678455,29.2730844793713,99.4760969220694,83.1159439086914,0.652173936367035,18.043478012085,80.9420318603516,,,,,,910.141784667969,242.89958190918,133.155792236328,11.3344049453735,352.51953125,73.6426086425781,76.8179092407227,395.609130859375,84.0594787597656,85.2689208984375,9057,2002,6626.32958984375,1464.71374511719,10,213,155.836181640625,7.3162522315979,202,199,,,1.45593416690826,1.47788298130035,1.50915992259979,1.53751039505005,80,0,58.5300178527832,0,13.1209669113159,27.4447388166359,1137.27454647092,633.21703507017,,,,1251.68436584589,696.918668798229,,,5280,31.1090248328236
2020,SP,35141,Baixa Mogiana,44.6529409277859,45.9541482210694,32.2961522433671,78.1518987341772,81.3670886075949,83.3924050632911,85.0632911392405,83.4683544303797,88.8354430379747,86.1772151898734,62.1518987341772,86,62.4965019226074,0.475790649652481,13.7419538497925,84.3828735351562,,,,,,808.522644042969,228.306396484375,132.603713989258,3.89610385894775,355.289733886719,79.2236022949219,78.4068069458008,395.549774169922,89.7243347167969,84.9532089233398,17003,2195,5101.04296875,658.518432617188,32,469,140.70393371582,9.60026836395264,411,560,,,1.68004703521729,1.233034491539,2.09720873832703,1.28973615169525,383,35,114.903213500977,10.5002937316895,32.5521125793457,29.2039148114517,1134.84768871884,685.402242521606,,,,1249.01336620396,754.35370811928,,,6793,13.7253890958947
2020,SP,35154,Fernandópolis,91.6414449285124,89.7453385965062,88.1339892406196,78.8786482334869,94.7772657450077,91.7818740399386,96.3901689708141,91.0138248847926,98.4639016897081,99.1551459293395,62.826420890937,93.2411674347158,86.248908996582,0.696257591247559,14.5343780517578,84.6823348999023,,,,,,999.252258300781,261.708923339844,163.992935180664,4.50680255889893,348.414428710938,72.3657684326172,79.4582290649414,392.824890136719,83.183708190918,87.4259414672852,7538,1205,6405.07080078125,1023.89367675781,9,173,146.998840332031,7.6473388671875,211,271,,,2.30269861221313,1.79287612438202,2.28273057937622,1.86255180835724,106,1,90.0686569213867,0.849704325199127,18.8634357452393,23.8487221646982,1208.12156326465,737.978170052774,,,,1329.65859252907,812.218773960083,,,3818,28.2329131279315
2020,SP,35115,Pontal do Paranapanema,100,100,100,69.1428571428571,80.5714285714286,76.9142857142857,81.1428571428571,79.5428571428571,72.5714285714286,80,74.1714285714286,67.6571428571429,84.6446685791016,0.761421322822571,9.01015186309814,90.2284240722656,,,,,,769.150634765625,218.694671630859,148.771881103516,5.60928440093994,355.598480224609,84.3231430053711,94.7830657958984,395.758422851562,95.0462341308594,102.548469543457,6715,1370,9990.0322265625,2038.17492675781,0,134,199.35432434082,0,92,98,,,1.45796453952789,1.36870133876801,1.52639961242676,1.45424520969391,6,0,8.92631340026855,0,14.0425786972046,25.3063206535686,1175.65627460287,714.235161448213,,,,1293.92729582792,786.087218689904,,,4145,37.871253519199
2020,SP,35113,Alto Capivari,97.888965274401,88.754003252905,93.8379248478345,75.3246753246753,89.1390728476821,91.2582781456954,90.1986754966887,91.3907284768212,96.2913907284768,92.317880794702,38.6754966887417,87.0198675496689,84.0287780761719,1.00719428062439,10.647481918335,88.3453216552734,,,,,,746.742370605469,205.479446411133,113.59839630127,7.15883684158325,346.494110107422,71.2757797241211,83.0377426147461,384.578308105469,81.0868225097656,88.1629867553711,4681,839,7819.9130859375,1401.60375976562,10,103,172.068161010742,16.7056465148926,86,49,,,0.818576693534851,1.43668556213379,1.3890745639801,1.48346138000488,34,0,56.7991981506348,0,20.4259948730469,27.2370575989156,1153.99344371971,790.056279783363,,,,1270.08518415792,869.53594152957,,,2761,37.9131143133979
2020,SP,35082,Alta Anhanguera,70.4559122801689,48.0910002126173,57.0112079701121,78.8440567066521,80.4252998909488,80.752453653217,83.2606324972737,84.0785169029444,90.4034896401309,89.0403489640131,29.2808219178082,82.0610687022901,84.2789611816406,0.650118231773376,10.8747043609619,88.2978744506836,,,,,,720.278015136719,193.921005249023,125.265739440918,3.01003336906433,355.700775146484,76.3052978515625,80.4228210449219,396.816192626953,85.0900039672852,87.8533020019531,8402,1757,5060.01318359375,1058.13415527344,8,239,143.935150146484,4.81791305541992,148,255,,,1.53570973873138,0.891313910484314,1.5533252954483,0.878365755081177,137,0,82.5067596435547,0,35.1876258850098,24.7797862106301,938.744822282295,601.604092215169,,,,1033.18255140389,662.125463892015,,,4156,18.8782524935711
2020,SP,35152,Santa Fé do Sul,85.5184107512926,88.1811140650185,85.5184107512926,99.1423670668954,100,100,100,100,100,100,95.7118353344768,100,86.6779098510742,0.505902171134949,12.1416530609131,87.3524475097656,,,,,,1157.92321777344,283.233032226562,152.029495239258,10.2517986297607,426.266784667969,77.0085220336914,81.5985336303711,479.224151611328,87.9324493408203,89.7471542358398,3817,490,7949.26806640625,1020.47192382812,6,78,162.442474365234,12.4955749511719,74,65,,,1.35368728637695,1.54112088680267,1.52133619785309,1.63223445415497,18,0,37.4867248535156,0,16.2421646118164,22.2112109404366,1383.93660337862,684.894257813318,,,,1523.16062567851,753.794620149337,,,1408,24.4038343628298
2020,SP,35016,São Paulo,70.6121348286728,38.6711647537717,40.342847870919,63.1586719354515,74.071908280616,76.2426239965977,76.8421550038689,75.7263775923071,77.1333557788292,85.6207065605822,34.3197538083509,76.044158559708,80.9240646362305,1.16697132587433,16.4483833312988,82.3683319091797,,,,,,752.123779296875,140.013595581055,127.170021057129,4.65043544769287,348.151062011719,51.1392440795898,77.3494110107422,404.763458251953,61.7587432861328,85.4785614013672,521577,62440,4231.7822265625,506.60302734375,1946,18019,146.196029663086,15.7887496948242,26244,43854,,,3.55806684494019,2.12929058074951,4.0250358581543,2.20897674560547,18430,3228,149.530654907227,26.1901760101318,46.4958305358887,21.7872239130524,1140.37257655328,807.333963143066,,,,1255.09405775454,888.551759835259,,,480628,24.2773142573057
2020,TO,17007,Cantão,97.9458055393317,98.0833666349021,95.6349328332975,96.4084145715752,87.4807593637763,92.8168291431503,93.1759876859928,87.7373011800924,85.0692662904053,91.9958953309389,97.1780400205233,87.5320677270395,72.5256881713867,0.703082740306854,27.3661441802979,71.9307708740234,,,,,,590.703857421875,150.526840209961,112.515014648438,2.31660223007202,368.163787841797,73.755989074707,77.5405883789062,409.3876953125,83.9352111816406,84.2133712768555,7124,1021,5415.92529296875,776.201538085938,0,171,130.000457763672,0,146,130,,,0.988307535648346,1.1099454164505,1.26655411720276,1.24621784687042,46,0,34.9708824157715,0,3.2279646396637,17.8400123190445,839.473400602502,343.120480541637,,,,923.924424703114,377.638400884126,,,9489,54.5150345329867
2020,TO,17002,Bico do Papagaio,98.5185608877195,98.5185608877195,98.5185608877195,61.8856259659969,87.4497681607419,90.9737248840804,92.6120556414219,88.7789799072643,90.6336939721793,86.3678516228748,56.4142194744977,90.7882534775889,58.5273971557617,0.821917831897736,35.3424644470215,63.8013687133789,,,,,,593.700622558594,191.592636108398,110.224899291992,1.91235065460205,379.736633300781,98.0379486083984,87.8304977416992,425.007598876953,110.834899902344,95.821533203125,7946,1273,3759.00024414062,602.215881347656,0,186,87.9906921386719,0,245,191,,,0.90356034040451,1.15901720523834,1.00030279159546,1.14955580234528,10,0,4.73068237304688,0,2.02946257591248,20.3969414649614,821.958822475166,255.922287698526,,,,904.647880016168,281.668069840998,,,23270,87.8076013775747
2020,TO,17005,Ilha do Bananal,98.2443000808653,97.9322359530438,98.2443000808653,75.7412398921833,66.4227955333077,66.4613015017328,69.1182133230651,65.5756642279553,64.6515209857528,70.0038505968425,67.5009626492106,63.8043896804005,68.9696960449219,1.01010096073151,28.1212120056152,70.7878799438477,,,,,,606.780395507812,163.03173828125,103.109481811523,3.02491092681885,327.785705566406,58.7635307312012,72.2350387573242,365.464691162109,66.78271484375,78.5292053222656,9185,1329,4958.43212890625,717.447631835938,20,310,167.350463867188,10.7968044281006,377,283,,,1.52774775028229,2.03519749641418,2.04383492469788,1.93721663951874,96,5,51.8246612548828,2.69920110702515,7.49838066101074,18.6755634775213,938.134650189681,391.077568016412,,,,1032.51099599876,430.419971358863,,,10938,39.7533939386742
2020,TO,17003,Sudeste,88.618314958873,99.1237055894196,88.618314958873,89.3146647015475,90.7885040530582,94.8415622697126,96.683861459101,93.6624907885041,90.9358879882093,93.7361827560796,84.5983787767133,94.6941783345615,63.5690803527832,1.48026311397552,36.1019744873047,62.3355255126953,,,,,,587.528625488281,162.529403686523,104.987937927246,8.41924381256104,351.139221191406,78.1420135498047,84.4727249145508,391.021728515625,86.5974273681641,92.4777221679688,3724,695,3759.37573242188,701.60205078125,0,146,147.386917114258,0,127,58,,,0.585509657859802,1.28206419944763,0.799523532390594,1.28736412525177,4,0,4.03799772262573,0,2.87303519248962,20.9492086334602,901.864208140207,372.449233445237,,,,992.591747479112,409.917626329827,,,11113,95.5240670711394
2020,TO,17006,Capim Dourado,99.5197755930811,86.2430772758664,95.1929563531743,99.2931196983977,88.5642475651901,89.286836317939,93.3553251649387,87.4332390826265,82.6892868363179,94.5334590009425,97.4238140119384,84.4486333647502,73.8506240844727,0.742055177688599,29.1014671325684,70.1564788818359,,,,,,484.409698486328,103.31632232666,81.0836944580078,2.10583162307739,379.924743652344,65.1738204956055,79.4297409057617,423.448974609375,73.6801452636719,86.2588806152344,20047,2154,5243.49951171875,563.400939941406,61,823,215.264129638672,15.9551792144775,1202,947,,,2.47697615623474,3.14395499229431,3.66916799545288,3.13977003097534,554,83,144.904418945312,21.7095050811768,15.0164394378662,20.5950425592096,953.541212959926,481.196330296267,,,,1049.46745898369,529.604681124072,,,20028,43.5236129085245
2020,TO,17001,Médio Norte Araguaia,79.9928444123474,83.6448443328408,76.6833851230032,98.8645579886456,77.2303325223033,80.6163828061638,84.1646390916464,75.9529602595296,77.4939172749392,78.0819140308191,98.4184914841849,75.2917093142272,74.1875381469727,1.11778104305267,31.8567581176758,67.0254592895508,,,,,,605.536926269531,150.238616943359,110.305908203125,1.40540540218353,399.504180908203,81.4867553710938,83.5492858886719,446.170745849609,92.410026550293,90.8603897094727,15317,2083,5013.51806640625,681.801818847656,64,650,212.756210327148,20.9483032226562,688,588,,,1.92462539672852,2.25194263458252,2.23533129692078,2.30660462379456,190,32,62.1902770996094,10.4741516113281,5.82591962814331,23.0164688018987,840.074408239527,325.812325168454,,,,924.585893708423,358.589045080401,,,20779,47.4825319474721
2020,TO,17004,Cerrado Tocantins Araguaia,100,99.5420328549709,100,91.5945611866502,89.0399670374948,93.1190770498558,94.7672023073754,93.6135146271117,87.2270292542233,95.3852492789452,89.2459826946848,85.9909353110836,73.6796875,1.03048515319824,32.5890922546387,66.3804244995117,,,,,,643.544006347656,186.934219360352,121.966918945312,2.66666674613953,387.730560302734,81.9605712890625,97.181022644043,432.255950927734,94.7159194946289,103.593353271484,7799,1348,4780,826.187927246094,0,254,155.676361083984,0,221,142,,,0.870316684246063,1.3545069694519,1.10858118534088,1.3440877199173,19,0,11.6450824737549,0,4.09539175033569,18.6054831081063,913.674488263433,370.56395050741,,,,1005.59014178273,407.842683928456,,,13537,62.2006458705925
2020,TO,17008,Amor Perfeito,98.0376138964945,100,98.0376138964945,97.148380860319,83.856935717738,87.3852102464959,89.2701788303528,85.6935717738038,82.7452875785404,90.2368293861769,96.3267278878685,87.8202029966167,72.81298828125,0.785751700401306,29.2823467254639,69.9319000244141,,,,,,686.417175292969,192.803771972656,85.6905670166016,3.2509753704071,414.016876220703,87.9580688476562,66.6400299072266,458.596588134766,98.0984878540039,71.5669403076172,7316,1296,6530.33544921875,1156.82263183594,0,200,178.522018432617,0,250,149,,,1.32998907566071,2.231525182724,1.70019900798798,2.19314289093018,0,0,0,0,4.14617395401001,20.1509781241084,974.937652049015,439.961409309215,,,,1073.01637984515,484.221527085722,,,9716,68.0911947228892
2021,AC,12002,Baixo Acre e Purus,83.8585916292785,87.7071598763669,69.734517209942,76.5633101731826,68.1841750492585,69.7293373431505,74.966296795603,66.1827232189153,65.2597739292751,66.6908638390542,73.555947319299,60.4791040132739,,,,,,,,,,,,,,,,,,,,28641,3402,4828.634765625,573.548950195312,59,1042,175.672561645508,9.9469108581543,906,816,,,1.37570834159851,1.52744078636169,1.86234819889069,1.62029266357422,231,33,38.9446830749512,5.56352615356445,6.87736129760742,15.8198237520573,471.954803698438,297.923605299752,,,,471.954803698438,297.923605299752,,,49965,141.772971041003
2021,AC,12001,Alto Acre,99.1258548422678,100,99.1258548422678,52.787579393084,54.7635850388144,56.5278757939308,59.5624558927311,55.257586450247,57.2335920959774,56.9513055751588,38.9555398729711,43.5426958362738,,,,,,,,,,,,,,,,,,,,5157,989,7005.17529296875,1343.43969726562,0,100,135.838195800781,0,103,51,,,0.692774772644043,1.39913332462311,0.954602897167206,1.42969691753387,0,0,0,0,0.933208346366882,15.8450735793381,626.770753755477,250.946868078792,,,,626.770753755477,250.946868078792,,,8689,166.168941956342
2021,AC,12003,Juruá e Tarauacá/Envira,84.9242970135983,99.1112852862723,84.9242970135983,56.6666666666667,56.0344827586207,59.4827586206897,63.2950191570881,54.4252873563218,49.904214559387,54.8659003831418,50.9961685823755,41.5325670498084,,,,,,,,,,,,,,,,,,,,13747,1830,5725.29248046875,762.150695800781,0,348,144.933578491211,0,283,186,,,0.77464497089386,1.17862641811371,1.06419968605042,1.35708630084991,56,18,23.3226432800293,7.49656391143799,0.810045421123505,15.7649710845683,496.599842544535,172.692634905471,,,,496.599842544535,172.692634905471,,,32234,366.825421681729
2021,AL,27010,10ª Região de Saúde,83.4100239373907,100,83.4100239373907,41.1106671993608,69.4766280463444,70.1558130243708,73.112265281662,71.8737514982022,68.9172992409109,72.7127447063524,17.7786656012785,48.9412704754295,,,,,,,,,,,,,,,,,,,,5934,728,3668.8740234375,450.107879638672,0,199,123.037734985352,0,186,125,,,0.772850096225739,1.15000092983246,0.810410618782043,1.17952382564545,13,10,8.03764057159424,6.18280076980591,1.75900673866272,17.3850672138353,750.362651625425,277.022331392528,,,,750.362651625425,277.022331392528,,,23457,220.06805408714
2021,AL,27005,5ª Região de Saúde,100,100,97.2507803416417,67.2715275486638,79.2807654239525,76.9712966017816,80.7654239524909,78.8188716595183,78.1590234246123,80.3695150115473,57.7367205542725,71.0656548993731,,,,,,,,,,,,,,,,,,,,13270,1660,5502.091796875,688.27978515625,15,361,149.680114746094,6.21939516067505,254,171,,,0.709011077880859,1.05315101146698,1.26968955993652,1.10725975036621,18,0,7.46327447891235,0,2.98157811164856,24.6849162905446,1016.42929811479,369.663843024717,,,,1016.42929811479,369.663843024717,,,31335,121.739896592186
2021,AL,27007,7ª Região de Saúde,100,100,98.992521635254,48.875176757938,82.1699447229721,83.1726442987531,84.6895487851909,84.2139092428333,81.0001285512277,85.6279727471397,40.840725028924,70.1504049363671,,,,,,,,,,,,,,,,,,,,25040,1878,4698.9853515625,352.423889160156,93,1089,204.360824584961,17.4523010253906,704,796,,,1.49376690387726,1.32112050056458,1.53946197032928,1.39379143714905,229,9,42.9739456176758,1.68893241882324,4.78699731826782,18.0813850273268,1014.4576718005,265.963587413911,,,,1014.4576718005,265.963587413911,,,71141,197.02581064065
2021,AL,27004,4ª Região de Saúde,100,100,100,73.5263702171665,81.5925542916236,81.2306101344364,84.8500517063082,81.4374353671148,85.5739400206825,83.0920372285419,72.2854188210962,69.7001034126163,,,,,,,,,,,,,,,,,,,,6723,926,4670.53369140625,643.30126953125,0,226,157.004409790039,0,127,90,,,0.625238835811615,0.882281422615051,0.985793173313141,0.946194708347321,0,0,0,0,2.42175841331482,21.263271337369,927.095471820116,378.056003643291,,,,927.095471820116,378.056003643291,,,23613,199.666247525096
2021,AL,27001,1ª Região de Saúde,56.5129018240268,39.7168560886299,39.2242862994731,75.7782919646613,73.5591081194783,71.9394194362642,78.1079091291544,69.0208245687842,75.7151872107699,69.1417753470761,74.9474127050905,66.6175851914178,,,,,,,,,,,,,,,,,,,,66147,7636,5120.41845703125,591.100341796875,149,2441,188.957046508789,11.5340433120728,2140,3221,,,2.4933660030365,1.65656733512878,2.95641136169434,1.78481578826904,1097,175,84.9184265136719,13.5466947555542,23.7701930999756,21.4017020161419,864.527500856107,384.55553294544,,,,864.527500856107,384.55553294544,,,102740,66.7787437646498
2021,AL,27008,8ª Região de Saúde,100,100,100,64.4489795918367,73.7959183673469,73.5918367346939,77.265306122449,73.6326530612245,71.7142857142857,74.9387755102041,58.9387755102041,67.8367346938775,,,,,,,,,,,,,,,,,,,,7724,491,4918.1474609375,312.637298583984,16,176,112.065505981445,10.1877737045288,152,96,,,0.611266374588013,0.96783846616745,1.2612144947052,1.16713678836823,39,0,24.8326969146729,0,7.02701663970947,18.8861664827005,1084.0323595799,286.23860404685,,,,1084.0323595799,286.23860404685,,,25288,214.278610133014
2021,AL,27003,3ª Região de Saúde,98.1571087083291,100,96.5158671159642,78.4184984299172,78.9608906651442,78.3614045104196,82.1581501570083,79.9314872966029,70.2255209820154,80.7308021695689,71.3388524122181,67.1139023693977,,,,,,,,,,,,,,,,,,,,10555,1143,4687.25732421875,507.582641601562,0,352,156.31591796875,0,215,171,,,0.759375631809235,0.954770505428314,1.41472566127777,0.986633241176605,22,10,9.76974487304688,4.44079303741455,1.94506740570068,19.8707946307846,843.965381399043,310.088569140011,,,,843.965381399043,310.088569140011,,,35139,146.91248084908
2021,AL,27009,9ª Região de Saúde,98.5257072934028,100,98.5257072934028,54.2251723257595,76.2062803165688,75.5935665049783,79.4485575695685,77.6614756190963,72.8618840949706,78.0954812356395,47.0768445238703,68.4197089609395,,,,,,,,,,,,,,,,,,,,11296,993,4758.474609375,418.304290771484,20,318,133.958465576172,8.42506122589111,244,135,,,0.568691611289978,1.02785742282867,0.955507278442383,1.07703876495361,7,0,2.94877147674561,0,1.70396864414215,18.1530338472879,1099.02344861109,300.610701134462,,,,1099.02344861109,300.610701134462,,,43477,278.879100371966
2021,AL,27006,6ª Região de Saúde,99.7110692370875,100,99.7110692370875,59.552384041518,88.2257541355822,88.3879338306844,91.2747324035031,85.598443074927,77.8138177100227,87.2851119039896,58.8387933830684,70.3859876743432,,,,,,,,,,,,,,,,,,,,9241,1085,4450.85546875,522.581787109375,28,455,219.147201538086,13.4859819412231,219,194,,,0.934385895729065,1.05479645729065,1.33800208568573,1.10705459117889,33,19,15.8941926956177,9.15120220184326,3.00641059875488,18.7098057366588,1041.79818262459,321.70385360368,,,,1041.79818262459,321.70385360368,,,31375,173.001806158277
2021,AL,27002,2ª Região de Saúde,98.8059377786346,100,98.8059377786346,50.6378044066486,64.2442984151527,66.756861229223,68.2643989176652,64.3989176652493,70.8542713567839,66.6408967916506,57.2477773482799,46.115191341322,,,,,,,,,,,,,,,,,,,,8052,859,4835.1357421875,515.819885253906,0,164,98.4801635742188,0,175,102,,,0.612498581409454,1.0508553981781,1.01287448406219,1.08808565139771,10,10,6.00488805770874,6.00488805770874,2.29386711120605,18.9381246287911,931.635769328417,355.876293054464,,,,931.635769328417,355.876293054464,,,28252,145.605400796248
2021,AM,13008,Triângulo,98.0651609034579,100,98.0651609034579,84.2994465482086,62.9769880570929,72.5021846781241,80.1631226332654,74.4829595106321,81.4448004660647,75.5898630935042,79.7261870084474,65.511214681037,,,,,,,,,,,,,,,,,,,,8340,1464,6670.2392578125,1170.89086914062,0,261,208.744888305664,0,145,63,,,0.503866970539093,1.15969383716583,0.668223559856415,1.20228254795074,33,0,26.3930320739746,0,0.524661481380463,21.7648152620192,1202.97818048129,374.994351947315,,,,1202.97818048129,374.994351947315,,,18296,351.327561523758
2021,AM,13009,Alto Solimões,87.9683906351359,100,85.6094828094592,56.4117734063008,44.6975299511907,51.3977222304393,53.0247004880935,50.4511166987132,53.2169797367253,52.1964206478332,49.4453483212543,45.2743676970862,,,,,,,,,,,,,,,,,,,,12076,1866,4702.2724609375,726.6015625,0,387,150.693893432617,0,336,139,,,0.541251957416534,1.30835008621216,0.743053257465363,1.43899035453796,54,0,21.0270557403564,0,0.288927316665649,19.4886160507949,839.842877947488,280.005897596748,,,,839.842877947488,280.005897596748,,,34412,272.095089014532
2021,AM,13002,Rio Negro e Solimões,85.7331873497025,100,83.9628601765696,78.1709880868956,53.468815697267,60.2312543798178,64.8388227049755,57.7960756832516,58.5318850735809,57.7610371408549,77.5402943237561,56.6923615977575,,,,,,,,,,,,,,,,,,,,16048,3105,5233.7373046875,1012.63427734375,0,357,116.428482055664,0,282,140,,,0.456582278013229,0.919687151908875,0.553850591182709,0.903380692005157,25,0,8.15325546264648,0,0.443537086248398,20.4780936439491,893.608978717834,311.557943674924,,,,893.608978717834,311.557943674924,,,44053,240.804269696634
2021,AM,13003,Rio Madeira,94.5839905362776,100,91.6265772870662,87.2164948453608,65.6553755522828,72.5184094256259,76.701030927835,71.5169366715758,77.5257731958763,72.5478645066274,88.2474226804124,62.120765832106,,,,,,,,,,,,,,,,,,,,10169,2289,4933.7734375,1110.57202148438,0,222,107.70947265625,0,191,105,,,0.509436726570129,0.926689624786377,0.573116302490234,0.941244959831238,13,0,6.30731153488159,0,0.37067586183548,20.758215078036,801.183018400974,259.857902749876,,,,801.183018400974,259.857902749876,,,23260,193.979923341905
2021,AM,13001,Manaus,70.8879097645077,40.5598691730385,53.1415453839416,92.5475012868429,70.7315981469463,74.5786988340085,80.6033614573775,70.2235749613947,76.7405948571045,69.9483024864042,91.3524159076159,67.8647360293624,,,,,,,,,,,,,,,,,,,,130797,18608,4910.03515625,698.532348632812,354,3836,144.000961303711,13.2889318466187,4141,4130,,,1.55037534236908,1.55450475215912,2.24814748764038,1.70876324176788,1184,263,44.4465980529785,9.87285041809082,21.2945365905762,19.059137901163,583.088316914779,374.388261372357,,,,583.088316914779,374.388261372357,,,184435,70.3927573820204
2021,AM,13005,Baixo Amazonas,85.4556909688724,100,85.4556909688724,80.0159394301654,53.3572424785814,63.8374178123132,64.8535564853557,58.33831440526,65.8896194461048,59.1950587766487,62.0043833432955,53.2376967523411,,,,,,,,,,,,,,,,,,,,14768,2011,5740.33984375,781.678161621094,0,416,161.69970703125,0,266,107,,,0.415910333395004,1.03394532203674,0.552538812160492,1.03579163551331,17,15,6.60792112350464,5.83051872253418,0.368877470493317,22.8226616454873,872.198937386023,266.327566829876,,,,872.198937386023,266.327566829876,,,35689,269.281637365072
2021,AM,13006,Regional Purus,90.1337955042918,100,87.8926647791366,70.7662835249042,54.8659003831418,63.0268199233716,65.5555555555556,55.4022988505747,61.5708812260536,56.3984674329502,64.7509578544061,55.3639846743295,,,,,,,,,,,,,,,,,,,,7291,1368,5396.10400390625,1012.46337890625,0,207,153.201690673828,0,163,78,,,0.577281713485718,1.20637083053589,0.66683441400528,1.23375475406647,9,0,6.66094303131104,0,0.189466834068298,23.7998426255268,625.809053458835,331.753774926841,,,,625.809053458835,331.753774926841,,,21188,337.920579354037
2021,AM,13007,Regional Juruá,89.7087017483618,100,79.1870546828054,89.2883345561262,55.6859867938371,68.8921496698459,74.5781364636831,59.8679383712399,63.6830520909758,60.8950843727073,82.2083639031548,57.5568598679384,,,,,,,,,,,,,,,,,,,,6573,1377,4637.69140625,971.565673828125,0,236,166.513793945312,0,124,62,,,0.437451481819153,0.874902963638306,0.53323221206665,0.882311463356018,2,0,1.41113388538361,0,0.287165731191635,17.9318059885795,870.965218839339,277.252473334398,,,,870.965218839339,277.252473334398,,,21818,408.572842729133
2021,AM,13004,Médio Amazonas,92.5805236606022,100,92.5805236606022,92.6717557251908,74.2900763358779,78.7480916030534,84.4885496183206,77.5267175572519,84.2748091603053,76.793893129771,90.2900763358779,71.3282442748092,,,,,,,,,,,,,,,,,,,,9226,1382,5199.796875,778.898742675781,0,258,145.409454345703,0,193,104,,,0.586146652698517,1.08775293827057,0.700980663299561,1.11875104904175,4,0,2.25441026687622,0,1.52792656421661,21.6960579925462,896.942885599172,359.441992982537,,,,896.942885599172,359.441992982537,,,21953,225.36475229668
2021,AP,16002,Área Norte,89.5692721315148,82.8352984008738,84.6416669000476,68.8631426502534,53.1498913830558,54.4532947139754,54.8153511947864,49.0224475018103,68.5010861694424,50.8327299058653,57.6393917451122,44.8225923244026,,,,,,,,,,,,,,,,,,,,3408,673,4676.244140625,923.448425292969,0,131,179.75,0,89,41,,,0.562576353549957,1.22120225429535,0.548168897628784,1.15602576732635,0,0,0,0,1.58893513679504,20.9529990822178,542.409098110995,219.962461140267,,,,542.409098110995,219.962461140267,,,7948,178.888376624268
2021,AP,16001,Área Central,76.8835895109714,69.0393252007465,44.6810389304598,91.6443916443916,45.1440451440451,43.8075438075438,45.2727452727453,38.996138996139,56.7666567666568,39.3426393426393,89.8821898821899,37.4517374517375,,,,,,,,,,,,,,,,,,,,24463,2643,4156.24609375,449.043792724609,37,739,125.555572509766,6.28627347946167,980,832,,,1.41356205940247,1.66501295566559,1.33719229698181,1.60342442989349,214,46,36.3584480285645,7.81536722183228,9.12036323547363,16.3187273724866,471.711977604892,244.647574828365,,,,471.711977604892,244.647574828365,,,41696,89.7196559879304
2021,AP,16003,Área Sudoeste,94.173853782342,94.2076939346227,84.3038093671422,98.4512132163139,62.0547237996902,64.5844088797109,64.7651006711409,56.0144553433144,78.6783686112545,55.2400619514713,91.9721218378937,52.5554981930821,,,,,,,,,,,,,,,,,,,,9794,1433,4531.11279296875,662.965515136719,0,229,105.944946289062,0,231,124,,,0.573675692081451,1.06870234012604,0.809044659137726,1.12618553638458,68,14,31.4596347808838,6.47698354721069,3.5628035068512,18.5303346800045,523.771621309181,165.441436009879,,,,523.771621309181,165.441436009879,,,26044,205.564598658339
2021,BA,29023,Seabra,88.5690230238658,100,86.9499044720054,53.7234042553191,77.1276595744681,80.4009819967267,78.6415711947627,78.3960720130933,90.5482815057283,83.1833060556465,53.0278232405892,79.0916530278232,,,,,,,,,,,,,,,,,,,,11686,3393,6288.91552734375,1825.97045898438,0,287,154.451370239258,0,171,101,,,0.543539702892303,0.920250356197357,0.90074211359024,1.12246322631836,41,10,22.0644817352295,5.38158082962036,1.41966104507446,21.4482259943185,778.470548367888,391.474570129378,,,,778.470548367888,391.474570129378,,,29715,222.55048730216
2021,BA,29017,Paulo Afonso,84.6251998645253,87.5193957199455,83.4437346901804,81.7310252996005,67.8561917443409,69.9600532623169,71.797603195739,71.3981358189081,71.9840213049268,72.5965379494008,78.8015978695073,63.0359520639148,,,,,,,,,,,,,,,,,,,,10678,1653,4187.08984375,648.179382324219,0,302,118.421157836914,0,316,253,,,0.992071270942688,1.23910880088806,0.820125341415405,1.15313577651978,36,0,14.1164293289185,0,4.09846973419189,28.4015769295513,1035.77911075153,522.705335728189,,,,1035.77911075153,522.705335728189,,,37470,191.335865141047
2021,BA,29001,Alagoinhas,85.7920520580778,93.5320718900783,84.1609900489152,62.5057365764112,58.5742695426036,61.2360409973994,62.2456784457702,59.2320636377543,62.5363316506043,60.5782469022487,57.7940951506807,45.4948753250727,,,,,,,,,,,,,,,,,,,,24317,3340,4468.35302734375,613.739318847656,10,568,104.372436523438,1.83754289150238,617,582,,,1.06944990158081,1.1337639093399,1.00100147724152,1.14639699459076,161,16,29.5844402313232,2.94006848335266,6.32280111312866,23.9536488328356,774.911320378582,397.325964135299,,,,774.911320378582,397.325964135299,,,80292,139.323604156522
2021,BA,29019,Ribeira do Pombal,91.3265966694822,99.8310696252088,91.3265966694822,48.0558598028478,72.5903614457831,73.2201533406353,75.1916757940854,73.2201533406353,76.9441401971523,76.7250821467689,47.2343921139102,67.0865279299014,,,,,,,,,,,,,,,,,,,,15405,3050,4745.826171875,939.615112304688,7,412,126.92505645752,2.15649366378784,388,172,,,0.529881298542023,1.19531357288361,0.797979712486267,1.19415831565857,35,7,10.7824687957764,2.15649366378784,1.12230086326599,20.8152905465206,672.672339834845,310.346223220978,,,,672.672339834845,310.346223220978,,,55790,211.203850265403
2021,BA,29025,Serrinha,98.2462442024602,99.7036637931034,95.8991858237548,58.5073520326208,70.0852588656864,69.6033609291981,72.6183121215866,68.3430124799209,74.2493512912393,68.7013468429507,55.2329173359694,66.6996169529223,,,,,,,,,,,,,,,,,,,,33693,5722,5290.63720703125,898.496032714844,0,1066,167.388458251953,0,632,364,,,0.571570336818695,0.992396831512451,0.908663392066956,1.04617786407471,175,0,27.4793434143066,0,2.77007484436035,21.5277306371422,692.567894623683,285.141570890615,,,,692.567894623683,285.141570890615,,,110769,229.17153391265
2021,BA,29015,Jequié,95.7454625313769,99.9390420363654,85.8936704288198,49.8817966903073,59.6926713947991,61.362293144208,63.6968085106383,62.0419621749409,65.9722222222222,63.0023640661939,46.5130023640662,57.919621749409,,,,,,,,,,,,,,,,,,,,32114,8576,6619.54638671875,1767.74084472656,46,1195,246.321151733398,9.48181819915771,789,468,,,0.964671969413757,1.62633800506592,1.48225557804108,1.65988516807556,207,4,42.6681823730469,0.824505984783173,4.06151628494263,19.5654796725911,809.514135750379,369.048452247897,,,,809.514135750379,369.048452247897,,,68551,144.549178688994
2021,BA,29026,Teixeira de Freitas,95.626967436592,97.8989862625181,95.626967436592,66.4448227828509,61.9718309859155,64.9125522364959,66.955579631636,61.5539390187278,63.7362637362637,64.7887323943662,61.9408760253831,52.9175050301811,,,,,,,,,,,,,,,,,,,,27421,4023,5984.935546875,878.064086914062,28,829,180.938385009766,6.11130857467651,489,487,,,1.06293118000031,1.06729638576508,1.21358585357666,1.19928979873657,144,20,31.4295883178711,4.36522054672241,8.44364643096924,21.4961317362717,908.551439175923,394.041542075168,,,,908.551439175923,394.041542075168,,,50246,99.7530441956754
2021,BA,29012,Itabuna,92.2608271966345,99.1556509786368,86.9130853301537,58.266097136529,64.578389495333,66.6350261034646,69.9889258028793,66.8881506090808,72.4727100142383,67.3627590571112,55.4342667299478,65.6225280809998,,,,,,,,,,,,,,,,,,,,27052,4902,5374.29541015625,973.857604980469,59,1025,203.63200378418,11.7212562561035,821,605,,,1.20192551612854,1.63104259967804,1.7809853553772,1.79414689540863,139,15,27.6144866943359,2.97998046875,8.97212505340576,19.0026050652358,949.376092015068,313.723707098068,,,,949.376092015068,313.723707098068,,,64943,122.222866780965
2021,BA,29022,Santo Antônio de Jesus,95.5600970030059,98.9235613713052,93.6096344182962,35.3854686633389,74.4645799011532,74.6110195863079,78.4367563609738,76.4415156507414,82.2807980962841,77.2286289584477,34.2762063227953,72.7622185612301,,,,,,,,,,,,,,,,,,,,29018,4381,6261.54443359375,945.338256835938,30,831,179.314331054688,6.47344160079956,587,426,,,0.919228732585907,1.26663672924042,1.39410960674286,1.30008292198181,153,12,33.0145530700684,2.58937668800354,3.23974180221558,22.8550642929751,749.588024741352,366.017190711325,,,,749.588024741352,366.017190711325,,,69562,155.576056465674
2021,BA,29006,Feira de Santana,86.4604062077047,84.4077470909492,80.4931224893086,58.2986592695331,60.1281289214715,60.9008652004491,63.6021398850802,59.0912092992537,65.6297470444488,61.5018823063206,60.3262664289017,55.1350637342316,,,,,,,,,,,,,,,,,,,,49497,5394,4261.4794921875,464.400268554688,81,1707,146.965377807617,6.97375297546387,1784,1577,,,1.35772943496704,1.53594756126404,1.65176784992218,1.48041582107544,701,87,60.3530960083008,7.49032735824585,12.9178867340088,30.5958850740509,814.493597015029,447.588923926342,,,,814.493597015029,447.588923926342,,,132197,115.154352396646
2021,BA,29010,Irecê,97.8419246641666,98.4260562785093,95.2576433344039,61.8615591397849,73.6895161290323,75.0168010752688,77.0665322580645,75.4536290322581,77.8897849462366,76.6297043010753,53.864247311828,68.6155913978495,,,,,,,,,,,,,,,,,,,,21696,4381,5224.8798828125,1055.04235839844,20,783,188.563827514648,4.81644535064697,483,311,,,0.748957216739655,1.1631715297699,1.16997480392456,1.24679708480835,107,6,25.7679824829102,1.44493353366852,1.49478375911713,23.9190222985414,796.522665862368,399.984105137436,,,,796.522665862368,399.984105137436,,,70515,206.476201943917
2021,BA,29028,Vitória da Conquista,77.4126745649736,93.963198845552,73.6644666768701,37.7030937013132,65.3603994789405,64.7633521493704,68.9209726443769,66.8367346938775,74.0121580547113,68.1176726009553,35.1823708206687,64.915327833261,,,,,,,,,,,,,,,,,,,,35169,4798,5497.57861328125,750.018005371094,75,1129,176.484008789062,11.723916053772,764,998,,,1.56006240844727,1.19427621364594,1.96254444122314,1.24695563316345,316,51,49.3967666625977,7.97226285934448,8.60019588470459,21.2234783648888,766.309368217726,318.631723000014,,,,766.309368217726,318.631723000014,,,80094,152.274975848733
2021,BA,29011,Itaberaba,96.6960877862595,100,96.186784351145,60.8155002891845,61.1046847888953,61.9433198380567,62.1746674378253,60.5263157894737,67.9872758820127,64.198958935801,59.6876807403123,62.3481781376518,,,,,,,,,,,,,,,,,,,,12994,1941,5162.9873046875,771.229675292969,0,461,183.172012329102,0,232,151,,,0.599977731704712,0.921820104122162,1.02105486392975,0.971189141273499,17,4,6.75471639633179,1.58934497833252,1.70417523384094,21.6104845475227,841.689308705529,355.314319546165,,,,841.689308705529,355.314319546165,,,43962,230.797255201132
2021,BA,29024,Senhor do Bonfim,99.7644228191518,99.6806471502868,97.4274167604954,74.4207599629286,70.2734012974977,63.9944392956441,74.2354031510658,75.5792400370714,77.9657089898054,78.822984244671,67.5625579240037,64.5505097312326,,,,,,,,,,,,,,,,,,,,14407,1943,4817.04150390625,649.650268554688,0,397,132.738632202148,0,170,199,,,0.665364921092987,0.568402171134949,1.01819217205048,0.993951559066772,84,10,28.0857543945312,3.3435423374176,6.93617868423462,20.912516402652,761.086906897224,317.439977192876,,,,761.086906897224,317.439977192876,,,49315,179.541680598093
2021,BA,29002,Barreiras,90.1167690674558,89.4697676413506,88.1867018367806,55.9484299208578,70.9471534337503,69.0579525146796,74.5723768189941,70.8577993362267,71.1896859841716,71.3811590502936,54.1102884860863,45.5705897370437,,,,,,,,,,,,,,,,,,,,27014,3975,5731.8662109375,843.420776367188,24,917,194.570281982422,5.09235191345215,655,526,,,1.11607384681702,1.3897876739502,1.40899014472961,1.58907902240753,171,11,36.2830085754395,2.3339946269989,4.48954486846924,21.7533862395908,1209.78771643672,686.818722733257,,,,1209.78771643672,686.818722733257,,,57939,166.449122099746
2021,BA,29003,Brumado,98.0569115898466,97.5795711074841,96.9092265311699,65.5342804200124,84.7230800905909,85.7319332921556,85.999588223183,84.3936586370187,93.3086267243154,85.4642783611283,63.4548074943381,85.9584105414865,,,,,,,,,,,,,,,,,,,,21717,3294,5343.81591796875,810.541442871094,10,634,156.005859375,2.4606602191925,449,348,,,0.856309771537781,1.10483646392822,1.04510390758514,1.17355036735535,110,10,27.0672626495361,2.4606602191925,2.46828818321228,22.2091478330839,838.9112722714,371.747148965307,,,,838.9112722714,371.747148965307,,,53554,120.948719841533
2021,BA,29009,Ilhéus,92.7357178861761,81.1290371688481,69.3379838090373,69.703543022415,37.8404434803567,37.4548083875633,41.118341769101,41.8173053747891,41.2629549288985,42.6367799469752,67.944082911545,35.1409978308026,,,,,,,,,,,,,,,,,,,,21617,4339,7386.31103515625,1482.59265136719,46,772,263.784637451172,15.717737197876,562,439,,,1.50001883506775,1.92029738426208,1.79985177516937,1.86596870422363,330,34,112.757675170898,11.6174573898315,9.44738483428955,19.5708627743342,780.317230724418,339.013503671141,,,,780.317230724418,339.013503671141,,,42892,136.894875676119
2021,BA,29008,Ibotirama,96.3139518928286,100,96.3139518928286,52.7797081306463,74.4266851980542,74.5309242529534,76.9631688672689,72.8630993745657,78.4572619874913,73.5232800555942,49.2008339124392,72.2029186935372,,,,,,,,,,,,,,,,,,,,10343,1660,5240.6767578125,841.1025390625,0,257,130.218887329102,0,180,110,,,0.557357132434845,0.912038922309875,0.806267738342285,1.02097690105438,39,0,19.7608432769775,0,0.702776670455933,20.0396618019675,756.664156967672,321.997766323727,,,,756.664156967672,321.997766323727,,,34523,280.524022091609
2021,BA,29018,Porto Seguro,97.3109898674981,93.1693946479605,95.8150168875032,70.3923357664234,58.6678832116788,61.8765206812652,65.3436739659367,58.4701946472019,66.0279805352798,61.3442822384428,68.0656934306569,56.8734793187348,,,,,,,,,,,,,,,,,,,,20038,2738,5165.63134765625,705.833801269531,20,558,143.847793579102,5.15583515167236,504,426,,,1.09819293022156,1.29927039146423,1.33684360980988,1.4103786945343,226,29,58.2609367370605,7.47596073150635,8.97682476043701,20.4063984272881,852.673376182455,389.347197814145,,,,852.673376182455,389.347197814145,,,41042,104.231695496378
2021,BA,29021,Santa Maria da Vitória,98.012865907331,100,97.514179632951,78.8200723327306,80.7640144665461,78.5488245931284,83.4086799276673,80.5379746835443,85.8273056057866,81.5551537070524,74.7965641952984,76.8309222423146,,,,,,,,,,,,,,,,,,,,18064,3378,5968.9658203125,1116.20715332031,0,545,180.086700439453,0,328,207,,,0.683999061584473,1.083824634552,1.0870463848114,1.14974617958069,43,0,14.2086763381958,0,1.60128474235535,23.0118672703048,1064.13210763015,468.875025038361,,,,1064.13210763015,468.875025038361,,,45909,189.65542639245
2021,BA,29013,Itapetinga,94.0612214400246,97.7806319241659,88.0784190183083,29.0089470061941,62.9387474191328,65.1066758430833,68.9607708189952,64.6937370956641,69.8554714384033,66.68960770819,24.1913282863042,58.7749483826566,,,,,,,,,,,,,,,,,,,,16493,4518,6655.529296875,1823.17834472656,9,427,172.310119628906,3.63182926177979,281,179,,,0.722330510616302,1.13393783569336,0.928134202957153,1.19830191135406,51,0,20.5803661346436,0,2.69844913482666,19.6273310189802,699.938750197076,307.411014605829,,,,699.938750197076,307.411014605829,,,33521,146.164392737955
2021,BA,29005,Cruz das Almas,97.8038628852452,100,95.5479439178545,56.5098841172461,62.747102931152,65.0647580095433,66.0872528970689,67.211997273347,70.4158145875937,67.9959100204499,52.9311520109066,57.6005453306067,,,,,,,,,,,,,,,,,,,,13077,1613,4900.46923828125,604.454895019531,9,370,138.65364074707,3.37265610694885,305,216,,,0.809437453746796,1.14295566082001,1.0280042886734,1.20872247219086,44,5,16.4885406494141,1.87369775772095,3.02976942062378,20.2731461172508,646.088947414096,286.995954692435,,,,646.088947414096,286.995954692435,,,40925,174.01141081948
2021,BA,29007,Guanambi,96.2426153233953,99.1700301290433,94.2748258506317,79.6309828279138,84.8739495798319,85.6412130069419,87.9430032882718,86.5546218487395,89.5323346729996,86.5180854950676,77.1282426013884,83.704786262331,,,,,,,,,,,,,,,,,,,,24160,3192,5268.138671875,696.022277832031,20,916,199.735717773438,4.36104202270508,558,458,,,0.998678624629974,1.2167307138443,1.22648859024048,1.34450924396515,103,10,22.4593658447266,2.18052101135254,1.89116585254669,24.0745102371032,780.228620084023,395.69330227775,,,,780.228620084023,395.69330227775,,,63032,168.600173133365
2021,BA,29014,Jacobina,94.8192553426986,96.8219880767303,94.8192553426986,64.5905420991926,75.0480584390619,74.7789311803153,77.3933102652826,74.721261053441,78.7389465590158,75.7400999615533,58.881199538639,70.319108035371,,,,,,,,,,,,,,,,,,,,24352,3893,6185.92333984375,988.904357910156,0,678,172.226348876953,0,369,259,,,0.657914817333221,0.937338054180145,1.0507584810257,1.09470415115356,101,10,25.6561374664307,2.54021143913269,2.91006636619568,22.3761402629746,824.264033105375,389.025251769588,,,,824.264033105375,389.025251769588,,,65678,194.563924423626
2021,BA,29027,Valença,89.7715633186658,99.4565893723815,85.9424807987466,70.2047174009791,56.8535825545171,55.7854917668002,60.5919003115265,58.0774365821095,59.8798397863818,57.0315976858033,65.7988429016466,52.0916777926124,,,,,,,,,,,,,,,,,,,,14058,2380,4467.14013671875,756.280639648438,0,353,112.171035766602,0,293,194,,,0.616464018821716,0.93105137348175,0.875839710235596,0.986342430114746,13,0,4.13094472885132,0,1.70957553386688,19.7155726588715,632.510373380682,306.888101944144,,,,632.510373380682,306.888101944144,,,44255,163.540489612263
2021,BA,29004,Camaçari,78.5389758514906,81.2094706206246,70.987650436561,67.050244958414,65.6602483764384,64.3272188674946,68.8617978808249,65.4209866697049,69.8188447077589,65.6032813034066,64.6690213056853,61.0117352170445,,,,,,,,,,,,,,,,,,,,27097,3009,4205.6689453125,467.020629882812,8,660,102.437232971191,1.24166333675385,631,987,,,1.53190219402313,0.979362010955811,1.59084248542786,1.01870715618134,325,25,50.4425735473633,3.88019800186157,17.7023944854736,21.831918854066,989.972442601155,689.42534335562,,,,989.972442601155,689.42534335562,,,66812,90.5636096396538
2021,BA,29016,Juazeiro,94.3058266740817,99.6635227285451,88.1357703519295,49.0398177281111,53.9546490181187,54.7032657046761,57.0793099707063,55.0721492893566,63.361180427471,57.1118585222958,47.7053271129435,50.5695996528154,,,,,,,,,,,,,,,,,,,,24780,2726,4601.3720703125,506.188079833984,31,888,164.891784667969,5.75635766983032,549,729,,,1.35367250442505,1.01943230628967,1.11831176280975,1.07806360721588,172,2,31.9384994506836,0.371377915143967,7.55456924438477,23.9848054101152,804.454748814757,375.797047876881,,,,804.454748814757,375.797047876881,,,82687,221.846034148198
2021,BA,29020,Salvador,62.3282001832064,36.1571750316576,47.2610708127947,59.9789758221955,42.1885167943135,43.5050307854032,44.2283626170096,39.8107823997597,39.5029283676228,40.5065825699554,57.9166040947089,39.1299994994243,,,,,,,,,,,,,,,,,,,,159937,16772,4651.0107421875,487.734222412109,724,7764,225.779190063477,21.0541133880615,8221,10559,,,3.07058525085449,2.39068865776062,3.77682876586914,2.76421022415161,3787,688,110.126968383789,20.0072231292725,25.809871673584,21.9972250253304,805.517816016545,434.525804495708,,,,805.517816016545,434.525804495708,,,252158,62.5879648989548
2021,CE,23019,19ª Região Brejo Santo,100,100,100,52.0436817472699,67.8003120124805,68.9235569422777,69.5163806552262,71.7628705148206,70.421216848674,74.1965678627145,46.7394695787832,56.0686427457098,,,,,,,,,,,,,,,,,,,,14230,3379,6538.89111328125,1552.69946289062,8,597,274.330139160156,3.67611575126648,230,222,,,1.0201221704483,1.05688333511353,1.16957926750183,1.07503414154053,26,0,11.9473762512207,0,2.38533973693848,24.6356873991352,959.819419951343,340.136237985995,,,,959.819419951343,340.136237985995,,,34092,172.986366205467
2021,CE,23003,3ª Região Maracanaú,100,82.0803424575468,98.4282244273312,66.5169601701926,56.4590473939251,58.4682661623922,59.2483158019147,56.5535988653823,59.2246779340503,59.0237560572036,64.9568608911476,50.2304692116771,,,,,,,,,,,,,,,,,,,,28767,2968,5178.91357421875,534.328063964844,0,495,89.1146850585938,0,488,354,,,0.637305021286011,0.878544807434082,1.01113665103912,0.999164640903473,135,22,24.3040046691895,3.96065282821655,12.8517780303955,24.0490063900013,921.100294512433,399.906359952315,,,,921.100294512433,399.906359952315,,,59216,95.025322973226
2021,CE,23012,12ª Região Acaraú,99.2835872056902,100,99.2835872056902,100,83.6514314414867,86.6147664490206,87.6946258161728,88.8498242089402,89.0005022601708,90.9342039176293,91.8382722250126,77.850326469111,,,,,,,,,,,,,,,,,,,,12093,1631,5143.19970703125,693.670654296875,0,284,120.78630065918,0,255,163,,,0.693245351314545,1.08452486991882,0.78362238407135,1.12110102176666,4,0,1.70121550559998,0,1.26995742321014,26.5917341561451,892.127484801119,407.784893564656,,,,892.127484801119,407.784893564656,,,35395,188.3457465359
2021,CE,23018,18ª Região Iguatú,100,100,100,72.9194903767959,74.8712388181079,77.5277853076715,78.7747357007319,77.5548929249119,75.7386825698021,78.4223366766061,69.5039306044999,70.8050962320412,,,,,,,,,,,,,,,,,,,,15299,2220,4697.15185546875,681.592102050781,0,563,172.854217529297,0,340,209,,,0.641679048538208,1.04387974739075,0.960369408130646,1.15717148780823,88,16,27.0180644989014,4.91237545013428,2.94558310508728,23.4632479462635,960.583699161348,307.823396634259,,,,960.583699161348,307.823396634259,,,44687,173.001989512078
2021,CE,23014,14ª Região Tauá,87.5291314930861,100,87.5291314930861,52.3968042609854,79.8934753661784,78.0958721704394,80.8255659121172,80.0932090545939,79.4940079893475,81.0252996005326,51.5978695073236,74.4340878828229,,,,,,,,,,,,,,,,,,,,10546,1380,9084.95703125,1188.81481933594,0,259,223.118133544922,0,143,84,,,0.723626375198364,1.23188781738281,0.931022882461548,1.3533536195755,16,10,13.7833604812622,8.61460018157959,1.57905614376068,17.7103970354665,494.384445030661,234.028922062983,,,,494.384445030661,234.028922062983,,,13283,108.390000172292
2021,CE,23011,11ª Região Sobral,99.3128800265017,100,99.3128800265017,76.5551768214742,79.1009799744354,80.2300809544099,81.1994034938219,81.007669365147,81.3165743502343,82.2645930975714,67.8419258628036,79.1009799744354,,,,,,,,,,,,,,,,,,,,35044,4423,5321.69482421875,671.665832519531,130,1544,234.468017578125,19.7414779663086,1144,665,,,1.00985252857208,1.73725008964539,1.57555973529816,1.91704928874969,193,18,29.3085021972656,2.73343539237976,4.45823287963867,23.225487262495,1032.35393606734,386.550127183813,,,,1032.35393606734,386.550127183813,,,86592,133.830252144228
2021,CE,23020,20ª Região Crato,99.7861194366101,91.9064743072409,99.7861194366101,69.2982456140351,69.1675998506906,69.1489361702128,71.1646136618141,68.4023889511012,66.3493840985442,67.5811870100784,70.9779768570362,61.8701007838746,,,,,,,,,,,,,,,,,,,,23830,3259,6767.0029296875,925.457885742188,41,785,222.916366577148,11.6427659988403,366,316,,,0.897344887256622,1.03932988643646,1.04884278774261,1.08448100090027,94,20,26.6931705474854,5.67939805984497,5.73931550979614,24.6979250120433,934.709138663886,351.781147245168,,,,934.709138663886,351.781147245168,,,50435,175.284446968621
2021,CE,23010,10ª Região Limoeiro do Norte,100,100,100,100,87.6190476190476,87.032967032967,89.3040293040293,86.6666666666667,87.4725274725275,92.014652014652,97.7289377289377,83.8461538461538,,,,,,,,,,,,,,,,,,,,15068,2191,6580.91845703125,956.914794921875,0,436,190.422119140625,0,321,188,,,0.821086168289185,1.40196096897125,1.17834603786469,1.49455153942108,39,20,17.0331707000732,8.73495960235596,6.25466775894165,24.1114930930771,1175.72613580914,414.297356042922,,,,1175.72613580914,414.297356042922,,,29437,117.648885200795
2021,CE,23006,6ª Região Itapipoca,100,97.0052190791841,99.0463048853354,89.0943475520067,68.753939903341,68.5438117251523,73.8180289976886,68.3126707291448,72.5992855641942,69.6785038873713,86.1315402395461,59.1720949779365,,,,,,,,,,,,,,,,,,,,15474,1641,5068.6728515625,537.526977539062,0,335,109.732810974121,0,329,173,,,0.566679894924164,1.07767450809479,0.949106931686401,1.18789863586426,71,20,23.2568035125732,6.55121231079102,1.79241168498993,25.7470744911573,880.089386805639,319.464864788414,,,,880.089386805639,319.464864788414,,,51559,226.527791881082
2021,CE,23002,2ª Região Caucaia,85.4388855721393,82.3754825870647,83.0508258706468,58.5452971100768,69.0009741313995,69.8235739798679,71.9666630587726,71.2847710791211,67.7562506764801,73.4495075224591,55.9151423314212,59.3570732763286,,,,,,,,,,,,,,,,,,,,28767,3338,4540.095703125,526.813354492188,0,487,76.8598251342773,0,519,468,,,0.738611876964569,0.819101631641388,0.817405045032501,0.887241721153259,108,5,17.0448894500732,0.789115250110626,10.4830808639526,28.0059674188496,836.103641603732,445.445629288339,,,,836.103641603732,445.445629288339,,,73576,112.594841395724
2021,CE,23001,1ª Região Fortaleza,62.7348211267079,44.8236475026825,48.8896790409372,42.9863064104923,75.8509212290062,74.9914579336084,78.3557179278261,72.652245906379,71.3591084711015,72.6890425000657,40.8652456172629,72.0319604699451,,,,,,,,,,,,,,,,,,,,149784,20270,5203.23974609375,704.145141601562,483,6309,219.163864135742,16.7785930633545,6027,7971,,,2.76898908615112,2.09367656707764,3.02787613868713,2.56388545036316,3798,422,131.936019897461,14.6595582962036,33.3588676452637,25.7916401366804,993.78866437586,507.736185855257,,,,993.78866437586,507.736185855257,,,236196,78.1702884806445
2021,CE,23007,7ª Região Aracati,95.0013385536927,97.9244051802028,95.0013385536927,89.5685769478429,62.3953638119768,62.3953638119768,66.1300708306504,66.8383773341919,67.1603348358017,62.9104958145525,88.2807469414037,58.2099162910496,,,,,,,,,,,,,,,,,,,,6254,808,5200.615234375,671.905517578125,0,186,154.671325683594,0,202,140,,,1.16419279575348,1.67976379394531,1.14402723312378,1.64338278770447,25,0,20.789155960083,0,4.68338108062744,28.0572251158979,1151.27165168199,511.470237313533,,,,1151.27165168199,511.470237313533,,,13649,100.029337657478
2021,CE,23004,4ª Região Baturité,99.5806875022172,98.2170350136578,99.5806875022172,71.8766335598536,62.1536853110298,61.4218504966022,64.1400940930476,61.9445896497648,76.9472033455306,65.0810245687402,69.5765812859383,61.6832200731835,,,,,,,,,,,,,,,,,,,,7744,1091,5476.23583984375,771.510009765625,0,260,183.861221313477,0,195,127,,,0.898091375827789,1.37895917892456,1.17688870429993,1.28366959095001,18,10,12.7288541793823,7.0715856552124,1.39805245399475,24.0697577185869,1096.84458754263,401.173166314261,,,,1096.84458754263,401.173166314261,,,23803,204.796805057598
2021,CE,23015,15ª Região Crateús,97.2687556442717,97.181113225341,97.2687556442717,82.1190354027706,73.6788096459723,75.2693689071319,75.5002565418163,76.757311441765,79.1944586967676,78.6044125192406,83.8635197537199,68.2657773217034,,,,,,,,,,,,,,,,,,,,16657,2649,5545.45703125,881.906433105469,2,540,179.777069091797,0.665841042995453,346,174,,,0.579281687736511,1.15190494060516,0.738001525402069,1.23238849639893,61,10,20.3081512451172,3.32920503616333,1.993528008461,25.0410829984567,885.406436691507,359.550929396303,,,,885.406436691507,359.550929396303,,,46427,186.555577750256
2021,CE,23017,17ª Região Icó,98.4914552374572,100,98.4914552374572,74.671669793621,68.5272045028143,68.9024390243902,71.8105065666041,68.1050656660413,74.343339587242,70.4033771106942,72.2795497185741,64.4934333958724,,,,,,,,,,,,,,,,,,,,9573,1696,5524.0107421875,978.661010742188,0,309,178.305572509766,0,166,104,,,0.600122332572937,0.957887589931488,0.807424187660217,0.93148797750473,14,0,8.07856941223145,0,1.53088903427124,22.0857292767733,856.600117056083,289.324987051574,,,,856.600117056083,289.324987051574,,,29107,237.244878763748
2021,CE,23008,8ª Região Quixadá,97.2664558080577,100,97.2664558080577,40.5800309940226,58.0695151649325,58.2244852778393,59.7963249944654,60.1726809829533,58.556564091211,60.3276510958601,39.8273190170467,55.1693601948196,,,,,,,,,,,,,,,,,,,,20944,3079,6352.73046875,933.921752929688,30,800,242.655868530273,9.09959506988525,452,188,,,0.570241272449493,1.37100565433502,1.13532614707947,1.61623978614807,116,24,35.1851005554199,7.27967596054077,2.12900185585022,26.6892373598217,902.101477318997,349.668679184053,,,,902.101477318997,349.668679184053,,,49041,164.675832992099
2021,CE,23021,21ª Região Juazeiro do Norte,100,99.2733022497766,99.1401862235331,80.054605546774,68.7023997700819,69.3059347607415,72.0936916223595,68.3144129903722,80.1551947118839,68.529961201322,82.0951286104325,63.3855438999856,,,,,,,,,,,,,,,,,,,,23952,3348,5512.9111328125,770.59228515625,101,1148,264.229370117188,23.2466602325439,685,885,,,2.0369598865509,1.57662999629974,1.95294976234436,1.59113037586212,301,36,69.279655456543,8.28593826293945,11.8514242172241,23.2651324432021,1019.84605935756,288.956917021455,,,,1019.84605935756,288.956917021455,,,46243,94.3895956231831
2021,CE,23016,16ª Região Camocim,100,100,100,93.0165289256198,59.5454545454545,61.8181818181818,61.5702479338843,64.9586776859504,64.7107438016529,63.5537190082645,93.2644628099174,53.8842975206612,,,,,,,,,,,,,,,,,,,,7463,1353,4696.5166015625,851.4521484375,0,191,120.197601318359,0,179,108,,,0.679651379585266,1.12645924091339,0.806771337985992,1.16028439998627,12,0,7.55168199539185,0,1.13778674602509,23.7764756589833,819.373541286265,305.674325737979,,,,819.373541286265,305.674325737979,,,23660,169.596035367043
2021,CE,23022,22ª Região Cascavel,98.7490067926422,88.2407235926326,98.7490067926422,70.701682396389,72.2609766105868,73.0611407468199,74.0869922035289,71.0504718916701,79.6471070988921,72.855970455478,66.2084530160033,68.3011899876898,,,,,,,,,,,,,,,,,,,,15863,2080,4692.33447265625,615.271728515625,0,261,77.2047729492188,0,311,370,,,1.09447383880615,0.919949591159821,1.23327970504761,0.999964535236359,17,0,5.02866315841675,0,4.96003675460815,23.1640720547537,854.075021726666,337.288243157609,,,,854.075021726666,337.288243157609,,,44190,122.324499647994
2021,CE,23005,5ª Região Canindé,95.2669559588598,99.5531154851238,88.0746086164321,56.3322059376174,70.6877113866967,72.4915445321308,73.7316798196167,68.4704998121007,72.9800826756858,72.0405862457723,54.9041713641488,62.4201428034573,,,,,,,,,,,,,,,,,,,,10362,1137,4946.06201171875,542.720764160156,0,300,143.198089599609,0,200,113,,,0.539379477500916,0.954653918743134,0.692840099334717,1.01527452468872,16,0,7.63723134994507,0,1.44534611701965,25.8702004739027,790.289287737622,320.324489396757,,,,790.289287737622,320.324489396757,,,34743,241.73769451074
2021,CE,23013,13ª Região Tianguá,98.0762618142617,97.0685451768693,98.0762618142617,80.970625798212,79.2191205984309,79.8029556650246,81.2442984856778,80.6787082649152,81.2625433315089,82.9593139937968,75.6248859697136,76.7743112570699,,,,,,,,,,,,,,,,,,,,20016,2667,6163.9658203125,821.307800292969,0,532,163.830429077148,0,313,212,,,0.652858078479767,0.963889539241791,0.90099036693573,1.07490622997284,32,10,9.85446166992188,3.07951927185059,1.75009083747864,28.6553252102501,675.761481370661,367.373196535323,,,,675.761481370661,367.373196535323,,,49348,185.806242801624
2021,CE,23009,9ª Região Russas,100,100,100,76.9135291683906,76.2929251137774,76.7894083574679,77.6582540339264,77.4100124120811,76.4584195283409,78.9822093504344,80.2647910633016,74.3069921390153,,,,,,,,,,,,,,,,,,,,13107,2392,6466.4931640625,1180.12145996094,0,309,152.448806762695,0,186,105,,,0.518029928207397,0.91765296459198,1.03667652606964,1.0425968170166,152,0,74.9909973144531,0,3.0233211517334,22.7268590215251,853.556076975419,299.969645172025,,,,853.556076975419,299.969645172025,,,29018,135.552066939331
2021,DF,53001,Distrito Federal,63.247324434913,25.1632571766549,58.0429956116707,90.9551647729951,75.3264815425958,75.7460751496865,78.2259205129414,72.9550704822969,80.0363019188157,72.9102824006412,91.1036726226958,72.9951440290415,,,,,,,,,,,,,,,,,,,,184386,23621,5958.84423828125,763.365173339844,469,5187,167.629455566406,15.1567792892456,7756,11856,,,3.83153033256531,2.50652408599854,4.69112014770508,2.59807062149048,4676,1174,151.115341186523,37.9404220581055,29.7156562805176,,,,,,,,,,,90980,30.9303790002666
2021,ES,32002,Metropolitana,72.2110239691399,43.7457768731365,49.9078211321646,81.6135765495961,78.4342196811568,80.4186707807726,82.7449556826088,78.6066491212149,77.7051759082796,78.6520252896512,72.3931391233324,79.2751913361769,,,,,,,,,,,,,,,,,,,,128774,17278,5584.53662109375,749.294311523438,433,3590,155.687377929688,18.7778930664062,3854,6744,,,2.92466759681702,1.67136263847351,2.57816576957703,1.84654343128204,2311,550,100.221038818359,23.85182762146,36.6539688110352,18.0723808468731,606.272021019528,416.979532770417,,,,606.272021019528,416.979532770417,,,100496,50.3373064695263
2021,ES,32003,Norte,84.8834827439382,86.870893126345,81.1130418771649,,,,,,,,,,,,,,,,,,,,,,,,,,,,,35093,6321,8005.92236328125,1442.03784179688,30,631,143.952835083008,6.84403371810913,464,573,,,1.30721044540405,1.05854392051697,1.30624091625214,1.16570997238159,210,39,47.9082336425781,8.89724349975586,13.3641166687012,20.8021184742335,730.184826698006,423.771362911074,,,,730.184826698006,423.771362911074,,,32966,75.9206708065465
2021,ES,32001,Central,92.0120561465138,90.8154029519039,84.968351121825,,,,,,,,,,,,,,,,,,,,,,,,,,,,,45279,6180,6681.96484375,912.002136230469,94,1066,157.31298828125,13.8718767166138,935,1449,,,2.13833498954773,1.37980902194977,1.89845490455627,1.49956464767456,619,128,91.347785949707,18.8893642425537,24.2381534576416,23.4779147476344,1063.63611317114,585.13241038375,,,,1063.63611317114,585.13241038375,,,31909,40.1905774537727
2021,ES,32004,Sul,94.8836159649236,95.0924389943669,92.3324579862719,81.6642203906515,76.448007225923,77.8141582928757,79.0335327989161,76.6625268149486,80.4561363892966,77.5431861804223,75.0254036355425,73.4221519701931,,,,,,,,,,,,,,,,,,,,51260,7775,7465.37109375,1132.33044433594,115,1274,185.5419921875,16.7482967376709,999,1297,,,1.88891661167145,1.45491719245911,1.75937211513519,1.59855210781097,584,89,85.0522155761719,12.9617252349854,17.5638656616211,20.2824486044744,932.960814752437,469.826531513662,,,,932.960814752437,469.826531513662,,,40399,57.1391652357796
2021,GO,52001,Central,69.4281167042984,44.196114712426,51.4516751409059,83.974794355143,77.5526375367897,77.9526073503886,80.9184212512263,74.5075843332579,80.1071617236435,74.3755188287676,86.0048298241642,75.1867783563505,,,,,,,,,,,,,,,,,,,,101577,11614,5181.77294921875,592.467895507812,509,4848,247.312240600586,25.9657440185547,3418,6573,,,3.35310101509094,1.7436329126358,3.80580544471741,1.98135471343994,4545,653,231.855224609375,33.311653137207,30.2821788787842,20.9363623098961,1109.32795148732,511.973725859179,,,,1109.32795148732,511.973725859179,,,59136,26.7942191784316
2021,GO,52011,Pirineus,61.7958319765549,69.5016394932338,54.2155422444019,84.3114543114543,78.3268983268983,79.2020592020592,81.8918918918919,73.011583011583,79.009009009009,74.1956241956242,78.3526383526384,75.2123552123552,,,,,,,,,,,,,,,,,,,,26198,2457,4901.18310546875,459.661315917969,81,781,146.111312866211,15.1536693572998,722,1151,,,2.15331768989563,1.35073447227478,2.08274102210999,1.44783020019531,585,81,109.443168640137,15.1536693572998,18.428731918335,20.9124082836677,1103.24423971312,455.635816079133,,,,1103.24423971312,455.635816079133,,,19709,30.7181698108972
2021,GO,52015,Sudoeste I,74.362261815288,54.1994825252264,64.2881353434428,81.6203335980937,79.3169181890389,81.0007942811755,82.7482128673551,78.2843526608419,84.8927720413026,79.0468625893566,72.6926131850675,74.9960285941223,,,,,,,,,,,,,,,,,,,,27826,3984,5758.32275390625,824.450439453125,39,915,189.350433349609,8.07067394256592,553,595,,,1.23129522800446,1.14438021183014,2.02677392959595,1.30382776260376,442,83,91.467643737793,17.1760501861572,23.2253303527832,21.4271280149732,1138.61480932031,718.442886385166,,,,1138.61480932031,718.442886385166,,,16473,31.9364734464469
2021,GO,52010,Oeste II,99.8869901715695,99.4486490188692,98.3527961371186,87.0036101083032,90.7581227436823,87.7256317689531,94.5126353790614,89.2418772563177,97.9061371841155,87.2202166064982,65.1985559566787,82.5992779783393,,,,,,,,,,,,,,,,,,,,7374,1080,6269.875,918.289245605469,0,188,159.850357055664,0,153,150,,,1.27540171146393,1.30090975761414,2.0457444190979,1.49413311481476,97,10,82.4759826660156,8.50267791748047,8.22294044494629,18.1970058702064,1124.78309224029,644.71861967264,,,,1124.78309224029,644.71861967264,,,5231,36.556185698495
2021,GO,52003,Entorno Norte,85.7005867045359,84.1944799265064,82.4065500089671,62.7838632113278,76.7833288805771,78.3328880577077,81.3251402618221,77.5581084691424,83.9433609404221,79.0275180336628,54.9559177130644,65.9096981031258,,,,,,,,,,,,,,,,,,,,14075,1479,5080.65869140625,533.875244140625,0,218,78.6915512084961,0,284,332,,,1.19842183589935,1.02515602111816,1.24525773525238,1.08886730670929,123,9,44.3993644714355,3.24873399734497,5.67553806304932,22.6047119708104,664.027973009597,356.435667947504,,,,664.027973009597,356.435667947504,,,19075,60.4030415368677
2021,GO,52017,Sul,79.4337859552956,82.6691272202652,73.5691190097314,78.7142417717625,78.5912027068594,81.0827437711473,81.6671793294371,79.2679175638265,82.8975699784682,79.4217163949554,72.4700092279299,76.7456167333128,,,,,,,,,,,,,,,,,,,,16616,2471,6444.53173828125,958.379699707031,10,481,186.556304931641,3.87850952148438,299,403,,,1.56303930282593,1.15967440605164,1.78450226783752,1.30783343315125,256,19,99.2898483276367,7.36916828155518,19.4414176940918,18.3408755154214,956.684085486529,545.376938388514,,,,956.684085486529,545.376938388514,,,9919,32.946042174913
2021,GO,52004,Entorno Sul,70.2556376716949,53.6896225459452,56.3540865172196,47.6287368915323,77.3830020347472,77.1873532634215,80.2864298012208,76.4517138832368,82.8924714352794,76.8273595241822,40.5071216152763,72.3039599311316,,,,,,,,,,,,,,,,,,,,49539,5093,5239.50537109375,538.662475585938,0,374,39.556209564209,0,813,887,,,0.938137888908386,0.859871625900269,0.79175877571106,0.797205686569214,201,5,21.2588176727295,0.528826296329498,6.71017122268677,20.5577154640863,485.235292192059,237.307076057514,,,,485.235292192059,237.307076057514,,,57882,58.7204676939999
2021,GO,52014,Serra da Mesa,93.9967371061826,93.6858387330122,89.1108614347498,68.5003274394237,81.8598559266536,84.0864440078585,86.5094957432875,80.1571709233792,92.6653569089718,85.0032743942371,55.4027504911591,79.305828421742,,,,,,,,,,,,,,,,,,,,5348,569,4090.96826171875,435.258209228516,0,415,317.455474853516,0,164,164,,,1.25452280044556,1.25452280044556,1.56241631507874,1.46067762374878,222,20,169.819549560547,15.2990579605103,9.03944873809814,21.5318469818756,1070.49096933798,600.354207665505,,,,1070.49096933798,600.354207665505,,,6691,38.2848378682292
2021,GO,52007,Nordeste II,90.470036693613,93.4479733617575,90.470036693613,85.4896354538956,88.2026370575989,80.7772380291464,89.3129770992366,85.1492019430951,79.2505204718945,82.1651630811936,60.9299097848716,76.1970853573907,,,,,,,,,,,,,,,,,,,,6616,933,6183.87109375,872.060424804688,0,171,159.831008911133,0,110,74,,,0.6916663646698,1.02815270423889,0.884912312030792,1.19756424427032,16,0,14.954948425293,0,3.22839951515198,22.6819580255813,972.506803979303,557.916387848642,,,,972.506803979303,557.916387848642,,,11597,108.114461434927
2021,GO,52012,Rio Vermelho,87.8458958119508,98.9686334393071,84.841915538088,66.9357939254133,77.201076509035,78.0469050365244,82.083813917724,78.162245290273,85.5824682814302,79.277201076509,45.1364859669358,71.7416378316032,,,,,,,,,,,,,,,,,,,,12263,2102,6126.56787109375,1050.15466308594,10,420,209.831085205078,4.99597835540771,196,146,,,0.729412794113159,0.979211747646332,1.24474799633026,1.07663333415985,105,0,52.4577713012695,0,4.65825033187866,21.8035788270606,1087.19387093699,625.397978705255,,,,1087.19387093699,625.397978705255,,,13747,58.8315256218744
2021,GO,52009,Oeste I,94.701048704955,100,94.701048704955,71.4285714285714,81.6017316017316,85.5699855699856,87.4458874458875,84.4155844155844,87.0851370851371,85.2092352092352,57.0707070707071,80.1587301587302,,,,,,,,,,,,,,,,,,,,5588,900,4925.25732421875,793.259033203125,0,293,258.249908447266,0,151,135,,,1.18988859653473,1.33091247081757,1.57704305648804,1.54487204551697,82,0,72.2747116088867,0,5.0627555847168,24.3813684848366,1386.60210595177,788.905230413937,,,,1386.60210595177,788.905230413937,,,7516,63.6576029473981
2021,GO,52005,Estrada de Ferro,68.1543881625303,54.3086197447741,61.3155875675253,89.2331132554596,86.8969019807009,85.7287963433215,87.2778059928898,81.3610970035551,91.0106653123413,81.8435754189944,82.6561706449975,80.0152361604876,,,,,,,,,,,,,,,,,,,,15439,2129,4759.966796875,656.3876953125,25,652,201.016799926758,7.70769929885864,368,528,,,1.62786614894867,1.13457334041595,1.74278795719147,1.26228988170624,296,19,91.259162902832,5.85785150527954,18.4735050201416,22.5482998770096,1245.96746441576,718.944148906373,,,,1245.96746441576,718.944148906373,,,11299,31.2066280048466
2021,GO,52002,Centro Sul,67.4204022372863,51.7071892270796,61.6860560652798,53.3677968678729,50.9122700319295,51.6116770564087,53.6414778774517,50.4181237646343,54.5461456591151,50.9198722821955,48.2514824388019,47.8865744260301,,,,,,,,,,,,,,,,,,,,53350,7500,5452.607421875,766.533386230469,94,1507,154.022109985352,9.60721778869629,1073,1675,,,1.71192455291748,1.09665369987488,1.51323902606964,1.14310562610626,420,41,42.9258689880371,4.19038248062134,14.2645721435547,23.5990889086516,1114.0083557187,471.658225611035,,,,1114.0083557187,471.658225611035,,,30867,25.2199940517011
2021,GO,52016,Sudoeste II,93.5048869042828,53.1213062248188,80.4062040594986,78.3289817232376,71.8015665796345,69.9738903394256,75.1668117203365,69.1035683202785,72.4688134609806,68.262257035103,74.6156077748767,67.4209457499275,,,,,,,,,,,,,,,,,,,,11755,1385,4912.77783203125,578.834289550781,17,502,209.801315307617,7.10482549667358,314,415,,,1.73441326618195,1.31230306625366,2.29057478904724,1.30467581748962,193,13,80.6606674194336,5.43310165405273,20.1108360290527,19.6816668307306,1010.72097042407,706.093798249421,,,,1010.72097042407,706.093798249421,,,8535,35.1188679087573
2021,GO,52018,São Patrício II,94.6294237639364,81.4576969984782,85.4915653027965,58.4442595673877,60.108153078203,60.0249584026622,63.1031613976705,59.026622296173,63.4359400998336,61.1064891846922,27.5374376039933,56.0732113144759,,,,,,,,,,,,,,,,,,,,9955,1643,5297.2978515625,874.2802734375,5,336,178.79377746582,2.66062164306641,229,246,,,1.30902588367462,1.21856474876404,1.79086446762085,1.29891550540924,107,5,56.9373054504395,2.66062164306641,12.1287097930908,22.2801428627089,881.934293983954,512.334657849339,,,,881.934293983954,512.334657849339,,,9360,45.8159541521663
2021,GO,52008,Norte,98.7614985353821,88.0275744605875,88.3858368878154,69.2708333333333,71.2962962962963,74.1319444444444,73.8425925925926,74.1898148148148,73.4953703703704,75.1736111111111,61.2268518518519,66.7824074074074,,,,,,,,,,,,,,,,,,,,8001,1424,5886.810546875,1047.72131347656,0,325,239.121795654297,0,143,111,,,0.816692888736725,1.05213594436646,1.26495432853699,1.26237916946411,144,10,105.949348449707,7.35759353637695,5.14737272262573,21.1568820314104,1082.58519187805,624.882960393791,,,,1082.58519187805,624.882960393791,,,10987,75.7372308960078
2021,GO,52006,Nordeste I,96.1750391286636,100,90.2639308762677,65.1197604790419,82.185628742515,87.125748502994,87.874251497006,88.3233532934132,85.3293413173653,86.9760479041916,59.4311377245509,76.7964071856287,,,,,,,,,,,,,,,,,,,,1513,205,3228.62866210938,437.454650878906,0,91,194.187194824219,0,63,41,,,0.874909281730652,1.3443728685379,1.09630405902863,1.41799330711365,17,0,36.276725769043,0,2.96828985214233,21.2950855156883,989.3958255854,529.638921530647,,,,989.3958255854,529.638921530647,,,5405,114.899129358542
2021,GO,52013,São Patrício I,98.3638987433107,99.2706391678191,97.6345379111298,62.9186602870813,74.8803827751196,72.822966507177,77.6076555023923,71.5311004784689,80.7177033492823,72.822966507177,52.6315789473684,69.0430622009569,,,,,,,,,,,,,,,,,,,,9280,1482,5573.33935546875,890.052673339844,4,475,285.273284912109,2.40230131149292,266,255,,,1.53146719932556,1.59753048419952,2.0895516872406,1.76479065418243,278,25,166.959945678711,15.01438331604,7.71499109268188,22.5633893434369,1141.83902571914,679.453964913126,,,,1141.83902571914,679.453964913126,,,11330,57.8541803047319
2021,MA,21001,Açailândia,91.7018579672437,96.0235498182061,91.7018579672437,78.4986713906112,71.3463241806909,72.7192205491585,78.2993799822852,71.1027457927369,66.1426040744021,72.0549158547387,75.11071744907,62.0903454384411,,,,,,,,,,,,,,,,,,,,19172,4050,6345.759765625,1340.513671875,0,453,149.938934326172,0,222,180,,,0.595783829689026,0.734800040721893,0.68995076417923,0.84452360868454,108,10,35.7470283508301,3.3099102973938,5.20814371109009,23.1107800654417,833.238611268022,319.974241916828,,,,833.238611268022,319.974241916828,,,31743,102.445738987101
2021,MA,21005,Caxias,99.5701618807451,100,98.471975921256,81.1211211211211,67.7477477477478,70.5105105105105,71.7517517517518,69.0890890890891,67.7277277277277,69.7697697697698,80.7807807807808,61.9019019019019,,,,,,,,,,,,,,,,,,,,15668,1862,5075.7080078125,603.201965332031,31,597,193.400405883789,10.0425672531128,456,317,,,1.02693355083466,1.47722923755646,0.883098065853119,1.37874734401703,62,6,20.0851345062256,1.94372272491455,7.31228494644165,18.0691008001853,723.360796983732,205.201840191409,,,,723.360796983732,205.201840191409,,,42287,151.713854855743
2021,MA,21006,Chapadinha,98.6770515800354,100,98.6770515800354,73.5418703160639,56.614532420984,56.5982404692082,61.7139133268166,57.4291300097752,62.0071684587814,57.7875529488433,66.5037471489084,43.4343434343434,,,,,,,,,,,,,,,,,,,,19902,5108,5183.1904296875,1330.30529785156,10,533,138.812210083008,2.60435652732849,313,174,,,0.453158050775528,0.815163612365723,0.611502945423126,0.836258888244629,84,0,21.876594543457,0,0.871417701244354,20.7287952776784,579.512554022053,211.289152826379,,,,579.512554022053,211.289152826379,,,65346,328.633832675299
2021,MA,21016,São Luís,62.5709622747244,48.1447251574873,58.2707354548241,29.0972790972791,49.5495495495495,51.0510510510511,52.5889525889526,48.020748020748,51.2285012285012,48.007098007098,28.1508781508781,43.5890435890436,,,,,,,,,,,,,,,,,,,,82991,7456,5625.53955078125,505.404479980469,271,3253,220.50439453125,18.3697185516357,3347,2818,,,1.91017949581146,2.26876187324524,2.11729645729065,2.30338311195374,1538,315,104.253234863281,21.3522548675537,21.08131980896,22.2044404370552,838.550793599179,450.118084758557,,,,838.550793599179,450.118084758557,,,126151,70.4387752888655
2021,MA,21002,Bacabal,100,100,100,33.0737405694816,66.0257970309078,68.3621319055731,71.331224142127,65.7094183499635,68.337795083962,67.4616695059625,21.6354344122658,50.5719153078608,,,,,,,,,,,,,,,,,,,,20762,5258,7681.77734375,1945.41870117188,10,439,162.426559448242,3.69992160797119,281,199,,,0.736284375190735,1.03967797756195,1.00332629680634,1.23272132873535,51,0,18.8696002960205,0,1.94023883342743,18.9919885246211,823.336231813144,213.901557851347,,,,823.336231813144,213.901557851347,,,42823,215.728673652119
2021,MA,21007,Codó,92.8287686226034,100,92.8287686226034,38.045445405188,50.8345063342047,49.8491856022522,55.1779609893425,49.8894027749849,48.5823446611703,51.7393927206917,37.5427307460286,35.0894832093304,,,,,,,,,,,,,,,,,,,,20242,2563,6493.1689453125,822.151550292969,20,455,145.953552246094,6.41554117202759,417,226,,,0.724956154823303,1.33764028549194,0.818783462047577,1.455686211586,46,12,14.7557439804077,3.84932470321655,1.38639843463898,18.1396814037236,552.578116140388,161.866754482183,,,,552.578116140388,161.866754482183,,,44555,179.247951036591
2021,MA,21014,Santa Inês,98.4676808005256,100,98.4676808005256,70.9807572936065,59.2489137181875,60.4903786468032,63.8733705772812,57.3867163252638,60.7386716325264,60.6455617628802,66.8994413407821,56.2228429546865,,,,,,,,,,,,,,,,,,,,31307,5954,7881.82421875,1498.97412109375,10,704,177.23844909668,2.51759171485901,390,220,,,0.553870141506195,0.981860756874084,0.688309550285339,1.15551161766052,99,0,24.9241580963135,0,0.934781789779663,23.2552998486076,709.819746707656,256.581459741077,,,,709.819746707656,256.581459741077,,,56376,225.717949169824
2021,MA,21003,Balsas,90.8202919400681,100,88.1886206533563,84.920049200492,73.3825338253383,73.210332103321,78.3271832718327,72.5215252152522,71.6851168511685,73.0873308733087,83.0012300123001,67.2816728167282,,,,,,,,,,,,,,,,,,,,18330,4183,7988.2158203125,1822.95190429688,10,532,231.845657348633,4.35800123214722,255,171,,,0.74521815776825,1.11129021644592,0.884892106056213,1.21664500236511,40,0,17.4320049285889,0,3.81586575508118,27.6415302869278,1026.91904859731,624.601200839408,,,,1026.91904859731,624.601200839408,,,28745,159.762597891599
2021,MA,21019,Zé Doca,98.8018341965493,100,98.8018341965493,83.2493978541712,74.3376395883512,77.293628202321,81.8042478651193,74.4471206481279,70.2868403766148,77.359316838187,72.2356032406394,59.1854609152617,,,,,,,,,,,,,,,,,,,,19259,5090,6311.71533203125,1668.13598632812,0,572,187.460464477539,0,218,119,,,0.389996439218521,0.714447259902954,0.635382831096649,0.8706915974617,18,0,5.89910554885864,0,1.19620752334595,18.4346717844724,669.361132518516,242.108778836893,,,,669.361132518516,242.108778836893,,,48684,267.819500476844
2021,MA,21008,Imperatriz,96.8641204506623,100,93.5606832242281,75.2101255809354,64.6494610896865,63.0970038564224,68.9014140215564,62.5630376742806,65.7569465044992,63.314545634332,77.7711856026896,61.5939879363196,,,,,,,,,,,,,,,,,,,,37144,6703,6791.57373046875,1225.60632324219,95,1325,242.26887512207,17.3702220916748,876,750,,,1.37133324146271,1.60171723365784,1.53493332862854,1.68244314193726,440,85,80.4515533447266,15.5417776107788,9.12631416320801,27.2164022646771,999.267456414998,440.877684147325,,,,999.267456414998,440.877684147325,,,53251,109.052891410517
2021,MA,21009,Itapecuru Mirim,98.1438658633731,99.1095712072348,98.1438658633731,71.3368455712875,62.0184392492591,63.9776094830425,69.3118208758643,60.8165953243332,62.8580836351663,60.3391504774448,63.6318735594337,53.8030951596971,,,,,,,,,,,,,,,,,,,,19631,3974,5021.06298828125,1016.4384765625,0,474,121.235992431641,0,287,169,,,0.432254910469055,0.734066009521484,0.607011258602142,0.782534837722778,8,0,2.04617714881897,0,0.831771016120911,19.9694582950362,678.094367721396,218.021370203366,,,,678.094367721396,218.021370203366,,,60941,278.854608886036
2021,MA,21011,Pinheiro,95.0870540857318,100,94.3357242318905,60.2167676123685,56.8855594517055,59.4835830411221,61.8265859101052,57.0130698119222,59.4517054510679,59.7386037615556,53.3949633407714,50.8925725215174,,,,,,,,,,,,,,,,,,,,25693,7423,6406.193359375,1850.82214355469,10,768,191.490158081055,2.4933614730835,326,195,,,0.486205488443375,0.812835812568665,0.648710310459137,0.920112669467926,39,0,9.7241096496582,0,0.630072414875031,22.3044507847014,702.973330976844,245.591209105272,,,,702.973330976844,245.591209105272,,,76217,287.030396569135
2021,MA,21004,Barra do Corda,91.2458586357558,100,91.2458586357558,91.6593115622242,60.0617828773169,59.3998234774934,62.4669020300088,59.7308031774051,56.1562224183583,60.5472197705207,84.8852603706973,51.1473962930274,,,,,,,,,,,,,,,,,,,,14678,2652,6212.857421875,1122.53015136719,0,483,204.442718505859,0,222,125,,,0.529096066951752,0.939674556255341,0.668248295783997,1.00380098819733,104,20,44.0207901000977,8.46553707122803,0.787718176841736,23.2429460610377,657.547031820441,241.392143787601,,,,657.547031820441,241.392143787601,,,33407,145.027508761831
2021,MA,21013,Rosário,99.4625994240489,100,98.6131704327541,67.2283066554339,70.6823925863522,69.9873631002527,75.5054759898905,68.2392586352148,67.9233361415333,66.2805391743892,56.2342038753159,53.8121314237574,,,,,,,,,,,,,,,,,,,,17114,4773,5591.95166015625,1559.56433105469,10,418,136.580322265625,3.2674720287323,271,167,,,0.545667827129364,0.885484933853149,0.776923179626465,0.973134815692902,29,2,9.47566890716553,0.653494417667389,1.08185994625092,17.7297820438607,599.842915383005,202.891478213475,,,,599.842915383005,202.891478213475,,,50856,274.524082902299
2021,MA,21018,Viana,95.4272036025664,100,95.4272036025664,75.9543877045116,66.1874070401586,64.873574615766,70.8477937530987,63.2126921170055,72.0128904313337,63.7828458106098,66.2121963311849,47.4467030242935,,,,,,,,,,,,,,,,,,,,15650,4381,5672.6123046875,1587.96899414062,0,432,156.585845947266,0,227,98,,,0.355217903852463,0.822800636291504,0.623987376689911,0.868109047412872,10,0,3.62467241287231,0,0.449096918106079,20.587426011141,594.544445128137,220.236979273112,,,,594.544445128137,220.236979273112,,,53809,321.377136291308
2021,MA,21015,São João dos Patos,92.6036125751945,100,92.6036125751945,92.9965249933173,72.1999465383587,69.9010959636461,75.7284148623363,68.8853247794707,71.0772520716386,68.0566693397487,90.1630580058808,66.29243517776,,,,,,,,,,,,,,,,,,,,25021,9736,10092.083984375,3926.96240234375,0,635,256.123779296875,0,286,139,,,0.560648918151855,1.15356540679932,0.746389091014862,1.25258648395538,17,4,6.85685682296753,1.6133781671524,1.32619678974152,20.2976597734314,843.212266028467,282.198949611757,,,,843.212266028467,282.198949611757,,,42238,267.91249843704
2021,MA,21010,Pedreiras,98.2679616258797,100,98.2679616258797,87.0938897168405,76.8703427719821,79.5230998509687,85.9314456035767,83.725782414307,78.5991058122206,87.3621460506706,69.2995529061103,61.6691505216095,,,,,,,,,,,,,,,,,,,,19000,4391,8664.5625,2002.42602539062,0,583,265.865264892578,0,281,131,,,0.597398817539215,1.28144323825836,0.976815462112427,1.44960415363312,89,5,40.5866355895996,2.28014802932739,1.67818903923035,19.1954241151852,874.142083306688,252.589866712953,,,,874.142083306688,252.589866712953,,,33802,181.049761952536
2021,MA,21012,Presidente Dutra,98.6160083416796,100,98.2983934034876,65.3784587239881,68.7399954264807,67.7566887720101,73.6565286988338,67.0477932769266,70.2035216098788,68.3969814772467,55.1795106334324,58.0379602103819,,,,,,,,,,,,,,,,,,,,20618,4873,7053.4462890625,1667.06005859375,10,584,199.787216186523,3.42101383209229,359,162,,,0.554204225540161,1.22814404964447,0.906397640705109,1.41920757293701,10,1,3.42101383209229,0.342101395130157,1.16964471340179,21.4829626821529,870.525116896516,317.467472366475,,,,870.525116896516,317.467472366475,,,44921,191.24477012497
2021,MA,21017,Timon,98.425560183141,100,98.425560183141,83.4579439252336,61.0514018691589,60.4439252336449,65.3271028037383,57.2663551401869,63.8084112149533,60.0934579439252,79.6728971962617,53.4345794392523,,,,,,,,,,,,,,,,,,,,13011,1632,5147.7744140625,645.697326660156,0,295,116.716125488281,0,252,255,,,1.00890207290649,0.997032642364502,0.792977273464203,0.933531165122986,16,0,6.33036613464355,0,10.0514345169067,20.6899108070388,688.760616745198,239.124775805381,,,,688.760616745198,239.124775805381,,,35273,151.838207715134
2021,MG,31074,Patrocínio / Monte Carmelo,89.6578260692298,97.1760712683981,87.6483059485465,85.9897678079496,78.5487708168121,77.4385408406027,79.0245836637589,75.9543486816214,84.3774781919112,77.5678866587957,83.982683982684,81.4246359700905,,,,,,,,,,,,,,,,,,,,12708,1754,6448.2412109375,890.007446289062,23,384,194.847702026367,11.6705656051636,245,261,,,1.32435548305511,1.24316895008087,1.82657039165497,1.41099667549133,113,20,57.3379936218262,10.1483173370361,13.4845771789551,24.146797582585,1328.21799649811,643.502850918735,,,,1328.21799649811,643.502850918735,,,7095,32.9410179777447
2021,MG,31024,Sete Lagoas,88.0445790858634,79.3923446034098,78.6964597660482,67.1947062362142,77.7621816723481,78.8249448566272,80.3489071586124,77.6819731301384,81.7726087828354,78.1431722478444,59.8957288951273,77.802285943453,,,,,,,,,,,,,,,,,,,,24796,3531,5446.4501953125,775.58544921875,32,412,90.4959487915039,7.02881145477295,493,542,,,1.19050490856171,1.08287632465363,1.75709307193756,1.26870048046112,150,14,32.9475555419922,3.07510495185852,22.0335674285889,26.43919562355,1111.6939725033,631.467608356789,,,,1111.6939725033,631.467608356789,,,20926,49.2374046991998
2021,MG,31059,Manhuaçu,95.6071050451114,99.9349797459031,95.6071050451114,23.0374023838882,54.0794365094893,55.7033848561925,55.3707689297593,53.2381138720407,55.6446879279984,54.5685775777734,18.0878007598143,51.5750342398748,,,,,,,,,,,,,,,,,,,,26769,4775,7665.41259765625,1367.34069824219,24,631,180.689422607422,6.87249803543091,391,407,,,1.16546106338501,1.11964440345764,1.34142565727234,1.16417253017426,112,9,32.0716590881348,2.57718682289124,7.60527801513672,26.2742699311757,1029.93999309021,512.759924570523,,,,1029.93999309021,512.759924570523,,,28974,69.7794071325075
2021,MG,31060,Ponte Nova,96.3560181630312,94.7861862374276,90.668221331134,88.5785744060025,67.0279283034598,66.902876198416,68.0283451438099,68.5702375989996,76.1150479366403,71.1546477699041,87.4947894956232,72.3634847853272,,,,,,,,,,,,,,,,,,,,13011,2244,6180.263671875,1065.90661621094,38,384,182.401138305664,18.0501136779785,259,327,,,1.55325973033905,1.23025763034821,1.72639834880829,1.50860941410065,117,2,55.5753479003906,0.950005948543549,12.5424537658691,21.4718216127587,1274.41396235517,541.878272593994,,,,1274.41396235517,541.878272593994,,,16056,82.3073934212089
2021,MG,31037,Ipatinga,86.9530923881915,82.4754152469154,82.2645154400986,81.846513439813,83.6190105181145,83.0931047915855,85.1967276977016,83.989092325672,80.8920919361122,83.6774444877289,100,78.4183872224386,,,,,,,,,,,,,,,,,,,,21083,3235,5082.80078125,779.910827636719,43,550,132.596893310547,10.3666667938232,510,712,,,1.71652710437775,1.22953486442566,1.82127869129181,1.21946954727173,260,47,62.6821708679199,11.3310079574585,33.4115257263184,25.3374074819836,1346.76182714185,603.992671026489,,,,1346.76182714185,603.992671026489,,,24669,76.0469393019617
2021,MG,31081,Santa Maria do Suaçuí,100,100,100,62.2406639004149,61.6182572614108,74.2738589211618,64.7302904564315,69.5020746887967,65.1452282157676,57.8838174273859,47.3029045643154,65.1452282157676,,,,,,,,,,,,,,,,,,,,2511,622,5851.2373046875,1449.41040039062,0,54,125.833061218262,0,33,29,,,0.675770163536072,0.768979847431183,0.901221036911011,0.92335832118988,0,0,0,0,2.19042730331421,23.3215557206676,931.034571435156,459.978915854249,,,,931.034571435156,459.978915854249,,,5491,143.926457566295
2021,MG,31072,Uberaba,75.768600110887,59.0296209788725,60.0986186313716,82.0700269334359,75.3751442862639,74.4517121969988,77.4336283185841,75.6444786456329,82.724124663332,75.8753366679492,58.6571758368603,76.9911504424779,,,,,,,,,,,,,,,,,,,,22579,3489,5274.666015625,815.063110351562,74,750,175.20703125,17.2870941162109,940,1574,,,3.67701172828674,2.19592809677124,3.73372030258179,2.27447938919067,283,42,66.111457824707,9.81159400939941,35.707893371582,23.0288375540912,1176.48372797879,656.291007838239,,,,1176.48372797879,656.291007838239,,,11626,29.8607337670681
2021,MG,31089,Campo Belo,100,100,100,53.3622559652928,85.5014895729891,84.7070506454816,85.5014895729891,85.5014895729891,92.0556107249255,86.6931479642502,40.5128205128205,90.7646474677259,,,,,,,,,,,,,,,,,,,,7416,881,7407.4072265625,879.979248046875,10,150,149.826202392578,9.98841381072998,142,175,,,1.74797236919403,1.41835474967957,1.79866361618042,1.51973712444305,36,1,35.9582901000977,0.998841345310211,11.2929000854492,26.7594977242826,1382.1143237812,566.498422491057,,,,1382.1143237812,566.498422491057,,,4862,44.0977865675816
2021,MG,31062,Águas Formosas,100,100,100,43.9299123904881,57.0713391739675,55.5694618272841,57.8222778473091,52.6908635794743,48.4355444305382,52.6908635794743,30.4130162703379,50.3128911138924,,,,,,,,,,,,,,,,,,,,3961,1406,6630.3984375,2353.53198242188,0,103,172.413787841797,0,45,42,,,0.703046560287476,0.753264129161835,0.829846024513245,1.09223306179047,6,0,10.0435218811035,0,2.8891863822937,22.2079736995495,1220.52729516719,533.601616192105,,,,1220.52729516719,533.601616192105,,,9358,254.849748911952
2021,MG,31068,Pedra azul,98.6844718788675,100,98.6844718788675,70.4095112285337,77.5429326287979,84.0158520475561,80.8454425363276,80.449141347424,88.110964332893,80.7133421400264,64.9933949801849,84.6763540290621,,,,,,,,,,,,,,,,,,,,3849,848,5849.455078125,1288.73425292969,0,143,217.321929931641,0,74,44,,,0.668682873249054,1.12460291385651,0.779243469238281,1.21996629238129,13,0,19.7565383911133,0,3.63368344306946,19.1760690354037,885.045624001229,361.33533819914,,,,885.045624001229,361.33533819914,,,9583,222.746447622377
2021,MG,31040,Resplendor,99.8363834007598,100,99.8363834007598,78.6839666357739,84.8934198331789,88.1371640407785,85.9128822984245,89.0639481000927,87.0250231696015,88.2298424467099,92.5857275254866,77.7571825764597,,,,,,,,,,,,,,,,,,,,7563,1445,8478.8896484375,1619.99145507812,0,141,158.075286865234,0,105,104,,,1.16594541072845,1.17715644836426,0.970873773097992,1.21919775009155,32,0,35.875244140625,0,8.8892126083374,24.9719260605467,1132.9929313184,588.032777062072,,,,1132.9929313184,588.032777062072,,,8738,102.002858808493
2021,MG,31008,São Lourenço,94.6114652574838,93.0844298411641,94.6114652574838,84.333098094566,84.8976711362032,83.7332392378264,84.7212420606916,81.4043754410727,89.167254763585,80.2399435426958,49.3648553281581,82.7805222300635,,,,,,,,,,,,,,,,,,,,19979,3909,7539.671875,1475.17785644531,30,647,244.164764404297,11.3213958740234,338,492,,,1.8567088842392,1.27554392814636,1.79812061786652,1.41140067577362,108,2,40.757022857666,0.754759728908539,24.310432434082,23.0412986440976,1051.49928376936,548.300082826035,,,,1051.49928376936,548.300082826035,,,14227,57.1195011038361
2021,MG,31006,Poços de Caldas,78.3425345305306,59.1866836107581,67.0927689006479,82.4753974261923,79.0310370931113,77.668433005299,80.6585919757759,78.5389856169569,90.3103709311128,78.6146858440575,81.7183951551855,84.5193035579107,,,,,,,,,,,,,,,,,,,,11521,1244,4769.53369140625,514.998718261719,42,432,178.841995239258,17.3874168395996,497,646,,,2.67435026168823,2.05751085281372,2.47998380661011,2.09590816497803,414,43,171.390243530273,17.8014030456543,36.0544624328613,28.7257404514213,1469.77744544837,695.303582874017,,,,1469.77744544837,695.303582874017,,,6483,28.9050854053338
2021,MG,31041,Além  Paraíba,67.5720437230871,80.385627865623,62.0770209724377,91.0179640718563,75.5988023952096,78.7425149700599,80.2395209580838,78.8922155688623,80.0898203592814,79.0419161676647,75.5988023952096,72.0059880239521,,,,,,,,,,,,,,,,,,,,3875,688,6749.81298828125,1198.41833496094,5,94,163.737396240234,8.70943546295166,77,90,,,1.56769847869873,1.34125316143036,1.13658142089844,1.18012857437134,35,0,60.9660491943359,0,17.8020858764648,29.2628825859164,1019.02990490482,728.112413672768,,,,1019.02990490482,728.112413672768,,,3845,76.558814819976
2021,MG,31001,Alfenas / Machado,93.9700248583994,82.9756229435774,83.9327042905466,82.5066825066825,88.6545886545887,89.3673893673894,89.6049896049896,89.3079893079893,99.3762993762994,89.7534897534898,64.4603458556947,92.0997920997921,,,,,,,,,,,,,,,,,,,,20144,3192,6615.65234375,1048.31030273438,46,635,208.545440673828,15.1072282791138,431,633,,,2.07888603210449,1.41548156738281,1.81639790534973,1.49996721744537,168,19,55.1742248535156,6.23994207382202,15.367335319519,26.6609685692246,1281.20799995366,597.837248508762,,,,1281.20799995366,597.837248508762,,,11984,39.5653026371966
2021,MG,31013,Barbacena,85.4527089915731,84.0415541485281,75.4356382334896,64.0426404264043,73.3907339073391,75.1537515375154,75.3587535875359,73.1037310373104,74.3337433374334,73.5547355473555,81.6318163181632,68.5526855268553,,,,,,,,,,,,,,,,,,,,13276,2222,5520.005859375,923.881652832031,45,542,225.357269287109,18.7104740142822,439,781,,,3.24730682373047,1.82531070709229,3.56975054740906,1.88601577281952,134,10,55.715633392334,4.15788316726685,17.0610427856445,21.0162883481732,1231.75167199554,423.315257357409,,,,1231.75167199554,423.315257357409,,,14756,60.2891059303887
2021,MG,31094,Almenara/Jacinto,100,100,97.5582627735526,34.5672836418209,72.8864432216108,73.0365182591296,75.687843921961,74.5872936468234,74.1370685342671,77.8889444722361,27.4137068534267,72.336168084042,,,,,,,,,,,,,,,,,,,,12301,2581,7153.4912109375,1500.94787597656,0,361,209.934982299805,0,155,145,,,0.843229174613953,0.901382923126221,1.00751352310181,1.00446033477783,38,0,22.0984191894531,0,3.71369743347168,22.199805277405,1005.21388467056,415.844837817978,,,,1005.21388467056,415.844837817978,,,22894,177.292943625769
2021,MG,31036,Governador Valadares,89.1551118591799,65.5506601810028,79.4312464837808,85.0931677018634,75.7946656923639,76.507124588966,80.1242236024845,73.6024844720497,71.592985020095,73.5294117647059,88.9477530142492,68.2681768359518,,,,,,,,,,,,,,,,,,,,24735,4081,5709.7021484375,942.037353515625,42,594,137.115951538086,9.69506740570068,716,851,,,1.96440529823303,1.65277814865112,2.21549606323242,1.74141871929169,247,46,57.016227722168,10.6184072494507,18.2710456848145,22.1907771403221,1241.93013246571,435.643044598028,,,,1241.93013246571,435.643044598028,,,31327,81.7807760670345
2021,MG,31092,Passos,88.0780106258763,81.2724791679367,80.5057842093663,62.3872026251025,78.3018867924528,78.7940935192781,80.3937653814602,77.0713699753897,83.3880229696473,78.0147662018048,49.7538966365874,70.6316652994258,,,,,,,,,,,,,,,,,,,,14428,2414,6730.576171875,1126.11669921875,58,427,199.192962646484,27.0566558837891,478,434,,,2.02458429336548,2.22984170913696,2.31964182853699,2.23858833312988,165,14,76.9715194702148,6.53091669082642,15.6088914871216,23.6089969108944,974.022077785531,551.467695901856,,,,974.022077785531,551.467695901856,,,7729,35.2483614396007
2021,MG,31095,Serro,100,100,100,71.5116279069767,76.0174418604651,73.1104651162791,78.6337209302326,76.7441860465116,79.796511627907,78.0523255813954,91.8604651162791,74.1279069767442,,,,,,,,,,,,,,,,,,,,3716,581,7430.068359375,1161.69799804688,0,74,147.961532592773,0,73,64,,,1.27966725826263,1.45962047576904,1.67356491088867,1.60858178138733,34,0,67.9823226928711,0,14.072340965271,21.1230735356807,1655.10834523692,961.698206944307,,,,1655.10834523692,961.698206944307,,,5021,129.170815587947
2021,MG,31090,Lima Duarte,100,98.3043896368367,100,63.1329113924051,77.8481012658228,78.1645569620253,81.8037974683544,79.1139240506329,88.4493670886076,79.5886075949367,49.0506329113924,78.7974683544304,,,,,,,,,,,,,,,,,,,,4553,998,6449.46533203125,1413.69787597656,0,127,179.899429321289,0,104,95,,,1.3457043170929,1.47319209575653,1.4133437871933,1.57199513912201,24,0,33.9967422485352,0,8.00481605529785,22.8585356320143,1312.76516616783,755.232356279648,,,,1312.76516616783,755.232356279648,,,6157,85.470614066152
2021,MG,31099,Teófilo Otoni / Malacacheta,100,100,94.0506743066762,75.6442934013027,77.4851316907392,78.8445199660153,80.4587935429057,79.1277258566978,83.1492495043897,79.1277258566978,78.136505239309,78.9011611441518,,,,,,,,,,,,,,,,,,,,17250,2702,6124.0576171875,959.258178710938,35,503,178.573959350586,12.4256238937378,393,365,,,1.29581499099731,1.39522004127502,1.56136834621429,1.7714501619339,60,3,21.3010692596436,1.06505346298218,12.5935468673706,26.4718586085239,1238.3064112256,398.928191767658,,,,1238.3064112256,398.928191767658,,,25348,111.855805961459
2021,MG,31035,Coronel Fabriciano/Timóteo,87.8744110870388,79.9004436191066,68.5305546958286,55.1296505073281,71.1762495302518,72.4163848177377,73.9571589627959,72.7546035325066,78.7673806839534,72.4163848177377,42.9161969184517,73.0928222472755,,,,,,,,,,,,,,,,,,,,10822,1499,4632.685546875,641.692443847656,18,173,74.0578994750977,7.70544624328613,288,354,,,1.51540446281433,1.2328714132309,1.56302845478058,1.3230893611908,152,20,65.0682144165039,8.56160736083984,34.5293884277344,20.1079618684392,996.536410753449,394.94657951543,,,,996.536410753449,394.94657951543,,,12262,59.7345816156609
2021,MG,31045,Muriaé,99.7507287049871,91.627450644854,98.3577756102013,92.4178154825026,77.7306468716861,79.6924708377519,80.16967126193,77.7836691410392,83.2979851537646,79.9575821845175,95.0159066808059,80.5408271474019,,,,,,,,,,,,,,,,,,,,13124,2836,7454.7001953125,1610.90600585938,53,454,257.881286621094,30.1050834655762,298,407,,,2.31184315681458,1.69270098209381,2.56518030166626,1.82987785339355,235,37,133.484802246094,21.0167560577393,10.6038055419922,24.8860261271526,977.276784482462,512.50006628929,,,,977.276784482462,512.50006628929,,,9434,54.7251689860835
2021,MG,31046,Santos Dumont,100,99.3400513732464,90.0790357636831,86.2264150943396,71.1320754716981,70,74.9056603773585,70.9433962264151,73.2075471698113,70.7547169811321,84.9056603773585,71.5094339622642,,,,,,,,,,,,,,,,,,,,3064,530,6062.40478515625,1048.65356445312,6,70,138.501419067383,11.8715496063232,57,59,,,1.16736900806427,1.12779724597931,1.54478538036346,1.0392552614212,11,0,21.7645072937012,0,25.8225994110107,24.9175979885059,1134.47535268236,501.121057159205,,,,1134.47535268236,501.121057159205,,,2855,48.6583170099523
2021,MG,31064,Araçuaí,100,100,100,93.6018957345972,76.8957345971564,79.3838862559242,79.1469194312796,76.4218009478673,77.8436018957346,80.5687203791469,93.7203791469194,73.3412322274881,,,,,,,,,,,,,,,,,,,,4456,855,4975.54638671875,954.688598632812,0,178,198.753875732422,0,89,102,,,1.13892674446106,0.993769407272339,1.00605189800262,0.982603430747986,12,0,13.3991384506226,0,2.86853218078613,20.7515806732609,927.547527611058,349.594124255338,,,,927.547527611058,349.594124255338,,,9081,109.696833337055
2021,MG,31075,Uberlândia / Araguari,76.1230360459871,51.3181738026953,48.5359935175859,73.4610347085789,80.943025540275,80.9839554682384,79.5432220039293,83.7180746561886,85.9610347085789,84.0373280943026,70.3421741977734,86.8696791093648,,,,,,,,,,,,,,,,,,,,64427,7684,6904.61181640625,823.49072265625,167,1567,167.934661865234,17.8973121643066,2129,2938,,,3.14864087104797,2.28163933753967,3.90769600868225,2.5827054977417,884,171,94.7378692626953,18.3259906768799,32.3702354431152,29.3147623591032,1411.5174604236,775.274117551939,,,,1411.5174604236,775.274117551939,,,26358,28.6494698858966
2021,MG,31061,Viçosa,93.38583584088,73.4814345566322,82.5877881279065,46.1886304909561,69.609079445145,72.9508196721311,71.8789407313998,73.8335435056747,78.1210592686002,76.1034047919294,43.28165374677,69.9243379571248,,,,,,,,,,,,,,,,,,,,7651,932,5485.72802734375,668.2392578125,19,213,152.719924926758,13.6229038238525,161,226,,,1.62040853500366,1.15436184406281,1.85773384571075,1.34095978736877,86,4,61.661563873291,2.86797976493835,21.2237663269043,25.8587074731106,1252.55830521339,537.537297955702,,,,1252.55830521339,537.537297955702,,,9489,68.9867571036273
2021,MG,31082,São Gotardo,95.0225719348578,99.8607712429331,95.0225719348578,80.1925722145805,81.5680880330124,81.636863823934,82.1182943603851,78.6795048143054,90.9215955983494,79.8486932599725,13.0943672275055,83.3562585969739,,,,,,,,,,,,,,,,,,,,4823,680,5072.51708984375,715.1796875,0,139,146.191146850586,0,103,138,,,1.45139408111572,1.08328688144684,1.58207213878632,1.24446523189545,32,0,33.6555137634277,0,13.212944984436,27.1528943226508,1204.77243176336,823.402506770767,,,,1204.77243176336,823.402506770767,,,3991,41.0770395767819
2021,MG,31086,Divinópolis,84.6677033445562,53.0238163104615,62.654760863246,75.6074545883463,85.0200518990328,80.1132342533616,82.1420146260911,84.6661948572777,92.2859164897381,85.2323661240859,74.5222929936306,88.2283557442793,,,,,,,,,,,,,,,,,,,,14482,1419,4050.92041015625,396.924194335938,38,363,101.53874206543,10.6294002532959,724,832,,,2.32727932929993,2.02518057823181,2.78756022453308,2.20252370834351,477,58,133.426940917969,16.2238216400146,47.345588684082,26.3972048705757,1129.55677529255,498.707753409751,,,,1129.55677529255,498.707753409751,,,7148,18.4959594292571
2021,MG,31070,Araxá,75.7154079815649,74.5139834502985,53.7189693097308,63.3346503358356,77.2421967601738,73.0936388779139,77.4792572105887,70.2489134729356,85.0256815487949,72.1058870011853,60.2528644804425,75.8593441327538,,,,,,,,,,,,,,,,,,,,9141,1369,4742.65869140625,710.283264160156,17,332,172.252777099609,8.82017230987549,274,348,,,1.80554115772247,1.42160427570343,2.05380296707153,1.51655077934265,190,21,98.5783920288086,10.8955068588257,23.5519351959229,23.5347439906776,1346.75934548397,953.899196386543,,,,1346.75934548397,953.899196386543,,,6534,43.3817163017537
2021,MG,31002,Guaxupé,89.2713094917989,90.069704428403,80.1876710723175,82.85536159601,85.785536159601,85.1620947630923,86.4089775561097,79.2394014962593,90.5236907730673,78.8653366583541,72.2568578553616,88.216957605985,,,,,,,,,,,,,,,,,,,,9271,1704,6379.23095703125,1172.49584960938,9,198,136.24072265625,6.19275999069214,172,253,,,1.74085366725922,1.18350529670715,1.82135951519012,1.25489401817322,119,1,81.8820495605469,0.688084423542023,16.0261745452881,27.6178647728606,1125.7273920493,671.245261707037,,,,1125.7273920493,671.245261707037,,,5248,36.8118089051888
2021,MG,31087,Lagoa da Prata/Sto Ant do Monte,89.5323231389941,88.5344482429394,82.6026363608365,82.6142131979695,78.6802030456853,73.9213197969543,77.7284263959391,76.9035532994924,78.0456852791878,78.3629441624365,77.2208121827411,77.7918781725888,,,,,,,,,,,,,,,,,,,,7459,1008,5698.59130859375,770.100524902344,20,198,151.269744873047,15.2797727584839,157,180,,,1.37517952919006,1.19946217536926,1.80874311923981,1.38358342647552,34,0,25.9756126403809,0,29.4853763580322,29.1367698998842,1141.78464299576,704.755088338948,,,,1141.78464299576,704.755088338948,,,4311,38.5956208171622
2021,MG,31044,Leopoldina / Cataguases,89.9892936528209,85.8024053955642,89.9892936528209,86.4835756596661,77.9213785675821,77.2751750134626,80.7215939687668,76.6828217555197,80.7754442649435,78.8368336025848,87.5067312870221,78.6752827140549,,,,,,,,,,,,,,,,,,,,10920,2624,5914.755859375,1421.27465820312,16,294,159.243438720703,8.66630935668945,195,305,,,1.652015209198,1.05620646476746,1.552081823349,1.12499523162842,89,4,48.2063446044922,2.16657733917236,14.8226385116577,25.3922595892125,904.66202941786,474.008986136411,,,,904.66202941786,474.008986136411,,,8279,39.0061097479729
2021,MG,31027,Turmalina/Minas Novas/Capelinha,100,100,100,75.0533049040512,88.770433546553,89.4811656005686,90.547263681592,88.6993603411514,89.1257995735608,92.8216062544421,66.3113006396589,85.2878464818763,,,,,,,,,,,,,,,,,,,,8808,1617,6997.19580078125,1284.56689453125,0,152,120.750877380371,0,160,110,,,0.87385505437851,1.27106189727783,1.17195880413055,1.36222088336945,46,0,36.5430297851562,0,5.09854698181152,22.5272279400866,891.870209670449,417.540204708782,,,,891.870209670449,417.540204708782,,,11202,87.3768301305222
2021,MG,31058,Unaí,77.3916413434409,83.7676613653897,74.1319174058393,77.6907001044932,79.7544409613375,81.1650992685476,81.5830721003135,80.2769070010449,84.8746081504702,83.3333333333333,81.1128526645768,77.6384535005225,,,,,,,,,,,,,,,,,,,,14371,1696,5173.015625,610.495788574219,8,262,94.3100814819336,2.87969708442688,323,366,,,1.31746137142181,1.16267764568329,1.34778821468353,1.14323973655701,325,0,116.987693786621,0,12.9661960601807,31.5072177416536,1393.66218777796,987.715515995684,,,,1393.66218777796,987.715515995684,,,18377,80.9488637795304
2021,MG,31019,Curvelo,87.9146627204341,90.0722224903087,83.8043612304096,85.241974125539,91.9501677048395,90.656444657403,92.7168183996167,89.5064686152372,95.4000958313368,89.9377096310494,61.2362242453282,87.6377575467178,,,,,,,,,,,,,,,,,,,,11444,1212,6110.7998046875,647.176635742188,20,212,113.202507019043,10.679482460022,197,258,,,1.37765324115753,1.05192899703979,1.66146039962769,1.10092115402222,64,0,34.1743431091309,0,13.0823650360107,23.6502801384648,990.536160647458,561.658213945324,,,,990.536160647458,561.658213945324,,,12430,68.248292617808
2021,MG,31030,Formiga,98.8670302558109,96.756103103493,97.0231138813141,53.0677290836653,78.00796812749,78.406374501992,79.9203187250996,79.0438247011952,88.9243027888446,80.5577689243028,43.0645161290323,85.0996015936255,,,,,,,,,,,,,,,,,,,,7492,849,6068.75537109375,687.716674804688,28,224,181.447036743164,22.6808795928955,153,223,,,1.80637013912201,1.23934805393219,2.43839716911316,1.4497537612915,131,1,106.114120483398,0.810031414031982,19.1402320861816,27.1934332151144,1341.73030389279,706.361481894105,,,,1341.73030389279,706.361481894105,,,3906,35.1224605514694
2021,MG,31021,Itabira,95.597542268456,90.8861916058241,95.597542268456,75.7250268528464,70.4260651629073,66.5592552810598,71.0705334765485,68.1346222699606,75.187969924812,67.9914070891515,50.8055853920516,73.2545649838883,,,,,,,,,,,,,,,,,,,,13726,2344,5718.28515625,976.51611328125,22,368,153.309692382812,9.16525363922119,359,459,,,1.9122052192688,1.49560272693634,2.41379451751709,1.65120375156403,86,8,35.827808380127,3.33281946182251,37.5387954711914,20.4058865680828,1643.9858797628,900.914202270791,,,,1643.9858797628,900.914202270791,,,11799,62.3108895711911
2021,MG,31015,São João Del Rei,93.437031763508,86.5549383686951,83.8641048353049,76.394502829426,80.1535974130962,80.234438156831,82.053354890865,83.3063864187551,87.0654810024252,85.408245755861,29.5877122069523,77.4858528698464,,,,,,,,,,,,,,,,,,,,14290,2579,5892.39453125,1063.43493652344,40,495,204.110244750977,16.4937572479248,293,361,,,1.48856163024902,1.20816767215729,1.64875721931458,1.24239230155945,130,0,53.6047096252441,0,17.5567798614502,21.5713709344433,1080.68787181437,491.584390798293,,,,1080.68787181437,491.584390798293,,,11407,41.353325141434
2021,MG,31023,João Monlevade,84.4396946128331,62.8509950817797,69.0473807617523,75.9794476557482,78.0346820809249,76.5574823378292,77.8420038535645,77.0712909441233,86.897880539499,77.6493256262042,24.9197174052665,79.1907514450867,,,,,,,,,,,,,,,,,,,,8190,1444,5836.78369140625,1029.09838867188,8,208,148.235778808594,5.70137596130371,133,134,,,0.954980492591858,0.947853803634644,2.13142395019531,1.01716113090515,57,2,40.6223068237305,1.42534399032593,27.4043769836426,24.7720874577411,1080.5057463013,592.828876585796,,,,1080.5057463013,592.828876585796,,,6628,53.7248159524505
2021,MG,31097,Juiz de Fora,72.6323300984823,46.7086095781177,56.6569339103809,62.9491768074445,46.2712352433055,45.4218255110855,47.8404837316441,45.6809674632882,51.8110236220472,45.9257126403686,63.1209735146743,46.4853256979241,,,,,,,,,,,,,,,,,,,,35250,4741,5588.29248046875,751.605529785156,168,1801,285.518157958984,26.63356590271,1315,2958,,,4.6894097328186,2.08471059799194,4.79832220077515,2.35314679145813,1073,166,170.106048583984,26.3164978027344,35.6431617736816,28.2340892294614,1431.03466688858,563.259568297891,,,,1431.03466688858,563.259568297891,,,20808,38.3152209238359
2021,MG,31016,Belo Horizonte/ Nova Lima/ Caeté ,93.3549281929594,55.9203508459769,73.5961275098191,85.8853509488112,70.0512135381875,67.4930107127836,69.2372399119226,67.9284494915757,81.3750958707539,68.3045102550781,81.9738241915931,76.795566441525,,,,,,,,,,,,,,,,,,,,186452,27398,5412.75537109375,795.371887207031,869,7056,204.83772277832,25.2273216247559,8660,18466,,,5.36073350906372,2.51402306556702,5.4482159614563,2.70550680160522,4807,765,139.548599243164,22.2081718444824,42.8721656799316,22.8941425910146,1783.53474899582,618.495629061185,,,,1783.53474899582,618.495629061185,,,120504,41.0189585209416
2021,MG,31085,Taiobeiras,100,100,100,42.9590017825312,87.3440285204991,92.156862745098,90.3743315508021,92.4539512774807,97.6232917409388,96.1972667855021,38.6215092097445,92.3351158645276,,,,,,,,,,,,,,,,,,,,8988,1563,6387.92333984375,1110.85046386719,18,212,150.671981811523,12.7929039001465,163,98,,,0.696502566337585,1.15846860408783,0.926419496536255,1.16628646850586,7,0,4.97501850128174,0,1.13927924633026,20.326695977615,1030.52145312152,356.441874493026,,,,1030.52145312152,356.441874493026,,,16072,127.695294343404
2021,MG,31017,Betim,84.8800828548035,71.7130555962238,77.1653137691886,83.3506655574043,84.130615640599,82.3107321131448,85.5345257903494,84.5049916805324,87.8223793677205,85.7529118136439,79.7732945091514,82.5395174708819,,,,,,,,,,,,,,,,,,,,36976,4862,4951.5703125,651.08544921875,46,715,95.7478561401367,6.1600022315979,1058,1627,,,2.17876601219177,1.4168004989624,2.98264622688293,1.49996054172516,284,53,38.0313186645508,7.09739351272583,30.4038944244385,27.0768817992315,1363.92723496141,835.42681875418,,,,1363.92723496141,835.42681875418,,,44572,75.9915634754731
2021,MG,31047,São João Nepomuceno / bicas,81.7017969623429,91.3805797180487,77.1616720748234,69.1266912669127,85.3628536285363,84.1328413284133,88.5608856088561,84.8708487084871,87.9458794587946,84.6248462484625,64.4526445264453,76.5067650676507,,,,,,,,,,,,,,,,,,,,5290,1068,7187.3046875,1451.04748535156,0,110,149.452453613281,0,78,99,,,1.34507215023041,1.05975377559662,1.14263200759888,1.1453492641449,20,0,27.1731739044189,0,17.2291507720947,25.1233940190302,1007.92395506356,675.292507491687,,,,1007.92395506356,675.292507491687,,,3717,63.660797260944
2021,MG,31011,Três Pontas,85.5012559219103,67.5368032812947,66.6473244093987,92.0724094881398,91.3857677902622,91.3857677902622,92.1348314606742,88.5767790262172,94.5068664169788,88.3270911360799,88.0774032459426,89.3882646691635,,,,,,,,,,,,,,,,,,,,8068,1135,6398.50244140625,900.136413574219,10,186,147.511337280273,7.93071746826172,134,180,,,1.42752909660339,1.06271612644196,1.72156047821045,1.15094530582428,71,0,56.3080940246582,0,21.1028461456299,26.4271608894475,1143.26236847347,551.171975746373,,,,1143.26236847347,551.171975746373,,,5976,50.5194937030105
2021,MG,31083,Bocaiúva,100,100,100,8.1025641025641,54.2564102564103,53.4358974358974,55.2820512820513,55.4871794871795,55.7948717948718,62.1538461538462,8.71794871794872,53.9487179487179,,,,,,,,,,,,,,,,,,,,4478,612,5665.916015625,774.350280761719,0,70,88.5694732666016,0,87,74,,,0.93630588054657,1.10079205036163,0.915745139122009,1.15171945095062,0,0,0,0,5.73930215835571,23.0090179981085,962.518012378675,486.088585403905,,,,962.518012378675,486.088585403905,,,9608,167.536035124124
2021,MG,31028,Bom Despacho,99.0294139438394,98.5385641253612,99.0294139438394,74.3787489288775,96.6580976863753,94.8586118251928,97.4293059125964,93.573264781491,100,95.8868894601542,73.350471293916,90.745501285347,,,,,,,,,,,,,,,,,,,,7838,1219,7227.56005859375,1124.06176757812,0,182,167.825454711914,0,140,172,,,1.58604288101196,1.29096508026123,1.73542594909668,1.39862239360809,34,0,31.3520088195801,0,19.8393669128418,22.8944929258936,1212.74987031231,593.234174194569,,,,1212.74987031231,593.234174194569,,,4237,42.9921619976763
2021,MG,31034,Caratinga,100,86.5976502405613,95.1971034658462,73.6800630417652,81.2056737588652,80.8510638297872,81.7572892040977,80.575256107171,84.5547675334909,80.7722616233254,82.387706855792,76.6745468873128,,,,,,,,,,,,,,,,,,,,10301,1275,5028.41015625,622.388427734375,26,285,139.122116088867,12.6918420791626,228,282,,,1.3765766620636,1.11297690868378,1.2518550157547,1.2182948589325,148,12,72.2458724975586,5.8577733039856,9.73464298248291,23.4942651833661,1083.53190474317,450.496940252995,,,,1083.53190474317,450.496940252995,,,18115,93.0082008825712
2021,MG,31007,Pouso Alegre,90.4064133063824,82.4414422713914,81.7700176481533,54.7487745098039,80.073405719529,79.9204771371769,82.3367487383392,78.3147270224805,79.9204771371769,78.3758984554213,42.0400672885762,77.5806698271907,,,,,,,,,,,,,,,,,,,,26547,4175,4755.822265625,747.939819335938,52,603,108.02579498291,9.31565761566162,699,1177,,,2.10856318473816,1.25223934650421,2.33330345153809,1.25214982032776,294,29,52.6692924499512,5.19527053833008,24.9872798919678,22.4537620987778,1312.98970248952,790.744414080365,,,,1312.98970248952,790.744414080365,,,18979,32.7879899677535
2021,MG,31053,Januária,97.6535388760519,100,95.0956234066318,87.4079035498995,65.0368385800402,65.5726724715338,65.6396517079705,67.113194909578,66.7782987273945,68.3188211654387,87.4079035498995,59.1426657736102,,,,,,,,,,,,,,,,,,,,5213,918,4429.884765625,780.094848632812,0,90,76.4798889160156,0,116,88,,,0.747803330421448,0.985740721225739,0.904162228107452,1.03863930702209,4,0,3.3991060256958,0,3.7109739780426,20.5265298351983,816.680436110683,301.245431404761,,,,816.680436110683,301.245431404761,,,14267,210.766481415388
2021,MG,31051,Francisco Sá,100,100,100,36.682808716707,77.1186440677966,79.2978208232445,79.6610169491525,83.8983050847458,80.3874092009685,82.3244552058111,36.319612590799,72.2760290556901,,,,,,,,,,,,,,,,,,,,4540,887,6057.2099609375,1183.42407226562,0,121,161.436645507812,0,92,65,,,0.867221713066101,1.22745227813721,0.95994770526886,1.26380884647369,0,0,0,0,3.34747576713562,20.1661341884718,973.112068076882,422.952494362719,,,,973.112068076882,422.952494362719,,,9408,165.253749066069
2021,MG,31048,Ubá,88.4695391894478,81.6409963573156,84.0722763796549,68.4730454417161,77.9847586790855,80.1016088060965,79.9604854642958,79.7629127857748,90.1778154106689,81.5692915608242,85.2102737792831,82.5571549534293,,,,,,,,,,,,,,,,,,,,21669,4719,6757.814453125,1471.69348144531,44,508,158.427703857422,13.7220840454102,346,466,,,1.45329344272614,1.0790548324585,1.55800235271454,1.17518734931946,165,3,51.4578170776367,0.935596644878387,20.2257289886475,24.0169947743714,824.508776739002,503.616848531348,,,,824.508776739002,503.616848531348,,,15781,41.9021615401168
2021,MG,31077,João Pinheiro,100,100,87.481439485975,71.3455953533398,87.2216844143272,83.8334946757018,89.8354307841239,85.6727976766699,89.2545982575024,88.5769603097773,11.0358180058083,84.7047434656341,,,,,,,,,,,,,,,,,,,,3700,329,4958.3896484375,440.894653320312,0,65,87.1068496704102,0,75,86,,,1.15249061584473,1.0050790309906,1.50594341754913,0.946784436702728,17,0,22.7817897796631,0,11.8143682479858,35.1580653512747,1360.2430525557,884.216101166998,,,,1360.2430525557,884.216101166998,,,5684,97.1452942201257
2021,MG,31049,Brasília de Minas/São Francisco,100,100,99.4561699373126,80.5991440798859,82.9529243937233,82.7032810271041,84.9500713266762,80.7417974322397,85.1640513552069,83.737517831669,79.3509272467903,79.243937232525,,,,,,,,,,,,,,,,,,,,12980,2194,5507.35107421875,930.903564453125,10,275,116.681159973145,4.24295139312744,244,167,,,0.708572864532471,1.03528010845184,0.936419367790222,1.1116532087326,33,0,14.0017395019531,0,1.27797698974609,22.6773755378439,928.126944828029,372.773008614609,,,,928.126944828029,372.773008614609,,,30885,162.349742240703
2021,MG,31003,Itajubá,89.5036405525474,82.4257064810584,82.0490137942432,85.8466722830666,83.3192923336142,82.9401853411963,85.0463352990733,81.8028643639427,84.5829823083403,82.8138163437237,86.0572872788543,80.8340353833193,,,,,,,,,,,,,,,,,,,,11641,2199,5643.27294921875,1066.02160644531,33,392,190.032043457031,15.9975957870483,324,557,,,2.70020031929016,1.5706729888916,2.61378908157349,1.61478757858276,122,7,59.1426277160645,3.39342927932739,20.3125839233398,23.368423036734,1302.5066901429,546.347446288967,,,,1302.5066901429,546.347446288967,,,9160,49.324455475783
2021,MG,31055,Pirapora,99.0244761640235,96.4074979845948,97.7691666723121,100,82.1428571428571,85.1098901098901,83.7362637362637,83.6813186813187,86.1538461538462,86.978021978022,97.967032967033,81.2087912087912,,,,,,,,,,,,,,,,,,,,8080,1097,5451.61376953125,740.151000976562,18,205,138.314453125,12.1446838378906,164,129,,,0.870369017124176,1.10651564598083,1.3866868019104,1.21075749397278,118,0,79.6151504516602,0,9.74543380737305,22.3276232218562,1179.23306406515,492.877740678001,,,,1179.23306406515,492.877740678001,,,14349,94.926308758341
2021,MG,31073,Ituiutaba,82.2137147750907,76.2423025162106,68.4500020390686,82.2374877330716,77.7723258096173,76.0549558390579,78.8027477919529,76.2512266928361,74.8773307163886,76.8891069676153,74.8773307163886,70.5593719332679,,,,,,,,,,,,,,,,,,,,11265,1838,5720.39404296875,933.340759277344,10,283,143.708068847656,5.07802391052246,165,293,,,1.48786103725433,0.837873935699463,1.8952454328537,1.0671466588974,106,16,53.8270530700684,8.12483787536621,17.4699249267578,24.2092106553723,1237.1618467318,756.485514195196,,,,1237.1618467318,756.485514195196,,,7268,29.6955369248503
2021,MG,31042,Carangola,99.2463071375955,100,99.2463071375955,72.4547511312217,72.1719457013575,74.6606334841629,76.3574660633484,73.5294117647059,74.60407239819,75.2262443438914,63.5746606334842,71.210407239819,,,,,,,,,,,,,,,,,,,,9031,1781,6989.07275390625,1378.31225585938,35,341,263.899200439453,27.0864295959473,154,183,,,1.41623330116272,1.19180285930634,1.49729907512665,1.21385896205902,87,2,67.3291244506836,1.54779589176178,5.25244569778442,24.0136913476838,846.779625885753,501.649208960094,,,,846.779625885753,501.649208960094,,,12437,73.985156636949
2021,MG,31010,Três Corações,88.2076912190798,80.6475640003873,81.5041301384658,60.5150214592275,76.3335377069283,72.2869405272839,76.9466584917229,73.1453096259963,80.8093194359289,73.1453096259963,20.8461066830166,75.4138565297364,,,,,,,,,,,,,,,,,,,,8107,1236,6006.0302734375,915.684448242188,15,226,167.430969238281,11.1126747131348,151,189,,,1.40019702911377,1.11867594718933,1.6667160987854,1.16257107257843,74,9,54.8225288391113,6.66760492324829,17.6810073852539,28.357562943937,1059.26123028179,583.324185804383,,,,1059.26123028179,583.324185804383,,,5889,41.8801090523852
2021,MG,31096,Itambacuri,100,100,100,94.2271880819367,94.5996275605214,89.5716945996276,97.951582867784,90.6890130353817,97.3929236499069,90.8752327746741,100,87.1508379888268,,,,,,,,,,,,,,,,,,,,3722,687,8370.81640625,1545.07019042969,0,81,182.169845581055,0,54,40,,,0.899604201316833,1.21446561813354,1.08346080780029,1.60241997241974,4,0,8.9960412979126,0,4.48002862930298,21.7788613356886,1006.793053634,543.273061494924,,,,1006.793053634,543.273061494924,,,6105,170.084697732997
2021,MG,31080,Peçanha/São João Evangelista,99.935971758354,100,99.935971758354,52.875175315568,84.0112201963534,80.2244039270687,85.8345021037868,81.7671809256662,89.7615708274895,82.1879382889201,24.2636746143057,87.6577840112202,,,,,,,,,,,,,,,,,,,,3796,912,6575.55126953125,1579.79528808594,0,94,162.829772949219,0,57,36,,,0.623603403568268,0.987372040748596,1.02418196201324,1.04410266876221,30,10,51.9669494628906,17.3223171234131,5.00614929199219,20.8503721312436,890.4576309921,499.860480578077,,,,890.4576309921,499.860480578077,,,6496,136.62618441338
2021,MG,31091,Cassia,99.6324110671937,74.300395256917,91.8458498023715,88.539741219963,92.4214417744917,92.0517560073937,93.9001848428835,88.539741219963,100,88.1700554528651,67.953667953668,99.630314232902,,,,,,,,,,,,,,,,,,,,3706,524,7302.7509765625,1032.55297851562,0,65,128.083862304688,0,61,88,,,1.73405849933624,1.20201778411865,1.25719237327576,1.23157560825348,17,0,33.4988555908203,0,10.6861352920532,31.2186938635007,1426.33312736644,1007.02608880959,,,,1426.33312736644,1007.02608880959,,,2285,49.4206274138882
2021,MG,31093,Piumhi,97.4910718906889,99.9508307023446,96.9502096164795,74.025974025974,82.7387802071346,78.3659378596087,82.2784810126582,77.1001150747986,95.8573072497123,77.3302646720368,53.6009445100354,84.3498273878021,,,,,,,,,,,,,,,,,,,,6112,981,7876.69482421875,1264.24047851562,10,136,175.26676940918,12.8872623443604,111,110,,,1.41759884357452,1.4304860830307,2.00235843658447,1.48396825790405,30,0,38.6617851257324,0,8.96309089660645,25.727161447915,1221.70110864226,796.241383463922,,,,1221.70110864226,796.241383463922,,,3060,42.9697535955462
2021,MG,31067,Padre Paraíso,95.2443564356436,100,95.2443564356436,87.4074074074074,90.8641975308642,90.1234567901235,93.3333333333333,89.2592592592593,91.9753086419753,88.7654320987654,82.4691358024691,91.9753086419753,,,,,,,,,,,,,,,,,,,,3656,948,5772.57080078125,1496.82629394531,0,111,175.261306762695,0,43,32,,,0.505257844924927,0.678940236568451,0.603941023349762,0.84788578748703,0,0,0,0,2.02734708786011,21.5765675295046,764.415892385948,366.007584803688,,,,764.415892385948,366.007584803688,,,9578,252.133924906054
2021,MG,31079,Conselheiro Lafaiete,74.5041766205448,82.3603918487759,71.2975581600423,66.5776591010236,76.0706401766004,75.8940397350993,77.2185430463576,77.5275938189845,84.0176600441501,78.6754966887417,60.0441501103753,78.9403973509934,,,,,,,,,,,,,,,,,,,,8945,1660,4759.0419921875,883.176025390625,9,260,138.32878112793,4.7883038520813,216,321,,,1.70782840251923,1.14919292926788,2.04926109313965,1.22434270381927,72,1,38.3064308166504,0.532033741474152,27.9440078735352,29.5715584301121,883.963425834443,594.64374285837,,,,883.963425834443,594.64374285837,,,7420,39.8696251290182
2021,MG,31026,Diamantina,100,100,100,28.0254777070064,78.4507862550961,77.3442050087362,79.6156086196855,79.2079207920792,80.7804309842749,81.654047757717,25.8792302587923,71.6948165404776,,,,,,,,,,,,,,,,,,,,11141,1895,7796.251953125,1326.08361816406,40,447,312.801788330078,27.9912109375,244,226,,,1.58150339126587,1.70746386051178,2.0032958984375,1.75714826583862,47,0,32.8896713256836,0,7.9802942276001,22.5474615388852,1485.3859614467,481.127371021164,,,,1485.3859614467,481.127371021164,,,12950,94.4681040153392
2021,MG,31066,Nanuque,100,100,96.010403808852,80.9284818067754,82.9360100376412,84.5671267252196,83.4378920953576,80.3011292346299,75.0313676286073,80.9284818067754,71.3927227101631,71.3927227101631,,,,,,,,,,,,,,,,,,,,4757,1007,7013.7412109375,1484.72521972656,0,96,141.542816162109,0,64,74,,,1.09105920791626,0.943618774414062,1.03024005889893,1.17362582683563,45,0,66.3481979370117,0,9.60574436187744,24.5309714951565,779.518874293413,433.192656767126,,,,779.518874293413,433.192656767126,,,6079,94.4142633875914
2021,MG,31020,Guanhães,100,100,100,51.3416815742397,69.6779964221825,70.3935599284437,71.3774597495528,69.5885509838998,75.8497316636851,69.4096601073345,67.4418604651163,69.2307692307692,,,,,,,,,,,,,,,,,,,,7902,1929,8456.5830078125,2064.38208007812,0,254,271.826385498047,0,91,92,,,0.984567940235138,0.973866164684296,1.32970190048218,1.15847265720367,15,0,16.0527381896973,0,8.9948844909668,22.9389976406032,1087.36316183972,540.990957335997,,,,1087.36316183972,540.990957335997,,,7554,88.3451338798399
2021,MG,31088,Oliveira/Santo Antônio do Amparo,99.5852968897267,100,99.5852968897267,45.6124314442413,83.1809872029251,86.1060329067642,85.6489945155393,88.7568555758684,98.9945155393053,91.9561243144424,44.3327239488117,89.853747714808,,,,,,,,,,,,,,,,,,,,6165,989,5787.15673828125,928.385681152344,18,243,228.106903076172,16.8968067169189,134,148,,,1.38929307460785,1.25787341594696,1.70329213142395,1.43059635162354,47,12,44.119441986084,11.2645387649536,17.9922828674316,26.1545652156625,1169.14411579306,553.887549359229,,,,1169.14411579306,553.887549359229,,,5060,48.1532352692694
2021,MG,31071,Frutal / Iturama,69.8446166083707,80.468656358624,60.1892713543199,51.7961165048544,54.126213592233,51.7961165048544,56.1650485436893,52.8640776699029,58.7864077669903,54.9029126213592,44.4660194174757,56.747572815534,,,,,,,,,,,,,,,,,,,,7470,1168,4029.84350585938,630.101379394531,0,151,81.4600219726562,0,204,255,,,1.37564933300018,1.10051953792572,1.30754125118256,1.08123350143433,60,0,32.368221282959,0,26.9298210144043,28.6761136332272,1391.51864687068,1042.77535521021,,,,1391.51864687068,1042.77535521021,,,7764,46.7305399558713
2021,MG,31004,Lavras,72.4375881409394,64.4308921208729,65.5558665532721,79.3269230769231,69.2307692307692,70.8041958041958,70.8479020979021,69.2307692307692,75.9615384615385,70.5856643356643,84.9213286713287,71.5909090909091,,,,,,,,,,,,,,,,,,,,9132,1538,4885.0419921875,822.732666015625,33,295,157.806335449219,17.6529121398926,198,333,,,1.78133928775787,1.05917465686798,2.49146771430969,1.05048203468323,107,3,57.2382278442383,1.60481011867523,21.0984382629395,27.9927499448852,1148.31449291929,636.132114244851,,,,1148.31449291929,636.132114244851,,,7281,37.8492441344189
2021,MG,31052,Janaúba/Monte Azul,100,98.5070670745249,100,81.916621548457,78.8034650785057,81.7271250676773,83.0536004331348,83.3513806172171,82.6475365457499,87.8992961559285,81.1586356253384,79.7238765565782,,,,,,,,,,,,,,,,,,,,15706,2914,5610.5078125,1040.94104003906,20,359,128.242218017578,7.14441347122192,336,306,,,1.09309530258179,1.2002614736557,1.21401453018188,1.28152918815613,39,0,13.9316062927246,0,4.70138120651245,20.7005132628992,1055.72900910221,366.895740892404,,,,1055.72900910221,366.895740892404,,,32481,127.122841047514
2021,MG,31038,Mantena,100,100,100,62.4544349939247,87.7278250303767,92.7095990279465,92.3450789793439,90.7654921020656,82.5030376670717,91.494532199271,61.9684082624544,79.8298906439854,,,,,,,,,,,,,,,,,,,,4651,1153,6629.322265625,1643.43334960938,0,168,239.459503173828,0,93,78,,,1.11177623271942,1.32557940483093,1.17948055267334,1.4442400932312,16,0,22.8056678771973,0,5.29091501235962,21.5988098799607,1131.15313989519,485.941344261827,,,,1131.15313989519,485.941344261827,,,6873,103.567590296189
2021,MG,31084,Montes Claros ,100,100,100,100,75.2408625172045,74.078605291329,75.8219911301422,73.5739409695672,73.1151552225111,74.3538767395626,100,74.3232910230922,,,,,,,,,,,,,,,,,,,,25753,3844,5702.7392578125,851.214599609375,113,925,204.831817626953,25.0226974487305,739,1433,,,3.17323231697083,1.63644015789032,3.33100819587708,1.69661641120911,311,2,68.8677749633789,0.442879617214203,21.1576881408691,21.2649452395309,1346.56961082403,294.508507624953,,,,1346.56961082403,294.508507624953,,,20011,36.0596913129166
2021,MG,31065,Itaobim,100,100,100,55.8918918918919,68.3243243243243,75.5675675675676,72.2162162162162,74.054054054054,76.3243243243243,77.8378378378378,52.3243243243243,70.5945945945946,,,,,,,,,,,,,,,,,,,,5439,933,6752.41162109375,1158.30114746094,0,120,148.977645874023,0,85,64,,,0.794547438621521,1.05525827407837,0.998460590839386,1.12850558757782,10,0,12.4148035049438,0,3.32095980644226,19.1998075689672,1035.51046654625,350.914924531103,,,,1035.51046654625,350.914924531103,,,9999,176.967013867335
2021,MG,31032,Pará de Minas,89.3836390710148,84.6541253147682,85.5881000085757,80.0951847704367,86.3101903695409,85.6942889137738,86.9540873460246,86.2262038073908,91.7413213885778,89.3337066069429,74.2721164613662,85.2463605823068,,,,,,,,,,,,,,,,,,,,13810,1357,5300.89599609375,520.877319335938,10,194,74.4658813476562,3.8384473323822,315,283,,,1.08628058433533,1.2091109752655,1.78756499290466,1.43625104427338,147,10,56.425178527832,3.8384473323822,24.9357051849365,29.3606669695211,1110.58521765142,602.091944104374,,,,1110.58521765142,602.091944104374,,,6396,24.8543194048871
2021,MG,31025,Vespasiano,96.8180250948176,67.1143957905467,67.4957650621374,55.0069541029207,66.5044042651831,63.5373203523412,67.4779786740844,66.5507649513213,71.9749652294854,65.9944367176634,49.8145572554474,65.6235512285582,,,,,,,,,,,,,,,,,,,,18726,2426,5541.84326171875,717.959655761719,0,199,58.8928146362305,0,314,393,,,1.16305911540985,0.929263532161713,2.08906722068787,1.07893705368042,66,0,19.5322895050049,0,23.9619770050049,27.3362613318053,905.015125913002,612.557139730758,,,,905.015125913002,612.557139730758,,,14328,57.1443465856964
2021,MG,31078,Congonhas,95.7545266854932,94.1155066169898,95.7545266854932,80.089342693044,91.3209955328654,89.5341416719847,93.107849393746,91.576260370134,90.2999361837907,93.1716656030632,78.0472239948947,86.2795149968092,,,,,,,,,,,,,,,,,,,,7210,1292,5661.78515625,1014.56671142578,0,171,134.280883789062,0,214,260,,,2.04169774055481,1.68047428131104,3.15088939666748,1.82673048973083,108,10,84.8089828491211,7.85268354415894,32.7237014770508,23.8177035029035,1842.66711429778,1180.23024303923,,,,1842.66711429778,1180.23024303923,,,4562,36.2352114335074
2021,MG,31018,Contagem,87.7218588718111,55.5234224405465,77.885960102429,74.5185053696636,73.3558178752108,70.8529333451673,74.9179018372238,73.6132067098606,80.7668412177155,74.1812372415017,71.536345078548,74.1102334250466,,,,,,,,,,,,,,,,,,,,40498,4849,4540.49609375,543.653137207031,77,647,72.5394058227539,8.63297462463379,914,985,,,1.10434794425964,1.02474522590637,2.098149061203,1.36740148067474,245,17,27.4685535430908,1.90598130226135,37.129077911377,28.1333409910084,1042.32587684233,655.678010027246,,,,1042.32587684233,655.678010027246,,,38103,45.8087314124779
2021,MG,31050,Coração de Jesus,100,100,100,72.3658051689861,91.4512922465209,93.0417495029821,96.2226640159046,90.2584493041749,95.2286282306163,100,71.7693836978131,97.4155069582505,,,,,,,,,,,,,,,,,,,,2479,361,5217.40966796875,759.776062011719,0,35,73.6624984741211,0,59,66,,,1.3890643119812,1.24173927307129,1.59952855110168,1.31750643253326,0,0,0,0,1.46904075145721,18.1046025652664,1026.44322205638,401.34660198869,,,,1026.44322205638,401.34660198869,,,7287,182.739192659006
2021,MG,31012,Varginha,76.9999802714647,55.1136363636364,62.2035787563131,84.1796875,77.9296875,80.5078125,81.09375,80.2734375,80.4296875,79.7265625,73.0078125,80.0390625,,,,,,,,,,,,,,,,,,,,12142,2034,5947.76220703125,996.355529785156,44,379,185.653259277344,21.5534133911133,268,461,,,2.25820994377136,1.3127988576889,2.9971489906311,1.64063107967377,201,12,98.4599075317383,5.87820339202881,27.7823505401611,22.3811013633022,1431.16167150997,595.921426910868,,,,1431.16167150997,595.921426910868,,,5366,29.6460488674661
2021,MG,31057,Patos de Minas,91.1802310451341,91.3028064101259,88.0208038681014,63.5496183206107,77.3854961832061,76.1132315521628,76.8447837150127,74.618320610687,82.7290076335878,74.8091603053435,7.48369378647442,79.8346055979644,,,,,,,,,,,,,,,,,,,,10733,1205,4025.005859375,451.889678955078,111,507,190.13117980957,41.6263542175293,433,563,,,2.11131858825684,1.62380278110504,2.95622110366821,1.76799499988556,321,42,120.378913879395,15.7505121231079,23.7566471099854,25.3443407718413,1406.48798712287,707.117371911613,,,,1406.48798712287,707.117371911613,,,9411,39.5998619955149
2021,MG,31098,salinas,100,100,100,5.79896907216495,67.3969072164948,65.7216494845361,68.4278350515464,65.4639175257732,65.4639175257732,68.5567010309278,4.38144329896907,66.8814432989691,,,,,,,,,,,,,,,,,,,,5320,1003,7755.8935546875,1462.24829101562,0,109,158.908340454102,0,80,51,,,0.743516087532043,1.16629981994629,1.45714581012726,1.29605066776276,36,0,52.4834899902344,0,4.94511079788208,20.9025234940959,1152.17901979333,410.247003492941,,,,1152.17901979333,410.247003492941,,,7500,135.126222792413
2021,MG,31022,Ouro Preto,100,76.954942323625,87.2357827204555,58.5751978891821,78.1442392260334,75.7255936675462,79.9912049252419,77.3966578715919,84.5646437994723,75.7695690413369,55.6288478452067,81.8381706244503,,,,,,,,,,,,,,,,,,,,10594,1717,5586.07958984375,905.351989746094,10,234,123.385185241699,5.27287101745605,197,343,,,1.80859482288361,1.0387556552887,2.57500672340393,1.11349856853485,79,10,41.6556816101074,5.27287101745605,39.3962554931641,27.3236590115047,1837.46771436216,1251.37235118793,,,,1837.46771436216,1251.37235118793,,,9135,65.9775006591089
2021,MG,31031,Itaúna,85.2743892677617,82.412832580924,82.8730829571287,81.8308874912648,79.3151642208246,78.5464709993012,81.8308874912648,77.6380153738644,81.1320754716981,79.2452830188679,74.9825296995108,75.8909853249476,,,,,,,,,,,,,,,,,,,,6313,1051,5022.07568359375,836.08447265625,10,156,124.100074768066,7.95513296127319,170,195,,,1.55125093460083,1.35237264633179,1.79865562915802,1.46931314468384,45,0,35.7980995178223,0,27.6178359985352,25.9584077483944,1277.9422026634,692.949694184182,,,,1277.9422026634,692.949694184182,,,3924,32.5662702358697
2021,MG,31009,São Sebastião do Paraíso,99.0179786661602,97.1552242585383,89.249200772323,67.9398872886663,70.5698184095179,73.4502191609267,71.2586098935504,74.0137758296807,82.1540388227927,79.2110206637445,6.41110376734964,78.2717595491547,,,,,,,,,,,,,,,,,,,,9710,1272,7660.9912109375,1003.58197021484,30,227,179.098358154297,23.6693859100342,264,248,,,1.95666921138763,2.08290600776672,2.45017600059509,2.22137188911438,69,6,54.4395866394043,4.73387718200684,16.9764728546143,32.2074628289625,1540.64185526504,728.762480751218,,,,1540.64185526504,728.762480751218,,,4470,41.2948258722169
2021,MG,31076,Manga,100,100,100,95.3405017921147,89.7252090800478,86.9772998805257,91.2783751493429,90.8004778972521,85.4241338112306,90.5615292712067,92.7120669056153,78.9725209080048,,,,,,,,,,,,,,,,,,,,4229,964,7478.47021484375,1704.71630859375,0,64,113.17618560791,0,67,38,,,0.671983599662781,1.18481314182281,0.919556498527527,1.28649485111237,4,0,7.07351160049438,0,1.05041646957397,18.251247879964,907.126189949042,361.885922333509,,,,907.126189949042,361.885922333509,,,8202,260.551893048507
2021,MS,50004,Três Lagoas,92.4622835052266,96.0999539447057,84.8296651919668,67.8554778554779,72.5641025641026,73.2167832167832,75.5477855477856,74.2191142191142,70.3962703962704,74.3356643356643,62.2843822843823,69.1142191142191,,,,,,,,,,,,,,,,,,,,16039,2484,5539.552734375,857.924377441406,10,407,140.569732666016,3.45380187034607,470,579,,,1.999751329422,1.62328696250916,1.75004148483276,1.78483855724335,281,24,97.0518341064453,8.28912448883057,25.7957553863525,24.8509544771436,1831.86638008236,1077.04233499513,,,,1831.86638008236,1077.04233499513,,,11693,43.5243942031388
2021,MS,50001,Campo Grande,81.4400823194092,92.4281233698402,72.9380796213932,42.2199392149309,74.6714609819785,75.7673044818287,77.9547108428578,74.4060613843586,79.1233252001199,74.6372158726082,38.3588031334275,69.0311789681348,,,,,,,,,,,,,,,,,,,,94965,11940,6109.22314453125,768.115844726562,203,2513,161.664581298828,13.0592565536499,2733,3999,,,2.57260918617249,1.75817477703094,3.04599118232727,2.01254081726074,1214,222,78.0982131958008,14.281551361084,22.1058673858643,26.0795705857235,1675.65058665949,773.706597157851,,,,1675.65058665949,773.706597157851,,,67082,45.9162998173634
2021,MS,50003,Dourados,80.1000224809295,86.1003120258848,74.7845185255806,86.1920172599784,78.252427184466,77.9288025889968,81.3951815893563,77.2815533980583,78.324343761237,77.2024451636102,84.9190938511327,69.0902553038475,,,,,,,,,,,,,,,,,,,,53219,9045,6199.14013671875,1053.59411621094,76,1288,150.030868530273,8.85275268554688,1305,1337,,,1.55738568305969,1.5201108455658,1.74541926383972,1.65642583370209,551,55,64.1824569702148,6.40659761428833,20.4802627563477,24.110162852598,1288.87955240945,709.253645896412,,,,1288.87955240945,709.253645896412,,,46657,69.8546063436965
2021,MS,50002,Corumbá,78.4466691713261,95.7295557176217,78.4466691713261,84.4787283777466,58.9995324918186,64.1888733052828,64.5628798503974,59.7475455820477,57.5970079476391,59.6540439457691,8.3216456287985,51.9401589527817,,,,,,,,,,,,,,,,,,,,8169,1219,5975.46630859375,891.674987792969,7,162,118.499877929688,5.12036514282227,158,206,,,1.50685036182404,1.15573954582214,1.39145922660828,1.25832974910736,96,3,70.2221527099609,2.19444227218628,16.0018730163574,23.7333331753699,1490.15859445261,784.685564608284,,,,1490.15859445261,784.685564608284,,,8394,61.1053112816274
2021,MT,51002,Baixada Cuiabana,68.3371555247906,52.1867870158571,51.2770106704343,72.1325250585199,71.2802352799952,70.7580577396315,74.9474821439289,68.47128023528,75.0495168357241,68.6513414560951,66.2685313006422,64.4199027669408,,,,,,,,,,,,,,,,,,,,44284,3745,4306.2236328125,364.167816162109,218,2158,209.846237182617,21.1985549926758,2244,2967,,,2.88514280319214,2.18208980560303,3.02555894851685,2.56033325195312,1081,328,105.117607116699,31.8950729370117,27.9337635040283,29.1195099711752,1503.05857892389,705.556027130707,,,,1503.05857892389,705.556027130707,,,53091,44.4666414488142
2021,MT,51006,Médio Araguaia,94.1228009040313,100,91.1359133404355,80.6133056133056,74.4802494802495,72.6611226611227,78.950103950104,71.2058212058212,79.6777546777547,70.4261954261954,70.010395010395,69.2827442827443,,,,,,,,,,,,,,,,,,,,7520,1057,7366.19384765625,1035.38122558594,0,248,242.927673339844,0,158,124,,,1.2146383523941,1.54768431186676,1.35422384738922,1.64808797836304,60,10,58.7728233337402,9.79547023773193,8.74833488464355,25.3778327217259,1817.81896194893,1180.20374314007,,,,1817.81896194893,1180.20374314007,,,5166,87.5994044353891
2021,MT,51001,Alto Tapajós,85.5237604351708,88.9081152723959,85.5237604351708,65.8448586891161,84.0649428743235,85.9891761876127,88.1539386650631,87.3120865904991,88.0336740829826,87.3722188815394,58.5688514732411,76.7889356584486,,,,,,,,,,,,,,,,,,,,6685,823,6113.50927734375,752.642944335938,0,248,226.798843383789,0,145,144,,,1.31689655780792,1.32604157924652,1.26385486125946,1.42023634910583,126,10,115.228446960449,9.14511489868164,4.54695081710815,22.3388651092966,1253.23099063117,599.196689957465,,,,1253.23099063117,599.196689957465,,,5413,55.131552474668
2021,MT,51013,Sul Matogrossense,88.5251376427501,97.5887564856741,84.7685306974583,87.769046805603,75.5722582849334,75.8000227764492,79.2392665983373,74.3878829290514,78.9203963102152,75.7430816535702,84.751167293019,67.7371597767908,,,,,,,,,,,,,,,,,,,,36608,4690,6740.15380859375,863.508544921875,64,1047,192.770462036133,11.7834854125977,758,836,,,1.53921782970428,1.39560663700104,2.06482577323914,1.55735337734222,467,56,85.9826202392578,10.3105497360229,18.2903633117676,24.3681413794772,1557.67313217066,883.276625041177,,,,1557.67313217066,883.276625041177,,,24672,43.3628024811602
2021,MT,51009,Norte Araguaia Karajá,99.8572561459159,100,99.8572561459159,56.0311284046693,73.9299610894942,72.3735408560311,81.7120622568093,83.2684824902724,87.9377431906615,84.4357976653696,41.6342412451362,52.1400778210117,,,,,,,,,,,,,,,,,,,,1559,180,6105.1064453125,704.88720703125,0,42,164.473678588867,0,40,21,,,0.822368443012238,1.56641602516174,0.978031039237976,1.68096017837524,0,0,0,0,2.80388474464417,21.3266433276302,1744.35118086516,1208.42702976262,,,,1744.35118086516,1208.42702976262,,,1597,75.9907973057644
2021,MT,51004,Centro Norte,99.6946459955424,95.4471816119942,98.5920333042052,45.125348189415,57.6601671309192,61.7688022284123,63.6490250696379,59.0529247910863,63.0222841225627,60.2367688022284,40.8223201174743,54.5264623955432,,,,,,,,,,,,,,,,,,,,5693,1026,5554.4716796875,1001.0341796875,0,170,165.863372802734,0,130,75,,,0.731750130653381,1.26836693286896,0.968349397182465,1.34861552715302,16,0,15.6106700897217,0,8.19560146331787,25.3290330669133,1386.18065172271,908.577231117437,,,,1386.18065172271,908.577231117437,,,6787,76.1353054812965
2021,MT,51005,Garças Araguaia,87.9267198640162,88.9182680957552,87.9267198640162,81.680033769523,71.5913887716336,72.5622625580414,77.5432672013508,75.1794005909667,81.6378218657661,76.572393414943,77.3744195863233,62.8113127902068,,,,,,,,,,,,,,,,,,,,8044,1402,6300.61865234375,1098.14367675781,10,261,204.433303833008,7.83269357681274,237,208,,,1.62920033931732,1.8563483953476,1.8301088809967,1.92233884334564,39,0,30.5475044250488,0,13.4111385345459,28.1842646494365,1579.94055697048,931.404708663985,,,,1579.94055697048,931.404708663985,,,7983,84.5706430641498
2021,MT,51011,Oeste Matogrossense,79.2574511044812,60.0980421701875,68.709881565862,75.4424778761062,72.724399494311,73.7357774968394,77.6864728192162,72.2503160556258,75.3476611883692,73.2300884955752,48.5145385587863,67.6991150442478,,,,,,,,,,,,,,,,,,,,11275,1185,5638.853515625,592.642211914062,16,391,195.546936035156,8.00192070007324,262,284,,,1.42034089565277,1.31031441688538,1.4450968503952,1.42346668243408,105,25,52.5126037597656,12.5030002593994,8.14345455169678,24.1733008167066,930.555957443589,575.991216005569,,,,930.555957443589,575.991216005569,,,13175,65.8575858205969
2021,MT,51007,Médio Norte Matogrossense,85.2156301178034,51.1238399645561,78.099954903993,89.8706896551724,85.3927203065134,87.4760536398467,88.8170498084291,85.5363984674329,85.4406130268199,86.2308429118774,86.2547892720306,79.8611111111111,,,,,,,,,,,,,,,,,,,,12883,1861,5016.54931640625,724.660278320312,0,290,112.923950195312,0,279,331,,,1.28889060020447,1.0864063501358,1.49556088447571,1.15318715572357,212,83,82.5513000488281,32.3196144104004,20.0899505615234,23.7165310947115,1345.62710916957,803.424802061806,,,,1345.62710916957,803.424802061806,,,8276,33.5682021728126
2021,MT,51008,Noroeste Matogrossense,72.3078196502264,80.2303444524589,72.3078196502264,85.0355239786856,88.3658969804618,88.765541740675,91.3854351687389,88.2770870337478,94.2717584369449,88.6767317939609,80.3730017761989,75.8880994671403,,,,,,,,,,,,,,,,,,,,7775,1146,4513.6572265625,665.292724609375,0,234,135.845108032227,0,176,128,,,0.743084371089935,1.0217410326004,0.91709965467453,1.05367040634155,85,10,49.3454475402832,5.80534648895264,2.81327104568481,21.5829191259518,1117.16765797845,568.754788337792,,,,1117.16765797845,568.754788337792,,,6258,30.3274099445589
2021,MT,51012,Sudoeste Matogrossense,89.8444716279302,99.7095805144336,87.3480290585915,75.0248756218905,78.7562189054726,81.7412935323383,83.4328358208955,79.0049751243781,85.273631840796,79.452736318408,63.18407960199,74.0796019900498,,,,,,,,,,,,,,,,,,,,8395,1654,6937.09912109375,1366.76147460938,0,217,179.315124511719,0,135,97,,,0.801546931266785,1.1155549287796,0.945742726325989,1.17360520362854,81,0,66.9332962036133,0,8.00059509277344,20.5936256877088,1382.53803940961,755.186135561683,,,,1382.53803940961,755.186135561683,,,6107,62.3373686124149
2021,MT,51003,Araguaia Xingu,80.2826379542396,100,80.2826379542396,63.7860082304527,69.7530864197531,71.6735253772291,76.0631001371742,73.5939643347051,74.9657064471879,73.7311385459534,59.8079561042524,62.2085048010974,,,,,,,,,,,,,,,,,,,,5516,678,5901.04296875,725.32763671875,0,148,158.331100463867,0,88,64,,,0.68467503786087,0.941428184509277,0.831238329410553,0.971382737159729,7,0,7.48863315582275,0,2.84889006614685,21.090655702472,1277.97073016747,621.293079330101,,,,1277.97073016747,621.293079330101,,,5538,74.6909761968441
2021,MT,51014,Teles Pires,94.7169037907572,71.2865511564163,84.7838180544639,88.4010779249944,83.4269032113182,84.5609701324949,88.98495396362,83.0675948798563,89.0635526611273,79.3959128677296,90.7702672355715,81.1250842128902,,,,,,,,,,,,,,,,,,,,24127,2004,5309.04345703125,440.971618652344,29,654,143.909896850586,6.38132619857788,828,887,,,1.95180559158325,1.82197856903076,2.3313844203949,1.90900671482086,465,131,102.321258544922,28.8259906768799,22.4248600006104,24.9469713689096,1453.06890861732,998.522762913522,,,,1453.06890861732,998.522762913522,,,12005,30.2115981700997
2021,MT,51010,Norte Matogrossense,90.8234574731386,97.0532568500131,90.8234574731386,78.0442804428044,74.6309963099631,74.4464944649446,76.3837638376384,73.7084870848709,77.6752767527675,74.6309963099631,69.280442804428,73.4317343173432,,,,,,,,,,,,,,,,,,,,3693,657,5382.67578125,957.600341796875,8,138,201.139785766602,11.6602773666382,103,99,,,1.44295942783356,1.50126075744629,1.75304985046387,1.65612387657166,41,12,59.7589225769043,17.4904174804688,4.97310829162598,23.2316198819582,1229.14378793828,759.206217151666,,,,1229.14378793828,759.206217151666,,,3233,47.6529172557536
2021,MT,51015,Vale do Peixoto,90.4124298533106,100,84.8100320270409,68.9845474613686,69.9227373068433,70.1986754966887,72.3509933774834,71.7991169977925,72.1302428256071,71.4128035320088,64.6247240618102,59.9337748344371,,,,,,,,,,,,,,,,,,,,5946,576,5506.5751953125,533.43212890625,0,159,147.249496459961,0,99,88,,,0.814965724945068,0.916836440563202,1.04023897647858,1.07103168964386,58,10,53.7136497497559,9.26097393035889,3.59418416023254,27.2080488159832,1187.91508676779,683.020142086382,,,,1187.91508676779,683.020142086382,,,5919,67.0355621411372
2021,MT,51016,Vale dos Arinos,92.4560818323327,93.5216069972574,92.4560818323327,72.6362625139043,83.3147942157953,77.3081201334817,85.761957730812,80.2002224694105,72.4137931034483,81.4238042269188,36.0400444938821,62.2914349276974,,,,,,,,,,,,,,,,,,,,3514,541,6501.9892578125,1001.01770019531,0,79,146.17448425293,0,56,44,,,0.814136385917664,1.03617358207703,1.10694789886475,1.12591361999512,32,0,59.2099189758301,0,7.4067907333374,25.1331483283941,1384.62213931733,861.043446554188,,,,1384.62213931733,861.043446554188,,,1950,36.3381996484411
2021,PA,15011,Tocantins,73.6862750591894,97.3687675992211,68.1483868256259,77.0845529815171,61.0102868612528,62.2229656268295,63.285104959438,57.5980597139751,64.3974241030359,58.1667642385214,73.4381533829556,52.2957263527641,,,,,,,,,,,,,,,,,,,,47692,9714,6602.0654296875,1344.72155761719,20,850,117.666603088379,2.76862597465515,548,405,,,0.560646772384644,0.758603513240814,0.671011090278625,0.846403539180756,131,11,18.13450050354,1.52274429798126,3.89005780220032,18.3872438095512,531.985324547681,233.744240485953,,,,531.985324547681,233.744240485953,,,113570,232.199444890501
2021,PA,15003,Carajás,68.780660935405,80.139488242651,58.6229197886269,67.4991848712096,74.1441147701337,73.602869253342,75.1679165308119,70.4923377893707,73.2637756765569,65.5689598956635,63.2344310401043,68.112161721552,,,,,,,,,,,,,,,,,,,,46406,7346,5158.4287109375,816.571533203125,48,1240,137.83674621582,5.33561563491821,889,813,,,0.903719902038574,0.988200485706329,1.0394446849823,1.0006502866745,515,45,57.246711730957,5.00213956832886,17.1129875183105,19.2032529034574,1403.09745923367,554.987246284414,,,,1403.09745923367,554.987246284414,,,72528,80.5666001567337
2021,PA,15007,Metropolitana II,77.5854635213719,99.0150743477394,73.4660220860483,61.4477563052735,57.9266295447101,61.0874549623321,62.5941696691779,55.7484441532918,63.6423190304618,57.8283655420897,53.5538814281035,51.7032427120865,,,,,,,,,,,,,,,,,,,,22025,4786,5880.62548828125,1277.85119628906,0,449,119.881988525391,0,202,80,,,0.213598191738129,0.539335429668427,0.449824452400208,0.58272260427475,42,0,11.2139053344727,0,1.59077250957489,20.2585422237473,518.162614257111,220.276924742649,,,,518.162614257111,220.276924742649,,,52580,163.192059487097
2021,PA,15013,Marajó I,53.0705128724257,97.4692462808043,53.0705128724257,69.0936106983655,53.541357107479,51.7335314512135,55.6958890539871,45.9138187221397,56.7855373947499,45.9138187221397,52.6745913818722,43.4868746904408,,,,,,,,,,,,,,,,,,,,12264,3248,4908.6826171875,1300.01635742188,0,260,104.065353393555,0,114,53,,,0.212133213877678,0.456286549568176,0.27447235584259,0.478600561618805,2,0,0.800502717494965,0,0.465492337942123,17.0035624952571,497.0199911895,191.857482409733,,,,497.0199911895,191.857482409733,,,40890,315.82533831246
2021,PA,15001,Araguaia,72.9317348657485,97.059104712142,69.6836960130436,85,67.8304239401496,71.284289276808,73.9526184538653,68.1670822942643,66.4214463840399,68.354114713217,77.1695760598504,55.6982543640898,,,,,,,,,,,,,,,,,,,,40206,9633,6887.21875,1650.11645507812,19,1034,177.122421264648,3.25466752052307,462,313,,,0.536163628101349,0.791398108005524,0.732557117938995,0.865912854671478,246,15,42.1393775939941,2.56947422027588,2.71627688407898,17.6847709269238,649.230224340988,273.413888053617,,,,649.230224340988,273.413888053617,,,46280,83.3654409132254
2021,PA,15002,Baixo Amazonas,63.6318602562552,99.5789982938623,58.9998121447155,62.1062618595825,53.2321315623023,53.4598355471221,54.8576850094877,46.62871600253,57.9822896900696,47.9696394686907,51.8722327640734,46.8500948766603,,,,,,,,,,,,,,,,,,,,44508,6507,5687.31982421875,831.477294921875,56,1222,156.149566650391,7.15579032897949,832,467,,,0.596741795539856,1.06314599514008,0.795378923416138,1.15022945404053,220,0,28.1120338439941,0,6.46534442901611,19.4187788987806,701.777258793726,247.489743869175,,,,701.777258793726,247.489743869175,,,100057,173.262422005078
2021,PA,15012,Xingu,68.3279511107721,85.966666949198,67.9100872174333,71.7232299590404,70.4359274429491,71.7086015213575,75.9508484493856,68.1246342890579,72.1328262141603,68.4025746050322,65.1550614394383,60.2399063779988,,,,,,,,,,,,,,,,,,,,26857,4079,7511.41796875,1140.82263183594,20,641,179.276123046875,5.59363889694214,395,239,,,0.668439865112305,1.10474371910095,0.672635078430176,1.22752404212952,88,0,24.6120109558105,0,2.13033747673035,22.4852165194793,747.446030501662,398.311448286494,,,,747.446030501662,398.311448286494,,,48770,223.933480446037
2021,PA,15014,Marajó II,47.7639203440977,94.23932562775,46.8382629730881,46.3912267278755,40.9716908951798,46.8120377454731,50.4590665646519,38.5743432797756,51.8235144095894,37.0696250956389,34.5447589900536,36.5085437388421,,,,,,,,,,,,,,,,,,,,17805,2975,5429.23095703125,907.158752441406,17,336,102.455581665039,5.18376445770264,197,102,,,0.311025857925415,0.600706815719604,0.443745493888855,0.67251718044281,18,0,5.48869180679321,0,0.435436218976974,18.7849628502835,497.73362705046,175.638150900141,,,,497.73362705046,175.638150900141,,,47875,300.525313541517
2021,PA,15006,Metropolitana I,59.1332644215626,44.6972836044701,38.3377771073915,58.3107389230188,47.1222157394378,46.5456292686275,49.7992243539143,44.4520712496139,54.1064625733603,44.8639187287641,50.6057590005835,43.9029412774136,,,,,,,,,,,,,,,,,,,,104385,12689,4600.01220703125,559.175720214844,434,4120,181.559143066406,19.1254043579102,2759,4776,,,2.10467600822449,1.21582937240601,2.2218189239502,1.23606741428375,2311,389,101.840576171875,17.1423568725586,23.2192115783691,24.2005774473743,677.358416557972,308.101650329659,,,,677.358416557972,308.101650329659,,,175668,60.6248543009907
2021,PA,15009,Rio Caetés,95.6395007987806,100,95.6395007987806,76.8943949963916,67.8373827279288,68.6673081549194,69.7017079624729,65.5520808275198,65.275439018523,66.1053644455136,70.6519124368535,55.7974500841953,,,,,,,,,,,,,,,,,,,,31891,4851,5794.82373046875,881.461486816406,36,818,148.636474609375,6.54145812988281,451,270,,,0.490609377622604,0.819499373435974,0.866198122501373,1.04399859905243,176,14,31.9804630279541,2.54390048980713,1.37715864181519,19.5207186310288,609.420288923254,201.670755656802,,,,609.420288923254,201.670755656802,,,77085,187.182750174439
2021,PA,15008,Metropolitana III,87.898872026035,97.4038694457024,83.3073544745074,79.5378836203842,67.1131901623077,68.0912892479977,69.9482599759019,65.9649868878021,67.4250478418031,65.8941101424623,70.7704302218442,60.8972995960026,,,,,,,,,,,,,,,,,,,,58216,9446,6068.04150390625,984.587036132812,37,1402,146.134979248047,3.85662937164307,745,480,,,0.500319480895996,0.776537537574768,0.780342042446136,0.830843031406403,361,47,37.6281929016113,4.89896154403687,2.94917488098145,20.6002781658451,693.864852382478,231.237616457371,,,,693.864852382478,231.237616457371,,,118953,127.49477947898
2021,PA,15010,Tapajós,64.7381020002434,100,63.3856723603955,64.6788990825688,54.3348623853211,54.7477064220183,54.6788990825688,44.151376146789,49.1743119266055,48.4862385321101,41.0550458715596,46.6284403669725,,,,,,,,,,,,,,,,,,,,12260,1653,5510.1123046875,742.921325683594,0,390,175.280899047852,0,275,154,,,0.692134857177734,1.23595499992371,0.657415747642517,1.57797753810883,369,11,165.842697143555,4.94381999969482,5.24044942855835,19.5040077340531,805.147173219979,375.853644244466,,,,805.147173219979,375.853644244466,,,25232,151.97088988764
2021,PA,15004,Lago de Tucuruí,57.7215481002253,78.7909246947285,50.6940214914541,76.1970960766141,61.9246215631758,61.0132839048502,66.5739882607352,61.414890330553,66.6975594686438,58.1093605189991,74.0809391411801,56.8582020389249,,,,,,,,,,,,,,,,,,,,16687,2050,3495.10620117188,429.374237060547,15,501,104.934867858887,3.14176249504089,450,197,,,0.412618160247803,0.942528784275055,0.632750988006592,1.04259395599365,133,15,27.8569622039795,3.14176249504089,1.66576254367828,25.4818732136079,684.221250083948,297.861018537976,,,,684.221250083948,297.861018537976,,,43603,104.333051971037
2021,PB,25011,11ª Região,96.0038952049089,100,96.0038952049089,30.6370070778564,87.7654196157735,88.7765419615774,88.2709807886754,90.3943377148635,82.7098078867543,89.2821031344793,23.3569261880688,79.1708796764408,,,,,,,,,,,,,,,,,,,,2852,334,3335.32153320312,390.602172851562,0,108,126.30249786377,0,136,71,,,0.830321967601776,1.5904757976532,0.96305650472641,1.6290682554245,4,0,4.67787027359009,0,0.804593682289124,19.8495446462111,1060.60247936997,320.063616051984,,,,1060.60247936997,320.063616051984,,,13060,266.551637839292
2021,PB,25007,7ª Região,100,100,100,59.0858416945373,86.6167023554604,85.9207708779443,88.3297644539615,92.1306209850107,86.2955032119914,92.558886509636,49.0364025695932,85.9743040685225,,,,,,,,,,,,,,,,,,,,6169,908,4155.13232421875,611.583740234375,10,344,231.701324462891,6.73550367355347,276,155,,,1.04400300979614,1.85899901390076,1.13577425479889,1.87667965888977,43,10,28.9626655578613,6.73550367355347,1.18679571151733,21.9594149130937,1222.35372199723,455.169406442151,,,,1222.35372199723,455.169406442151,,,24522,258.437444011127
2021,PB,25003,3ª Região,100,100,100,50.3250085528567,77.0441327403353,77.7967841258981,81.5258296270954,79.0283954840917,81.6284639069449,79.6442011631885,48.0328429695518,69.4327731092437,,,,,,,,,,,,,,,,,,,,8301,988,4185.27978515625,498.139526367188,0,180,90.7541656494141,0,206,139,,,0.700823843479156,1.03863108158112,0.78956127166748,1.00686705112457,0,0,0,0,3.16933727264404,20.95358176639,810.508148711706,313.558081608846,,,,810.508148711706,313.558081608846,,,29976,186.966047857697
2021,PB,25002,2ª Região,100,100,100,72.0440636474908,75.7160342717258,76.1077111383109,78.702570379437,77.0869033047736,77.2093023255814,78.5067319461444,69.2778457772338,66.3402692778458,,,,,,,,,,,,,,,,,,,,9768,1483,3176.40966796875,482.249755859375,6,289,93.9785461425781,1.95111167430878,362,303,,,0.985311388969421,1.17717063426971,1.04530811309814,1.20635604858398,97,0,31.5429706573486,0,2.67107176780701,21.8780439525462,829.679807726144,371.339987422859,,,,829.679807726144,371.339987422859,,,47258,204.394105041347
2021,PB,25015,15ª Região,100,100,100,42.2566371681416,74.646017699115,78.3185840707965,78.8053097345133,79.1150442477876,83.3185840707965,81.0176991150443,34.1592920353982,75.1769911504425,,,,,,,,,,,,,,,,,,,,7096,896,4674.69482421875,590.265869140625,0,118,77.7359085083008,0,208,114,,,0.751007914543152,1.37026011943817,0.868105888366699,1.40171682834625,0,0,0,0,3.48955178260803,24.3460705091785,970.948650180047,433.324718677187,,,,970.948650180047,433.324718677187,,,25246,232.251205565364
2021,PB,25001,1ª Região Mata Atlântica,92.6075332748961,95.9907043957064,90.116021402842,84.0534565916399,56.6418810289389,54.6372588424437,60.600884244373,52.9491559485531,57.4055466237942,53.8886655948553,83.4505627009646,46.025924437299,,,,,,,,,,,,,,,,,,,,67393,8495,5043.7255859375,635.77001953125,264,3087,231.032608032227,19.7578907012939,2805,3559,,,2.66357326507568,2.09927582740784,2.69655919075012,1.9819073677063,1398,247,104.627014160156,18.4856033325195,21.6916198730469,20.6689139190824,964.896095910085,405.571819132799,,,,964.896095910085,405.571819132799,,,132118,102.227753101203
2021,PB,25005,5ª Região,100,100,100,60.1201201201201,66.3663663663664,66.9069069069069,67.5075075075075,68.6486486486486,72.1921921921922,68.7687687687688,55.6156156156156,68.4084084084084,,,,,,,,,,,,,,,,,,,,5524,827,4831.923828125,723.388977050781,0,200,174.942932128906,0,170,106,,,0.927197515964508,1.4870148897171,0.964154183864594,1.47520625591278,21,0,18.3690071105957,0,1.97160673141479,23.2164242817248,1249.63328998872,586.559044008745,,,,1249.63328998872,586.559044008745,,,19227,186.550545384568
2021,PB,25010,10ª Região,100,100,100,12.9506008010681,79.9732977303071,79.2389853137517,82.109479305741,91.7890520694259,76.9692923898531,92.1228304405874,12.0160213618158,57.7436582109479,,,,,,,,,,,,,,,,,,,,3585,564,3035.30615234375,477.520965576172,14,152,128.693588256836,11.8533573150635,162,125,,,1.05833542346954,1.37160277366638,1.3201676607132,1.63576328754425,50,0,42.3334197998047,0,4.16560840606689,19.3751838289324,973.518884487943,323.566067513352,,,,973.518884487943,323.566067513352,,,18989,276.295919058505
2021,PB,25006,6ª Região,100,100,100,12.1253875301412,83.5738409579368,83.911575069082,86.6748541602702,83.4203254528707,82.6834510285539,84.0343874731348,8.05931656995487,76.9112680380718,,,,,,,,,,,,,,,,,,,,9454,1140,3946.59936523438,475.896270751953,17,483,201.629730224609,7.09669876098633,506,293,,,1.22313690185547,2.11231160163879,1.51629316806793,2.17670369148254,77,17,32.143871307373,7.09669876098633,3.60136580467224,22.2381021388042,1041.72181207065,470.467364207301,,,,1041.72181207065,470.467364207301,,,32936,179.186856078949
2021,PB,25016,16ª Região,100,82.6260771499624,94.1611604302817,45.3367875647668,59.5978287688132,59.5854922279793,64.4214162348877,57.2045398470269,59.6225018504811,57.6239822353812,43.079200592154,52.0355292376018,,,,,,,,,,,,,,,,,,,,28377,4211,5103.5751953125,757.344116210938,154,1903,342.252655029297,27.6967449188232,1105,1442,,,2.59342265129089,1.98733139038086,2.47643089294434,1.90518546104431,627,105,112.765319824219,18.8841457366943,16.545747756958,19.9044080349497,1029.96969936298,310.761042902216,,,,1029.96969936298,310.761042902216,,,48919,80.1777213851251
2021,PB,25014,14ª Região,100,100,100,68.9252336448598,76.9470404984424,76.0903426791277,80.6853582554517,76.6744548286604,76.2071651090343,79.8676012461059,67.9127725856698,64.797507788162,,,,,,,,,,,,,,,,,,,,7823,835,5076.70556640625,541.869995117188,10,159,103.182434082031,6.48946094512939,236,141,,,0.915014028549194,1.53151285648346,1.0439920425415,1.76870262622833,0,0,0,0,2.08701062202454,22.5715208379412,862.562598765837,396.810108776997,,,,862.562598765837,396.810108776997,,,27326,204.778709375973
2021,PB,25004,4ª Região,100,100,100,77.4562071591775,94.9666913397483,95.9289415247964,99.259807549963,94.6706143597335,93.6343449296817,95.780903034789,62.7683197631384,86.3064396743153,,,,,,,,,,,,,,,,,,,,4670,804,4092.86499023438,704.638854980469,0,260,227.868286132812,0,154,74,,,0.648548245429993,1.34968137741089,0.949597299098969,1.41891837120056,0,0,0,0,1.27956807613373,22.6103716594121,966.479454175873,431.675440742377,,,,966.479454175873,431.675440742377,,,19658,269.159797021937
2021,PB,25008,8ª Região,99.2900710769076,100,99.2900710769076,39.6383866481224,68.7624090006618,70.2183984116479,70.0198544010589,73.2627399073461,74.6525479814692,73.5274652547981,36.4394993045897,66.3798808735936,,,,,,,,,,,,,,,,,,,,4875,983,4076.12109375,821.913208007812,0,229,191.473175048828,0,165,99,,,0.827766120433807,1.3796101808548,0.850759625434875,1.33404123783112,3,0,2.50838208198547,0,1.63797354698181,24.1115295760705,946.103025861414,430.53217690119,,,,946.103025861414,430.53217690119,,,17218,146.964757230412
2021,PB,25009,9ª Região,100,100,100,94.5882352941177,89.3078970718722,88.4649511978704,91.7923691215617,89.3522626441881,90.6388642413487,88.9086069210293,89.5549500454133,82.5199645075421,,,,,,,,,,,,,,,,,,,,10722,2750,5996.7451171875,1538.05712890625,7,318,177.855331420898,3.91505455970764,354,307,,,1.71703100204468,1.97989904880524,1.46045517921448,1.80036580562592,69,0,38.591251373291,0,2.59008812904358,18.6140436444756,855.205182898987,351.076679012137,,,,855.205182898987,351.076679012137,,,25651,255.002041421277
2021,PB,25013,13ª Região,100,100,100,82.5347758887171,91.3816689466484,88.3720930232558,93.0232558139535,91.1080711354309,87.688098495212,90.5608755129959,79.4435857805255,77.1545827633379,,,,,,,,,,,,,,,,,,,,2378,335,3911.69897460938,551.059326171875,0,129,212.198974609375,0,110,50,,,0.822476625442505,1.80944859981537,1.45742857456207,1.90403342247009,6,6,9.86971950531006,9.86971950531006,6.2475323677063,21.1510880383467,1106.89221402762,416.610183141118,,,,1106.89221402762,416.610183141118,,,9017,191.901894986182
2021,PB,25012,12ª Região,100,100,100,37.0194068106921,77.0047601611131,79.7510069571586,78.7623581105822,79.274990845844,78.9454412303186,81.0692054192603,33.9802270230685,71.731966312706,,,,,,,,,,,,,,,,,,,,7332,1007,4149.0537109375,569.844116210938,0,134,75.8283081054688,0,238,160,,,0.905412673950195,1.34680140018463,0.963840067386627,1.36660730838776,1,0,0.565882921218872,0,2.00718665122986,22.1926810872799,859.084282987354,378.384834338889,,,,859.084282987354,378.384834338889,,,32599,274.173126220185
2021,PE,26010,Recife,67.9449085247973,70.2575240998207,58.844621860004,67.5019226985745,53.4993114056268,54.0680724723221,56.8099300674286,53.4885800647458,58.6181610058844,54.04660979056,66.7239004846989,49.5144068251328,,,,,,,,,,,,,,,,,,,,260178,37423,6072.912109375,873.504211425781,835,10258,239.435806274414,19.490047454834,7981,10831,,,2.52810406684875,1.86287498474121,2.9399745464325,2.12920022010803,4803,777,112.108619689941,18.1362476348877,25.9283218383789,20.8680276522637,709.470032737916,408.283497436479,,,,709.470032737916,408.283497436479,,,394235,67.1155316301289
2021,PE,26001,Afogados da Ingazeira,100,100,100,100,87.3422420193021,88.9383815887157,89.6807720861173,89.9034892353378,92.0564216778025,90.3860430586489,100,86.9339272457313,,,,,,,,,,,,,,,,,,,,12772,1260,6684.2861328125,659.426940917969,0,407,213.00537109375,0,253,196,,,1.02577519416809,1.32408738136292,1.23550963401794,1.48737406730652,95,0,49.7186965942383,0,1.25500452518463,20.0449775785604,902.177029171995,366.450457920857,,,,902.177029171995,366.450457920857,,,30235,200.703027606961
2021,PE,26009,Petrolina,87.7312503670641,82.2532839999217,86.5566453280085,80.4944431843955,79.6779315037423,77.591290542073,82.3089135858471,78.0108868224087,86.1873440689499,77.6139714220912,77.9541846223633,77.6593331821275,,,,,,,,,,,,,,,,,,,,24471,2778,4732.88427734375,537.287109375,59,1028,198.823303222656,11.4110651016235,857,1147,,,2.21838855743408,1.65750563144684,2.44042062759399,1.82340121269226,378,51,73.1081771850586,9.86380195617676,14.1822137832642,22.6622220468129,665.010004004504,312.096676995115,,,,665.010004004504,312.096676995115,,,62438,160.748869530909
2021,PE,26003,Caruaru,82.4892800917224,87.7352294283628,80.3287342514213,73.3711759682524,73.7780680162757,75.3704726980459,78.4196513789119,75.1042346913146,80.4691816948812,74.7023660019089,72.0299392173607,71.1408047420505,,,,,,,,,,,,,,,,,,,,71566,9530,5112.806640625,680.840698242188,88,2271,162.244415283203,6.28688192367554,1825,1574,,,1.1244945526123,1.3038135766983,1.37155830860138,1.41572725772858,533,50,38.078498840332,3.57209205627441,6.54057168960571,22.00332633834,635.288524331716,305.687990161727,,,,635.288524331716,305.687990161727,,,194239,136.09183419778
2021,PE,26008,Palmares,94.3599319633191,98.6576676475342,92.9198328845025,73.9574256193203,57.5625544628408,59.1310842773559,61.4589817004855,56.9152246981203,58.3468193700983,58.4962031619569,69.002863189344,47.8028133947467,,,,,,,,,,,,,,,,,,,,29453,4252,4686.87109375,676.622924804688,40,920,146.40007019043,6.36522054672241,447,367,,,0.584008991718292,0.711313366889954,0.863481938838959,0.731403589248657,141,20,22.4374027252197,3.18261027336121,1.94998526573181,20.813097899015,658.286653599757,303.191352183799,,,,658.286653599757,303.191352183799,,,95101,166.58509901896
2021,PE,26004,Garanhuns,97.7856082814887,99.8329519618092,97.7856082814887,84.0506015130845,72.6032494108892,73.0249286865931,77.0184794741411,75.5550043408161,76.9440654843111,75.3937740295175,81.5205258588615,68.3244449956592,,,,,,,,,,,,,,,,,,,,29617,3569,5392.6943359375,649.847229003906,21,923,168.060806274414,3.82370185852051,528,414,,,0.753815531730652,0.961387872695923,1.00363075733185,1.02088284492493,86,5,15.6589698791504,0.910405218601227,4.18167304992676,19.976105912312,707.433005051015,296.818128390812,,,,707.433005051015,296.818128390812,,,90896,241.113329060498
2021,PE,26005,Goiana,99.8583739940435,100,99.8583739940435,76.3195435092725,84.4032334759867,86.9947693770804,87.1849738468854,87.3276271992392,85.282929148835,89.2534474560152,75.6062767475036,82.1921065145031,,,,,,,,,,,,,,,,,,,,17204,2399,5441.3935546875,758.771423339844,0,453,143.277801513672,0,351,366,,,1.1576087474823,1.11016571521759,1.02437305450439,0.996697962284088,87,0,27.5169296264648,0,6.77454137802124,20.1250485755504,880.986396652035,526.028706138889,,,,880.986396652035,526.028706138889,,,42988,143.479522027776
2021,PE,26007,Ouricuri,94.5024342691466,98.780491211213,83.8363411384503,84.8669716997119,80.1897983392645,78.3596000677851,83.8671411625148,81.1726825961701,79.2238603626504,78.3596000677851,82.5114387391967,76.2582613116421,,,,,,,,,,,,,,,,,,,,19013,2296,5279.775390625,637.582946777344,0,642,178.278854370117,0,296,300,,,0.833078801631927,0.82197105884552,0.845019578933716,0.86057037115097,108,30,29.9908351898193,8.33078765869141,1.40346002578735,22.930825383672,639.863806707057,306.273357602904,,,,639.863806707057,306.273357602904,,,62410,242.802771375413
2021,PE,26002,Arcoverde,93.6289464845499,99.9764423794596,93.3840405284371,70.41015625,79.39453125,79.3619791666667,84.7005208333333,80.8919270833333,79.0364583333333,81.689453125,68.75,74.3001302083333,,,,,,,,,,,,,,,,,,,,23141,4015,5353.89990234375,928.910034179688,8,597,138.121871948242,1.85087931156158,461,329,,,0.761174082756042,1.06656920909882,0.920696794986725,1.1194349527359,112,5,25.9123096466064,1.15679955482483,2.24858689308167,23.9314729472388,673.473495796896,342.174745273566,,,,673.473495796896,342.174745273566,,,68215,206.80480395718
2021,PE,26011,Salgueiro,100,100,100,84.6020008699435,77.2509786863854,78.4254023488473,78.5558938668987,79.2083514571553,82.94910830796,79.9913005654632,84.6020008699435,71.7703349282297,,,,,,,,,,,,,,,,,,,,9761,1481,6554.39404296875,994.4736328125,10,362,243.078643798828,6.71487951278687,231,188,,,1.26239728927612,1.5511372089386,1.50111138820648,1.53149616718292,87,1,58.4194526672363,0.671487927436829,2.08094120025635,22.8339019671713,767.594392384745,393.067103507596,,,,767.594392384745,393.067103507596,,,21873,194.350281689195
2021,PE,26012,Serra Talhada,93.5268357013113,99.3675715577231,87.7147146399927,89.3919099919636,74.6048754353067,74.6852397535494,76.8282882400214,75.3013661934101,75.2477899812483,76.0246450575944,88.3739619608894,66.9434770961693,,,,,,,,,,,,,,,,,,,,14537,1880,6000.23095703125,775.980895996094,10,520,214.633026123047,4.12755823135376,281,227,,,0.936955690383911,1.15984380245209,1.41368865966797,1.24910223484039,133,7,54.8965225219727,2.88929057121277,2.61439538002014,24.4090072355765,756.801144429952,410.390305703606,,,,756.801144429952,410.390305703606,,,35533,210.333349843566
2021,PE,26006,Limoeiro,96.5384487846934,98.6470802798687,96.1668932586133,79.2064946968705,83.0168914495221,83.213303653267,85.4785910697918,84.850072017808,85.8190388896163,85.5440618043734,77.3602199816682,76.5745711666885,,,,,,,,,,,,,,,,,,,,33388,4438,5515.26806640625,733.100524902344,10,937,154.780349731445,1.6518714427948,560,534,,,0.882099330425262,0.925047993659973,1.00169479846954,0.96423864364624,58,0,9.58085441589355,0,2.52323365211487,23.0571856731672,697.367451127569,332.163512091204,,,,697.367451127569,332.163512091204,,,93555,172.989743530446
2021,PI,22009,Vale do Rio Guaribas,100,100,100,82.1986258588382,75.0156152404747,76.0566312721216,80.3039766812409,77.4307724338955,85.2592129918801,79.4711638559234,79.5544451384551,72.7878409327504,,,,,,,,,,,,,,,,,,,,19320,4753,5104.73681640625,1255.83923339844,0,878,231.985458374023,0,371,334,,,0.882495939731598,0.980257451534271,0.964206099510193,1.01328504085541,174,60,45.9743385314941,15.8532199859619,3.82089042663574,19.7346048988749,972.780313860167,347.250514023652,,,,972.780313860167,347.250514023652,,,61368,176.705190872773
2021,PI,22004,Entre Rios,100,91.8784180177034,100,78.7618004485474,65.6547183613753,67.4992162190406,69.840108684293,66.4071480823493,67.8297606008449,69.343714076706,78.6105460804256,63.1361688786707,,,,,,,,,,,,,,,,,,,,77076,11091,6212.8955078125,894.0166015625,173,3200,257.943664550781,13.9450788497925,2328,2775,,,2.23685526847839,1.87654006481171,2.35534811019897,1.94412934780121,1129,101,91.005744934082,8.14134693145752,23.3504295349121,34.2058892835446,1379.49520046169,696.327653842223,,,,1379.49520046169,696.327653842223,,,130898,129.863713050579
2021,PI,22002,Chapada das Mangabeiras,100,100,100,84.5561035758323,71.2392108508015,74.3218249075216,76.1097410604192,72.8113440197287,80.9494451294698,74.5067817509248,82.1516646115906,68.3415536374846,,,,,,,,,,,,,,,,,,,,12191,2546,6143.3876953125,1283.0009765625,0,309,155.713790893555,0,205,140,,,0.705499351024628,1.03305268287659,0.85944938659668,1.18095552921295,1,0,0.503928124904633,0,2.75447106361389,19.3458900133478,993.283960607258,408.212275343812,,,,993.283960607258,408.212275343812,,,34407,306.437283625864
2021,PI,22006,Serra da Capivara,100,100,100,83.0992297236067,78.3869506116901,82.2836429542365,84.5038513819665,82.5555052106933,88.0833710919801,85.6366107838695,79.2478477571364,76.8463978251019,,,,,,,,,,,,,,,,,,,,13904,2900,9312.4814453125,1942.33276367188,0,397,265.898651123047,0,155,91,,,0.609490633010864,1.03814339637756,0.848431050777435,1.07146441936493,21,0,14.0651683807373,0,2.18077087402344,17.9772114580241,821.653757764394,348.953023700769,,,,821.653757764394,348.953023700769,,,27374,297.739044238304
2021,PI,22007,Tabuleiros do Alto Parnaíba,100,100,100,83.3894500561167,83.8383838383838,85.8585858585859,91.358024691358,89.1133557800224,81.2570145903479,88.7766554433221,87.7665544332211,70.4826038159372,,,,,,,,,,,,,,,,,,,,3090,638,6385.48486328125,1318.42700195312,0,73,150.8544921875,0,62,31,,,0.640614986419678,1.28122997283936,0.837449133396149,1.38352179527283,0,0,0,0,8.19987201690674,18.0448700281153,1312.45069082035,852.825933712951,,,,1312.45069082035,852.825933712951,,,7296,217.820441817693
2021,PI,22010,Vale do Sambito,100,100,100,68.7446626814688,77.9675491033305,81.0418445772844,80.2732707087959,78.8215200683177,89.4107600341588,79.5046968403074,67.0367207514944,86.336464560205,,,,,,,,,,,,,,,,,,,,5550,1222,5196.142578125,1144.08764648438,0,194,181.630935668945,0,113,56,,,0.524295449256897,1.05795335769653,0.799550592899323,0.982117772102356,2,0,1.87248384952545,0,2.1140341758728,19.6875321142925,858.110096173656,367.81919099882,,,,858.110096173656,367.81919099882,,,16974,185.681630933433
2021,PI,22011,Vale dos Rios Piauí e Itaueiras,99.8952253372883,100,99.8952253372883,100,67.7274299550329,69.3185748875821,72.1549636803874,68.6613628502248,67.3815288827395,70.7713593912141,100,59.0453130404704,,,,,,,,,,,,,,,,,,,,12252,2026,5858.52880859375,968.770751953125,20,464,221.870498657227,9.56338405609131,345,210,,,1.00415527820587,1.64968371391296,1.119513630867,1.62541663646698,26,0,12.4323987960815,0,5.36792707443237,20.093337925914,1124.54715327873,417.170022833127,,,,1124.54715327873,417.170022833127,,,32934,211.704988739116
2021,PI,22001,Carnaubais,100,100,100,69.0686274509804,71.9607843137255,71.6666666666667,74.4117647058823,74.0686274509804,75.3921568627451,75.9313725490196,69.9019607843137,67.843137254902,,,,,,,,,,,,,,,,,,,,10448,2084,6378.705078125,1272.32214355469,0,254,155.071884155273,0,183,152,,,0.92798924446106,1.1172502040863,0.925241947174072,1.08382427692413,58,0,35.4101181030273,0,3.45859146118164,19.3815732249539,845.698198469544,292.426352127334,,,,845.698198469544,292.426352127334,,,26730,224.141463414634
2021,PI,22003,Cocais,100,100,100,69.6549270722163,77.5168979011028,80.0960512273212,81.0032017075774,80.7541800071149,81.1099252934899,86.4994663820704,67.8762006403415,71.3447171824973,,,,,,,,,,,,,,,,,,,,23736,3905,5886.466796875,968.429931640625,10,520,128.95866394043,2.47997426986694,443,295,,,0.731592416763306,1.09862852096558,0.796753704547882,1.08709669113159,76,10,18.8478031158447,2.47997426986694,2.42343068122864,18.9395841107418,699.056194951798,216.627041887424,,,,699.056194951798,216.627041887424,,,69135,273.396384197604
2021,PI,22008,Vale do Canindé,100,100,100,60.3854389721627,81.7273376159886,82.9407566024268,83.2976445396146,83.0835117773019,83.5831548893647,82.5124910778016,57.6017130620985,77.9443254817987,,,,,,,,,,,,,,,,,,,,6584,1268,6024.11865234375,1160.17346191406,10,200,182.992660522461,9.14963340759277,145,84,,,0.76856917142868,1.32669675350189,0.876534879207611,1.34522485733032,23,0,21.0441570281982,0,2.4493567943573,18.209380871381,789.217687130422,327.048237778676,,,,789.217687130422,327.048237778676,,,19146,220.896782989002
2021,PI,22005,Planície Litorânea,99.4015768201742,99.4015768201742,99.4015768201742,32.2415329768271,47.5754803293687,49.0393412625801,55.8554437328454,52.9505946935041,55.3979871912168,56.4730100640439,32.6648841354724,45.4940530649588,,,,,,,,,,,,,,,,,,,,17370,1942,6163.0712890625,689.04345703125,27,787,279.236450195312,9.5799036026001,426,421,,,1.49375534057617,1.51149582862854,1.46474957466125,1.46953940391541,95,15,33.7070693969727,5.32216882705688,5.80329275131226,19.3611600282738,780.745939720045,267.41371320814,,,,780.745939720045,267.41371320814,,,34135,128.93639298893
2021,PR,41018,18ª RS Cornélio Procópio,88.3965293311206,78.9725990331193,78.4918644923876,69.1984732824427,76.8702290076336,75.2290076335878,78.3969465648855,72.9770992366412,81.5648854961832,73.9312977099237,68.587786259542,73.3587786259542,,,,,,,,,,,,,,,,,,,,19105,4044,8647.61328125,1830.46057128906,34,616,278.823883056641,15.3896293640137,299,311,,,1.40769839286804,1.3533821105957,1.28299713134766,1.46846485137939,178,13,80.5692367553711,5.88427019119263,12.0822172164917,23.2115225469092,928.523272307409,663.121583678897,,,,928.523272307409,663.121583678897,,,10979,46.4287414904403
2021,PR,41002,2ª RS Metropolitana,68.6447163708945,31.8367542518174,40.8268679286963,79.7385907585693,78.1483173442972,78.4724488242076,79.7472209532511,76.9975418216624,77.7001892579782,77.5413865866127,61.6698209663034,78.1483173442972,,,,,,,,,,,,,,,,,,,,239486,31180,6417.49267578125,835.528686523438,876,5663,151.751083374023,23.47412109375,6056,12607,,,3.37829065322876,1.62282288074493,3.54958343505859,1.75118017196655,3347,525,89.6893692016602,14.0683946609497,37.3116340637207,21.5414888979634,1096.92850825727,591.290028826581,,,,1096.92850825727,591.290028826581,,,107454,31.3075586940135
2021,PR,41011,11ª RS Campo Mourão,88.5877379080877,79.9377279873014,85.716204459775,80.2234371285952,88.0437366294271,88.9945329213216,89.7551699548372,86.7363917280723,88.7092940337533,90.0404088424055,73.4727443609023,87.7822676491562,,,,,,,,,,,,,,,,,,,,26582,4054,8144.91845703125,1242.17517089844,28,654,200.390365600586,8.5794038772583,450,450,,,1.37883281707764,1.37883281707764,1.8189868927002,1.55195283889771,220,12,67.4095993041992,3.67688727378845,18.1494216918945,22.1069330336722,1376.79171506068,713.294194999133,,,,1376.79171506068,713.294194999133,,,17742,55.8457882786958
2021,PR,41012,12ª RS Umuarama,93.3636097803995,79.8695320989303,89.0755695786688,83.710174717369,84.9691675231244,85.4573484069887,88.4378211716341,86.1767728674204,88.6947584789311,85.0719424460432,23.0204081632653,82.75950668037,,,,,,,,,,,,,,,,,,,,21454,2724,7727.74609375,981.186706542969,64,641,230.888656616211,23.0528450012207,420,502,,,1.80820751190186,1.51284301280975,2.81046605110168,1.75174605846405,210,24,75.6421508789062,8.64481735229492,10.8967914581299,24.6133031795516,1400.2978061374,710.654445003275,,,,1400.2978061374,710.654445003275,,,10789,40.2670419958001
2021,PR,41014,14ª RS Paranavaí,90.0729083952934,91.2098462426911,87.55612502707,70.2731655061596,72.3245262876968,71.2303175874032,75.0733920469709,69.3888444088604,77.2884974646384,71.2836936215639,23.305833824396,73.4987990392314,,,,,,,,,,,,,,,,,,,,18781,2985,6752.9375,1073.29321289062,20,564,202.793075561523,7.19124412536621,319,306,,,1.10026037693024,1.1470034122467,1.43330478668213,1.283367395401,136,2,48.9004592895508,0.719124376773834,14.4090957641602,25.1776071303243,1204.59792321016,760.670107002834,,,,1204.59792321016,760.670107002834,,,10883,36.1753009535589
2021,PR,41017,17ª RS Londrina,71.5571495130533,45.0459382710589,54.6119802567771,70.1434497061874,79.7442101624611,80.2454199792603,82.8378845489112,76.3135153819564,94.7286553750432,76.8406498444521,37.7030763912893,80.6429312132734,,,,,,,,,,,,,,,,,,,,63128,9076,6440.98876953125,926.029846191406,130,1670,170.391128540039,13.2639799118042,2023,2686,,,2.74054217338562,2.06407928466797,3.06675958633423,2.2859194278717,1051,179,107.234176635742,18.2634792327881,27.5244922637939,27.1117232954572,1285.30901804613,673.847600230645,,,,1285.30901804613,673.847600230645,,,33331,45.2262732910382
2021,PR,41008,8ª RS Francisco Beltrão,96.2374965586859,93.3748793802019,87.3729494634331,87.5,89.2770597738288,88.610662358643,91.2358642972536,87.7625201938611,87.7221324717286,88.9943457189015,77.9684975767367,83.1381260096931,,,,,,,,,,,,,,,,,,,,30863,4797,8548.9287109375,1328.75,36,622,172.291534423828,9.97185707092285,502,496,,,1.37390029430389,1.3905200958252,1.84146964550018,1.52673292160034,161,9,44.596363067627,2.49296426773071,10.7826242446899,26.8483459972262,1395.3801494371,838.96790078851,,,,1395.3801494371,838.96790078851,,,11061,29.3289133999601
2021,PR,41010,10ª RS Cascavel,90.7493779691935,55.5058973392057,69.5754312716854,94.8363636363636,84.54117930785,86.0122995297239,87.3990112142771,85.1440974315688,91.3662124683468,87.8813457132521,89.6581092590339,83.226817798143,,,,,,,,,,,,,,,,,,,,39402,3930,7065.595703125,704.73046875,67,1226,219.847213745117,12.0144891738892,1004,1410,,,2.52842235565186,1.80038011074066,2.9240038394928,2.02955198287964,564,100,101.136894226074,17.9320735931396,20.0620441436768,23.1057040736244,991.006627547398,630.208118026036,,,,991.006627547398,630.208118026036,,,19318,35.644896531937
2021,PR,41015,15ª RS Maringá,84.2972583619547,55.880593563398,65.9476213455346,74.0140656992789,81.8570283984688,81.963856494258,84.2606605537256,81.6700792308377,82.9342116976765,81.2516691889967,55.3013442535387,82.5378346915017,,,,,,,,,,,,,,,,,,,,53151,5669,6203.1201171875,661.614807128906,130,1425,166.308181762695,15.1719741821289,1757,2168,,,2.53021860122681,2.05055069923401,3.34705424308777,2.49144244194031,1133,163,132.229598999023,19.0233211517334,34.7526893615723,22.6094522040022,1202.98524645681,595.24511946655,,,,1202.98524645681,595.24511946655,,,16527,21.3750757139873
2021,PR,41001,1ª RS Paranaguá,60.0148753935642,71.1810929078393,47.409146699397,68.3290608249825,66.557911908646,70.2167326963412,72.4073642507574,68.8184572360755,74.1319039850851,72.1277091587043,17.7347937543696,64.1342344441855,,,,,,,,,,,,,,,,,,,,15397,2447,5089.17724609375,808.807983398438,14,273,90.2348098754883,4.62742614746094,209,300,,,0.991591334342957,0.690808594226837,1.54374241828918,0.836655139923096,112,12,37.0194091796875,3.96636533737183,19.8671932220459,21.2589795880967,1052.78063781651,717.42978715883,,,,1052.78063781651,717.42978715883,,,14368,47.0324547834365
2021,PR,41006,6ª RS União da Vitória,78.7686489701336,65.7958670684015,67.1940839491211,86.8160275743214,87.8069797501077,91.5984489444205,89.4442050840155,87.7638948728996,85.2649719948298,88.1085738905644,47.9711451758341,85.7389056441189,,,,,,,,,,,,,,,,,,,,12536,1744,6998.77734375,973.665283203125,22,253,141.248458862305,12.2824745178223,160,244,,,1.36223804950714,0.89327085018158,1.2551851272583,0.954962372779846,63,7,35.1725425720215,3.90806007385254,8.81825828552246,23.1112120584348,856.295672406111,582.832586528755,,,,856.295672406111,582.832586528755,,,8134,35.758844777436
2021,PR,41016,16ª RS Apucarana,94.3832695772481,82.5398669123986,91.8283799759431,83.0342577487765,78.6704730831974,79.0986949429037,80.4649265905383,78.0995106035889,79.1802610114192,80.0774877650897,18.542199488491,77.4469820554649,,,,,,,,,,,,,,,,,,,,24780,4371,6345.01171875,1119.2109375,94,885,226.607574462891,24.0690517425537,705,859,,,2.19950175285339,1.80517899990082,2.096440076828,1.97654294967651,208,13,53.2591819763184,3.3286988735199,13.1040630340576,23.7958026559391,1063.23476598004,537.369847370366,,,,1063.23476598004,537.369847370366,,,12535,31.5354109534674
2021,PR,41003,3ª RS Ponta Grossa,82.5353550443183,56.4733032068519,68.9440481525744,79.5023566809164,87.7671818480763,86.1339471665023,90.5075084950126,85.7722240491067,100,86.0352954072125,80.2586868354708,84.336292886112,,,,,,,,,,,,,,,,,,,,37034,4524,5716.68505859375,698.338928222656,61,776,119.785804748535,9.41615200042725,746,1078,,,1.66403472423553,1.15154910087585,1.74893450737,1.27372753620148,403,65,62.2083511352539,10.0336046218872,21.6208744049072,21.2355810957075,806.808999078917,502.462364014668,,,,806.808999078917,502.462364014668,,,24984,36.1272060423912
2021,PR,41022,22ª RS Ivaiporã,89.6767449719814,94.5613304306137,86.2697171420263,82.981220657277,84.3896713615024,82.2769953051643,85.093896713615,81.9835680751174,86.9718309859155,82.2183098591549,64.5539906103286,84.7417840375587,,,,,,,,,,,,,,,,,,,,11193,3069,8893.0732421875,2438.38500976562,32,500,397.260498046875,25.4246711730957,176,122,,,0.969315588474274,1.39835691452026,1.20270609855652,1.66154205799103,73,4,58.0000305175781,3.17808389663696,6.56035995483398,20.5915741884737,1156.04569233161,732.158903338645,,,,1156.04569233161,732.158903338645,,,8754,57.155424194753
2021,PR,41020,20ª RS Toledo,90.4535408141931,55.1569049112432,67.7742600280756,82.6477704804701,85.0328378845489,86.7957137919115,86.5710335292084,85.378499827169,88.5240235050121,86.8648461804355,48.1507086069824,83.8575872796405,,,,,,,,,,,,,,,,,,,,25625,3065,6325.17724609375,756.552856445312,30,592,146.127014160156,7.40508508682251,572,641,,,1.58221983909607,1.4119029045105,2.02047753334045,1.54149186611176,317,19,78.2470703125,4.68988752365112,30.3657855987549,25.0002005702408,1332.33420015917,858.715029360594,,,,1332.33420015917,858.715029360594,,,8107,21.7229288593453
2021,PR,41019,19ª RS Jacarezinho,90.1311177642643,79.8533773960848,83.7686083974764,75.9474091260634,88.631090487239,86.5429234338747,89.6107244135086,85.614849187935,96.5455014178912,87.4194379994844,69.9922660479505,83.3462232534158,,,,,,,,,,,,,,,,,,,,20900,3688,7203.39404296875,1271.10607910156,19,804,277.106658935547,6.54854011535645,311,360,,,1.24077606201172,1.071892619133,1.38243126869202,1.17908191680908,121,1,41.7038612365723,0.344660013914108,9.74767398834229,22.5994949647235,976.668112794962,605.238340806865,,,,976.668112794962,605.238340806865,,,14602,52.1408522063411
2021,PR,41005,5ª RS Guarapuava,82.7735741777467,73.8223845346396,77.6576714485654,81.3044098758384,82.4033109747395,81.7182817182817,83.0312544598259,80.3624946482089,82.5174825174825,81.7896389324961,36.7775082060796,77.6794633937491,,,,,,,,,,,,,,,,,,,,33621,5362,7341.53515625,1170.85485839844,46,937,204.60481262207,10.0446329116821,552,538,,,1.17478537559509,1.20535600185394,1.23696386814117,1.28800582885742,213,12,46.5110168457031,2.62033915519714,9.04781246185303,21.303616982832,854.502460473031,545.797614999989,,,,854.502460473031,545.797614999989,,,27892,50.7706853933566
2021,PR,41007,7ª RS Pato Branco,94.9911194021514,70.0412938491155,89.405837736397,89.9952358265841,89.4473558837542,89.1615054787994,90.8766079085279,88.2324916626965,84.7308242020009,88.4468794664126,81.9676036207718,83.8732729871367,,,,,,,,,,,,,,,,,,,,20653,3119,7653.3125,1155.79736328125,52,551,204.182220458984,19.2694644927979,473,538,,,1.99364852905273,1.7527801990509,2.39941906929016,1.91833078861237,175,4,64.8491592407227,1.48226654529572,19.255012512207,21.9808364362823,1569.01623341341,702.218438409783,,,,1569.01623341341,702.218438409783,,,10918,37.7546774773306
2021,PR,41013,13ª RS Cianorte,94.2898695408355,78.1393084493415,88.7436603748005,88.1173594132029,89.242053789731,88.8508557457213,90.7090464547677,86.6992665036675,91.5403422982885,86.2591687041565,77.7506112469438,86.601466992665,,,,,,,,,,,,,,,,,,,,12091,1781,7378.81494140625,1086.89685058594,16,263,160.501892089844,9.76437377929688,222,307,,,1.87353920936584,1.35480678081512,1.80030632019043,1.48418474197388,46,2,28.0725746154785,1.22054672241211,14.343864440918,24.3334534513433,1394.88068493918,716.716983976793,,,,1394.88068493918,716.716983976793,,,4254,28.5833053624719
2021,PR,41021,21ª RS Telêmaco Borba,90.0005270092227,85.5436100131752,83.6764163372859,69.3707354056103,70.1667930250189,71.9484457922669,72.3275208491281,68.081880212282,75.8150113722517,68.7263078089462,87.2630780894617,71.6451857467779,,,,,,,,,,,,,,,,,,,,11499,1169,6020.51318359375,612.051513671875,10,225,117.802894592285,5.23568439483643,156,146,,,0.764409899711609,0.816766738891602,1.11978197097778,0.897919833660126,106,12,55.4982528686523,6.28282117843628,16.6484298706055,20.1884065803108,1010.15288491743,664.297873508936,,,,1010.15288491743,664.297873508936,,,11197,58.871202165479
2021,PR,41004,4ª RS Irati,76.8211093063144,63.0235014823313,71.7096220907119,89.4782608695652,87.4347826086957,88.695652173913,88.2608695652174,88,92.2173913043478,91,84.0869565217391,88.5217391304348,,,,,,,,,,,,,,,,,,,,10496,1647,5923.71875,929.531677246094,20,285,160.847915649414,11.2875738143921,156,181,,,1.02152538299561,0.88043075799942,1.11281371116638,1.00022006034851,80,2,45.1502952575684,1.12875735759735,7.19244194030762,23.4617689869255,920.657338009409,593.173840956252,,,,920.657338009409,593.173840956252,,,9752,47.2118564672152
2021,PR,41009,9ª RS Foz do Iguaçu,98.7360763585575,74.9095611060936,80.7136899562241,73.0483823092906,70.5847432472544,72.5437815375482,73.8498070644108,69.6349065004452,76.4915405164737,72.6773523300683,63.8765212229148,70.0356188780053,,,,,,,,,,,,,,,,,,,,27955,3147,6884.55224609375,775.020080566406,54,564,138.89778137207,13.2987241744995,716,964,,,2.37406849861145,1.76331222057343,2.98704123497009,1.88410902023315,437,72,107.621154785156,17.731632232666,23.4412174224854,24.5831948108116,1516.06011661317,704.974806707978,,,,1516.06011661317,704.974806707978,,,17778,45.3754599141986
2021,RJ,33001,Baia da Ilha Grande,66.7254615738113,74.9972967858784,43.1331603276295,75.4405912450256,54.775440591245,55.9693007390563,59.5224559408755,51.6486640136441,59.4087549744173,53.5531552018192,71.6884593519045,50.3126776577601,,,,,,,,,,,,,,,,,,,,14545,2116,4843.69970703125,704.6591796875,12,446,148.52458190918,3.99617695808411,482,705,,,2.34775400161743,1.60513114929199,2.41985177993774,1.64825654029846,103,40,34.3005180358887,13.3205900192261,14.51611328125,28.0758284501463,2221.22841186886,1308.14472832838,,,,2221.22841186886,1308.14472832838,,,15183,64.2940620140066
2021,RJ,33007,Noroeste,92.0169882976501,95.0815215058226,87.6022059602137,66.7850378787879,61.4109848484849,62.6183712121212,64.3702651515152,60.3456439393939,60.1089015151515,60.2272727272727,63.7073863636364,56.0842803030303,,,,,,,,,,,,,,,,,,,,25711,4412,7333.61669921875,1258.44641113281,84,802,228.756591796875,23.9595432281494,563,838,,,2.39024949073792,1.60585987567902,2.35744786262512,1.51273131370544,511,55,145.753890991211,15.6877956390381,14.1660795211792,23.2375119863581,1680.04487640404,563.467168680408,,,,1680.04487640404,563.467168680408,,,22106,56.323530837928
2021,RJ,33002,Baixada Litorânea,63.2144243223402,56.0126671062045,56.2005227694624,63.5194996959958,48.962042908017,47.6331103969426,51.2551029271259,45.9914878832624,48.1195170676626,47.0511595587597,44.7494137062451,39.9982628333189,,,,,,,,,,,,,,,,,,,,37499,3550,4308.72412109375,407.903442382812,41,947,108.812553405762,4.71099758148193,1190,1562,,,1.79477512836456,1.36733829975128,1.9921487569809,1.26076638698578,474,93,54.4637260437012,10.6859216690063,17.8591613769531,24.9458373989234,1527.65330130792,570.387546853533,,,,1527.65330130792,570.387546853533,,,44921,55.4358545979336
2021,RJ,33003,Centro-Sul,96.3069826179994,97.373990727261,93.6760037184502,79.6323529411765,70.5392156862745,69.3382352941177,71.2990196078431,65.9558823529412,72.4019607843137,67.2549019607843,75.0245098039216,62.2058823529412,,,,,,,,,,,,,,,,,,,,20294,3278,5906.80224609375,954.099609375,51,805,234.304504394531,14.8441362380981,573,804,,,2.34013438224792,1.66778242588043,2.61591529846191,1.86337578296661,196,27,57.0480537414551,7.85866069793701,13.3012199401855,20.5695283370471,1704.38416496831,527.730365757681,,,,1704.38416496831,527.730365757681,,,22445,78.315289460663
2021,RJ,33004,Médio Paraíba,86.2341343017132,64.635980729705,72.4522572233653,69.7197865040031,69.3194815097217,67.6324818909645,70.548989706443,65.3640869233702,68.8524590163934,66.097979412886,47.4742661075105,62.199771254289,,,,,,,,,,,,,,,,,,,,58793,9199,6374.482421875,997.378356933594,107,1906,206.653244018555,11.6012048721313,1513,2541,,,2.7550151348114,1.64043200016022,3.1167938709259,1.81686246395111,1063,306,115.253089904785,33.1772766113281,29.3367366790771,23.0090666180211,1486.634391451,594.295273722827,,,,1486.634391451,594.295273722827,,,44725,66.4576371706938
2021,RJ,33005,Metropolitana I,47.5855732559659,48.2102119717472,39.6632446913155,60.4166666666667,55.8113619119879,55.6256322711179,57.8725657561963,55.8453464845726,58.8075366717248,56.1140617096611,49.0065440060698,54.2702010622155,,,,,,,,,,,,,,,,,,,,386064,46516,3647.04467773438,439.424377441406,976,12760,120.540351867676,9.22001457214355,19948,29305,,,2.76836585998535,1.8844348192215,2.94598340988159,2.00308346748352,13530,3754,127.814338684082,35.4630470275879,35.4970245361328,17.047706055202,865.245442727724,366.076141557753,,,,865.245442727724,366.076141557753,,,591467,56.7145126518716
2021,RJ,33009,Serrana,63.2839702080827,53.7756392209055,48.0971564587546,72.9678800856531,65.7644539614561,66.1498929336188,68.1884368308351,65.2591006423983,69.8758029978587,66.3468950749465,57.661670235546,65.2676659528908,,,,,,,,,,,,,,,,,,,,53589,7593,5461.8056640625,773.880676269531,104,2279,232.276321411133,10.5997095108032,1333,2562,,,2.61119747161865,1.35859727859497,2.71625185012817,1.42586469650269,1009,212,102.837562561035,21.6070995330811,20.7639122009277,21.8486243879155,1457.55851814175,503.750135002391,,,,1457.55851814175,503.750135002391,,,48890,56.4751920942477
2021,RJ,33008,Norte,62.9570882044388,48.9380414229805,37.5877636574176,50.8407517309594,52.6516016130259,52.217910674884,55.6874381800198,51.5787871870958,55.2537472418778,51.457049379898,38.1419767176444,49.6994597884806,,,,,,,,,,,,,,,,,,,,52365,7165,5429.64306640625,742.927429199219,163,1933,200.4296875,16.9012107849121,1446,2479,,,2.57043552398682,1.49933433532715,2.97240948677063,1.33921349048615,1216,292,126.085098266602,30.2770137786865,25.0125465393066,31.0459868430157,1777.98346755163,956.091883808869,,,,1777.98346755163,956.091883808869,,,71554,93.770612217812
2021,RJ,33006,Metropolitana II,70.814637611928,55.5666246531066,60.8701405592903,42.9035230114509,35.1862413899004,36.4146887202211,36.9982012021235,34.7650594480762,41.7013995524942,34.1947089018558,31.7334269293204,33.8086254551836,,,,,,,,,,,,,,,,,,,,92211,13569,4298.8310546875,632.580017089844,161,2425,113.052291870117,7.50574016571045,3238,4567,,,2.1291127204895,1.50953948497772,2.15960192680359,1.5325345993042,1880,453,87.6446685791016,21.1186351776123,29.0310840606689,20.4034260800865,1068.90827564864,404.454886364603,,,,1068.90827564864,404.454886364603,,,116167,56.0155536648757
2021,RN,24004,4ª Região de Saúde - Caicó,100,100,98.7945472499006,70.7389749702026,83.9094159713945,82.777115613826,84.8927294398093,80.9296781883194,81.585220500596,81.4064362336114,70.1728247914183,73.2717520858164,,,,,,,,,,,,,,,,,,,,16903,1997,5404.2041015625,638.478149414062,0,695,222.204452514648,0,416,366,,,1.17017030715942,1.33002960681915,1.11557829380035,1.38278317451477,104,30,33.2507400512695,9.59155941009521,4.13875770568848,25.4631949555952,986.590749942933,484.728643955542,,,,986.590749942933,484.728643955542,,,34006,98.0574950043961
2021,RN,24008,8ª Região de Saúde - Açu,100,100,100,77.5935828877005,73.048128342246,71.7647058823529,75.8288770053476,68.2887700534759,67.3262032085562,67.2192513368984,75.3475935828877,62.0320855614973,,,,,,,,,,,,,,,,,,,,7275,626,4548.58056640625,391.396759033203,0,175,109.416030883789,0,178,149,,,0.931599378585815,1.112917304039,0.982555985450745,1.140740275383,11,0,6.87757921218872,0,4.72739791870117,29.4964983776534,1090.94341311714,602.595140323653,,,,1090.94341311714,602.595140323653,,,21386,150.497549080905
2021,RN,24003,3ª Região de Saúde - João Câmara,99.5953014384272,100,99.5953014384272,79.395002192021,57.562472599737,58.1543182814555,60.0394563787812,57.0144673388865,58.5488820692679,58.4831214379658,76.4796142042964,49.5615957913196,,,,,,,,,,,,,,,,,,,,17973,1539,5034.60888671875,431.105712890625,0,408,114.289237976074,0,367,218,,,0.610663056373596,1.02804291248322,0.829927563667297,1.09303092956543,27,0,7.56325817108154,0,4.4457950592041,23.6009838700836,1132.39468492739,657.137355097226,,,,1132.39468492739,657.137355097226,,,49215,167.794164526078
2021,RN,24006,6ª Região de Saúde - Pau dos Ferros,100,98.7593337618333,100,68.6562296151337,77.9517286366601,80.7566862361383,79.4194390084801,81.6699282452707,87.866927592955,81.8003913894325,64.4487932159165,80.9523809523809,,,,,,,,,,,,,,,,,,,,14987,1753,5936.57421875,694.389404296875,6,894,354.126739501953,2.37668943405151,336,238,,,0.942753493785858,1.33094608783722,1.24518716335297,1.51414918899536,49,0,19.4096298217773,0,2.09148669242859,24.6143385353062,1158.77758375792,583.435519915109,,,,1158.77758375792,583.435519915109,,,37453,205.843891115935
2021,RN,24002,2ª Região de Saúde - Mossoró,90.2769622037104,91.1729687481017,86.6321898197457,79.1450993488061,67.9245283018868,66.2381031891802,70.6628819502421,64.0507597261646,70.0951744865587,64.5182835197863,77.8260143596594,57.0879946568709,,,,,,,,,,,,,,,,,,,,22630,1928,4542.9814453125,387.046783447266,73,1043,209.382675170898,14.6547794342041,649,697,,,1.3992303609848,1.3028701543808,1.32425010204315,1.2848025560379,319,75,64.0393829345703,15.0562801361084,14.8043384552002,28.5941059356453,1005.60279434357,518.427762984784,,,,1005.60279434357,518.427762984784,,,49314,86.4255848361174
2021,RN,24001,1ª Região de Saúde - São José de Mipibu,100,98.4413958663892,100,86.8855432613822,74.0250317431526,74.3152548521676,78.1244331579902,74.7505895156902,72.4288046435697,76.6551786686015,87.6473789225467,67.748957010702,,,,,,,,,,,,,,,,,,,,20537,1790,5254.56640625,457.986755371094,0,336,85.9684600830078,0,402,428,,,1.09507441520691,1.02855122089386,1.13908219337463,1.08049058914185,77,10,19.7011070251465,2.55858516693115,4.60596513748169,24.3092122142698,911.477108402799,409.461936394147,,,,911.477108402799,409.461936394147,,,55223,175.083217983784
2021,RN,24005,5ª Região de Saúde - Santa Cruz,100,100,100,100,60.559601379839,62.974319662706,62.169413568417,63.0893062476044,64.5074741280184,62.3227290149483,100,60.9428899961671,,,,,,,,,,,,,,,,,,,,11073,915,5439.99462890625,449.525421142578,0,286,140.507400512695,0,263,157,,,0.771316826343536,1.29207849502563,1.42349720001221,1.49792683124542,52,10,25.5468006134033,4.91284608840942,2.96735906600952,24.9710187453004,892.553210289383,481.302458758994,,,,892.553210289383,481.302458758994,,,31992,197.298023070725
2021,RN,24007,7ª Região de Saúde - Metropolitana,69.4712980476623,53.3666437065626,57.4445768598595,81.4191960623462,75.354506035392,74.2411812961444,78.4190788702684,71.1941872729404,70.4090003515762,71.6629555842025,80.3644673620063,64.1333645845541,,,,,,,,,,,,,,,,,,,,66611,7756,4805.20166015625,559.504333496094,284,3031,218.651062011719,20.4872646331787,2333,3903,,,2.8155562877655,1.68298554420471,2.98208737373352,1.74783778190613,1550,253,111.814300537109,18.2509784698486,31.6143741607666,31.8563990810531,997.356771946549,546.52527168796,,,,997.356771946549,546.52527168796,,,91460,63.4453808791778
2021,RO,11005,Zona da Mata,93.1973541579099,100,88.7728690573635,55.6508577194753,83.7537840565086,85.7214934409687,86.6296670030273,84.0565085771947,90.8678102926337,84.3087790110999,54.0363269424823,79.9192734611504,,,,,,,,,,,,,,,,,,,,9315,2013,6882.41162109375,1487.31018066406,0,255,188.407409667969,0,131,121,,,0.894011616706848,0.96789687871933,1.46773064136505,1.26713216304779,29,0,21.4267234802246,0,4.11393117904663,27.1575941228558,1008.08606011319,590.169728725244,,,,1008.08606011319,590.169728725244,,,7156,37.2445971406406
2021,RO,11001,Vale do Jamari,54.5926154154814,72.9584196157953,51.3682189150264,83.8467720332172,80.3375301366193,83.4449504420037,84.4896865791589,81.8912402893115,89.28475756764,80.4982587731047,86.4720064291455,76.4800428609697,,,,,,,,,,,,,,,,,,,,15945,2678,5614.37744140625,942.947814941406,7,401,141.195693969727,2.46476268768311,254,263,,,0.926046550273895,0.894356727600098,1.40940415859222,1.17146646976471,185,34,65.1401596069336,11.9717044830322,3.15665674209595,19.4811562360117,819.065454555403,348.806174927773,,,,819.065454555403,348.806174927773,,,12238,30.4325588109985
2021,RO,11003,Central,92.4792014283585,93.4677728068355,86.3426365604846,69.4909024076456,68.0205844513876,67.4324572688844,70.2628193346811,66.9546039331005,72.5418121668811,67.4692152177908,64.9696746921522,58.4451387612571,,,,,,,,,,,,,,,,,,,,22102,3376,6475.33447265625,989.083740234375,6,696,203.910629272461,1.75785028934479,349,394,,,1.15432167053223,1.02248287200928,1.74408042430878,1.29707372188568,263,18,77.0524368286133,5.27355098724365,6.59545421600342,21.9017230301303,918.442870074873,428.106195976253,,,,918.442870074873,428.106195976253,,,15155,32.2929955526388
2021,RO,11006,Cone Sul,89.0534855957047,88.2265434066518,87.1783332395757,95.2244897959184,89.469387755102,87.6326530612245,92.2448979591837,86.4081632653061,100,85.7551020408163,94.2040816326531,82.9795918367347,,,,,,,,,,,,,,,,,,,,11518,1769,7117.8291015625,1093.19677734375,10,374,231.122421264648,6.17974424362183,217,242,,,1.49549806118011,1.34100449085236,1.83862829208374,1.65416300296783,28,0,17.3032836914062,0,8.55276584625244,24.0339377908255,1257.99474907187,655.103626140798,,,,1257.99474907187,655.103626140798,,,5256,26.9619142375123
2021,RO,11002,Café,80.9371203794759,77.9672586336553,68.7892636084919,93.1323922167112,88.6684471575734,89.5841281953453,90.7287294925601,85.5017169019458,100,84.7386493704693,90.4235024799695,82.8309805417779,,,,,,,,,,,,,,,,,,,,12026,2474,6925.7041015625,1424.76232910156,27,485,279.308685302734,15.5491437911987,379,440,,,2.53393459320068,2.18263912200928,3.25970530509949,2.56978392601013,167,41,96.1743316650391,23.6116638183594,7.85116577148438,20.6802432410569,807.397656743045,422.510601112267,,,,807.397656743045,422.510601112267,,,7080,38.6438324608536
2021,RO,11004,Madeira-Mamoré,71.1854009653137,54.1782702176457,57.9096670232295,48.8213153724247,67.0859746434231,68.8391442155309,72.4346275752773,66.1747226624406,70.7706022187005,66.2440570522979,47.5237717908082,57.696117274168,,,,,,,,,,,,,,,,,,,,44022,6055,6600.46533203125,907.860046386719,158,1851,277.530792236328,23.6898250579834,1246,1497,,,2.24453592300415,1.86819756031036,3.41103506088257,2.39552116394043,744,127,111.552085876465,19.0418224334717,13.2414131164551,22.122182360925,776.473963947583,430.37756931364,,,,776.473963947583,430.37756931364,,,34063,41.4124488532175
2021,RO,11007,Vale do Guaporé,94.0600038963569,92.5404247029028,94.0600038963569,72.8693181818182,76.8465909090909,80.1136363636364,80.2556818181818,80.1136363636364,60.3693181818182,79.5454545454545,59.6590909090909,44.7443181818182,,,,,,,,,,,,,,,,,,,,2123,348,4067.90698242188,666.807189941406,0,100,191.611251831055,0,55,26,,,0.498189270496368,1.05386197566986,1.29672920703888,1.39397192001343,13,0,24.9094638824463,0,1.24930536746979,21.5931817302845,855.354751749153,481.956089231562,,,,855.354751749153,481.956089231562,,,3597,51.4493667247887
2021,RR,14001,Centro Norte,70.6508045768017,56.7103727603487,56.7356056543947,78.799784300131,49.6340805793082,52.7309144133734,56.7290655573531,48.5555812341114,64.016639704183,49.364455743009,80.1556120483784,47.8853709267391,,,,,,,,,,,,,,,,,,,,39375,6391,7047.1689453125,1143.83386230469,35,1267,226.762237548828,6.26415014266968,1029,820,,,1.46760094165802,1.84166014194489,1.91861975193024,2.06233716011047,141,23,25.2355766296387,4.11644172668457,5.36801862716675,18.1863073379223,707.636032897009,422.895083920942,,,,707.636032897009,422.895083920942,,,40039,105.399493498707
2021,RR,14002,Sul,98.4295351510813,100,98.4295351510813,25.4423428920073,59.4264795607077,65.6497864551556,67.4191580231849,61.9890176937157,89.1397193410616,64.4295302013423,24.4661378889567,53.2031726662599,,,,,,,,,,,,,,,,,,,,4979,1079,5298.04833984375,1148.14111328125,0,139,147.906951904297,0,123,54,,,0.574602544307709,1.30881690979004,0.864298045635223,1.56419587135315,2,0,2.12815761566162,0,0.38945284485817,21.3548999220863,712.420610542619,318.534318601693,,,,712.420610542619,318.534318601693,,,11544,188.323458681819
2021,RS,43022,Região 22 - Pampa,84.2380783163522,61.9885119044462,69.1264061779011,70.0493938033229,78.6721991701245,78.7136929460581,80.4564315352697,78.6721991701245,81.49377593361,78.7136929460581,66.1713286713287,75.6977243452125,,,,,,,,,,,,,,,,,,,,10343,1832,5480.2578125,970.688598632812,35,329,174.321258544922,18.5448150634766,198,286,,,1.515376329422,1.04910671710968,1.59670853614807,1.09056758880615,115,11,60.9329643249512,5.82837057113647,7.37129878997803,17.9226782235791,767.840547612095,468.753748068704,,,,767.840547612095,468.753748068704,,,12537,67.7296007036433
2021,RS,43018,Região 18 - Araucárias,92.8740024727436,71.5094975834551,82.4075531077891,72.3841059602649,83.6842105263158,83.0921052631579,85.2631578947368,78.6184210526316,90.2649006622517,78.8157894736842,62.2368421052632,84.1721854304636,,,,,,,,,,,,,,,,,,,,10635,1422,7954.732421875,1063.62292480469,0,272,203.449661254883,0,146,205,,,1.53335225582123,1.09204602241516,1.98793518543243,1.18367314338684,96,0,71.8057632446289,0,6.54404830932617,19.0288765475963,1110.75056703353,814.809728532605,,,,1110.75056703353,814.809728532605,,,4178,32.1596855505857
2021,RS,43001,Região 01 - Verdes Campos,59.3024450732015,41.7425399804979,42.4036483132032,32.3641928079572,74.6161137440758,74.8336818095419,77.8957345971564,71.6777251184834,75.8293838862559,71.7914691943128,28.0169100691776,71.4123222748815,,,,,,,,,,,,,,,,,,,,24429,2952,5565.16162109375,672.494018554688,30,986,224.620300292969,6.83428907394409,1055,1309,,,2.98202800750732,2.40339159965515,3.11968207359314,2.42896318435669,611,69,139.191680908203,15.718864440918,14.246075630188,18.620123184007,702.764958597275,461.70333694286,,,,702.764958597275,461.70333694286,,,17235,39.2664757621941
2021,RS,43013,Região 13 - Diversidade,86.2113446989506,88.868842171321,82.2891608269707,74.7810218978102,73.5401459854015,73.0656934306569,74.8540145985401,72.8102189781022,76.7153284671533,72.8467153284672,44.4983818770227,71.2773722627737,,,,,,,,,,,,,,,,,,,,15378,1839,6696.45166015625,800.804748535156,27,612,266.499450683594,11.7573289871216,367,449,,,1.9552001953125,1.59812581539154,2.25544762611389,1.63633716106415,307,21,133.685180664062,9.1445894241333,20.2813911437988,21.1858364744186,1178.13601300519,736.04167584706,,,,1178.13601300519,736.04167584706,,,7749,33.1318780373099
2021,RS,43014,Região 14 - Fronteira Noroeste,90.5225184853238,84.6228993950258,87.8337441183061,94.4700460829493,95.0037285607755,91.5361670395227,96.793437733035,91.834451901566,95.5630126771066,92.3937360178971,68.1801125703565,93.1021625652498,,,,,,,,,,,,,,,,,,,,17337,2713,7794.607421875,1219.74792480469,40,597,268.407501220703,17.9837512969971,381,321,,,1.44319605827332,1.71295237541199,1.69384467601776,1.78623616695404,248,6,111.49925994873,2.69756269454956,14.0178852081299,17.6873548368406,1444.71141056675,641.183657273012,,,,1444.71141056675,641.183657273012,,,6982,30.5452988225139
2021,RS,43003,Região 03 - Fronteira Oeste,79.1916239818073,53.2216297218072,65.2289646529929,79.5477903391572,76.1733470366564,76.121959575197,80.1301815690305,73.3984241178486,75.4196642685851,74.5632065775951,69.9212058924289,67.5573826652963,,,,,,,,,,,,,,,,,,,,28887,4522,6350.43798828125,994.103942871094,71,763,167.735809326172,15.6084432601929,462,564,,,1.23988199234009,1.01564800739288,1.46917223930359,1.04768931865692,335,8,73.6454696655273,1.75869786739349,7.84731006622314,17.4762032299765,757.798119161811,402.755118461065,,,,757.798119161811,402.755118461065,,,25597,53.3267946412476
2021,RS,43017,Região 17 - Planalto,78.2442784526168,48.1944013555115,57.0140562728206,85.2032215770744,84.9784603858401,83.1803708559655,87.0387713054879,79.1346694137479,85.334332271961,78.6476868327402,77.8858996374738,72.017231691328,,,,,,,,,,,,,,,,,,,,30580,4043,7255.162109375,959.209289550781,88,993,235.591094970703,20.8781642913818,796,1491,,,3.53742527961731,1.88852488994598,4.38038110733032,1.93840706348419,646,39,153.264709472656,9.25282287597656,18.3417053222656,20.4379662961476,1025.51469916868,714.424236779799,,,,1025.51469916868,714.424236779799,,,10325,29.1585127155137
2021,RS,43015,Região 15 - Caminho das Águas,92.7730381054992,96.4588051628224,89.4748125508476,96.3675213675214,98.974358974359,97.5213675213675,99.957264957265,96.6666666666667,98.6324786324786,96.5384615384615,82.2222222222222,92.4358974358974,,,,,,,,,,,,,,,,,,,,17824,2921,9839.95703125,1612.57373046875,26,535,295.353302001953,14.3536176681519,260,243,,,1.34151124954224,1.43536174297333,1.99487686157227,1.63106787204742,163,4,89.9861450195312,2.20824885368347,7.86081409454346,19.939774240834,1166.45210346866,749.259388251004,,,,1166.45210346866,749.259388251004,,,8591,49.8002031589001
2021,RS,43019,Região 19 - Botucaraí,98.5071825843655,91.1275463199918,90.3964923055925,87.8589007383101,99.8359310910582,100,100,96.4725184577523,96.0623461853979,95.8162428219852,45.9392945036915,96.8826907301066,,,,,,,,,,,,,,,,,,,,8113,1495,6924.83642578125,1276.05456542969,0,200,170.70964050293,0,107,119,,,1.01572239398956,0.913296580314636,1.30059409141541,1.03193974494934,66,0,56.3341827392578,0,8.677170753479,18.4548671241361,919.885361460163,601.758461663058,,,,919.885361460163,601.758461663058,,,6129,43.4627682275218
2021,RS,43026,Região 26 - Uva Vale,82.6050301357812,49.0718388848452,57.7093664416738,88.4777517564403,87.9156908665105,87.2131147540984,89.7423887587822,88.8524590163934,88.711943793911,89.03981264637,79.672131147541,83.5657370517928,,,,,,,,,,,,,,,,,,,,11067,1339,5749.0908203125,695.584411621094,8,274,142.337661743164,4.15584421157837,201,234,,,1.21558439731598,1.04415583610535,2.2270131111145,1.1759740114212,147,2,76.363639831543,1.03896105289459,42.5802612304688,17.2033067702696,1102.73608270399,590.183257406918,,,,1102.73608270399,590.183257406918,,,2634,19.4099376623377
2021,RS,43010,Região 10 - Capital e Vale do Gravataí,75.2342400282475,19.3844394843146,49.8871360294581,73.5607597270883,72.3806011432786,73.7119675456389,76.4632122441453,71.1266826479808,70.3190116171861,71.1893785727457,71.2815784621058,67.5050709939148,,,,,,,,,,,,,,,,,,,,144737,24456,6060.44482421875,1024.02453613281,570,5105,213.757171630859,23.8671073913574,5530,10794,,,4.51967668533325,2.31552815437317,5.61744832992554,2.43477988243103,2857,426,119.628646850586,17.8375225067139,34.6857757568359,19.0384117812366,1209.38990602775,466.257276678724,,,,1209.38990602775,466.257276678724,,,86239,46.6096614052953
2021,RS,43021,Região 21 - Sul,86.2282541668985,58.2925170145281,56.4534830240832,67.163098562416,67.3802875168063,66.1598924397559,71.2793463646706,66.2426310890475,73.4822629020581,66.3770813941462,45.6096804219671,43.8514841245217,,,,,,,,,,,,,,,,,,,,47060,6407,5334.91748046875,726.324157714844,137,1819,206.209411621094,15.5308904647827,1704,2293,,,2.59944009780884,1.93172526359558,3.09665536880493,1.93453109264374,520,26,58.9493637084961,2.94746828079224,14.5238761901855,20.4851370075336,898.471559859423,472.897014566227,,,,898.471559859423,472.897014566227,,,36378,32.9412399545183
2021,RS,43029,Região 29 - Vales e Montanhas,88.1280829362094,65.9793451524472,78.2767679167822,81.2204867417363,86.1944344054933,87.9653053848934,89.1940730032526,86.9172388868811,88.0014456089628,86.8088182146729,70.4372967112396,83.194795807734,,,,,,,,,,,,,,,,,,,,16180,2139,7079.41357421875,935.900268554688,25,543,237.584777832031,10.9385251998901,406,538,,,2.3539707660675,1.77641654014587,2.98326396942139,2.00229716300964,192,6,84.0078735351562,2.62524604797363,26.8260765075684,19.8203654503996,1479.72120957676,761.923700923328,,,,1479.72120957676,761.923700923328,,,3695,18.9921373878801
2021,RS,43009,Região 09 - Carbonífera/Costa Doce,79.4316881991018,48.8276161005623,57.1283397348681,70.286447199658,76.0367678495083,76.4429243266353,79.1363830696879,75.908507909363,73.0226592560924,78.516460025652,68.0632749038051,74.5831551945276,,,,,,,,,,,,,,,,,,,,23706,3569,5681.41796875,855.352233886719,0,429,102.814826965332,0,410,573,,,1.37326097488403,0.982612550258636,1.4213730096817,1.15774524211884,104,0,24.9248065948486,0,16.0374355316162,19.3980813730347,758.649867564735,511.473838129836,,,,758.649867564735,511.473838129836,,,20143,50.5065319768487
2021,RS,43007,Região 07 - Vale dos Sinos,77.2338742585264,35.9741380238779,43.9287419510403,82.6038273615635,72.1905537459283,70.9588762214984,74.6946254071661,70.0223941368078,69.7170195439739,71.5187296416938,79.1225570032573,68.4751628664495,,,,,,,,,,,,,,,,,,,,46989,6228,5586.001953125,740.3779296875,65,953,113.291618347168,7.72712993621826,892,1634,,,1.94248163700104,1.06040000915527,2.44843029975891,1.12373268604279,395,63,46.9571762084961,7.48937225341797,26.5539855957031,24.9156386489316,1053.93355395323,548.217659343731,,,,1053.93355395323,548.217659343731,,,22565,32.1701870678751
2021,RS,43016,Região 16 - Alto Uruguai Gaúcho,96.7294137871755,67.4342444559051,79.5311156953756,43.3270321361059,87.6748582230624,86.9187145557656,89.2627599243856,85.7466918714556,87.9773156899811,86.2759924385633,67.7572105036591,42.4952741020794,,,,,,,,,,,,,,,,,,,,17207,2028,7403.0888671875,872.520751953125,28,542,233.188491821289,12.0466375350952,309,506,,,2.17699956893921,1.32943248748779,2.10945224761963,1.4041862487793,242,14,104.117370605469,6.02331876754761,15.7746419906616,19.3271291721451,1135.73549364219,802.231455641318,,,,1135.73549364219,802.231455641318,,,5563,24.487622079766
2021,RS,43004,Região 04 - Belas Praias,83.7488633850237,55.3869406011157,70.1051829642919,65.3434433541481,67.6638803343599,67.6638803343599,70.4355477342719,66.4760228772547,70.3475582930048,66.7399912010559,61.6366036075671,63.5283765948086,,,,,,,,,,,,,,,,,,,,11097,1290,6740.201171875,783.532470703125,15,173,105.078384399414,9.11084270477295,246,277,,,1.6824688911438,1.49417817592621,1.93408000469208,1.571164727211,39,0,23.6881904602051,0,8.27689647674561,21.6696596275381,1267.76391511458,900.712485432667,,,,1267.76391511458,900.712485432667,,,5818,40.8298823486537
2021,RS,43027,Região 27 - Jacuí Centro,75.6806845290905,75.3938210997417,58.8212968987205,90.3812056737589,87.7216312056738,89.4503546099291,89.1843971631206,87.7659574468085,93.6170212765958,80.1418439716312,41.1738148984199,86.7021276595745,,,,,,,,,,,,,,,,,,,,14822,2887,7310.15625,1423.85791015625,15,342,168.673156738281,7.39794540405273,254,389,,,1.91853380203247,1.2527186870575,1.9835125207901,1.34198725223541,195,5,96.1732864379883,2.46598172187805,6.54816818237305,18.4357012153016,1009.51036534066,467.903868562084,,,,1009.51036534066,467.903868562084,,,10527,46.2515153458046
2021,RS,43005,Região 05 - Bons Ventos,85.8341033477859,60.7242456297325,59.7475467548594,83.6243016759776,83.3449720670391,86.1033519553073,87.8491620111732,79.7486033519553,89.7346368715084,80.8310055865922,72.9748603351955,78.4217877094972,,,,,,,,,,,,,,,,,,,,15483,2562,6400.181640625,1059.04968261719,19,368,152.119552612305,7.8539981842041,308,370,,,1.52946281433105,1.27317440509796,2.32220005989075,1.48099541664124,57,1,23.5619945526123,0.413368344306946,8.56375217437744,26.6690079124749,1062.86141345478,734.943695197623,,,,1062.86141345478,734.943695197623,,,10775,52.4969803443358
2021,RS,43008,Região 08 - Vale do Caí e Metropolitana,79.1552377074603,51.9274043573213,59.0489914648171,77.1178776002412,80.6351120490403,80.5245703949352,84.3432820822028,78.5046728971963,77.7208320771782,78.7257562054065,60.7476635514019,77.0173851874184,,,,,,,,,,,,,,,,,,,,56945,8130,7228.22900390625,1031.96948242188,120,1455,184.688262939453,15.2320213317871,1229,2392,,,3.03624963760376,1.5600129365921,3.11881995201111,1.69075441360474,297,13,37.6992530822754,1.65013563632965,29.8910655975342,19.7410521354816,1513.47668067038,652.672691781763,,,,1513.47668067038,652.672691781763,,,25025,36.5356898963461
2021,RS,43020,Região 20 - Rota da Produção,93.6763984298332,81.6124877330716,89.9963199214917,80.3958529688973,81.3258636788049,79.6451914098973,82.9131652661064,79.7385620915033,86.6479925303455,79.5051353874883,61.2978524743231,81.5592903828198,,,,,,,,,,,,,,,,,,,,12927,2140,7936.27392578125,1313.81030273438,0,411,252.325256347656,0,224,190,,,1.16646718978882,1.37520337104797,1.45378637313843,1.4840224981308,102,0,62.6208686828613,0,4.78128719329834,18.2898405988713,1160.42174075549,730.20983848534,,,,1160.42174075549,730.20983848534,,,9356,74.9658225128158
2021,RS,43025,Região 25 - Vinhedos e Basalto,81.3351664281773,40.3505326262825,47.3736551848838,90.530612244898,87.7216550241805,85.169263836647,88.8769478774852,85.0349274583557,97.2864051585169,85.3573347662547,70.3824247355574,50.9940891993552,,,,,,,,,,,,,,,,,,,,17446,1820,5387.3779296875,562.021545410156,27,473,146.063842773438,8.33768272399902,361,879,,,2.71437883377075,1.11477899551392,2.82824993133545,1.09208202362061,323,28,99.7433853149414,8.64648532867432,34.601245880127,19.8017678977548,1272.33319649959,717.747118146636,,,,1272.33319649959,717.747118146636,,,3261,12.0848837819727
2021,RS,43012,Região 12 - Portal das Missões,93.6896984095559,88.7382036560417,82.866099122286,100,100,100,100,100,97.7520873474631,82.9800899165061,62.9191321499014,95.1188182402055,,,,,,,,,,,,,,,,,,,,8479,1276,5607.28515625,843.837219238281,8,332,219.556396484375,5.29051542282104,242,288,,,1.90458559989929,1.60038089752197,1.90326297283173,1.65212881565094,193,12,127.633682250977,7.93577337265015,11.5425825119019,20.884791645752,1181.71094819752,835.934321351896,,,,1181.71094819752,835.934321351896,,,5964,38.4765034983533
2021,RS,43024,Região 24 - Campos de Cima da Serra,94.6979838951386,78.8698623294104,70.7205227086539,83.768115942029,85.0724637681159,86.3768115942029,88.695652173913,81.231884057971,87.0289855072464,85.1449275362319,93.768115942029,85.5072463768116,,,,,,,,,,,,,,,,,,,,6868,825,6842.95458984375,821.991516113281,8,151,150.449356079102,7.97082662582397,96,147,,,1.46463942527771,0.956499218940735,1.90228760242462,1.10296320915222,43,2,42.8431930541992,1.99270665645599,12.1694593429565,19.5432524261853,1282.81147922532,721.30671512589,,,,1282.81147922532,721.30671512589,,,4660,60.1673973257876
2021,RS,43030,Região 30 - Vale da Luz,81.9828742077036,55.6131155533886,52.1148220380302,99.7932460372157,97.2432804962095,97.1743625086147,100,94.6243969676085,100,95.3824948311509,55.1343900758098,96.8986905582357,,,,,,,,,,,,,,,,,,,,9170,941,6934.36181640625,711.585021972656,14,240,181.488204956055,10.5868120193481,168,278,,,2.10223841667175,1.27041745185852,1.97103750705719,1.38876283168793,81,6,61.252269744873,4.5372052192688,24.8086814880371,22.3088594647385,1257.16893947538,695.817999354977,,,,1257.16893947538,695.817999354977,,,2725,23.344056261343
2021,RS,43011,Região 11 - Sete Povos das Missões,94.1448609040786,81.3336685763546,80.2374238968409,73.6376604850214,77.7460770328103,77.2325249643367,80.2853067047076,77.3751783166904,80.6847360912981,77.0042796005706,60.228245363766,75.6918687589158,,,,,,,,,,,,,,,,,,,,20363,2943,7345.29736328125,1061.59252929688,25,547,197.312652587891,9.01794528961182,374,410,,,1.47894310951233,1.34908473491669,2.21985745429993,1.44909369945526,220,12,79.3579254150391,4.32861375808716,9.76787853240967,16.7795353337675,989.162081612364,524.418744416909,,,,989.162081612364,524.418744416909,,,11900,35.8056380196591
2021,RS,43002,Região 02 - Entre Rios,89.8897748210471,90.359373216586,86.738736975982,17.7352206494588,36.3416599516519,35.4552780016116,37.3086220789686,36.3416599516519,36.7445608380338,36.6639806607575,54.7044129891757,36.8251410153102,,,,,,,,,,,,,,,,,,,,7506,1309,6137.3671875,1070.31884765625,9,264,215.862640380859,7.35895347595215,123,163,,,1.33278822898865,1.0057235956192,1.33892071247101,1.14288628101349,103,1,84.2191314697266,0.817661464214325,5.67048263549805,19.8082345049976,921.422614573003,637.461548666092,,,,921.422614573003,637.461548666092,,,6593,48.3698691741619
2021,RS,43006,Região 06 - Vale do Paranhana e Costa Serra,80.8533200393749,52.7809580944575,67.6745571379685,61.4004222378607,65.2709359605911,64.0394088669951,66.643209007741,63.5467980295566,58.3040112596763,63.8986629134412,74.5249824067558,50.531236719082,,,,,,,,,,,,,,,,,,,,16712,2006,7009.94970703125,841.428833007812,8,518,217.278228759766,3.35564827919006,200,291,,,1.22061705589294,0.838912069797516,1.66870105266571,1.15277004241943,51,20,21.3922576904297,8.38912105560303,10.6311140060425,20.7499860426857,730.302237446809,435.800657489362,,,,730.302237446809,435.800657489362,,,5588,24.7403567054244
2021,RS,43028,Região 28 - Vinte e Oito,93.3063253583369,59.0724430893273,58.2939113153224,65.9677831756584,65.5331117361289,68.2178470979289,68.2689849143442,68.6525185374584,67.2973664024546,68.8570698031194,28.907867494824,60.4704679110202,,,,,,,,,,,,,,,,,,,,23277,3340,6558.970703125,941.141967773438,33,561,158.078048706055,9.29870796203613,465,749,,,2.11052489280701,1.31027257442474,3.13458061218262,1.41551697254181,224,6,63.1185035705566,1.69067418575287,18.2857685089111,20.2340466425969,1195.24246169166,534.793231130331,,,,1195.24246169166,534.793231130331,,,12228,32.5778273708888
2021,RS,43023,Região 23 - Caxias e Hortênsias,65.7050981165879,23.4609466862481,34.5311836203454,78.8911704312115,82.2861054072553,82.3408624229979,83.8193018480493,82.0260095824778,84.435318275154,82.984257357974,84.2299794661191,83.6413415468857,,,,,,,,,,,,,,,,,,,,27946,2984,4395.69775390625,469.360992431641,69,756,118.91316986084,10.8531866073608,1013,2147,,,3.37707114219666,1.5933735370636,3.19256711006165,1.68778836727142,677,113,106.487060546875,17.7740592956543,42.9677658081055,25.2976102113908,1231.80455802044,697.74999842176,,,,1231.80455802044,697.74999842176,,,11306,21.6384567712872
2021,SC,42008,Meio Oeste,97.7665158371041,83.6157724628313,87.7709114414997,85.7787810383747,88.9014296463506,89.992475545523,91.5349887133183,88.1489841986456,91.04589917231,88.2242287434161,72.844663881504,81.8660647103085,,,,,,,,,,,,,,,,,,,,14470,1923,7444.14306640625,989.294250488281,10,423,217.613861083984,5.14453554153442,248,440,,,2.26359581947327,1.27584481239319,2.66345477104187,1.48239803314209,127,15,65.3356018066406,7.71680355072021,18.9653301239014,22.3237315067096,1236.3639813982,834.906831039735,,,,1236.3639813982,834.906831039735,,,3787,23.595603479764
2021,SC,42003,Xanxerê,97.6777910308886,81.9390345906191,91.4461343535479,78.9793849273403,87.4957755998648,87.7323420074349,89.624873267996,88.3068604258195,86.44812436634,89.0165596485299,50.2534640081108,66.0696181142278,,,,,,,,,,,,,,,,,,,,17547,2048,8644.4814453125,1008.94152832031,20,416,204.941253662109,9.85294437408447,233,325,,,1.60110354423523,1.14786803722382,1.69975614547729,1.26807403564453,75,3,36.948543548584,1.4779417514801,13.4817848205566,21.3430252643366,1145.42801594327,733.828701812142,,,,1145.42801594327,733.828701812142,,,7465,43.2042515456807
2021,SC,42004,Alto Vale do Itajaí,96.8658142391568,88.614733169772,94.4673215777787,76.5268579838116,85.5776306107432,88.1530537159676,88.3247485896492,86.8285504047093,87.7606082904096,89.4775570272259,71.4495952906549,83.8852097130243,,,,,,,,,,,,,,,,,,,,19345,2705,6386.1748046875,892.975036621094,45,695,229.433517456055,14.8554077148438,395,452,,,1.49214315414429,1.30397462844849,1.72570312023163,1.52878654003143,153,6,50.5083847045898,1.98072099685669,7.69774198532104,19.072487056046,1170.70594716289,564.927620886371,,,,1170.70594716289,564.927620886371,,,3760,16.243981909415
2021,SC,42002,Oeste,100,89.616165889669,96.321668876974,92.981212336051,75.9836937256292,76.0900389932648,77.7915632754342,75.7355547678128,77.4016306274371,77.1712158808933,92.2190712513293,72.5983693725629,,,,,,,,,,,,,,,,,,,,26092,2923,7004.3193359375,784.670593261719,28,599,160.799758911133,7.51651620864868,662,1047,,,2.81064009666443,1.77711915969849,2.66957116127014,1.93664383888245,253,15,67.9170913696289,4.02670526504517,16.6308288574219,23.2215562832614,1496.85344120855,754.711878580081,,,,1496.85344120855,754.711878580081,,,7118,20.266530295587
2021,SC,42007,Grande Florianópolis,91.5836610850582,58.7832445997226,84.0185954194748,33.8817831863902,84.8163973001424,80.9461886184903,86.9465601585238,81.7016533531488,86.7298284723512,82.96488946684,33.1677635663728,83.5469688525605,,,,,,,,,,,,,,,,,,,,68724,8568,5504.65771484375,686.280029296875,156,2051,164.28108215332,12.4952945709229,2415,4544,,,3.63965487480164,1.93436765670776,3.82201814651489,1.9762589931488,1245,200,99.7220611572266,16.0196075439453,27.0296440124512,23.0895641639638,930.891093569446,612.470643551344,,,,930.891093569446,612.470643551344,,,21470,20.2487436622426
2021,SC,42010,Alto Uruguai Catarinense,99.23936428621,62.8947185786661,80.5933791380387,90.5480140774258,91.3216957605985,91.1221945137157,93.7655860349127,91.3715710723192,94.8628428927681,96.6084788029925,81.9451371571072,80.498753117207,,,,,,,,,,,,,,,,,,,,12226,1078,8463.53515625,746.253173828125,20,363,251.289321899414,13.845142364502,210,276,,,1.91062963008881,1.4537398815155,2.14288187026978,1.56675088405609,135,3,93.4547119140625,2.07677125930786,28.9010410308838,21.6659485099349,1439.37736609193,837.298848439305,,,,1439.37736609193,837.298848439305,,,1894,14.3692014814302
2021,SC,42001,Extremo Oeste,100,97.6773534449085,98.747462086905,74.8827863362358,90.4950495049505,89.8019801980198,91.6831683168317,89.7689768976898,93.5313531353135,90.7260726072607,56.6722129783694,90.0990099009901,,,,,,,,,,,,,,,,,,,,18757,2812,8032.63232421875,1204.23107910156,20,554,237.248947143555,8.56494331359863,359,334,,,1.43034565448761,1.53740739822388,1.89831268787384,1.71609354019165,117,0,50.1049194335938,0,8.31184959411621,19.158554214333,1117.01806637322,695.578963827325,,,,1117.01806637322,695.578963827325,,,4322,20.870425249454
2021,SC,42013,Serra Catarinense,97.6797184674122,99.0349240758304,87.8483114645322,58.8338338338338,71.4464464464464,73.8738738738739,75.1251251251251,71.0960960960961,71.996996996997,71.4964964964965,54.0540540540541,66.8918918918919,,,,,,,,,,,,,,,,,,,,21458,3865,7462.38037109375,1344.11877441406,36,715,248.653274536133,12.5196056365967,456,581,,,2.02052521705627,1.5858166217804,3.09434223175049,1.7536141872406,225,28,78.2475357055664,9.73747062683105,12.556468963623,21.4736965392442,1148.32149391662,589.306508075319,,,,1148.32149391662,589.306508075319,,,12690,49.3346838277998
2021,SC,42006,Médio Vale do Itajaí,96.0160979738928,52.7766777385614,94.2959116492503,43.8563698967044,89.8868666994589,88.4013772749631,92.562715199213,88.2538121003443,92.5528775209051,89.4638465322184,40.5509099852435,75.8976881455976,,,,,,,,,,,,,,,,,,,,49286,5663,6006.9423828125,690.202392578125,76,1117,136.13916015625,9.26282501220703,1303,2158,,,2.63015484809875,1.58808708190918,3.22041630744934,1.8597559928894,579,55,70.5680999755859,6.70336055755615,24.6726322174072,24.1169507101376,1256.3117664254,639.105007788838,,,,1256.3117664254,639.105007788838,,,8351,14.6579884555945
2021,SC,42011,Nordeste,82.7441093361679,52.3982538895971,72.7485162222584,89.367514183652,90.754158587611,92.1420553117665,93.6013878967242,92.0400040820492,90.8255944484131,93.7238493723849,83.4983161547097,90.8051842024696,,,,,,,,,,,,,,,,,,,,62405,7919,5810.001953125,737.271179199219,137,1413,131.552490234375,12.7549123764038,1596,2700,,,2.51374173164368,1.48590075969696,2.7003173828125,1.60306894779205,753,98,70.10546875,9.12395191192627,31.8396129608154,31.728594028988,1481.06517237435,908.552966363237,,,,1481.06517237435,908.552966363237,,,16997,20.3616762375058
2021,SC,42014,Extremo Sul Catarinense,95.5616987963597,71.8783638320775,89.2450337606419,78.4810126582279,68.1012658227848,70.4520795660036,70.7414104882459,66.6546112115732,83.9783001808318,68.7160940325497,67.7396021699819,84.7739602169982,,,,,,,,,,,,,,,,,,,,15504,2243,7513.55712890625,1087.00390625,10,394,190.940505981445,4.84620571136475,274,450,,,2.18079257011414,1.3278603553772,1.39655530452728,1.33270657062531,79,0,38.285026550293,0,8.90344905853271,20.2651094804502,779.478628740562,492.245557230106,,,,779.478628740562,492.245557230106,,,5306,27.8954673438431
2021,SC,42016,Laguna,98.7139137265029,97.6801489180843,95.6279522687412,87.1805526698525,85.9754830666944,87.5129856638271,89.6945771867858,85.3521712029919,87.7415333471847,85.6014959484729,82.6927072511947,78.9528360689798,,,,,,,,,,,,,,,,,,,,30218,4905,8064.73583984375,1309.07165527344,30,727,194.025512695312,8.00655460357666,542,688,,,1.83616983890533,1.44651758670807,2.19446325302124,1.60564780235291,265,24,70.7245635986328,6.40524387359619,19.6755275726318,20.3554639480423,851.264640809663,509.140483639145,,,,851.264640809663,509.140483639145,,,6922,23.2511416012576
2021,SC,42009,Alto Vale do Rio do Peixe,90.9245374615675,51.6616996601758,76.7705917255515,79.8517832329782,84.4603983325614,86.7299675775822,88.9763779527559,86.7994441871237,79.8749421028254,89.9722093561834,67.2253258845438,65.9213932690045,,,,,,,,,,,,,,,,,,,,21468,2761,7196.37158203125,925.525512695312,56,628,210.514312744141,18.7719783782959,348,454,,,1.52187097072601,1.16654431819916,1.75869965553284,1.33582735061646,168,2,56.3159332275391,0.670427739620209,17.0208206176758,21.070459496148,948.966030960172,618.686416928059,,,,948.966030960172,618.686416928059,,,9732,40.3256435268523
2021,SC,42005,Foz do Rio Itajaí,92.3777546374114,63.8153453426369,76.3489968104558,51.2024967872223,77.3912245272627,77.2443546906554,80.2001101523775,73.7470167064439,77.0974848540481,74.7200293739673,47.8153111804663,73.71947861208,,,,,,,,,,,,,,,,,,,,39743,4770,5315.22509765625,637.939331054688,59,766,102.444763183594,7.89065408706665,1069,1986,,,2.65607452392578,1.4296795129776,3.22781252861023,1.66917431354523,363,38,48.5475845336914,5.08211612701416,21.4518795013428,26.4322900751371,1691.37214124685,1075.78986356108,,,,1691.37214124685,1075.78986356108,,,12612,19.2982961536404
2021,SC,42015,Carbonífera,94.1472463610934,79.573995996186,86.6909335755505,66.3203152991759,69.9570046578287,72.3038337513436,73.1995700465783,69.1329272662128,73.4324614833393,70.2436402723038,68.0401289860265,72.9666786098173,,,,,,,,,,,,,,,,,,,,27707,4457,6199.79345703125,997.310363769531,50,729,163.123016357422,11.1881351470947,745,1071,,,2.39649868011475,1.667032122612,2.59564733505249,1.79295456409454,338,38,75.6317977905273,8.50298309326172,22.7683601379395,22.8465514841272,1181.18684370764,548.334987812838,,,,1181.18684370764,548.334987812838,,,8294,26.0371736980367
2021,SC,42012,Planalto Norte,89.8552968186291,69.0085929813054,75.3579534273532,79.9125769918538,87.8203854559905,88.5356646135506,88.3767136896483,86.4891714683092,89.1714683091596,88.9926485197695,58.692628650904,85.6745479833101,,,,,,,,,,,,,,,,,,,,26696,3305,6967.8515625,862.629211425781,57,644,168.088714599609,14.8774175643921,434,855,,,2.23161268234253,1.13277184963226,1.70711851119995,1.24905061721802,176,2,45.9372901916504,0.522014677524567,12.1438884735107,23.3374086179902,973.379815843136,551.883289604541,,,,973.379815843136,551.883289604541,,,9573,27.139644142604
2021,SE,28007,Propriá,100,100,100,93.4600088378259,78.1705700397702,80.1148917366328,81.661511268228,80.1590808661069,79.2311091471498,81.0428634555899,93.3274414494035,60.4065399911622,,,,,,,,,,,,,,,,,,,,7577,1229,4722.6669921875,766.023193359375,0,127,79.1578140258789,0,171,135,,,0.84144127368927,1.0658255815506,1.09776926040649,1.11989605426788,7,0,4.36302900314331,0,2.64337229728699,19.0157286864298,783.197420749189,397.124416652551,,,,783.197420749189,397.124416652551,,,26867,185.202999270751
2021,SE,28001,Aracaju,79.21682113823,71.0379019723535,72.8154537377374,80.0120461194287,72.9736706246773,73.5157459989675,76.097057305111,71.8981242471175,77.6458440887971,72.4574083634486,83.1526415419033,69.1705386336259,,,,,,,,,,,,,,,,,,,,32460,3609,3684.02709960938,409.601165771484,225,1749,198.501647949219,25.5362319946289,1881,3322,,,3.77028274536133,2.13482904434204,3.70720839500427,2.27303671836853,1008,180,114.402320861816,20.4289855957031,29.2208271026611,19.6659396424015,896.059659952285,431.981892157159,,,,896.059659952285,431.981892157159,,,62693,56.3304899211328
2021,SE,28002,Estância,97.7093656736008,100,93.5299272667063,47.4488325165754,60.420870567887,60.6803113289132,62.3810896511963,59.9596425482848,64.7160565004324,60.3343903142116,47.7082732776016,58.6336119919285,,,,,,,,,,,,,,,,,,,,10881,1179,4371.2490234375,473.642333984375,0,217,87.1759033203125,0,212,133,,,0.534303903579712,0.851672410964966,0.847253382205963,0.955620646476746,31,10,12.4537000656128,4.0173225402832,3.15199136734009,18.5716405813454,663.008973656215,295.080483510772,,,,663.008973656215,295.080483510772,,,39042,158.094857023485
2021,SE,28003,Itabaiana,96.700740024602,100,92.8131545955803,85.7223317375387,75.7814700084483,76.0067586595325,77.7809067868206,74.9647986482681,77.1332019149535,74.6831878344128,86.5671641791045,64.0664601520698,,,,,,,,,,,,,,,,,,,,11418,1018,4459.076171875,397.559967041016,10,167,65.2185821533203,3.9053041934967,199,164,,,0.640469908714294,0.777155518531799,1.13517427444458,0.892557263374329,45,0,17.5738697052002,0,3.83657073974609,19.2622682622022,752.483629437709,323.457122446154,,,,752.483629437709,323.457122446154,,,33893,92.3548398434754
2021,SE,28005,Nossa Senhora da Glória,89.7656733169938,100,89.7656733169938,88.9798957557707,73.0826507818317,72.4869694713328,75.2792256142964,69.8808637379002,86.9964973730298,70.5882352941177,88.01191362621,72.9859894921191,,,,,,,,,,,,,,,,,,,,5887,494,3343.19580078125,280.539947509766,0,139,78.9373550415039,0,182,96,,,0.545178830623627,1.03356826305389,0.728608846664429,1.04677176475525,0,0,0,0,1.67926442623138,18.5325798212848,687.806593467525,333.519752678546,,,,687.806593467525,333.519752678546,,,32815,239.446836542885
2021,SE,28006,Nossa Senhora do Socorro,100,95.0627507163324,98.8418338108882,79.0557129367328,70.8593012275732,72.2379603399433,74.9386213408876,69.0084985835694,73.2389046270066,69.367327667611,79.5278564683664,64.6836638338055,,,,,,,,,,,,,,,,,,,,15697,2186,4454.38916015625,620.328369140625,0,146,41.4308967590332,0,269,214,,,0.607274830341339,0.763350129127502,0.928718984127045,0.942836701869965,0,0,0,0,7.91869306564331,24.7688506347714,741.347661139779,422.195780830799,,,,741.347661139779,422.195780830799,,,47977,118.430313796489
2021,SE,28004,Lagarto,100,100,95.0961237588625,68.9582786670165,72.2120178430858,72.3169771713461,73.9700865914458,72.1857780110207,77.4337444240357,72.4219364996064,67.9086853844135,68.9582786670165,,,,,,,,,,,,,,,,,,,,11487,1302,4359.93896484375,494.179534912109,10,198,75.151725769043,3.79554176330566,302,202,,,0.766699433326721,1.14625358581543,1.25613451004028,1.28479087352753,17,0,6.45242118835449,0,4.61955404281616,17.1224228608432,535.106367271137,222.664519212322,,,,535.106367271137,222.664519212322,,,43849,159.083422212269
2021,SP,35091,Adamantina,93.5568029093209,89.685135008876,71.5823744600723,83.7335398915569,90.859798605732,90.3175832687839,90.859798605732,90.7823392718823,86.3671572424477,91.3245546088304,77.5367931835786,88.2261812548412,,,,,,,,,,,,,,,,,,,,8460,1550,6050.46337890625,1108.53649902344,8,229,163.777313232422,5.72147846221924,220,284,,,2.03112483024597,1.57340657711029,1.649573802948,1.51744329929352,84,2,60.0755233764648,1.43036961555481,14.0447988510132,23.5349933017289,1066.19336008553,601.54051361328,,,,1066.19336008553,601.54051361328,,,4312,32.6803910630507
2021,SP,35156,José Bonifácio,89.1474537860768,68.0866405708613,54.8629970220816,88.3511074651354,97.1287940935193,96.2264150943396,98.1952420016407,99.1796554552912,95.0779327317473,98.1952420016407,86.8744872846596,87.6948318293683,,,,,,,,,,,,,,,,,,,,8759,1600,8114.84375,1482.33239746094,0,201,186.218017578125,0,127,166,,,1.53791987895966,1.17660140991211,1.16293609142303,1.21713387966156,124,0,114.880767822266,0,25.1097850799561,23.4509919521008,1101.53526870011,847.823751195538,,,,1101.53526870011,847.823751195538,,,3081,32.9624691952788
2021,SP,35142,Mantiqueira,76.5071321972721,44.901606913546,61.0661854024225,74.4075829383886,77.6303317535545,78.8309636650869,79.1153238546603,78.609794628752,80.7582938388626,78.5781990521327,30.3317535545024,77.693522906793,,,,,,,,,,,,,,,,,,,,16749,2305,5779.18408203125,795.332214355469,8,245,84.5363922119141,2.76037216186523,372,548,,,1.89085483551025,1.28357303142548,2.00998210906982,1.32549619674683,190,12,65.558837890625,4.14055824279785,30.8381862640381,28.5271609845387,1036.10111413338,686.47675351702,,,,1036.10111413338,686.47675351702,,,6825,26.557760786154
2021,SP,35074,Circuito das Águas,97.4522385883039,57.0665013854455,86.5815954499052,84.3650287172942,76.3880025526484,73.7077217613274,76.8347160178685,70.3254626675176,78.2386726228462,71.1550733886407,89.7894065092534,71.4103382259094,,,,,,,,,,,,,,,,,,,,7073,881,5121.50244140625,637.925048828125,7,147,106.441520690918,5.06864404678345,201,390,,,2.82395887374878,1.4554249048233,2.44471549987793,1.46538114547729,82,4,59.3755416870117,2.8963680267334,29.8210048675537,23.0403875998554,1268.93766046993,751.204371304546,,,,1268.93766046993,751.204371304546,,,2560,17.7141719284018
2021,SP,35061,Vale do Jurumirim,78.1075903015719,64.4364815735098,64.8892972039861,43.1524547803618,81.421188630491,82.2222222222222,83.4883720930233,81.4987080103359,88.8888888888889,81.343669250646,43.5658914728682,75.968992248062,,,,,,,,,,,,,,,,,,,,20765,3155,6746.1982421875,1025.00622558594,9,381,123.780471801758,2.92394804954529,332,376,,,1.22156059741974,1.07861196994781,1.19792532920837,1.11207497119904,154,1,50.0320014953613,0.324883133172989,9.61264228820801,27.8186805346078,1242.62999733437,830.169811233825,,,,1242.62999733437,830.169811233825,,,11950,43.1013927739496
2021,SP,35103,Piracicaba,60.4252333262943,31.7516640034851,37.2873126697051,91.0158460667799,84.8065912582042,88.7725178047759,87.4039938556068,88.1161848903784,84.1642228739003,87.3481357352325,90.141041753945,80.6730903505097,,,,,,,,,,,,,,,,,,,,29938,3376,4936.630859375,556.685974121094,72,679,111.963798522949,11.8724498748779,871,1260,,,2.0776789188385,1.43623673915863,2.48905110359192,1.30963838100433,532,74,87.7242126464844,12.2022409439087,45.3501205444336,23.3903871371573,1143.67672654269,712.325862466288,,,,1143.67672654269,712.325862466288,,,18420,39.7740557279626
2021,SP,35062,Bauru,63.8713457215668,35.3609541459298,31.170021749986,87.3982163629314,83.7016931627246,83.986041101202,85.4724053250614,82.9132738787644,86.2349747964327,81.3105854982551,76.5929947007884,80.5609409331782,,,,,,,,,,,,,,,,,,,,39723,5147,5987.66357421875,775.835327148438,86,1211,182.540618896484,12.9632472991943,1266,1498,,,2.25801682472229,1.90831065177917,2.07720971107483,2.05418491363525,1169,114,176.209732055664,17.1838397979736,33.1774711608887,23.9517177044326,930.214735628002,655.300887222275,,,,930.214735628002,655.300887222275,,,18993,30.7015815162176
2021,SP,35161,Itapetininga,76.1367451699611,43.7569017884001,45.5175492222449,57.2890428211587,75,75.22040302267,77.0465994962217,71.426322418136,72.5125944584383,60.831234256927,55.2896725440806,70.0094458438287,,,,,,,,,,,,,,,,,,,,26121,2944,5023.240234375,566.150573730469,16,434,83.4610595703125,3.07690525054932,581,684,,,1.31537699699402,1.11730122566223,1.34460759162903,1.17302203178406,158,19,30.3844394683838,3.65382504463196,17.8066272735596,32.6791412259768,1095.69775470619,753.526657392749,,,,1095.69775470619,753.526657392749,,,19219,35.8399701540183
2021,SP,35112,Alta Sorocabana,80.1575795170671,58.1923797296095,59.0360576749688,63.1050041017227,73.9950779327317,76.0869565217391,77.9327317473339,78.4864643150123,78.6095159967186,77.6866283839212,89.5816242821985,73.1952420016407,,,,,,,,,,,,,,,,,,,,26679,3856,6378.171875,921.857299804688,65,848,202.73210144043,15.5396070480347,788,1302,,,3.1127028465271,1.88387846946716,2.9847400188446,1.93025827407837,492,44,117.622871398926,10.519118309021,29.2687301635742,23.3698335777274,927.335353805299,637.264749005988,,,,927.335353805299,637.264749005988,,,13466,31.9151896071109
2021,SP,35051,Norte - Barretos,81.3052338416602,62.7222090140271,56.0119553034677,83.5608480975893,81.6148707522509,81.1792041823991,83.0961370897473,80.220737728725,81.3244263723497,80.2497821667151,69.8518733662504,75.4284054603543,,,,,,,,,,,,,,,,,,,,18180,2649,6138.67724609375,894.464050292969,71,726,245.141906738281,23.9739322662354,713,1358,,,4.58543682098389,2.4075231552124,4.85556554794312,2.67765188217163,274,24,92.5191192626953,8.1038646697998,29.2424583435059,24.486421611698,1631.63787837473,806.090426614455,,,,1631.63787837473,806.090426614455,,,9818,39.3513261636643
2021,SP,35133,Vale das Cachoeiras,89.9079220706305,77.6381168940542,70.3294312503509,74.4075829383886,70.7938388625592,70.4976303317536,72.5710900473934,69.1943127962085,71.2085308056872,68.8388625592417,17.1800947867299,66.824644549763,,,,,,,,,,,,,,,,,,,,13840,1701,9640.904296875,1184.91174316406,7,218,151.858169555664,4.87617969512939,168,287,,,1.99923372268677,1.17028319835663,1.87959325313568,1.18647909164429,136,1,94.7372055053711,0.696597099304199,19.9282512664795,27.2732376599323,1213.66951509665,727.028879474358,,,,1213.66951509665,727.028879474358,,,5029,44.319988854446
2021,SP,35023,Consórcios do DRS II,80.0322413373453,72.3359448581416,68.3682144154758,76.474358974359,76.6346153846154,75.5769230769231,78.6538461538462,75.9615384615385,77.5320512820513,75.7692307692308,78.4615384615385,76.6346153846154,,,,,,,,,,,,,,,,,,,,13250,1544,4634.55224609375,540.056518554688,18,259,90.5923843383789,6.29599571228027,305,379,,,1.32565689086914,1.06682145595551,1.45297598838806,1.08964443206787,123,5,43.0226364135742,1.7488876581192,20.3853855133057,29.3180613860743,1161.21634622502,739.714925304618,,,,1161.21634622502,739.714925304618,,,8727,34.6684423706523
2021,SP,35163,Sorocaba,54.6420707128938,18.1090823999287,22.729996382057,60.2570352315533,73.0733436738312,73.0822069576778,75.6658541989807,72.6922224684245,75.1251938843342,73.1531132284511,63.1774872590295,70.7068468867715,,,,,,,,,,,,,,,,,,,,82311,9954,4626.7529296875,559.520568847656,204,2054,115.45662689209,11.466968536377,2101,3653,,,2.05337429046631,1.18098533153534,2.60962057113647,1.20914685726166,1843,248,103.596183776855,13.9402360916138,35.8882369995117,27.3706004920979,1062.06454454377,773.298193228655,,,,1062.06454454377,773.298193228655,,,52272,30.5658358548484
2021,SP,35157,Votuporanga,100,77.6325327047964,87.2671955976114,74.6440055121727,89.0215893431327,87.3220027560864,90.5374368396876,87.459807073955,90.032154340836,87.459807073955,67.3403766651355,85.3468075333027,,,,,,,,,,,,,,,,,,,,13161,1946,6449.2578125,953.594360351562,17,255,124.957122802734,8.33047485351562,470,454,,,2.2247269153595,2.3031313419342,1.92139959335327,2.37982058525085,273,17,133.777618408203,8.33047485351562,25.1075611114502,26.4277336103213,1227.12046820485,864.81609385934,,,,1227.12046820485,864.81609385934,,,6312,33.7887489586906
2021,SP,35093,Marília,86.3936376442777,52.8934504112758,70.8950756446802,78.4202807458621,78.6231884057971,78.3034953111679,80.924978687127,76.5346742090928,82.2676896845695,76.325162371674,60.4860674628116,76.8755328218244,,,,,,,,,,,,,,,,,,,,22861,3024,5794.2841796875,766.454467773438,96,829,210.115982055664,24.3318862915039,852,1317,,,3.33803081512451,2.15945506095886,4.13832187652588,2.22484683990479,321,21,81.359748840332,5.32260036468506,27.7758636474609,24.7125963142109,1214.38048698796,700.70215659513,,,,1214.38048698796,700.70215659513,,,13229,35.532346202198
2021,SP,35072,Região Metropolitana de Campinas,57.3955500053302,24.2214032255608,37.4091954373087,72.9854221502328,80.6970034419923,81.7498481473983,83.2886211783762,81.5954646689613,82.7444826888034,81.2866977120875,72.6640008098805,80.5400890868597,,,,,,,,,,,,,,,,,,,,142430,17554,4288.77490234375,528.576538085938,338,3321,100.000152587891,10.1776723861694,5190,10365,,,3.12105250358582,1.56278467178345,3.3953754901886,1.58771693706512,2957,562,89.0395812988281,16.9226398468018,42.267032623291,25.1034295300823,1322.76160304635,962.567052447149,,,,1322.76160304635,962.567052447149,,,90173,32.3809268005522
2021,SP,35031,Central do DRS III,68.5390116255843,44.9488787749345,44.4227619290541,54.1751527494908,91.8601398601399,87.2727272727273,93.5944055944056,89.958041958042,86.5734265734266,90.0979020979021,48.1691739994323,86.2097902097902,,,,,,,,,,,,,,,,,,,,15878,2186,4835.91455078125,665.783447265625,34,543,165.379867553711,10.3552770614624,665,1162,,,3.5390682220459,2.02537035942078,3.80861020088196,2.17613101005554,277,19,84.3650512695312,5.78677272796631,44.7908401489258,40.8830178715349,1671.7970589914,1123.22277006446,,,,1671.7970589914,1123.22277006446,,,8417,29.9290176191999
2021,SP,35104,Rio Claro,63.4781194679636,42.2883181870258,43.3508387444888,47.9881266490765,90.3815830968149,89.7824030274361,93.598233995585,90.0031535793125,89.8139388205613,89.6247240618102,47.9551451187335,88.8678650268054,,,,,,,,,,,,,,,,,,,,9923,701,3634.54565429688,256.758697509766,17,186,68.1271286010742,6.22667264938354,324,440,,,1.61160945892334,1.18673062324524,2.29562783241272,1.24158024787903,169,32,61.9004554748535,11.7207956314087,40.9843254089355,24.7349429534735,1274.25673736827,809.950350648139,,,,1274.25673736827,809.950350648139,,,6026,26.9636215794505
2021,SP,35022,Lagos do DRS II,97.0358459221086,95.0335889028271,93.1834142986531,68.1996086105675,79.9412915851272,77.6908023483366,80.8219178082192,75.9295499021526,79.4031311154599,75.3424657534247,54.9874686716792,74.0215264187867,,,,,,,,,,,,,,,,,,,,11773,2095,5674.41845703125,1009.76019287109,28,391,188.456436157227,13.4956016540527,316,388,,,1.87010478973389,1.52307510375977,1.65284979343414,1.64429450035095,94,0,45.3066635131836,0,19.1733951568604,26.864061122704,1279.71682505221,958.436376815122,,,,1279.71682505221,958.436376815122,,,6823,38.1941053138932
2021,SP,35063,Polo Cuesta,76.8857649165685,34.5727474739267,50.8280644949572,64.8881703045001,86.0953920776071,87.5505254648343,88.385879816761,87.7661007814605,84.7210994341148,88.1164106709782,73.4572891403934,80.7329560765292,,,,,,,,,,,,,,,,,,,,20877,2913,6463.5673828125,901.871520996094,54,681,210.839172363281,16.7185249328613,785,1421,,,4.39944887161255,2.43037819862366,6.0338397026062,2.52062726020813,240,17,74.304557800293,5.26323938369751,20.8096103668213,28.1645552335779,1003.45774308493,766.1677424537,,,,1003.45774308493,766.1677424537,,,10410,35.8266939116705
2021,SP,35172,Circuito da Fé e Vale Histórico,69.2336643586938,53.5806989373779,50.8960184910562,51.2359950204517,70.9763471456518,74.853281166637,76.3293615507736,72.9503823581718,74.0529966210208,72.8436777520896,57.5671349813267,66.1712034383954,,,,,,,,,,,,,,,,,,,,30422,4759,6191.5634765625,968.563903808594,63,591,120.281837463379,12.8219213485718,770,1064,,,2.16548013687134,1.56712377071381,2.36447429656982,1.73294377326965,398,42,81.0019836425781,8.54794788360596,19.3224334716797,27.6296727980001,979.188176320854,589.909930461888,,,,979.188176320854,589.909930461888,,,20921,43.6661191909571
2021,SP,35153,Jales,97.0890789942166,82.1331998960729,85.9804270633859,77.5092936802974,81.8773234200743,85.6877323420074,86.3382899628253,82.1561338289963,83.364312267658,82.0631970260223,15.8921933085502,80.2973977695167,,,,,,,,,,,,,,,,,,,,7929,1074,7625.431640625,1032.88098144531,23,185,177.917114257812,22.1194248199463,180,201,,,1.93304550647736,1.73108553886414,2.31725025177002,1.86981272697449,68,2,65.3965606689453,1.92342829704285,17.6445693969727,23.3052095347474,1271.01403535631,865.064132605409,,,,1271.01403535631,865.064132605409,,,3509,37.8201113664996
2021,SP,35162,Itapeva,66.8823231374828,75.1037241486825,60.5047495207962,71.2889117571392,82.6444283297075,82.8378051728306,84.2156151800822,83.3454193860285,87.454677302393,82.8136330674402,68.4040704889551,82.2335025380711,,,,,,,,,,,,,,,,,,,,17402,2397,6160.392578125,848.549621582031,18,343,121.423667907715,6.3720874786377,362,316,,,1.11865532398224,1.2814975976944,1.17662370204926,1.33362483978271,81,2,28.6743927001953,0.708009719848633,10.0087795257568,26.8549896994213,1074.02787119127,666.929086260213,,,,1074.02787119127,666.929086260213,,,21702,78.1956089237544
2021,SP,35021,Central do DRS II,82.1051190623635,69.4518503067005,68.5571714458923,75.5725190839695,76.0814249363868,73.3672603901611,76.3358778625954,76.5903307888041,77.6646875883517,76.9296013570823,76.2227876731693,76.0248798416737,,,,,,,,,,,,,,,,,,,,13450,2273,4356.26123046875,736.191955566406,40,528,171.011596679688,12.9554233551025,531,776,,,2.51335215568542,1.71983253955841,2.25618696212769,1.71092557907104,249,13,80.6475143432617,4.21051263809204,29.1429023742676,25.4516980159992,1026.72808805824,697.069229547833,,,,1026.72808805824,697.069229547833,,,8883,31.1894503985412
2021,SP,35083,Alta Mogiana,89.430868599347,68.5661430457503,69.9298764338965,53.6907536907537,75.7575757575758,80.1087801087801,79.3317793317793,80.963480963481,84.0714840714841,79.7979797979798,42.7762039660057,74.3589743589744,,,,,,,,,,,,,,,,,,,,7561,1308,5946.05224609375,1028.62536621094,9,224,176.156021118164,7.07769727706909,156,248,,,1.95029878616333,1.2268009185791,1.77964770793915,1.25432527065277,130,1,102.233406066895,0.786410808563232,30.40185546875,22.3818613801198,1189.20070069871,647.203747128447,,,,1189.20070069871,647.203747128447,,,4739,43.4812755583517
2021,SP,35101,Araras,50.3063974412524,44.2502560464145,34.544809552963,77.6423775180303,77.7169858244218,79.7562795324546,79.432976871425,78.7366326784382,83.7105197712012,78.8609798557573,70.9027605073365,80.3034071126585,,,,,,,,,,,,,,,,,,,,16151,2221,4582.9228515625,630.219299316406,33,468,132.797225952148,9.36390686035156,476,772,,,2.19058680534363,1.3506726026535,1.99734973907471,1.34123778343201,272,23,77.1812973022461,6.52635955810547,32.69677734375,26.6364738370788,1045.10986338285,699.526000940595,,,,1045.10986338285,699.526000940595,,,11074,36.8699438449337
2021,SP,35095,Tupã,99.9922208651954,75.6668663311266,77.8434682494613,71.1686494051784,86.4240727781665,85.7942617214836,87.8936319104269,86.2841147655703,85.6543037088873,85.8642407277817,21.6235129461162,83.2050384884535,,,,,,,,,,,,,,,,,,,,10376,1791,8066.73583984375,1392.39819335938,22,498,387.165985107422,17.1037178039551,191,194,,,1.50823700428009,1.48491370677948,1.6485652923584,1.51037490367889,37,2,28.765344619751,1.55488348007202,15.2557392120361,27.1358819042883,1107.4744860897,808.792145781763,,,,1107.4744860897,808.792145781763,,,4316,34.6094832344687
2021,SP,35151,Catanduva,98.064931806425,64.9364528189672,69.3167632600339,87.7697841726619,84.5023980815348,85.0119904076739,85.6115107913669,83.9928057553957,83.2434052757794,83.5431654676259,86.7505995203837,83.6930455635492,,,,,,,,,,,,,,,,,,,,17629,3032,5424.4912109375,932.954650878906,39,431,132.619873046875,12.0004062652588,509,832,,,2.56008672714233,1.56620681285858,2.84186553955078,1.66536402702332,431,28,132.619873046875,8.6156759262085,29.9074745178223,24.0376121114717,1030.59078646954,692.693376750569,,,,1030.59078646954,692.693376750569,,,7997,27.2896559575863
2021,SP,35011,Alto do Tietê,46.7174833778029,26.3584752635848,21.7401099396233,74.6755587599135,77.5842645998558,78.3683309300649,80.7746034607066,77.476117519827,82.1985400144196,77.5414563806777,72.8595890410959,75.639870223504,,,,,,,,,,,,,,,,,,,,133750,17428,4324.67626953125,563.517456054688,285,3260,105.408935546875,9.2151985168457,3443,5601,,,1.81102895736694,1.11326062679291,1.63608574867249,1.05683767795563,1354,301,43.7802734375,9.73254299163818,33.1535339355469,24.1934394501394,809.214814975816,534.21865684682,,,,809.214814975816,534.21865684682,,,146842,50.2554876505028
2021,SP,35092,Assis,74.3990254140181,46.8906927842844,51.9216310645261,85.0436681222707,75.2183406113537,80.2765647743814,79.8762736535662,77.3289665211063,79.9126637554585,77.037845705968,69.7598253275109,73.72634643377,,,,,,,,,,,,,,,,,,,,14915,1839,5967.4560546875,735.779541015625,42,388,155.237884521484,16.8041000366211,415,594,,,2.37657999992371,1.66040515899658,2.09881210327148,1.70321559906006,216,12,86.4210891723633,4.80117130279541,19.10986328125,21.920635409856,1145.99274574696,669.027191902049,,,,1145.99274574696,669.027191902049,,,9049,35.9472111195132
2021,SP,35071,Bragança,74.9781013393034,30.8661882598211,38.5978199129047,87.3685939553219,88.8304862023653,89.799605781866,91.2943495400788,88.3212877792378,93.3639947437582,88.5348226018397,85.2496714848883,90.1938239159001,,,,,,,,,,,,,,,,,,,,27631,3135,5691.86767578125,645.796569824219,29,461,94.9640197753906,5.97387552261353,692,1592,,,3.27945160865784,1.4254903793335,2.8590145111084,1.380943775177,388,52,79.9263381958008,10.7117767333984,32.5743064880371,24.2104101845591,1027.04576411723,744.322510785015,,,,1027.04576411723,744.322510785015,,,15380,32.6839057610821
2021,SP,35155,São José do Rio Preto,68.5110927846202,41.5325753376506,52.8684413319453,88.0246222719642,86.4465584778959,86.8606603245663,88.0134303301623,86.5249020705092,83.7045327364298,86.4241745942921,90.005595970901,87.7448237269166,,,,,,,,,,,,,,,,,,,,50911,6382,6821.7509765625,855.147521972656,215,1228,164.544204711914,28.8086357116699,1908,2987,,,4.00239038467407,2.55659890174866,5.03196430206299,2.62741446495056,1624,117,217.605697631836,15.6772575378418,39.234546661377,26.3981316587849,1148.88766298467,738.309622594137,,,,1148.88766298467,738.309622594137,,,19750,29.5409551603636
2021,SP,35064,Jaú,52.9414387550928,45.4695433593989,31.1611367803856,53.8684210526316,68.6578947368421,69.2368421052632,69.5526315789474,66.6052631578947,68.8157894736842,66.8157894736842,63.2105263157895,60.6315789473684,,,,,,,,,,,,,,,,,,,,22785,3393,6300.1162109375,938.173950195312,49,847,234.197860717773,13.5486364364624,600,710,,,1.96316981315613,1.65901672840118,1.95667207241058,1.74051594734192,448,29,123.873252868652,8.01858139038086,15.9959630966187,27.548081896083,1066.47242957202,689.04463325757,,,,1066.47242957202,689.04463325757,,,9283,30.1399684786816
2021,SP,35121,Vale do Ribeira,93.8720931048764,97.7734569677741,89.4053192758821,49.8175182481752,76.6684045881126,77.5808133472367,78.9624608967675,75.104275286757,82.4035453597497,75.0782064650678,21.3764337851929,69.9947862356621,,,,,,,,,,,,,,,,,,,,15691,1932,5499.22705078125,677.108337402344,16,399,139.837585449219,5.60752248764038,489,421,,,1.47547936439514,1.71379911899567,1.85021960735321,1.98383629322052,50,15,17.5235080718994,5.25705242156982,8.98710632324219,26.9305475343936,1098.93186057383,713.806491675132,,,,1098.93186057383,713.806491675132,,,20288,73.3672997325913
2021,SP,35131,Horizonte Verde,72.329398023718,33.5795390445095,24.4214829414614,64.672969322786,71.3679336291723,70.441829056531,72.3519197376037,71.6959289986494,76.0949257186957,71.8116920702296,11.487684729064,73.0464981670847,,,,,,,,,,,,,,,,,,,,23783,2912,5210.3828125,637.961303710938,25,349,76.4589614868164,5.47700309753418,478,869,,,1.9038063287735,1.04720294475555,2.18592667579651,1.17558395862579,333,30,72.9536819458008,6.57240390777588,37.5978736877441,28.9169038953904,1121.20631949984,737.448637766263,,,,1121.20631949984,737.448637766263,,,14574,33.7662261695593
2021,SP,35014,Rota dos Bandeirantes,58.388552599527,21.0853866483665,15.9044059290536,56.1746887690567,66.9862192929898,62.828706477598,69.442780107849,66.4669462752147,67.9482058451501,67.7351707609347,48.781705612143,62.5524266027561,,,,,,,,,,,,,,,,,,,,107122,13127,5570.8623046875,682.667541503906,186,1818,94.5447998046875,9.67290019989014,2828,5136,,,2.67096853256226,1.47069680690765,2.19591736793518,1.4669394493103,820,168,42.6439666748047,8.73681259155273,41.8008651733398,27.3314998526216,1453.61247282933,1153.18088255725,,,,1453.61247282933,1153.18088255725,,,87365,52.7561513923255
2021,SP,35052,Sul - Barretos,87.8100132514479,70.383350262002,72.9347584805903,80.7424593967517,85.9628770301624,87.6450116009281,88.3990719257541,87.2969837587007,90.0232018561485,87.4709976798144,64.0951276102088,87.5290023201856,,,,,,,,,,,,,,,,,,,,8309,1076,5574.22802734375,721.852111816406,0,201,134.844131469727,0,192,358,,,2.40170121192932,1.28806328773499,2.42417526245117,1.47087430953979,138,6,92.5795516967773,4.02519750595093,29.9555206298828,30.0938525239642,1198.42064011764,838.958068787351,,,,1198.42064011764,838.958068787351,,,4291,31.1636712486834
2021,SP,35094,Ourinhos,77.0251513190298,42.0493908569521,42.1283576135758,70.4244954766875,84.7251217814892,83.6464857341684,85.9429366736256,81.2456506610995,84.0292275574113,81.0368823938761,73.5560194850383,74.6346555323591,,,,,,,,,,,,,,,,,,,,17643,2297,7141.03564453125,929.71484375,39,324,131.139572143555,15.7853193283081,363,423,,,1.7121000289917,1.46924901008606,1.97893273830414,1.53239023685455,199,14,80.5456085205078,5.66652488708496,17.1027870178223,27.8875719857011,1333.344762244,792.56885613449,,,,1333.344762244,792.56885613449,,,8720,41.2330156031814
2021,SP,35041,Baixada Santista,64.6857160470339,43.9720657743558,47.4672982920818,54.4779767989688,75.6744744210854,73.9766211831637,78.2968131916974,73.6654962442775,76.5278456820303,74.043290812925,41.1751633405929,68.8430596915419,,,,,,,,,,,,,,,,,,,,82815,9404,4364.3095703125,495.586151123047,249,2143,112.935043334961,13.1221771240234,2800,4805,,,2.53221130371094,1.47558617591858,2.63751816749573,1.61733460426331,1679,261,88.4824676513672,13.7545709609985,37.1159973144531,23.8376122149226,1404.54399203494,883.772516659992,,,,1404.54399203494,883.772516659992,,,64676,35.2018617681422
2021,SP,35032,Centro Oeste do DRS III,58.9490458762678,28.7317514551569,32.6144205707186,65.1162790697674,85.9868813357186,85.3309481216458,87.0005963029219,86.6428145497913,91.0554561717352,86.6428145497913,58.4376863446631,88.3720930232558,,,,,,,,,,,,,,,,,,,,10693,1757,7163.529296875,1177.06164550781,8,171,114.557510375977,5.35941600799561,123,199,,,1.33315467834473,0.824010193347931,1.32076108455658,0.870737552642822,112,1,75.0318222045898,0.669927000999451,18.8195896148682,26.3933311648966,875.941468876165,636.303569079731,,,,875.941468876165,636.303569079731,,,3679,24.8665237489114
2021,SP,35073,Jundiaí,70.9648186535402,21.5953545454435,22.9886032257947,85.5127413808306,78.176527643065,75.1080151662111,78.2382505951856,75.1521029891544,78.7584869059166,75.1080151662111,79.9400405607971,78.8378449872145,,,,,,,,,,,,,,,,,,,,45069,8217,5395.86328125,983.776123046875,72,721,86.3213577270508,8.62016296386719,1112,2324,,,2.78239703178406,1.33133637905121,2.79643487930298,1.34675085544586,592,106,70.8768997192383,12.6907958984375,50.2775802612305,24.904634858902,1399.73534486311,1068.0370381118,,,,1399.73534486311,1068.0370381118,,,16289,22.0716179926753
2021,SP,35171,Alto Vale do Paraíba,64.1949515699277,29.3411840935055,33.9343454603706,35.2663666715053,76.3173174626216,77.0285963129627,77.9866453766875,76.2810277253593,81.6736826825374,75.9907098272608,30.8898243576716,71.56336188126,,,,,,,,,,,,,,,,,,,,53973,7040,4799.28076171875,625.997009277344,158,1094,97.2785110473633,14.0493650436401,2018,3084,,,2.74229383468628,1.7944061756134,3.29164171218872,1.9670444726944,1237,220,109.994079589844,19.562406539917,38.3088836669922,27.6731301611262,1186.00867019792,867.036723525553,,,,1186.00867019792,867.036723525553,,,37139,41.1378758427396
2021,SP,35143,Rio Pardo,80.3325983094451,47.9874127159133,53.1325799338478,54.9019607843137,60.997442455243,61.7220801364024,62.3188405797101,62.5319693094629,67.0076726342711,62.0630861040068,45.2259164535379,63.9812446717818,,,,,,,,,,,,,,,,,,,,14664,2535,6725.9267578125,1162.72668457031,13,575,263.73486328125,5.96270084381104,278,410,,,1.88054418563843,1.27510070800781,2.02055287361145,1.277623295784,135,4,61.9203567504883,1.83467721939087,23.6682529449463,25.2007187408465,1008.88912808006,621.997455976073,,,,1008.88912808006,621.997455976073,,,8320,48.32041261891
2021,SP,35065,Lins,85.3543914614045,61.3986275587145,56.434925941946,52.9627687467226,67.7503932878867,70.4247509176717,69.4808599895123,70.162558993183,62.55899318301,70.372312532774,74.7246984792868,64.8662821185108,,,,,,,,,,,,,,,,,,,,9488,1375,5510.76806640625,798.619995117188,22,370,214.901382446289,12.7779197692871,242,240,,,1.39395487308502,1.4055712223053,1.77017748355865,1.41137933731079,147,20,85.3797378540039,11.6162910461426,30.8331203460693,21.2306685285812,917.928801247352,592.848774358673,,,,917.928801247352,592.848774358673,,,4910,26.5562460795019
2021,SP,35012,Franco da Rocha,55.0609545520136,43.7236835065203,38.0368078265677,88.826431111621,77.2054605942411,79.0868418033727,80.142250774349,78.1346793621659,77.1136859011128,78.6394401743719,83.4920270735345,74.2916140874154,,,,,,,,,,,,,,,,,,,,30800,3655,4931.68505859375,585.2373046875,46,586,93.8301086425781,7.36550331115723,726,1185,,,1.89741778373718,1.16246855258942,1.52417886257172,1.15626394748688,264,60,42.2715835571289,9.60717868804932,27.0046577453613,23.3282321032943,892.374942762856,563.193587090967,,,,892.374942762856,563.193587090967,,,32654,66.3977515999955
2021,SP,35114,Extremo Oeste Paulista,97.0039672575704,83.2300507206348,78.0324411188671,66.2728249194415,81.3104189044039,82.062298603652,84.5327604726101,80.6659505907626,85.9291084854995,82.1697099892589,40.9237379162191,82.4919441460795,,,,,,,,,,,,,,,,,,,,5425,1087,5425.9765625,1087.19567871094,1,148,148.026641845703,1.00018000602722,95,103,,,1.03018546104431,0.950171053409576,1.22372031211853,1.02643477916718,56,9,56.010082244873,9.00162029266357,14.7176494598389,22.3229128512578,1004.96781933727,551.834003127049,,,,1004.96781933727,551.834003127049,,,3200,26.7281210617911
2021,SP,35174,Vale do Paraíba/Região Serrana,67.1399138533989,37.5753624518551,41.7608466546192,60.0683457790153,63.9918997595241,66.3840020250601,66.0169598784964,65.6246044804455,64.1817491456778,65.8144538665992,74.6614352613593,61.0175927097836,,,,,,,,,,,,,,,,,,,,30427,3034,4773.44677734375,475.979797363281,77,789,123.779853820801,12.079909324646,1009,1424,,,2.23399877548218,1.58293879032135,2.96902990341187,1.68926548957825,393,48,61.6546020507812,7.53033304214478,26.2195224761963,25.1784489271817,1118.71753216064,700.067407685344,,,,1118.71753216064,700.067407685344,,,18668,30.2850482098202
2021,SP,35033,Norte do DRS III,69.1325676981065,42.7901279776749,48.8417610031126,80.1427644386762,80.3519061583578,82.6392961876833,83.4017595307918,81.58357771261,82.4046920821114,81.9941348973607,70.4985337243402,78.0645161290323,,,,,,,,,,,,,,,,,,,,9165,1476,5761.03466796875,927.800048828125,32,238,149.604614257812,20.1149063110352,183,211,,,1.32632660865784,1.15032124519348,1.82275629043579,1.26645338535309,119,9,74.8023071289062,5.65731763839722,34.9131927490234,23.081646908846,905.560229596367,596.09212053175,,,,905.560229596367,596.09212053175,,,5528,39.5987453327131
2021,SP,35173,Litoral Norte,95.7966417691685,84.4294877056389,90.9515964494682,40.7044601917466,73.5306377657357,74.3017924135056,77.0529387244685,74.8020008336807,78.4910379324719,74.7811588161734,34.51438099208,72.4051688203418,,,,,,,,,,,,,,,,,,,,27091,2839,7833.30078125,820.890319824219,23,574,165.970779418945,6.65039730072021,657,745,,,2.15415048599243,1.8997004032135,2.29142332077026,1.83746135234833,122,21,35.2760200500488,6.07210206985474,15.1773633956909,28.8214110362794,1898.4372718649,1292.93379652731,,,,1898.4372718649,1292.93379652731,,,15319,46.5118810793306
2021,SP,35102,Limeira,39.6391074211899,34.727075646608,30.9359101830045,89.6327289632729,78.9865178986518,80.4509530450953,82.1943282194328,79.5908879590888,88.9586238958624,79.8233379823338,88.4472338447234,74.4072524407252,,,,,,,,,,,,,,,,,,,,14198,1525,3710.9931640625,398.595886230469,52,298,77.8895568847656,13.5914669036865,512,873,,,2.28179812431335,1.33823668956757,2.75527787208557,1.37489449977875,238,44,62.2070960998535,11.5004720687866,42.6743316650391,22.6794976565487,1118.26612194862,674.465815306801,,,,1118.26612194862,674.465815306801,,,12242,46.8729668342076
2021,SP,35013,Mananciais,58.3265810908781,24.3759648599087,27.3657725276131,36.0321997316689,66.6977775185207,66.5927783935134,69.2819226506446,66.1902817476521,68.1560986991775,66.6102782476813,18.9348422096483,63.1686402613312,,,,,,,,,,,,,,,,,,,,65568,8981,5524.1396484375,756.654113769531,75,904,76.1624908447266,6.31879043579102,1226,1506,,,1.26881313323975,1.03291165828705,1.61855816841125,1.07488942146301,737,10,62.0926475524902,0.842505395412445,26.3609828948975,22.8667318561999,781.64205167147,552.162330252673,,,,781.64205167147,552.162330252673,,,51744,48.9982821314713
2021,SP,35132,Aquífero Guarani,69.185123152501,27.4203849269036,25.2563606411078,81.0992081974849,80.0093153237075,81.4718211457848,82.7293898462972,81.8351187703773,86.9678621332091,81.6488122962273,3.53982300884956,80.5123428039124,,,,,,,,,,,,,,,,,,,,52068,6484,5444.10302734375,677.951232910156,155,1657,173.251876831055,16.2064208984375,1787,4242,,,4.43533182144165,1.868443608284,5.68027257919312,1.77042090892792,1089,140,113.863182067871,14.6380586624146,40.2102241516113,23.5342399972104,1013.59671772099,678.807910823787,,,,1013.59671772099,678.807910823787,,,22711,28.0930384531336
2021,SP,35081,Três Colinas,38.3105703055026,20.9389690970434,26.9640942820945,55.3027588677893,66.786098172698,66.1232533142243,68.9896094589753,66.7323539949839,63.7943389466141,66.4457183805088,6.86626746506986,58.831959871014,,,,,,,,,,,,,,,,,,,,21916,3150,5048.8505859375,725.674377441406,45,454,104.589256286621,10.3667764663696,428,872,,,2.00885081291199,0.985995650291443,2.04951167106628,0.991582155227661,193,18,44.4619522094727,4.14671039581299,29.8325881958008,27.3488063593118,796.061644481225,577.479778753407,,,,796.061644481225,577.479778753407,,,12599,34.964271480537
2021,SP,35034,Coração do DRS III,60.5146728208135,30.1393377667701,41.1380534446909,83.4978540772532,80.6652360515021,80.7081545064378,82.8755364806867,80.9012875536481,83.0472103004292,80.7296137339056,81.3519313304721,75.1502145922747,,,,,,,,,,,,,,,,,,,,20217,2905,4980.18212890625,715.607116699219,29,425,104.69295501709,7.14375448226929,542,886,,,2.18254017829895,1.33514308929443,2.95344996452332,1.49279832839966,443,56,109.127006530762,13.7948360443115,38.5937652587891,23.4151507438805,1027.70940032127,650.97730355071,,,,1027.70940032127,650.97730355071,,,11099,32.5101699967237
2021,SP,35015,Grande ABC,61.228039058137,33.2379175641946,43.7438027831914,66.3783160322953,74.792084016269,73.8572209069386,76.5677168700297,74.151642080981,78.6347356279973,73.9847022400291,42.6819644266375,74.9104595398531,,,,,,,,,,,,,,,,,,,,129195,16573,4573.19677734375,586.644897460938,395,3318,117.449333190918,13.982063293457,4154,8957,,,3.17056560516357,1.47041749954224,2.93595910072327,1.49400115013123,3517,708,124.493461608887,25.0615215301514,50.2679252624512,27.9772263885743,1354.73931050934,806.552419595745,,,,1354.73931050934,806.552419595745,,,87611,36.8046500448842
2021,SP,35111,Alta Paulista,95.1288392034064,70.6069562927086,70.5645220292357,70.1227830832196,83.7653478854025,85.4706684856753,85.8799454297408,84.1746248294679,90.5866302864939,83.9699863574352,22.0327421555252,85.0613915416098,,,,,,,,,,,,,,,,,,,,8966,1464,6525.99560546875,1065.58752441406,10,235,171.047180175781,7.27860307693481,216,215,,,1.56489968299866,1.57217824459076,1.60929918289185,1.62676775455475,74,0,53.8616638183594,0,13.0920238494873,25.8734329166409,1221.42547809585,753.625304878049,,,,1221.42547809585,753.625304878049,,,5332,44.5275968236176
2021,SP,35141,Baixa Mogiana,56.4786814030793,46.2033936950235,37.5781521882613,73.8210553148101,74.0249808819781,75.121080805506,75.6563854193219,74.2034157532501,73.1582972215141,74.1014529696661,53.9128218200357,76.7015039510579,,,,,,,,,,,,,,,,,,,,17866,2153,5326.23388671875,641.855041503906,35,474,141.309463500977,10.4342432022095,429,574,,,1.71121597290039,1.27894008159637,2.18224740028381,1.36069989204407,358,37,106.727401733398,11.0304861068726,33.0216979980469,28.9410853216725,1292.36880194713,807.35825658153,,,,1292.36880194713,807.35825658153,,,7438,24.4887131298557
2021,SP,35154,Fernandópolis,97.3608184351846,87.6028142206512,95.184725715451,84.0749414519906,76.6588602654176,79.0007806401249,80.4059328649493,78.8446526151444,77.2053083528493,79.0007806401249,67.9937548790008,74.4730679156909,,,,,,,,,,,,,,,,,,,,7510,1037,6360.310546875,878.247924804688,9,173,146.515808105469,7.6222095489502,235,329,,,2.78634095191956,1.9902435541153,2.49352121353149,1.99892437458038,106,1,89.7726898193359,0.846912145614624,18.9945449829102,23.1194918021934,1279.36027503773,901.042467410673,,,,1279.36027503773,901.042467410673,,,3834,42.422126427047
2021,SP,35115,Pontal do Paranapanema,100,100,100,69.4306930693069,76.6089108910891,77.1039603960396,78.4653465346535,80.6930693069307,72.1534653465347,79.8267326732673,59.6534653465347,71.6584158415842,,,,,,,,,,,,,,,,,,,,5336,929,7961.92138671875,1386.17407226562,0,157,234.261932373047,0,97,99,,,1.47719299793243,1.44735074043274,1.43839812278748,1.58835554122925,6,0,8.95268535614014,0,14.1273374557495,22.7876263923167,1287.99853769597,815.574872814108,,,,1287.99853769597,815.574872814108,,,4328,63.2707739596234
2021,SP,35113,Alto Capivari,99.3150684931507,88.7637821583695,95.7634480454394,57.5671852899576,89.6746817538897,90.2404526166902,90.6647807637907,91.0891089108911,95.049504950495,90.6647807637907,44.5544554455446,91.6548797736917,,,,,,,,,,,,,,,,,,,,4380,704,7291.25048828125,1171.92700195312,10,103,171.460906982422,16.6466903686523,95,49,,,0.815687835216522,1.58143556118011,1.38708555698395,1.5181782245636,39,0,64.9220962524414,0,19.9460639953613,24.1021373506158,1169.90928922349,895.244498063348,,,,1169.90928922349,895.244498063348,,,2684,55.1437774670396
2021,SP,35082,Alta Anhanguera,69.968141550284,53.2819021120526,59.127837299078,71.7428087986464,79.3570219966159,80.8234630569656,81.5566835871404,81.8950930626058,83.4179357021997,82.0642978003384,37.0284834488068,75.1269035532995,,,,,,,,,,,,,,,,,,,,9210,1705,5500.609375,1018.29949951172,8,253,151.102508544922,4.77794504165649,167,283,,,1.6901980638504,0.997395992279053,1.68467354774475,1.01352155208588,123,0,73.4609069824219,0,34.7708969116211,23.9612783677876,1076.65369948061,705.671888467029,,,,1076.65369948061,705.671888467029,,,4321,28.4231109199933
2021,SP,35152,Santa Fé do Sul,85.0677884915759,99.2440177437158,85.0677884915759,96.7959527824621,87.5210792580101,92.5801011804384,90.893760539629,92.2428330522766,96.1214165261383,92.4114671163575,91.2310286677909,94.6037099494098,,,,,,,,,,,,,,,,,,,,4198,596,8699.796875,1235.13073730469,6,74,153.355163574219,12.4342021942139,75,59,,,1.22269654273987,1.55427527427673,1.60919308662415,1.63457953929901,26,4,53.8815422058105,8.28946781158447,16.7343635559082,19.1283869969186,1335.84616336271,760.280896987712,,,,1335.84616336271,760.280896987712,,,1393,40.544141418328
2021,SP,35016,São Paulo,59.4816389663091,43.47524655114,33.1697610235653,52.7760787454205,66.5104958161766,66.9884668982956,68.5402964934074,67.0937718728521,68.5012012333924,67.0149507841122,41.2000983687187,68.6109201889184,,,,,,,,,,,,,,,,,,,,540701,68510,4361.76806640625,552.661682128906,1938,18842,151.996078491211,15.6336059570312,27939,45323,,,3.65615034103394,2.2538046836853,4.20501041412354,2.35799241065979,18784,3613,151.528198242188,29.1456241607666,47.8358840942383,20.5597534932723,1279.12524172539,938.232853480605,,,,1279.12524172539,938.232853480605,,,518070,40.3444773196545
2021,TO,17007,Cantão,94.5612674664356,100,94.5612674664356,99.1427130610187,77.8113968734241,79.8285426122037,82.3499747856783,80.4841149773071,80.8371154815935,80.5345436207766,96.9742813918306,73.9283913262733,,,,,,,,,,,,,,,,,,,,7660,869,5762.2578125,653.707824707031,0,191,143.680328369141,0,159,124,,,0.932793736457825,1.19608223438263,1.28033459186554,1.32396531105042,47,0,35.3558921813965,0,3.36633205413818,18.0231648738254,897.753262734008,465.486543297163,,,,897.753262734008,465.486543297163,,,9743,81.6395429310786
2021,TO,17002,Bico do Papagaio,99.6267491697653,100,99.6267491697653,68.9227836034318,81.7921830314585,85.6688910073085,87.2577057515094,82.3641563393708,84.8744836352081,84.620273276136,69.6536383857642,83.6987607244995,,,,,,,,,,,,,,,,,,,,8764,1202,4115.5009765625,564.449096679688,0,204,95.7966842651367,0,305,205,,,0.962662756443024,1.43225431442261,1.05364608764648,1.39410006999969,18,0,8.45264911651611,0,2.12020611763,19.6474075452452,791.116902800816,327.477942143797,,,,791.116902800816,327.477942143797,,,23786,135.631882451832
2021,TO,17005,Ilha do Bananal,100,100,100,60.2072141212586,68.6108979278588,71.2586339217191,72.9086722947045,70.9132770529547,69.3016116653876,70.8749040675364,53.76055257099,63.7759017651573,,,,,,,,,,,,,,,,,,,,10275,1242,5517.96337890625,666.988891601562,20,351,188.496856689453,10.7405614852905,428,300,,,1.61108422279358,2.29848027229309,2.18650984764099,2.22396755218506,104,5,55.8509216308594,2.68514037132263,7.50657844543457,20.2896954834082,958.722127463271,557.186250345984,,,,958.722127463271,557.186250345984,,,11479,59.565334837012
2021,TO,17003,Sudeste,95.7065990975075,100,95.7065990975075,99.4957983193277,99.7478991596639,100,100,100,100,100,96.3865546218487,94.6218487394958,,,,,,,,,,,,,,,,,,,,4973,740,4997.1865234375,743.598999023438,0,121,121.588485717773,0,140,63,,,0.633064031600952,1.4068089723587,0.846095085144043,1.46056914329529,13,0,13.0632257461548,0,3.00856137275696,19.9780518089071,929.703603760763,455.228198931002,,,,929.703603760763,455.228198931002,,,11423,156.57790707022
2021,TO,17006,Capim Dourado,98.4876582766837,85.7590872591356,88.2868061131876,90.8226861950763,77.0800872545964,77.5786849485821,81.2714241196635,75.3661576815207,74.8208164537239,75.3038329697725,89.5917731380492,69.3362418198816,,,,,,,,,,,,,,,,,,,,20214,1906,5189.82373046875,489.354095458984,61,883,226.704971313477,15.6613855361938,1161,1013,,,2.60081696510315,2.98079800605774,3.73049068450928,3.02656269073486,732,93,187.936630249023,23.8771934509277,14.9240169525146,20.5443210394323,1087.35219953977,620.62768401714,,,,1087.35219953977,620.62768401714,,,20130,63.6131920214227
2021,TO,17001,Médio Norte Araguaia,91.0288890198158,100,86.1191303835503,92.6869016092891,77.7755143613771,80.6274190262783,84.3960073334691,76.6347524954166,78.936646974944,76.4310450193522,97.3721735587696,73.1513546547158,,,,,,,,,,,,,,,,,,,,17160,2176,5551.40380859375,703.954223632812,64,677,219.015182495117,20.7045364379883,721,637,,,2.06074833869934,2.33249545097351,2.30054903030396,2.34268593788147,199,11,64.3781661987305,3.55859231948853,5.95481872558594,21.1133139844523,973.455050851051,402.185769325056,,,,973.455050851051,402.185769325056,,,21586,73.8910617868662
2021,TO,17004,Cerrado Tocantins Araguaia,99.9779356333393,100,99.9779356333393,85.4978354978355,83.8528138528139,86.1471861471861,87.6190476190476,84.8484848484848,82.7705627705628,84.6753246753247,89.2207792207792,78.1818181818182,,,,,,,,,,,,,,,,,,,,9227,1329,5609.42529296875,807.946960449219,0,249,151.376068115234,0,252,139,,,0.845031023025513,1.53199875354767,1.12696135044098,1.54719710350037,25,0,15.1983995437622,0,4.03912687301636,17.7272325448358,928.508061766851,455.776166858259,,,,928.508061766851,455.776166858259,,,13906,97.1082734009763
2021,TO,17008,Amor Perfeito,95.8350813614089,100,95.8350813614089,97.4522292993631,82.2186836518047,83.9171974522293,86.2526539278132,84.0233545647558,87.1019108280255,84.7133757961783,100,78.2377919320595,,,,,,,,,,,,,,,,,,,,7437,1113,6601.4541015625,987.95458984375,0,209,185.51887512207,0,277,169,,,1.50012874603271,2.45879077911377,1.80525839328766,2.48719573020935,28,10,24.8542041778564,8.87650108337402,4.40540742874146,23.0883134570132,1105.77305489474,682.791101036851,,,,1105.77305489474,682.791101036851,,,9826,104.023141038728
